[loci]=198

[populations]=7

[pop]=1
1  10322  3   0  0  10322
2  10302  2   0  10302
3  10298  2   0  10298
4  10382  3   0  0  10382
5  10394  3   0  0  10394
6  10384  2   0  10384
7  10406  3   0  0  10406
8  10276  2   0  10276
9  7714  2   0  7714
10  10386  2   6  10380
11  10385  3   0  0  10385
12  7808  3   0  0  7808
13  10298  2   0  10298
14  7786  2   0  7786
15  10406  3   0  0  10406
16  10234  2   0  10234
17  10363  3   0  0  10363
18  10334  2   9  10325
19  7738  3   0  0  7738
20  10406  2   0  10406
21  10396  2   2  10394
22  10244  2   1  10243
23  10310  3   0  0  10310
24  10406  2   5  10401
25  10402  2   0  10402
26  10290  2   0  10290
27  7618  4   0  0  0  7618
28  10406  3   0  11  10395
29  7546  2   0  7546
30  10406  2   13  10393
31  10390  2   0  10390
32  7529  3   0  0  7529
33  10406  2   0  10406
34  10352  3   0  0  10352
35  10404  3   0  3  10401
36  10404  3   2  0  10402
37  7456  3   0  0  7456
38  10380  2   3  10377
39  10402  2   0  10402
40  10406  2   2  10404
41  10404  2   0  10404
42  7442  2   13  7429
43  10406  3   1  0  10405
44  10380  2   0  10380
45  10362  2   0  10362
46  10406  2   0  10406
47  10406  2   0  10406
48  10406  2   0  10406
49  7234  2   0  7234
50  9989  3   0  0  9989
51  10322  3   0  0  10322
52  10324  2   0  10324
53  6864  2   2  6862
54  10306  2   504  9802
55  10406  2   0  10406
56  10346  3   1  0  10345
57  10406  3   1  0  10405
58  10406  2   0  10406
59  10242  2   0  10242
60  10396  2   0  10396
61  10392  2   0  10392
62  10224  2   112  10112
63  10396  2   0  10396
64  10396  2   0  10396
65  10253  3   0  0  10253
66  10136  5   0  0  0  0  10136
67  10395  4   15  1  0  10379
68  10326  2   0  10326
69  10392  4   0  0  0  10392
70  10347  4   0  0  1  10346
71  10074  3   0  0  10074
72  10396  2   0  10396
73  10404  5   0  0  0  0  10404
74  10016  2   5  10011
75  10395  3   0  0  10395
76  10404  2   0  10404
77  10406  2   0  10406
78  10398  2   0  10398
79  10344  2   0  10344
80  10292  4   4  0  6  10282
81  10260  2   0  10260
82  10161  3   0  0  10161
83  10404  3   0  0  10404
84  10182  3   3  0  10179
85  10344  3   0  0  10344
86  10194  2   0  10194
87  10404  2   2  10402
88  10394  2   0  10394
89  10328  2   0  10328
90  10296  2   0  10296
91  10402  2   0  10402
92  10386  2   1  10385
93  10218  2   0  10218
94  10402  2   0  10402
95  10388  2   0  10388
96  10255  3   0  0  10255
97  10328  2   0  10328
98  10320  2   0  10320
99  10332  3   0  91  10241
100  10336  2   0  10336
101  10104  2   1  10103
102  10252  4   0  1  0  10251
103  10340  2   0  10340
104  10272  2   0  10272
105  10250  4   0  0  0  10250
106  10348  3   0  0  10348
107  10339  3   1  0  10338
108  10280  2   1  10279
109  10346  3   0  2  10344
110  10332  2   0  10332
111  10350  2   0  10350
112  10364  3   0  0  10364
113  10342  2   0  10342
114  10247  3   0  0  10247
115  10260  3   0  0  10260
116  10288  2   0  10288
117  10356  3   0  220  10136
118  10350  3   0  0  10350
119  10404  2   0  10404
120  10358  2   0  10358
121  10406  3   0  0  10406
122  10406  3   0  0  10406
123  10398  2   0  10398
124  9254  2   0  9254
125  10404  2   0  10404
126  10315  3   0  0  10315
127  10360  2   0  10360
128  10406  2   0  10406
129  10310  3   0  0  10310
130  10406  2   0  10406
131  10304  2   0  10304
132  10325  3   0  0  10325
133  10006  2   0  10006
134  10364  2   6  10358
135  10282  4   0  0  0  10282
136  9504  2   1  9503
137  10406  3   0  0  10406
138  10396  2   0  10396
139  10406  2   0  10406
140  10354  2   0  10354
141  10358  4   0  0  0  10358
142  9641  3   0  0  9641
143  10386  3   0  1  10385
144  4524  2   0  4524
145  10396  3   1  0  10395
146  9696  3   0  0  9696
147  10406  2   6  10400
148  9828  2   0  9828
149  5200  3   0  2  5198
150  9914  2   4  9910
151  10406  2   3  10403
152  10397  3   1  0  10396
153  10398  3   0  0  10398
154  10402  2   0  10402
155  10406  2   0  10406
156  10406  2   0  10406
157  10406  2   0  10406
158  6166  2   1  6165
159  10396  2   1  10395
160  10404  2   0  10404
161  10406  2   14  10392
162  6257  4   0  0  0  6257
163  10306  2   0  10306
164  10402  2   0  10402
165  10406  2   0  10406
166  10394  2   0  10394
167  10304  2   42  10262
168  10398  2   0  10398
169  10226  2   0  10226
170  10406  3   0  0  10406
171  7124  4   0  0  0  7124
172  10110  3   0  1  10109
173  10398  2   0  10398
174  10406  3   1  0  10405
175  10392  3   0  0  10392
176  10270  2   0  10270
177  10398  2   0  10398
178  10152  2   2  10150
179  10406  3   0  0  10406
180  7594  2   3  7591
181  7816  2   1  7815
182  10406  3   0  9  10397
183  10398  3   0  0  10398
184  10248  2   0  10248
185  10396  2   1  10395
186  10338  2   0  10338
187  10298  2   0  10298
188  10406  2   0  10406
189  8340  3   0  2115  6225
190  10216  4   0  0  0  10216
191  10402  2   0  10402
192  10336  4   0  0  0  10336
193  8316  2   0  8316
194  10406  3   0  0  10406
195  10398  2   0  10398
196  10400  2   0  10400
197  8330  3   0  0  8330
198  10362  2   0  10362

[pop]=2
1  11428  3   0  0  11428
2  11500  2   0  11500
3  11484  2   0  11484
4  11522  3   0  0  11522
5  11564  3   0  0  11564
6  11462  2   0  11462
7  11578  3   0  0  11578
8  11332  2   0  11332
9  6614  2   0  6614
10  11562  2   0  11562
11  11448  3   0  0  11448
12  6754  3   1  0  6753
13  11372  2   0  11372
14  6692  2   0  6692
15  11578  3   0  2  11576
16  11380  2   7  11373
17  11412  3   0  0  11412
18  11396  2   1  11395
19  6479  3   0  0  6479
20  11578  2   0  11578
21  11486  2   2  11484
22  11398  2   3  11395
23  11449  3   0  0  11449
24  11578  2   0  11578
25  11486  2   0  11486
26  11352  2   0  11352
27  6293  4   0  0  0  6293
28  11578  3   0  1  11577
29  6224  2   2  6222
30  11578  2   0  11578
31  11572  2   0  11572
32  6133  3   0  0  6133
33  11578  2   2  11576
34  11438  3   0  0  11438
35  11555  3   0  0  11555
36  11575  3   0  0  11575
37  6008  3   0  0  6008
38  11550  2   1  11549
39  11498  2   1  11497
40  11578  2   0  11578
41  11538  2   0  11538
42  6004  2   1  6003
43  11578  3   0  0  11578
44  11546  2   1  11545
45  11448  2   0  11448
46  11556  2   0  11556
47  11578  2   0  11578
48  11554  2   0  11554
49  5692  2   1  5691
50  11005  3   0  0  11005
51  11466  3   0  0  11466
52  11492  2   2  11490
53  5086  2   0  5086
54  11444  2   30  11414
55  11574  2   1  11573
56  11564  3   0  0  11564
57  11573  3   1  0  11572
58  11578  2   0  11578
59  11398  2   0  11398
60  11548  2   0  11548
61  11572  2   1  11571
62  11500  2   165  11335
63  11548  2   0  11548
64  11572  2   0  11572
65  11512  3   0  0  11512
66  11343  5   0  0  0  0  11343
67  11549  4   13  0  0  11536
68  11562  2   0  11562
69  11572  4   0  1  1  11570
70  11500  4   0  0  0  11500
71  11304  3   0  0  11304
72  11550  2   0  11550
73  11540  5   1  0  0  0  11539
74  11274  2   0  11274
75  11550  3   0  0  11550
76  11538  2   0  11538
77  11578  2   0  11578
78  11518  2   0  11518
79  11498  2   0  11498
80  11529  4   5  0  0  11524
81  11510  2   0  11510
82  11397  3   0  0  11397
83  11530  3   0  0  11530
84  11414  3   0  1  11413
85  11556  3   0  1  11555
86  11422  2   0  11422
87  11532  2   3  11529
88  11522  2   4  11518
89  11564  2   0  11564
90  11514  2   2  11512
91  11514  2   0  11514
92  11574  2   0  11574
93  11466  2   0  11466
94  11510  2   0  11510
95  11574  2   0  11574
96  11502  3   0  0  11502
97  11526  2   0  11526
98  11524  2   0  11524
99  11566  3   0  9  11557
100  11566  2   0  11566
101  11554  2   0  11554
102  11502  4   0  0  0  11502
103  11570  2   0  11570
104  11490  2   1  11489
105  11501  4   0  3  2  11496
106  11534  3   0  0  11534
107  11569  3   0  0  11569
108  11500  2   0  11500
109  11544  3   0  0  11544
110  11544  2   0  11544
111  11544  2   6  11538
112  11550  3   0  0  11550
113  11568  2   0  11568
114  11567  3   0  1  11566
115  11568  3   1  0  11567
116  11508  2   0  11508
117  11406  3   0  616  10790
118  11558  3   1  0  11557
119  11562  2   0  11562
120  11560  2   0  11560
121  11574  3   2  0  11572
122  11578  3   0  0  11578
123  11566  2   0  11566
124  11504  2   0  11504
125  11562  2   0  11562
126  11560  3   0  0  11560
127  11560  2   0  11560
128  11574  2   0  11574
129  11560  3   0  0  11560
130  11574  2   0  11574
131  11558  2   0  11558
132  11555  3   0  0  11555
133  11502  2   0  11502
134  11560  2   0  11560
135  11558  4   0  9  1  11548
136  11518  2   1  11517
137  11573  3   0  0  11573
138  11576  2   0  11576
139  11576  2   2  11574
140  11564  2   0  11564
141  11562  4   0  0  0  11562
142  11523  3   1  0  11522
143  11568  3   85  0  11483
144  2536  2   0  2536
145  11576  3   0  0  11576
146  11524  3   0  0  11524
147  11570  2   0  11570
148  11534  2   2  11532
149  3508  3   0  0  3508
150  11532  2   0  11532
151  11564  2   2  11562
152  11576  3   0  0  11576
153  11576  3   0  0  11576
154  11574  2   2  11572
155  11568  2   0  11568
156  11570  2   0  11570
157  11570  2   0  11570
158  4860  2   0  4860
159  11576  2   2  11574
160  11576  2   0  11576
161  11570  2   45  11525
162  5033  4   0  0  1  5032
163  11470  2   0  11470
164  11578  2   0  11578
165  11572  2   27  11545
166  11576  2   0  11576
167  11466  2   2  11464
168  11570  2   0  11570
169  11542  2   0  11542
170  11570  3   0  0  11570
171  6443  4   0  0  0  6443
172  11548  3   0  0  11548
173  11572  2   0  11572
174  11570  3   0  0  11570
175  11576  3   0  0  11576
176  11442  2   0  11442
177  11576  2   1  11575
178  11554  2   0  11554
179  11576  3   1  0  11575
180  7310  2   0  7310
181  7802  2   68  7734
182  11578  3   0  1  11577
183  11576  3   0  0  11576
184  11544  2   3  11541
185  11576  2   1  11575
186  11450  2   0  11450
187  11438  2   0  11438
188  11576  2   0  11576
189  9151  3   0  4655  4496
190  11554  4   1  2  1  11550
191  11576  2   0  11576
192  11455  4   0  0  0  11455
193  9428  2   0  9428
194  11578  3   0  0  11578
195  11576  2   0  11576
196  11576  2   0  11576
197  9446  3   0  2  9444
198  11462  2   0  11462

[pop]=3
1  8589  3   0  0  8589
2  8592  2   0  8592
3  8588  2   0  8588
4  8652  3   0  0  8652
5  8649  3   1  0  8648
6  8596  2   2  8594
7  8654  3   0  0  8654
8  8542  2   0  8542
9  6494  2   0  6494
10  8648  2   0  8648
11  8614  3   0  0  8614
12  6524  3   0  0  6524
13  8564  2   0  8564
14  6500  2   0  6500
15  8654  3   0  0  8654
16  8572  2   0  8572
17  8598  3   0  0  8598
18  8594  2   0  8594
19  6428  3   0  0  6428
20  8654  2   0  8654
21  8614  2   0  8614
22  8578  2   0  8578
23  8582  3   0  0  8582
24  8654  2   1  8653
25  8618  2   0  8618
26  8580  2   0  8580
27  6318  4   0  0  0  6318
28  8654  3   0  0  8654
29  6278  2   0  6278
30  8654  2   1  8653
31  8642  2   0  8642
32  6254  3   0  0  6254
33  8654  2   0  8654
34  8606  3   0  0  8606
35  8654  3   0  0  8654
36  8654  3   0  0  8654
37  6175  3   0  0  6175
38  8646  2   0  8646
39  8626  2   0  8626
40  8654  2   0  8654
41  8654  2   0  8654
42  6162  2   0  6162
43  8654  3   0  0  8654
44  8646  2   0  8646
45  8608  2   0  8608
46  8654  2   0  8654
47  8654  2   0  8654
48  8654  2   0  8654
49  5972  2   0  5972
50  8464  3   53  0  8411
51  8626  3   0  0  8626
52  8592  2   0  8592
53  5586  2   0  5586
54  8622  2   0  8622
55  8652  2   0  8652
56  8640  3   0  0  8640
57  8652  3   1  0  8651
58  8654  2   0  8654
59  8612  2   5  8607
60  8640  2   15  8625
61  8654  2   0  8654
62  8618  2   3  8615
63  8642  2   0  8642
64  8654  2   3  8651
65  8624  3   0  0  8624
66  8588  5   0  1  1  1  8585
67  8642  4   0  0  0  8642
68  8638  2   1  8637
69  8650  4   0  0  0  8650
70  8607  4   0  0  0  8607
71  8566  3   0  0  8566
72  8642  2   0  8642
73  8653  5   0  0  0  0  8653
74  8550  2   0  8550
75  8643  3   1  0  8642
76  8654  2   0  8654
77  8654  2   0  8654
78  8630  2   0  8630
79  8608  2   0  8608
80  8639  4   1  0  0  8638
81  8618  2   0  8618
82  8600  3   0  0  8600
83  8654  3   0  1  8653
84  8606  3   0  0  8606
85  8646  3   0  0  8646
86  8610  2   0  8610
87  8652  2   0  8652
88  8636  2   0  8636
89  8642  2   0  8642
90  8618  2   0  8618
91  8650  2   2  8648
92  8654  2   0  8654
93  8624  2   0  8624
94  8650  2   54  8596
95  8654  2   0  8654
96  8601  3   0  0  8601
97  8598  2   0  8598
98  8648  2   2  8646
99  8638  3   0  0  8638
100  8636  2   0  8636
101  8624  2   6  8618
102  8594  4   0  0  0  8594
103  8638  2   2  8636
104  8630  2   0  8630
105  8589  4   0  0  0  8589
106  8610  3   0  0  8610
107  8636  3   0  0  8636
108  8630  2   0  8630
109  8650  3   0  0  8650
110  8628  2   0  8628
111  8650  2   0  8650
112  8625  3   0  0  8625
113  8638  2   0  8638
114  8626  3   1  0  8625
115  8627  3   0  0  8627
116  8630  2   0  8630
117  8628  3   0  1145  7483
118  8630  3   0  0  8630
119  8650  2   0  8650
120  8634  2   2  8632
121  8654  3   0  0  8654
122  8654  3   0  0  8654
123  8648  2   0  8648
124  8540  2   0  8540
125  8652  2   2  8650
126  8632  3   7  0  8625
127  8634  2   0  8634
128  8654  2   0  8654
129  8632  3   0  1  8631
130  8654  2   0  8654
131  8628  2   2  8626
132  8587  3   0  0  8587
133  8552  2   0  8552
134  8634  2   0  8634
135  8629  4   0  5  0  8624
136  8556  2   38  8518
137  8654  3   0  0  8654
138  8644  2   0  8644
139  8654  2   0  8654
140  8600  2   2  8598
141  8603  4   0  1  0  8602
142  8561  3   0  0  8561
143  8632  3   0  0  8632
144  2690  2   4  2686
145  8646  3   0  0  8646
146  8562  3   1  0  8561
147  8654  2   0  8654
148  8572  2   0  8572
149  3481  3   1  0  3480
150  8580  2   0  8580
151  8650  2   0  8650
152  8636  3   0  0  8636
153  8636  3   0  0  8636
154  8652  2   0  8652
155  8654  2   0  8654
156  8654  2   0  8654
157  8654  2   2  8652
158  4594  2   0  4594
159  8644  2   0  8644
160  8652  2   0  8652
161  8654  2   1  8653
162  4727  4   0  0  4  4723
163  8554  2   0  8554
164  8654  2   0  8654
165  8654  2   0  8654
166  8644  2   0  8644
167  8546  2   0  8546
168  8646  2   1  8645
169  8610  2   0  8610
170  8654  3   0  0  8654
171  5855  4   0  0  0  5855
172  8604  3   0  0  8604
173  8646  2   0  8646
174  8654  3   0  0  8654
175  8646  3   0  0  8646
176  8524  2   0  8524
177  8650  2   3  8647
178  8604  2   0  8604
179  8654  3   0  0  8654
180  6432  2   0  6432
181  6772  2   2  6770
182  8654  3   0  0  8654
183  8648  3   1  0  8647
184  8610  2   0  8610
185  8648  2   0  8648
186  8624  2   0  8624
187  8586  2   0  8586
188  8654  2   2  8652
189  7427  3   0  2766  4661
190  8613  4   0  0  0  8613
191  8654  2   0  8654
192  8628  4   1  0  0  8627
193  7644  2   0  7644
194  8654  3   0  0  8654
195  8646  2   0  8646
196  8654  2   2  8652
197  7674  3   0  0  7674
198  8634  2   0  8634

[pop]=4
1  6595  3   0  0  6595
2  6592  2   2  6590
3  6590  2   0  6590
4  6590  3   0  0  6590
5  6614  3   0  0  6614
6  6574  2   0  6574
7  6610  3   0  0  6610
8  6584  2   0  6584
9  3296  2   0  3296
10  6586  2   0  6586
11  6556  3   0  0  6556
12  3364  3   0  0  3364
13  6590  2   0  6590
14  3324  2   0  3324
15  6612  3   0  0  6612
16  6586  2   0  6586
17  6535  3   0  0  6535
18  6514  2   0  6514
19  3215  3   0  0  3215
20  6612  2   0  6612
21  6596  2   5  6591
22  6588  2   0  6588
23  6589  3   0  0  6589
24  6612  2   0  6612
25  6598  2   0  6598
26  6504  2   0  6504
27  3037  4   0  0  0  3037
28  6613  3   0  0  6613
29  2954  2   0  2954
30  6614  2   0  6614
31  6614  2   0  6614
32  2895  3   0  0  2895
33  6614  2   0  6614
34  6606  3   0  0  6606
35  6601  3   0  0  6601
36  6614  3   1  0  6613
37  2806  3   0  0  2806
38  6548  2   0  6548
39  6592  2   0  6592
40  6614  2   0  6614
41  6610  2   0  6610
42  2782  2   0  2782
43  6613  3   0  0  6613
44  6546  2   0  6546
45  6608  2   0  6608
46  6610  2   0  6610
47  6614  2   0  6614
48  6610  2   1  6609
49  2566  2   0  2566
50  6376  3   1  0  6375
51  6347  3   0  0  6347
52  6598  2   0  6598
53  2208  2   0  2208
54  6326  2   0  6326
55  6614  2   0  6614
56  6612  3   0  0  6612
57  6614  3   0  0  6614
58  6614  2   0  6614
59  6242  2   0  6242
60  6608  2   0  6608
61  6534  2   0  6534
62  6380  2   663  5717
63  6608  2   0  6608
64  6536  2   0  6536
65  6409  3   0  0  6409
66  6111  5   0  0  0  0  6111
67  6608  4   3  0  0  6605
68  6612  2   6  6606
69  6514  4   0  0  0  6514
70  6602  4   0  0  0  6602
71  6034  3   1  0  6033
72  6608  2   0  6608
73  6606  5   0  0  0  0  6606
74  5996  2   0  5996
75  6608  3   0  0  6608
76  6604  2   1  6603
77  6614  2   0  6614
78  6594  2   0  6594
79  6600  2   0  6600
80  6466  4   0  0  2  6464
81  6614  2   0  6614
82  6598  3   0  0  6598
83  6596  3   0  0  6596
84  6598  3   0  0  6598
85  6437  3   0  0  6437
86  6598  2   0  6598
87  6594  2   1  6593
88  6588  2   0  6588
89  6530  2   0  6530
90  6590  2   0  6590
91  6588  2   0  6588
92  6602  2   0  6602
93  6602  2   0  6602
94  6588  2   0  6588
95  6602  2   0  6602
96  6614  3   0  0  6614
97  6602  2   0  6602
98  6584  2   0  6584
99  6536  3   0  0  6536
100  6534  2   0  6534
101  6582  2   0  6582
102  6614  4   0  0  0  6614
103  6550  2   0  6550
104  6608  2   0  6608
105  6614  4   0  0  0  6614
106  6610  3   0  0  6610
107  6556  3   0  0  6556
108  6610  2   0  6610
109  6592  3   0  0  6592
110  6610  2   0  6610
111  6596  2   0  6596
112  6603  3   0  0  6603
113  6564  2   0  6564
114  6606  3   0  0  6606
115  6608  3   0  0  6608
116  6612  2   0  6612
117  6510  3   0  293  6217
118  6613  3   0  0  6613
119  6612  2   0  6612
120  6614  2   0  6614
121  6614  3   0  0  6614
122  6614  3   0  0  6614
123  6608  2   0  6608
124  6612  2   0  6612
125  6612  2   0  6612
126  6567  3   0  0  6567
127  6614  2   0  6614
128  6614  2   0  6614
129  6568  3   0  0  6568
130  6614  2   0  6614
131  6566  2   0  6566
132  6608  3   0  0  6608
133  6614  2   2  6612
134  6614  2   0  6614
135  6565  4   0  0  0  6565
136  6612  2   238  6374
137  6614  3   0  0  6614
138  6614  2   0  6614
139  6614  2   0  6614
140  6608  2   0  6608
141  6605  4   0  0  0  6605
142  6614  3   0  0  6614
143  6612  3   0  0  6612
144  1168  2   0  1168
145  6614  3   0  0  6614
146  6614  3   0  0  6614
147  6614  2   0  6614
148  6614  2   0  6614
149  1616  3   0  0  1616
150  6614  2   2  6612
151  6614  2   4  6610
152  6614  3   0  0  6614
153  6614  3   0  0  6614
154  6614  2   0  6614
155  6614  2   0  6614
156  6612  2   0  6612
157  6614  2   0  6614
158  2294  2   0  2294
159  6614  2   0  6614
160  6614  2   0  6614
161  6612  2   98  6514
162  2353  4   0  0  0  2353
163  6568  2   0  6568
164  6614  2   0  6614
165  6612  2   0  6612
166  6614  2   0  6614
167  6566  2   0  6566
168  6614  2   0  6614
169  6526  2   0  6526
170  6612  3   0  0  6612
171  2937  4   0  0  0  2937
172  6614  3   0  0  6614
173  6614  2   0  6614
174  6612  3   0  0  6612
175  6614  3   0  0  6614
176  6558  2   0  6558
177  6614  2   0  6614
178  6614  2   0  6614
179  6614  3   0  0  6614
180  3232  2   0  3232
181  3418  2   0  3418
182  6614  3   0  0  6614
183  6614  3   0  0  6614
184  6572  2   0  6572
185  6614  2   0  6614
186  6602  2   0  6602
187  6560  2   1  6559
188  6614  2   0  6614
189  3944  3   0  1244  2700
190  6614  4   0  0  0  6614
191  6614  2   0  6614
192  6602  4   0  0  0  6602
193  3882  2   0  3882
194  6614  3   0  0  6614
195  6614  2   0  6614
196  6614  2   0  6614
197  3886  3   0  0  3886
198  6606  2   0  6606

[pop]=5
1  66273  3   1  2  66270
2  66416  2   2  66414
3  66374  2   2  66372
4  66578  3   1  0  66577
5  66669  3   0  0  66669
6  66286  2   0  66286
7  66709  3   1  1  66707
8  65994  2   2  65992
9  50026  2   2  50024
10  66606  2   0  66606
11  66437  3   2  0  66435
12  50412  3   2  1  50409
13  66156  2   12  66144
14  50042  2   5  50037
15  66722  3   0  0  66722
16  66000  2   0  66000
17  66359  3   0  3  66356
18  66286  2   5  66281
19  49151  3   1  1  49149
20  66726  2   4  66722
21  66544  2   4  66540
22  66080  2   6  66074
23  66093  3   1  1  66091
24  66732  2   0  66732
25  66556  2   2  66554
26  66148  2   4  66144
27  47929  4   1  2  0  47926
28  66731  3   0  0  66731
29  47394  2   1  47393
30  66734  2   9  66725
31  66538  2   11  66527
32  46903  3   2  1  46900
33  66734  2   0  66734
34  66446  3   0  5  66441
35  66686  3   3  2  66681
36  66731  3   11  1  66719
37  46277  3   2  0  46275
38  66564  2   1  66563
39  66582  2   8  66574
40  66732  2   1  66731
41  66708  2   2  66706
42  46142  2   0  46142
43  66733  3   0  27  66706
44  66536  2   1  66535
45  66496  2   0  66496
46  66686  2   5  66681
47  66736  2   1  66735
48  66690  2   2  66688
49  44178  2   0  44178
50  64962  3   9  7  64946
51  66219  3   1  1  66217
52  66362  2   0  66362
53  40618  2   0  40618
54  66154  2   19  66135
55  66732  2   2  66730
56  66545  3   0  2  66543
57  66731  3   0  2  66729
58  66730  2   2  66728
59  65962  2   0  65962
60  66688  2   2  66686
61  66666  2   1  66665
62  66080  2   4166  61914
63  66692  2   4  66688
64  66670  2   0  66670
65  66155  3   3  1  66151
66  65582  5   2  1  0  2  65577
67  66690  4   325  1  4  66360
68  66492  2   3  66489
69  66636  4   0  1  1  66634
70  66396  4   2  1  0  66393
71  65340  3   1  2  65337
72  66690  2   2  66688
73  66706  5   0  1  1  1  66703
74  65084  2   0  65084
75  66689  3   0  0  66689
76  66708  2   1  66707
77  66728  2   0  66728
78  66600  2   4  66596
79  66368  2   0  66368
80  66298  4   46  0  5  66247
81  64734  2   1  64733
82  65991  3   1  1  65989
83  66703  3   1  0  66702
84  66092  3   0  0  66092
85  66469  3   1  1  66467
86  66120  2   2  66118
87  66694  2   34  66660
88  66586  2   0  66586
89  66444  2   2  66442
90  66416  2   1  66415
91  66672  2   0  66672
92  66692  2   1  66691
93  66268  2   2  66266
94  66674  2   0  66674
95  66688  2   1  66687
96  64625  3   0  1  64624
97  66410  2   2  66408
98  66596  2   0  66596
99  66456  3   9  29  66418
100  66462  2   3  66459
101  65956  2   0  65956
102  64525  4   2  0  1  64522
103  66472  2   0  66472
104  66400  2   1  66399
105  64493  4   1  1  0  64491
106  66576  3   1  1  66574
107  66452  3   0  5  66447
108  66426  2   1  66425
109  66643  3   1  0  66642
110  66548  2   2  66546
111  66648  2   0  66648
112  66580  3   1  1  66578
113  66456  2   3  66453
114  66275  3   0  1  66274
115  66307  3   0  1  66306
116  66466  2   0  66466
117  66335  3   2  2536  63797
118  66568  3   0  0  66568
119  66730  2   0  66730
120  66562  2   0  66562
121  66711  3   1  0  66710
122  66739  3   1  1  66737
123  66668  2   3  66665
124  62890  2   2  62888
125  66734  2   0  66734
126  66352  3   0  7  66345
127  66544  2   6  66538
128  66718  2   4  66714
129  66344  3   1  0  66343
130  66718  2   7  66711
131  66298  2   0  66298
132  66500  3   14  5  66481
133  65118  2   1  65117
134  66534  2   0  66534
135  66279  4   1  1  4  66273
136  63314  2   261  63053
137  66717  3   2  3  66712
138  66678  2   0  66678
139  66720  2   0  66720
140  66594  2   0  66594
141  66597  4   4  19  2  66572
142  63634  3   0  3  63631
143  66574  3   0  0  66574
144  23988  2   0  23988
145  66684  3   27  1  66656
146  63741  3   3  1  63737
147  66694  2   0  66694
148  64076  2   0  64076
149  29626  3   2  0  29624
150  64314  2   41  64273
151  66738  2   239  66499
152  66703  3   0  1  66702
153  66715  3   0  1  66714
154  66726  2   1  66725
155  66700  2   1  66699
156  66654  2   7  66647
157  66698  2   0  66698
158  37018  2   17  37001
159  66682  2   1  66681
160  66732  2   2  66730
161  66648  2   774  65874
162  37913  4   1  0  0  37912
163  66404  2   0  66404
164  66698  2   2  66696
165  66626  2   0  66626
166  66686  2   2  66684
167  66380  2   0  66380
168  66728  2   1  66727
169  65614  2   2  65612
170  66586  3   1  1  66584
171  45218  4   0  1  1  45216
172  65073  3   1  0  65072
173  66728  2   2  66726
174  66571  3   0  1  66570
175  66692  3   1  1  66690
176  66310  2   2  66308
177  66724  2   0  66724
178  65302  2   2  65300
179  66737  3   0  1  66736
180  49162  2   0  49162
181  51320  2   1  51319
182  66714  3   1  4  66709
183  66727  3   0  1  66726
184  65632  2   0  65632
185  66730  2   0  66730
186  66428  2   2  66426
187  65644  2   1  65643
188  66736  2   5  66731
189  55402  3   0  12718  42684
190  65657  4   1  1  0  65655
191  66728  2   2  66726
192  66456  4   0  0  1  66455
193  56684  2   2  56682
194  66729  3   1  1  66727
195  66722  2   4  66718
196  66732  2   0  66732
197  56942  3   1  0  56941
198  66538  2   2  66536

[pop]=6
1  898  3   0  0  898
2  904  2   0  904
3  904  2   0  904
4  908  3   0  0  908
5  908  3   0  0  908
6  904  2   0  904
7  904  3   0  0  904
8  892  2   1  891
9  596  2   0  596
10  906  2   0  906
11  906  3   0  0  906
12  610  3   0  0  610
13  894  2   0  894
14  608  2   0  608
15  906  3   0  0  906
16  904  2   0  904
17  904  3   0  0  904
18  898  2   0  898
19  608  3   0  0  608
20  906  2   0  906
21  906  2   0  906
22  904  2   0  904
23  904  3   0  0  904
24  906  2   0  906
25  906  2   0  906
26  896  2   0  896
27  584  4   0  0  0  584
28  906  3   0  0  906
29  570  2   0  570
30  906  2   0  906
31  904  2   1  903
32  565  3   0  0  565
33  906  2   0  906
34  902  3   0  0  902
35  908  3   0  0  908
36  908  3   0  0  908
37  558  3   0  0  558
38  904  2   0  904
39  906  2   0  906
40  908  2   0  908
41  908  2   0  908
42  558  2   0  558
43  906  3   0  0  906
44  904  2   0  904
45  902  2   0  902
46  906  2   0  906
47  906  2   0  906
48  906  2   0  906
49  528  2   1  527
50  858  3   1  0  857
51  894  3   0  0  894
52  902  2   0  902
53  504  2   0  504
54  892  2   3  889
55  908  2   0  908
56  906  3   0  0  906
57  908  3   0  0  908
58  906  2   0  906
59  876  2   0  876
60  906  2   0  906
61  900  2   1  899
62  890  2   44  846
63  906  2   0  906
64  898  2   0  898
65  891  3   0  0  891
66  860  5   0  0  0  0  860
67  906  4   1  0  0  905
68  906  2   0  906
69  898  4   0  0  0  898
70  900  4   0  0  0  900
71  854  3   0  0  854
72  906  2   0  906
73  908  5   0  0  1  0  907
74  848  2   0  848
75  906  3   0  0  906
76  908  2   0  908
77  906  2   0  906
78  906  2   0  906
79  898  2   0  898
80  894  4   0  0  0  894
81  824  2   0  824
82  890  3   0  0  890
83  906  3   0  0  906
84  892  3   0  0  892
85  893  3   0  0  893
86  892  2   0  892
87  906  2   0  906
88  906  2   0  906
89  898  2   0  898
90  898  2   0  898
91  902  2   0  902
92  906  2   0  906
93  900  2   0  900
94  904  2   0  904
95  906  2   0  906
96  827  3   0  0  827
97  898  2   0  898
98  908  2   0  908
99  895  3   0  1  894
100  896  2   0  896
101  900  2   0  900
102  813  4   0  0  0  813
103  896  2   0  896
104  900  2   0  900
105  811  4   0  0  0  811
106  902  3   0  0  902
107  895  3   0  0  895
108  900  2   0  900
109  908  3   0  0  908
110  900  2   0  900
111  908  2   0  908
112  904  3   0  0  904
113  894  2   1  893
114  904  3   0  0  904
115  904  3   0  0  904
116  900  2   0  900
117  894  3   0  51  843
118  904  3   0  0  904
119  908  2   0  908
120  904  2   0  904
121  908  3   0  0  908
122  908  3   0  0  908
123  908  2   0  908
124  850  2   0  850
125  908  2   0  908
126  896  3   0  0  896
127  902  2   0  902
128  908  2   0  908
129  896  3   0  0  896
130  908  2   0  908
131  898  2   0  898
132  902  3   0  0  902
133  888  2   0  888
134  902  2   0  902
135  898  4   1  1  0  896
136  856  2   19  837
137  908  3   0  0  908
138  908  2   0  908
139  908  2   0  908
140  902  2   0  902
141  902  4   0  0  0  902
142  865  3   0  0  865
143  908  3   0  0  908
144  332  2   0  332
145  908  3   0  0  908
146  865  3   0  0  865
147  908  2   0  908
148  872  2   0  872
149  379  3   0  0  379
150  878  2   0  878
151  908  2   3  905
152  906  3   0  0  906
153  906  3   0  0  906
154  908  2   0  908
155  908  2   0  908
156  906  2   0  906
157  908  2   0  908
158  470  2   0  470
159  908  2   0  908
160  908  2   0  908
161  906  2   10  896
162  478  4   0  0  0  478
163  902  2   0  902
164  908  2   0  908
165  906  2   0  906
166  908  2   0  908
167  902  2   0  902
168  908  2   0  908
169  884  2   0  884
170  904  3   0  0  904
171  567  4   0  0  0  567
172  888  3   0  0  888
173  908  2   0  908
174  904  3   0  0  904
175  908  3   0  0  908
176  902  2   0  902
177  908  2   0  908
178  892  2   0  892
179  908  3   0  0  908
180  606  2   0  606
181  628  2   0  628
182  908  3   0  0  908
183  908  3   0  0  908
184  886  2   0  886
185  908  2   0  908
186  900  2   0  900
187  896  2   1  895
188  908  2   0  908
189  701  3   0  211  490
190  897  4   0  0  0  897
191  908  2   0  908
192  900  4   0  0  0  900
193  704  2   0  704
194  908  3   0  0  908
195  908  2   0  908
196  908  2   0  908
197  704  3   0  0  704
198  906  2   0  906

[pop]=7
1  16286  3   0  0  16286
2  16408  2   0  16408
3  16398  2   0  16398
4  16406  3   0  1  16405
5  16478  3   0  4  16474
6  16430  2   0  16430
7  16510  3   0  0  16510
8  16152  2   0  16152
9  12532  2   0  12532
10  16512  2   0  16512
11  16389  3   0  3  16386
12  12682  3   0  0  12682
13  16218  2   0  16218
14  12654  2   0  12654
15  16512  3   1  0  16511
16  16244  2   0  16244
17  16347  3   1  0  16346
18  16300  2   1  16299
19  12577  3   0  0  12577
20  16512  2   0  16512
21  16474  2   5  16469
22  16252  2   0  16252
23  16360  3   0  0  16360
24  16512  2   1  16511
25  16480  2   0  16480
26  16154  2   0  16154
27  12430  4   0  1  1  12428
28  16512  3   1  0  16511
29  12386  2   0  12386
30  16512  2   1  16511
31  16510  2   0  16510
32  12327  3   1  0  12326
33  16512  2   0  16512
34  16310  3   1  0  16309
35  16484  3   0  1  16483
36  16509  3   0  0  16509
37  12251  3   0  4  12247
38  16510  2   0  16510
39  16490  2   0  16490
40  16510  2   0  16510
41  16506  2   0  16506
42  12240  2   0  12240
43  16512  3   0  0  16512
44  16508  2   0  16508
45  16332  2   2  16330
46  16474  2   0  16474
47  16512  2   1  16511
48  16474  2   0  16474
49  11988  2   0  11988
50  14890  3   2  1  14887
51  16430  3   0  0  16430
52  15952  2   0  15952
53  11566  2   0  11566
54  16408  2   0  16408
55  16510  2   0  16510
56  16508  3   0  0  16508
57  16510  3   0  4  16506
58  16512  2   1  16511
59  16348  2   0  16348
60  16476  2   1  16475
61  16494  2   1  16493
62  16450  2   193  16257
63  16480  2   0  16480
64  16492  2   0  16492
65  16478  3   0  2  16476
66  16255  5   0  0  0  0  16255
67  16485  4   52  0  0  16433
68  16504  2   0  16504
69  16492  4   1  0  0  16491
70  15934  4   0  0  1  15933
71  16186  3   0  0  16186
72  16488  2   0  16488
73  16504  5   0  0  45  0  16459
74  16120  2   0  16120
75  16488  3   0  1  16487
76  16502  2   0  16502
77  16512  2   2  16510
78  16496  2   0  16496
79  15826  2   2  15824
80  16498  4   0  2  0  16496
81  11586  2   20  11566
82  16323  3   0  0  16323
83  16497  3   0  0  16497
84  16346  3   0  0  16346
85  16456  3   0  0  16456
86  16356  2   1  16355
87  16488  2   3  16485
88  16502  2   0  16502
89  16506  2   0  16506
90  16428  2   0  16428
91  16484  2   0  16484
92  16500  2   0  16500
93  16394  2   0  16394
94  16484  2   0  16484
95  16502  2   1  16501
96  11174  3   1  0  11173
97  16264  2   0  16264
98  16482  2   0  16482
99  16510  3   0  4  16506
100  16510  2   1  16509
101  16508  2   1  16507
102  10852  4   0  0  0  10852
103  16512  2   0  16512
104  16444  2   0  16444
105  10755  4   0  1  0  10754
106  16494  3   0  0  16494
107  16512  3   0  0  16512
108  16452  2   0  16452
109  16492  3   0  0  16492
110  16460  2   0  16460
111  16494  2   0  16494
112  16477  3   0  0  16477
113  16512  2   0  16512
114  16512  3   0  0  16512
115  16512  3   0  0  16512
116  16458  2   2  16456
117  16347  3   0  1344  15003
118  16466  3   0  1  16465
119  16510  2   3  16507
120  16458  2   1  16457
121  16505  3   0  9  16496
122  16512  3   2  0  16510
123  16508  2   0  16508
124  14798  2   0  14798
125  16512  2   0  16512
126  16510  3   0  1  16509
127  16436  2   0  16436
128  16508  2   0  16508
129  16510  3   0  0  16510
130  16508  2   0  16508
131  16508  2   0  16508
132  16500  3   0  0  16500
133  16408  2   0  16408
134  16404  2   0  16404
135  16506  4   0  0  12  16494
136  14920  2   9  14911
137  16510  3   0  0  16510
138  16512  2   35  16477
139  16510  2   0  16510
140  16506  2   0  16506
141  16507  4   1  0  4  16502
142  14962  3   0  0  14962
143  16472  3   0  0  16472
144  9196  2   1  9195
145  16512  3   1  0  16511
146  14992  3   1  0  14991
147  16508  2   0  16508
148  15066  2   0  15066
149  9967  3   0  1  9966
150  15142  2   0  15142
151  16512  2   8  16504
152  16512  3   0  0  16512
153  16512  3   2  0  16510
154  16510  2   3  16507
155  16500  2   1  16499
156  16502  2   0  16502
157  16498  2   0  16498
158  10898  2   0  10898
159  16512  2   1  16511
160  16512  2   0  16512
161  16478  2   200  16278
162  11028  4   5  1  0  11022
163  16414  2   2  16412
164  16498  2   0  16498
165  16448  2   0  16448
166  16512  2   0  16512
167  16414  2   1  16413
168  16512  2   0  16512
169  16504  2   0  16504
170  16392  3   1  0  16391
171  12035  4   1  0  0  12034
172  15707  3   0  0  15707
173  16512  2   0  16512
174  16349  3   0  0  16349
175  16512  3   0  0  16512
176  16374  2   0  16374
177  16512  2   0  16512
178  15938  2   0  15938
179  16512  3   0  0  16512
180  12642  2   2  12640
181  12966  2   0  12966
182  16510  3   0  1  16509
183  16512  3   0  0  16512
184  16506  2   0  16506
185  16512  2   0  16512
186  16264  2   0  16264
187  16200  2   0  16200
188  16512  2   0  16512
189  14123  3   1  6549  7573
190  16189  4   0  0  0  16189
191  16508  2   2  16506
192  16295  4   0  1  0  16294
193  13844  2   0  13844
194  16512  3   0  0  16512
195  16512  2   0  16512
196  16508  2   0  16508
197  13852  3   0  0  13852
198  16360  2   0  16360

