[loci]=281

[populations]=7

[pop]=1
1  8216  4   0  0  0  8216
2  4182  2   2  4180
3  10390  2   2  10388
4  8178  2   0  8178
5  2226  2   0  2226
6  10406  4   0  0  0  10406
7  10390  2   0  10390
8  4366  2   0  4366
9  4478  2   0  4478
10  10406  2   3  10403
11  3058  2   168  2890
12  10406  2   1  10405
13  1670  2   0  1670
14  10312  4   0  0  0  10312
15  10354  2   0  10354
16  10406  2   3  10403
17  5316  3   0  0  5316
18  10406  2   0  10406
19  5587  4   2  0  0  5585
20  10406  3   1  1  10404
21  10292  2   0  10292
22  2374  2   1214  1160
23  10305  3   1  0  10304
24  10376  3   0  0  10376
25  10332  2   0  10332
26  9758  2   0  9758
27  10336  4   0  1  0  10335
28  10404  4   0  0  4  10400
29  10332  2   0  10332
30  10092  2   0  10092
31  10404  2   0  10404
32  6538  2   0  6538
33  10394  6   0  0  2  0  4  10388
34  10404  2   0  10404
35  6662  2   0  6662
36  10352  3   0  0  10352
37  10396  3   0  0  10396
38  10352  2   0  10352
39  6879  3   0  0  6879
40  10404  2   155  10249
41  10400  2   0  10400
42  2082  2   0  2082
43  10344  2   0  10344
44  10397  3   0  0  10397
45  10348  2   0  10348
46  10318  2   0  10318
47  7180  3   0  1  7179
48  10362  4   0  0  0  10362
49  3204  2   0  3204
50  10340  3   1  0  10339
51  10406  2   0  10406
52  10353  3   1  0  10352
53  10402  2   0  10402
54  2110  2   0  2110
55  7291  4   0  1  0  7290
56  7343  4   1  216  0  7126
57  10404  3   0  0  10404
58  10406  3   0  0  10406
59  10404  3   0  0  10404
60  2132  2   0  2132
61  10375  4   0  0  0  10375
62  7318  3   0  0  7318
63  10392  2   0  10392
64  10404  2   0  10404
65  3716  2   0  3716
66  10380  3   1  0  10379
67  10362  2   0  10362
68  10404  2   1  10403
69  10278  3   0  0  10278
70  10361  3   0  0  10361
71  10404  3   1  0  10403
72  10406  2   2  10404
73  3816  2   0  3816
74  10281  4   0  0  0  10281
75  10398  2   0  10398
76  10292  2   0  10292
77  10382  2   0  10382
78  10402  2   0  10402
79  10382  3   0  0  10382
80  7162  3   0  0  7162
81  10349  4   0  0  0  10349
82  10404  2   0  10404
83  3872  2   0  3872
84  10382  3   1  78  10303
85  10406  3   0  0  10406
86  10313  3   0  2  10311
87  10336  3   1  0  10335
88  10404  3   0  0  10404
89  10398  2   0  10398
90  10406  2   141  10265
91  10402  2   0  10402
92  10332  2   0  10332
93  10402  3   1  0  10401
94  10406  2   0  10406
95  10350  2   0  10350
96  10402  2   2  10400
97  10379  3   1  0  10378
98  10400  2   0  10400
99  10404  2   0  10404
100  10370  2   0  10370
101  10404  2   0  10404
102  10402  5   0  0  0  0  10402
103  10404  2   0  10404
104  10404  2   0  10404
105  10400  3   0  0  10400
106  10330  3   0  0  10330
107  10406  2   0  10406
108  10334  2   4  10330
109  10118  3   0  0  10118
110  10350  2   0  10350
111  10400  2   0  10400
112  10116  2   0  10116
113  10406  3   0  0  10406
114  2728  2   1  2727
115  10396  3   0  0  10396
116  10340  2   2  10338
117  10406  3   1  1  10404
118  10342  3   0  0  10342
119  10136  2   6  10130
120  10126  2   0  10126
121  10386  2   7  10379
122  10352  4   0  0  2  10350
123  10388  2   0  10388
124  2752  2   0  2752
125  10180  3   0  0  10180
126  10168  2   23  10145
127  10370  3   0  0  10370
128  10372  4   0  0  0  10372
129  10406  2   0  10406
130  10404  2   17  10387
131  10406  4   5  1  0  10400
132  10374  2   0  10374
133  10018  2   2  10016
134  10394  2   2  10392
135  10216  2   3  10213
136  10406  2   0  10406
137  10388  2   9873  515
138  10393  3   2  4  10387
139  10244  2   3  10241
140  10402  2   0  10402
141  10404  2   0  10404
142  10396  2   0  10396
143  10395  3   0  0  10395
144  10404  2   0  10404
145  10394  3   0  0  10394
146  2752  3   4  0  2748
147  10402  2   2  10400
148  10398  2   5  10393
149  10259  3   1  0  10258
150  10380  2   0  10380
151  10386  2   0  10386
152  10398  2   40  10358
153  10386  2   0  10386
154  10376  2   0  10376
155  10288  3   0  21  10267
156  10398  2   27  10371
157  10392  2   1  10391
158  10400  3   0  0  10400
159  10386  2   103  10283
160  10402  3   0  0  10402
161  10404  4   0  0  0  10404
162  10404  4   0  0  1  10403
163  10399  3   0  0  10399
164  10404  2   0  10404
165  2306  2   0  2306
166  10400  2   0  10400
167  10400  2   0  10400
168  10358  3   0  0  10358
169  10398  2   0  10398
170  2826  2   2  2824
171  10400  2   0  10400
172  10402  3   0  0  10402
173  2792  2   0  2792
174  10228  3   0  0  10228
175  10398  3   0  336  10062
176  10400  2   0  10400
177  10221  3   0  0  10221
178  2788  2   0  2788
179  10402  2   1  10401
180  10326  3   0  1  10325
181  9036  3   0  0  9036
182  10368  3   0  0  10368
183  9021  3   0  0  9021
184  10402  2   0  10402
185  10386  2   0  10386
186  2769  3   0  0  2769
187  10390  2   0  10390
188  8974  3   1  0  8973
189  10360  2   0  10360
190  8932  2   0  8932
191  10358  2   0  10358
192  10358  2   0  10358
193  10404  2   0  10404
194  10356  2   0  10356
195  10404  3   0  0  10404
196  10400  2   2  10398
197  2698  3   0  0  2698
198  10358  2   0  10358
199  10404  3   5  0  10399
200  10352  5   0  0  0  0  10352
201  10402  2   0  10402
202  10349  4   0  0  0  10349
203  10400  3   0  1  10399
204  10406  3   0  0  10406
205  10006  3   0  0  10006
206  10395  3   0  0  10395
207  9889  3   0  0  9889
208  10326  2   0  10326
209  10406  3   0  0  10406
210  9996  3   0  0  9996
211  10406  2   0  10406
212  10398  2   0  10398
213  5070  3   0  0  5070
214  8203  3   0  1  8202
215  10398  2   2  10396
216  10406  3   0  0  10406
217  8170  2   0  8170
218  10376  2   157  10219
219  10403  4   13  0  1  10389
220  3328  2   0  3328
221  10168  3   0  0  10168
222  10379  3   0  3  10376
223  10376  2   0  10376
224  10406  3   0  1  10405
225  6364  4   62  0  0  6302
226  3358  3   0  41  3317
227  10406  3   0  21  10385
228  10402  2   0  10402
229  10250  2   3  10247
230  10304  2   4  10300
231  10397  3   0  0  10397
232  10236  2   1660  8576
233  10282  2   0  10282
234  10406  2   0  10406
235  10266  3   2  0  10264
236  10273  3   0  0  10273
237  10406  3   0  0  10406
238  10402  4   0  0  0  10402
239  10396  2   2  10394
240  3268  2   0  3268
241  10394  2   0  10394
242  10347  3   0  0  10347
243  10024  3   0  0  10024
244  10401  3   0  0  10401
245  10018  3   0  0  10018
246  7566  2   0  7566
247  10404  4   0  0  0  10404
248  10402  2   1  10401
249  10317  3   0  0  10317
250  10390  3   0  0  10390
251  9956  2   0  9956
252  10324  2   9  10315
253  7984  3   0  0  7984
254  9956  2   0  9956
255  8052  2   4  8048
256  10404  2   0  10404
257  10399  4   0  0  0  10399
258  10403  3   0  0  10403
259  10354  2   0  10354
260  10404  2   0  10404
261  10358  2   13  10345
262  8356  2   0  8356
263  3152  2   0  3152
264  10402  2   67  10335
265  10362  2   0  10362
266  5838  2   408  5430
267  10362  2   1  10361
268  9920  3   0  1  9919
269  5960  2   0  5960
270  10406  4   0  2  2  10402
271  10402  2   0  10402
272  10356  2   0  10356
273  10402  4   0  1  0  10401
274  10358  2   0  10358
275  10380  2   0  10380
276  9158  2   1  9157
277  10404  2   0  10404
278  10362  2   0  10362
279  10406  4   0  0  0  10406
280  10363  4   0  2  0  10361
281  8058  3   2663  0  5395

[pop]=2
1  11203  4   0  1  0  11202
2  2130  2   0  2130
3  11570  2   0  11570
4  11190  2   0  11190
5  412  2   0  412
6  11575  4   0  3  0  11572
7  11562  2   0  11562
8  2348  2   0  2348
9  2504  2   0  2504
10  11576  2   1  11575
11  2160  2   70  2090
12  11576  2   1  11575
13  772  2   2  770
14  11496  4   1  0  0  11495
15  11512  2   0  11512
16  11578  2   0  11578
17  3900  3   0  0  3900
18  11578  2   0  11578
19  4161  4   0  0  0  4161
20  11578  3   0  0  11578
21  11522  2   0  11522
22  766  2   140  626
23  11511  3   0  0  11511
24  11518  3   0  0  11518
25  11516  2   0  11516
26  10432  2   0  10432
27  11520  4   1  0  0  11519
28  11578  4   0  0  2  11576
29  11518  2   0  11518
30  11126  2   0  11126
31  11578  2   0  11578
32  5594  2   0  5594
33  11534  6   0  0  0  0  3  11531
34  11578  2   0  11578
35  5794  2   0  5794
36  11562  3   0  0  11562
37  11568  3   0  0  11568
38  11562  2   0  11562
39  6333  3   0  0  6333
40  11578  2   9  11569
41  11570  2   0  11570
42  390  2   0  390
43  11532  2   1  11531
44  11534  3   0  4  11530
45  11534  2   0  11534
46  11440  2   5  11435
47  7177  3   1  0  7176
48  11530  4   0  0  0  11530
49  2660  2   1  2659
50  11540  3   0  2  11538
51  11574  2   0  11574
52  11542  3   0  1  11541
53  11554  2   0  11554
54  398  2   0  398
55  7500  4   1  0  1  7498
56  7570  4   0  4  0  7566
57  11558  3   0  1  11557
58  11574  3   0  0  11574
59  11578  3   0  0  11578
60  408  2   0  408
61  11547  4   0  0  1  11546
62  7591  3   0  0  7591
63  11562  2   0  11562
64  11560  2   6  11554
65  3628  2   0  3628
66  11550  3   0  2  11548
67  11514  2   0  11514
68  11562  2   0  11562
69  11566  3   0  0  11566
70  11512  3   0  0  11512
71  11562  3   0  0  11562
72  11574  2   0  11574
73  3820  2   0  3820
74  11566  4   0  0  23  11543
75  11566  2   0  11566
76  11566  2   0  11566
77  11556  2   0  11556
78  11572  2   3  11569
79  11556  3   2  2  11552
80  7526  3   1  0  7525
81  11503  4   0  1  0  11502
82  11568  2   3  11565
83  3976  2   2  3974
84  11558  3   2  3  11553
85  11573  3   0  0  11573
86  11568  3   0  0  11568
87  11492  3   0  0  11492
88  11569  3   0  0  11569
89  11572  2   0  11572
90  11570  2   18  11552
91  11578  2   0  11578
92  11482  2   0  11482
93  11572  3   0  1  11571
94  11574  2   0  11574
95  11560  2   0  11560
96  11572  2   1  11571
97  11564  3   0  0  11564
98  11572  2   2  11570
99  11578  2   0  11578
100  11562  2   0  11562
101  11578  2   0  11578
102  11572  5   0  1  0  1  11570
103  11578  2   0  11578
104  11572  2   0  11572
105  11569  3   0  0  11569
106  11572  3   0  0  11572
107  11568  2   17  11551
108  11572  2   0  11572
109  11218  3   0  1  11217
110  11530  2   0  11530
111  11568  2   3  11565
112  11474  2   0  11474
113  11572  3   0  0  11572
114  536  2   0  536
115  11564  3   0  0  11564
116  11576  2   0  11576
117  11572  3   0  0  11572
118  11534  3   0  0  11534
119  11490  2   1  11489
120  11504  2   0  11504
121  11550  2   0  11550
122  11539  4   0  1  2  11536
123  11550  2   0  11550
124  530  2   0  530
125  11506  3   0  0  11506
126  11508  2   192  11316
127  11546  3   0  0  11546
128  11564  4   0  0  0  11564
129  11572  2   0  11572
130  11554  2   1  11553
131  11571  4   5  0  1  11565
132  11548  2   0  11548
133  11292  2   386  10906
134  11572  2   0  11572
135  11522  2   9  11513
136  11568  2   0  11568
137  11534  2   11510  24
138  11565  3   0  0  11565
139  11538  2   2  11536
140  11550  2   0  11550
141  11550  2   0  11550
142  11574  2   0  11574
143  11570  3   0  0  11570
144  11570  2   2  11568
145  11558  3   1  0  11557
146  488  3   2  0  486
147  11552  2   2  11550
148  11570  2   3  11567
149  11543  3   0  0  11543
150  11524  2   0  11524
151  11558  2   0  11558
152  11572  2   2  11570
153  11556  2   0  11556
154  11526  2   0  11526
155  11439  3   0  41  11398
156  11572  2   1  11571
157  11544  2   1  11543
158  11572  3   0  0  11572
159  11552  2   203  11349
160  11551  3   1  0  11550
161  11570  4   1  0  0  11569
162  11570  4   0  0  0  11570
163  11540  3   0  1  11539
164  11546  2   0  11546
165  414  2   0  414
166  11574  2   0  11574
167  11574  2   1  11573
168  11512  3   0  0  11512
169  11536  2   0  11536
170  510  2   1  509
171  11570  2   0  11570
172  11570  3   0  1  11569
173  500  2   0  500
174  11548  3   0  0  11548
175  11540  3   0  14  11526
176  11572  2   0  11572
177  11476  3   0  0  11476
178  492  2   0  492
179  11574  2   0  11574
180  11525  3   0  0  11525
181  10022  3   7  0  10015
182  11525  3   0  0  11525
183  9993  3   2  1  9990
184  11574  2   0  11574
185  11548  2   0  11548
186  496  3   1  0  495
187  11550  2   0  11550
188  9931  3   0  0  9931
189  11528  2   0  11528
190  9872  2   0  9872
191  11528  2   4  11524
192  11526  2   2  11524
193  11566  2   0  11566
194  11530  2   0  11530
195  11568  3   0  0  11568
196  11568  2   0  11568
197  453  3   0  0  453
198  11532  2   1  11531
199  11568  3   1  0  11567
200  11529  5   0  0  9  0  11520
201  11574  2   2  11572
202  11523  4   2  0  6  11515
203  11574  3   1  0  11573
204  11570  3   0  0  11570
205  11380  3   0  1  11379
206  11561  3   2  0  11559
207  10962  3   1  0  10961
208  11530  2   0  11530
209  11570  3   0  3  11567
210  11133  3   1  0  11132
211  11570  2   1  11569
212  11538  2   0  11538
213  3181  3   0  0  3181
214  8370  3   2  0  8368
215  11536  2   0  11536
216  11569  3   0  0  11569
217  8270  2   0  8270
218  11554  2   9  11545
219  11572  4   7  0  0  11565
220  890  2   0  890
221  11350  3   6  0  11344
222  11557  3   0  0  11557
223  11520  2   0  11520
224  11570  3   0  0  11570
225  5277  4   118  0  0  5159
226  896  3   0  5  891
227  11570  3   0  1  11569
228  11552  2   0  11552
229  11448  2   1  11447
230  11444  2   0  11444
231  11568  3   0  0  11568
232  11530  2   88  11442
233  11424  2   1  11423
234  11570  2   0  11570
235  11461  3   0  0  11461
236  11535  3   0  0  11535
237  11570  3   0  1  11569
238  11567  4   1  0  0  11566
239  11572  2   0  11572
240  786  2   0  786
241  11572  2   0  11572
242  11550  3   0  0  11550
243  11514  3   0  0  11514
244  11547  3   0  0  11547
245  11512  3   0  0  11512
246  7226  2   0  7226
247  11570  4   0  0  1  11569
248  11552  2   0  11552
249  11499  3   2  0  11497
250  11544  3   0  0  11544
251  11498  2   0  11498
252  11524  2   0  11524
253  8046  3   0  0  8046
254  11500  2   0  11500
255  8158  2   0  8158
256  11566  2   0  11566
257  11576  4   0  0  0  11576
258  11546  3   0  0  11546
259  11542  2   0  11542
260  11544  2   0  11544
261  11550  2   0  11550
262  8756  2   0  8756
263  670  2   0  670
264  11578  2   13  11565
265  11548  2   0  11548
266  3900  2   13  3887
267  11548  2   1  11547
268  11482  3   0  0  11482
269  4038  2   0  4038
270  11569  4   0  4  0  11565
271  11578  2   0  11578
272  11556  2   2  11554
273  11578  4   1  0  0  11577
274  11544  2   0  11544
275  11554  2   36  11518
276  8664  2   0  8664
277  11578  2   0  11578
278  11544  2   0  11544
279  11562  4   0  0  0  11562
280  11543  4   0  0  1  11542
281  8117  3   4040  0  4077

[pop]=3
1  8313  4   0  0  0  8313
2  3094  2   0  3094
3  8648  2   13  8635
4  8306  2   1  8305
5  624  2   0  624
6  8654  4   0  0  0  8654
7  8648  2   0  8648
8  3314  2   2  3312
9  3428  2   0  3428
10  8654  2   0  8654
11  2462  2   85  2377
12  8654  2   0  8654
13  1102  2   0  1102
14  8617  4   0  0  0  8617
15  8638  2   0  8638
16  8652  2   0  8652
17  4488  3   0  1  4487
18  8654  2   0  8654
19  4728  4   0  0  0  4728
20  8654  3   0  0  8654
21  8606  2   9  8597
22  1562  2   598  964
23  8623  3   0  0  8623
24  8644  3   1  0  8643
25  8630  2   0  8630
26  8124  2   1  8123
27  8633  4   0  0  2  8631
28  8654  4   0  1  0  8653
29  8634  2   0  8634
30  8440  2   0  8440
31  8654  2   0  8654
32  5818  2   0  5818
33  8648  6   0  1  0  1  0  8646
34  8654  2   0  8654
35  5908  2   0  5908
36  8640  3   0  0  8640
37  8648  3   1  0  8647
38  8640  2   0  8640
39  6208  3   0  0  6208
40  8654  2   0  8654
41  8652  2   0  8652
42  616  2   13  603
43  8636  2   0  8636
44  8652  3   0  0  8652
45  8636  2   0  8636
46  8602  2   0  8602
47  6610  3   0  1  6609
48  8619  4   0  0  0  8619
49  2904  2   0  2904
50  8636  3   0  0  8636
51  8654  2   0  8654
52  8634  3   0  0  8634
53  8652  2   0  8652
54  620  2   0  620
55  6748  4   0  0  0  6748
56  6767  4   0  0  29  6738
57  8652  3   0  0  8652
58  8654  3   0  1  8653
59  8654  3   0  0  8654
60  622  2   0  622
61  8643  4   0  0  0  8643
62  6768  3   2  0  6766
63  8636  2   0  8636
64  8652  2   0  8652
65  3566  2   0  3566
66  8646  3   0  0  8646
67  8626  2   0  8626
68  8652  2   0  8652
69  8646  3   0  9  8637
70  8626  3   0  0  8626
71  8653  3   0  3  8650
72  8654  2   0  8654
73  3642  2   0  3642
74  8647  4   1  0  0  8646
75  8644  2   0  8644
76  8648  2   0  8648
77  8646  2   2  8644
78  8654  2   0  8654
79  8646  3   0  0  8646
80  6702  3   0  1  6701
81  8618  4   0  2  0  8616
82  8654  2   0  8654
83  3692  2   0  3692
84  8644  3   0  0  8644
85  8654  3   0  0  8654
86  8649  3   0  0  8649
87  8616  3   0  0  8616
88  8648  3   0  0  8648
89  8650  2   0  8650
90  8648  2   0  8648
91  8654  2   1  8653
92  8614  2   0  8614
93  8650  3   0  0  8650
94  8648  2   16  8632
95  8640  2   0  8640
96  8650  2   0  8650
97  8643  3   0  0  8643
98  8650  2   0  8650
99  8654  2   0  8654
100  8640  2   0  8640
101  8654  2   0  8654
102  8648  5   0  0  0  0  8648
103  8654  2   0  8654
104  8646  2   0  8646
105  8652  3   0  0  8652
106  8650  3   0  0  8650
107  8646  2   0  8646
108  8650  2   0  8650
109  8425  3   0  0  8425
110  8648  2   1  8647
111  8652  2   0  8652
112  8624  2   0  8624
113  8648  3   0  1  8647
114  802  2   0  802
115  8650  3   0  0  8650
116  8650  2   0  8650
117  8648  3   2  0  8646
118  8648  3   0  0  8648
119  8632  2   0  8632
120  8626  2   0  8626
121  8638  2   0  8638
122  8648  4   0  1  0  8647
123  8638  2   0  8638
124  854  2   0  854
125  8635  3   0  1  8634
126  8640  2   0  8640
127  8648  3   0  1  8647
128  8627  4   0  0  0  8627
129  8648  2   1  8647
130  8644  2   11  8633
131  8648  4   0  0  0  8648
132  8648  2   0  8648
133  8376  2   1  8375
134  8652  2   0  8652
135  8646  2   0  8646
136  8648  2   0  8648
137  8650  2   8650  0
138  8634  3   0  0  8634
139  8648  2   1  8647
140  8642  2   0  8642
141  8648  2   0  8648
142  8652  2   0  8652
143  8638  3   0  0  8638
144  8648  2   0  8648
145  8654  3   0  0  8654
146  826  3   0  0  826
147  8648  2   0  8648
148  8638  2   0  8638
149  8648  3   0  0  8648
150  8642  2   0  8642
151  8654  2   0  8654
152  8646  2   0  8646
153  8654  2   0  8654
154  8642  2   3  8639
155  8513  3   3  262  8248
156  8646  2   0  8646
157  8636  2   0  8636
158  8643  3   0  0  8643
159  8654  2   11  8643
160  8646  3   0  6  8640
161  8648  4   0  0  0  8648
162  8649  4   0  0  0  8649
163  8639  3   0  0  8639
164  8640  2   0  8640
165  620  2   0  620
166  8654  2   0  8654
167  8654  2   1  8653
168  8634  3   0  0  8634
169  8634  2   2  8632
170  798  2   1  797
171  8654  2   0  8654
172  8644  3   0  1  8643
173  810  2   0  810
174  8650  3   0  0  8650
175  8637  3   0  1  8636
176  8644  2   0  8644
177  8574  3   0  0  8574
178  816  2   0  816
179  8642  2   0  8642
180  8624  3   0  0  8624
181  8064  3   15  0  8049
182  8628  3   0  0  8628
183  8060  3   0  2  8058
184  8642  2   0  8642
185  8640  2   0  8640
186  765  3   0  0  765
187  8644  2   0  8644
188  7993  3   0  0  7993
189  8628  2   1  8627
190  7956  2   0  7956
191  8628  2   0  8628
192  8628  2   0  8628
193  8652  2   0  8652
194  8628  2   0  8628
195  8652  3   0  0  8652
196  8654  2   0  8654
197  732  3   0  0  732
198  8632  2   0  8632
199  8654  3   0  0  8654
200  8630  5   0  0  0  0  8630
201  8638  2   0  8638
202  8627  4   1  0  0  8626
203  8638  3   0  0  8638
204  8654  3   0  0  8654
205  8512  3   0  0  8512
206  8654  3   0  0  8654
207  8398  3   0  0  8398
208  8628  2   0  8628
209  8654  3   1  0  8653
210  8487  3   0  0  8487
211  8654  2   0  8654
212  8642  2   0  8642
213  3210  3   0  0  3210
214  7146  3   0  1  7145
215  8642  2   1  8641
216  8654  3   0  0  8654
217  7110  2   1  7109
218  8646  2   0  8646
219  8652  4   1  0  0  8651
220  1384  2   0  1384
221  8574  3   0  0  8574
222  8648  3   0  0  8648
223  8630  2   0  8630
224  8654  3   1  0  8653
225  4799  4   3  0  1  4795
226  1388  3   0  0  1388
227  8654  3   0  0  8654
228  8640  2   4  8636
229  8602  2   0  8602
230  8566  2   0  8566
231  8648  3   0  0  8648
232  8610  2   0  8610
233  8544  2   0  8544
234  8654  2   0  8654
235  8610  3   0  0  8610
236  8616  3   0  0  8616
237  8654  3   0  0  8654
238  8646  4   0  0  0  8646
239  8650  2   0  8650
240  1340  2   0  1340
241  8650  2   6  8644
242  8636  3   1  0  8635
243  8626  3   0  2  8624
244  8641  3   0  0  8641
245  8622  3   0  0  8622
246  6186  2   1  6185
247  8652  4   0  0  0  8652
248  8640  2   0  8640
249  8633  3   0  0  8633
250  8630  3   0  32  8598
251  8624  2   0  8624
252  8636  2   0  8636
253  6680  3   0  5  6675
254  8622  2   0  8622
255  6718  2   0  6718
256  8648  2   0  8648
257  8654  4   0  0  0  8654
258  8632  3   0  0  8632
259  8648  2   0  8648
260  8632  2   1  8631
261  8650  2   0  8650
262  7046  2   0  7046
263  1168  2   4  1164
264  8654  2   0  8654
265  8650  2   0  8650
266  3604  2   0  3604
267  8650  2   0  8650
268  8604  3   0  0  8604
269  3682  2   5  3677
270  8654  4   3  0  0  8651
271  8654  2   0  8654
272  8628  2   0  8628
273  8654  4   0  0  0  8654
274  8650  2   0  8650
275  8652  2   0  8652
276  7538  2   0  7538
277  8654  2   1  8653
278  8650  2   1  8649
279  8654  4   0  1  8  8645
280  8649  4   10  0  0  8639
281  6145  3   2816  0  3329

[pop]=4
1  6117  4   0  0  0  6117
2  828  2   0  828
3  6614  2   0  6614
4  6102  2   0  6102
5  1634  2   1  1633
6  6613  4   0  0  0  6613
7  6614  2   0  6614
8  884  2   0  884
9  950  2   0  950
10  6614  2   0  6614
11  602  2   15  587
12  6614  2   0  6614
13  196  2   0  196
14  6417  4   0  0  0  6417
15  6606  2   0  6606
16  6610  2   1  6609
17  1522  3   0  0  1522
18  6614  2   0  6614
19  1664  4   0  0  0  1664
20  6614  3   0  0  6614
21  6610  2   0  6610
22  134  2   4  130
23  6614  3   0  1  6613
24  6614  3   0  0  6614
25  6466  2   1  6465
26  6110  2   1  6109
27  6475  4   0  0  0  6475
28  6614  4   0  0  2  6612
29  6476  2   0  6476
30  6292  2   0  6292
31  6614  2   0  6614
32  2288  2   0  2288
33  6614  6   0  0  0  0  18  6596
34  6614  2   0  6614
35  2376  2   0  2376
36  6612  3   0  0  6612
37  6612  3   0  0  6612
38  6612  2   0  6612
39  2557  3   0  0  2557
40  6614  2   0  6614
41  6614  2   0  6614
42  1624  2   0  1624
43  6530  2   0  6530
44  6614  3   0  0  6614
45  6546  2   0  6546
46  6458  2   0  6458
47  2873  3   0  0  2873
48  6604  4   0  0  0  6604
49  778  2   0  778
50  6554  3   0  0  6554
51  6614  2   0  6614
52  6551  3   0  0  6551
53  6612  2   0  6612
54  1624  2   0  1624
55  2948  4   0  0  0  2948
56  2976  4   0  0  0  2976
57  6613  3   0  0  6613
58  6614  3   0  0  6614
59  6614  3   0  0  6614
60  1624  2   0  1624
61  6562  4   0  0  0  6562
62  2994  3   0  0  2994
63  6612  2   0  6612
64  6614  2   0  6614
65  1072  2   0  1072
66  6566  3   0  0  6566
67  6502  2   0  6502
68  6612  2   0  6612
69  6614  3   0  0  6614
70  6500  3   0  0  6500
71  6614  3   0  0  6614
72  6614  2   0  6614
73  1136  2   0  1136
74  6614  4   0  0  0  6614
75  6612  2   0  6612
76  6614  2   0  6614
77  6578  2   0  6578
78  6614  2   0  6614
79  6577  3   0  0  6577
80  2974  3   0  0  2974
81  6479  4   0  2  0  6477
82  6614  2   0  6614
83  1198  2   0  1198
84  6580  3   0  1  6579
85  6612  3   0  0  6612
86  6614  3   0  0  6614
87  6448  3   0  0  6448
88  6614  3   0  0  6614
89  6614  2   0  6614
90  6614  2   0  6614
91  6614  2   0  6614
92  6436  2   0  6436
93  6614  3   0  0  6614
94  6614  2   0  6614
95  6612  2   0  6612
96  6614  2   0  6614
97  6587  3   0  0  6587
98  6614  2   0  6614
99  6614  2   0  6614
100  6612  2   0  6612
101  6614  2   0  6614
102  6614  5   0  0  0  0  6614
103  6614  2   0  6614
104  6614  2   0  6614
105  6614  3   0  0  6614
106  6614  3   0  0  6614
107  6612  2   0  6612
108  6614  2   0  6614
109  6237  3   0  0  6237
110  6610  2   0  6610
111  6614  2   0  6614
112  6590  2   0  6590
113  6614  3   1  0  6613
114  102  2   1  101
115  6614  3   0  0  6614
116  6614  2   0  6614
117  6614  3   0  0  6614
118  6596  3   0  0  6596
119  6594  2   0  6594
120  6602  2   0  6602
121  6584  2   0  6584
122  6597  4   0  0  0  6597
123  6582  2   0  6582
124  104  2   0  104
125  6600  3   0  0  6600
126  6602  2   211  6391
127  6594  3   0  0  6594
128  6599  4   1  0  0  6598
129  6614  2   0  6614
130  6612  2   0  6612
131  6614  4   0  0  0  6614
132  6600  2   0  6600
133  6552  2   2  6550
134  6614  2   0  6614
135  6602  2   0  6602
136  6614  2   0  6614
137  6614  2   6614  0
138  6603  3   0  0  6603
139  6604  2   8  6596
140  6610  2   0  6610
141  6614  2   0  6614
142  6614  2   0  6614
143  6607  3   0  0  6607
144  6614  2   0  6614
145  6602  3   0  0  6602
146  141  3   13  0  128
147  6612  2   0  6612
148  6608  2   0  6608
149  6607  3   0  0  6607
150  6614  2   0  6614
151  6602  2   0  6602
152  6610  2   0  6610
153  6598  2   0  6598
154  6612  2   0  6612
155  6578  3   0  11  6567
156  6610  2   0  6610
157  6588  2   0  6588
158  6610  3   0  0  6610
159  6596  2   164  6432
160  6609  3   0  0  6609
161  6614  4   0  0  0  6614
162  6614  4   0  0  0  6614
163  6595  3   0  0  6595
164  6594  2   0  6594
165  1684  2   0  1684
166  6614  2   0  6614
167  6614  2   0  6614
168  6612  3   0  0  6612
169  6596  2   0  6596
170  112  2   0  112
171  6614  2   0  6614
172  6610  3   0  0  6610
173  102  2   0  102
174  6612  3   0  0  6612
175  6593  3   0  0  6593
176  6608  2   0  6608
177  6587  3   0  0  6587
178  96  2   0  96
179  6610  2   0  6610
180  6596  3   0  0  6596
181  5733  3   0  0  5733
182  6598  3   0  0  6598
183  5698  3   0  0  5698
184  6610  2   0  6610
185  6604  2   0  6604
186  82  3   0  0  82
187  6604  2   0  6604
188  5627  3   0  0  5627
189  6598  2   0  6598
190  5582  2   0  5582
191  6596  2   0  6596
192  6598  2   0  6598
193  6614  2   0  6614
194  6598  2   0  6598
195  6614  3   0  0  6614
196  6614  2   0  6614
197  52  3   1  0  51
198  6590  2   0  6590
199  6614  3   0  0  6614
200  6592  5   0  0  0  0  6592
201  6610  2   0  6610
202  6591  4   0  0  0  6591
203  6610  3   0  0  6610
204  6614  3   0  0  6614
205  6562  3   0  0  6562
206  6612  3   0  0  6612
207  6253  3   0  0  6253
208  6600  2   0  6600
209  6610  3   0  0  6610
210  6364  3   0  0  6364
211  6610  2   0  6610
212  6612  2   0  6612
213  1435  3   0  0  1435
214  4750  3   0  0  4750
215  6612  2   1  6611
216  6610  3   0  0  6610
217  4716  2   0  4716
218  6614  2   0  6614
219  6614  4   4  0  0  6610
220  304  2   0  304
221  6500  3   0  0  6500
222  6614  3   0  0  6614
223  6604  2   0  6604
224  6612  3   0  0  6612
225  2589  4   133  0  0  2456
226  294  3   0  0  294
227  6613  3   0  0  6613
228  6612  2   0  6612
229  6546  2   0  6546
230  6596  2   0  6596
231  6614  3   0  0  6614
232  6582  2   0  6582
233  6594  2   0  6594
234  6614  2   0  6614
235  6553  3   1  0  6552
236  6591  3   0  0  6591
237  6612  3   0  0  6612
238  6614  4   0  0  2  6612
239  6614  2   0  6614
240  242  2   0  242
241  6614  2   0  6614
242  6594  3   0  0  6594
243  6586  3   0  0  6586
244  6614  3   0  0  6614
245  6584  3   0  0  6584
246  3484  2   0  3484
247  6614  4   0  0  0  6614
248  6614  2   0  6614
249  6585  3   0  0  6585
250  6608  3   0  3  6605
251  6588  2   3  6585
252  6600  2   0  6600
253  3878  3   0  0  3878
254  6588  2   0  6588
255  3928  2   0  3928
256  6614  2   0  6614
257  6614  4   0  0  1  6613
258  6614  3   1  0  6613
259  6604  2   0  6604
260  6614  2   0  6614
261  6606  2   0  6606
262  4200  2   0  4200
263  188  2   0  188
264  6614  2   0  6614
265  6606  2   1  6605
266  4182  2   0  4182
267  6606  2   0  6606
268  6578  3   0  0  6578
269  4218  2   0  4218
270  6614  4   0  114  0  6500
271  6614  2   0  6614
272  6596  2   0  6596
273  6614  4   0  0  0  6614
274  6606  2   0  6606
275  6600  2   0  6600
276  4826  2   0  4826
277  6614  2   0  6614
278  6608  2   0  6608
279  6614  4   0  0  0  6614
280  6608  4   2  0  0  6606
281  5684  3   2554  0  3130

[pop]=5
1  60833  4   0  0  1  60832
2  21566  2   0  21566
3  66164  2   4  66160
4  60756  2   1  60755
5  9262  2   4  9258
6  66738  4   0  0  0  66738
7  66088  2   2  66086
8  22772  2   0  22772
9  23764  2   4  23760
10  66736  2   0  66736
11  16346  2   816  15530
12  66734  2   5  66729
13  8420  2   2  8418
14  66181  4   7  8  1  66165
15  66468  2   0  66468
16  66732  2   1  66731
17  31442  3   0  0  31442
18  66740  2   0  66740
19  33231  4   0  1  1  33229
20  66740  3   0  0  66740
21  66438  2   0  66438
22  6972  2   386  6586
23  65067  3   0  1  65066
24  66154  3   0  0  66154
25  66316  2   20  66296
26  61814  2   2  61812
27  66330  4   0  0  1  66329
28  66740  4   11  0  75  66654
29  66336  2   6  66330
30  64740  2   2  64738
31  66740  2   1  66739
32  41680  2   2  41678
33  66504  6   1  0  2  0  225  66276
34  66740  2   0  66740
35  42560  2   2  42558
36  66634  3   1  1  66632
37  66370  3   0  0  66370
38  66640  2   1  66639
39  45053  3   1  2  45050
40  66740  2   1  66739
41  66524  2   28  66496
42  8632  2   0  8632
43  66378  2   1  66377
44  66627  3   4  2  66621
45  66374  2   4  66370
46  66246  2   17  66229
47  48593  3   0  0  48593
48  66582  4   0  1  0  66581
49  16558  2   1  16557
50  66394  3   0  10  66384
51  66636  2   0  66636
52  66429  3   0  0  66429
53  66710  2   0  66710
54  8732  2   0  8732
55  49465  4   0  0  0  49465
56  49635  4   0  3  0  49632
57  66714  3   0  7  66707
58  66665  3   1  0  66664
59  66718  3   0  2  66716
60  8778  2   0  8778
61  66521  4   1  1  0  66519
62  49661  3   1  1  49659
63  66682  2   0  66682
64  66716  2   0  66716
65  20592  2   6  20586
66  66528  3   0  10  66518
67  66422  2   0  66422
68  66716  2   18  66698
69  66470  3   1  1  66468
70  66412  3   0  2  66410
71  66715  3   18  0  66697
72  66686  2   0  66686
73  21388  2   2  21386
74  66469  4   0  1  0  66468
75  66702  2   1  66701
76  66486  2   2  66484
77  66556  2   0  66556
78  66716  2   5  66711
79  66558  3   10  10  66538
80  48620  3   0  0  48620
81  66348  4   1  7  1  66339
82  66702  2   0  66702
83  21714  2   1  21713
84  66555  3   0  6  66549
85  66671  3   0  1  66670
86  66527  3   1  0  66526
87  66214  3   4  1  66209
88  66716  3   3  1  66712
89  66690  2   4  66686
90  66708  2   4  66704
91  66736  2   0  66736
92  66194  2   4  66190
93  66701  3   0  0  66701
94  66704  2   0  66704
95  66610  2   2  66608
96  66704  2   0  66704
97  66566  3   0  1  66565
98  66704  2   0  66704
99  66738  2   0  66738
100  66638  2   0  66638
101  66740  2   0  66740
102  66719  5   1  0  1  0  66717
103  66740  2   2  66738
104  66722  2   2  66720
105  66625  3   0  1  66624
106  66556  3   1  1  66554
107  66688  2   0  66688
108  66560  2   0  66560
109  65042  3   0  0  65042
110  66550  2   0  66550
111  66580  2   0  66580
112  66078  2   20  66058
113  66734  3   0  19  66715
114  9244  2   16  9228
115  66524  3   1  2  66521
116  66564  2   0  66564
117  66734  3   0  10  66724
118  66572  3   1  2  66569
119  66212  2   0  66212
120  66518  2   1  66517
121  66570  2   0  66570
122  66589  4   2  1  0  66586
123  66558  2   1  66557
124  9510  2   0  9510
125  66321  3   1  0  66320
126  66536  2   653  65883
127  66636  3   0  0  66636
128  66591  4   0  1  1  66589
129  66736  2   0  66736
130  66690  2   0  66690
131  66734  4   2  0  2  66730
132  66662  2   5  66657
133  64268  2   2  64266
134  66662  2   2  66660
135  66458  2   28  66430
136  66724  2   6  66718
137  66700  2   66698  2
138  66613  3   0  0  66613
139  66534  2   92  66442
140  66686  2   2  66684
141  66688  2   4  66684
142  66678  2   4  66674
143  66632  3   1  1  66630
144  66730  2   0  66730
145  66685  3   2  1  66682
146  9617  3   99  0  9518
147  66686  2   0  66686
148  66636  2   0  66636
149  66558  3   0  1  66557
150  66662  2   2  66660
151  66688  2   3  66685
152  66650  2   0  66650
153  66688  2   3  66685
154  66660  2   0  66660
155  65929  3   0  349  65580
156  66650  2   0  66650
157  66544  2   1  66543
158  66660  3   0  0  66660
159  66680  2   3135  63545
160  66687  3   1  9  66677
161  66727  4   0  1  0  66726
162  66726  4   1  1  3  66721
163  66545  3   0  0  66545
164  66550  2   2  66548
165  9404  2   3  9401
166  66694  2   0  66694
167  66694  2   0  66694
168  66608  3   1  0  66607
169  66468  2   0  66468
170  9546  2   0  9546
171  66690  2   0  66690
172  66687  3   1  0  66686
173  9464  2   1  9463
174  66680  3   2  3  66675
175  66379  3   2  15  66362
176  66690  2   2  66688
177  66184  3   0  1  66183
178  9434  2   1  9433
179  66688  2   0  66688
180  66509  3   1  0  66508
181  60430  3   7  0  60423
182  65792  3   1  0  65791
183  60324  3   2  5  60317
184  66690  2   0  66690
185  66648  2   4  66644
186  9273  3   4  0  9269
187  66668  2   3  66665
188  60006  3   1  4  60001
189  65848  2   2  65846
190  59638  2   2  59636
191  65878  2   0  65878
192  65912  2   0  65912
193  66728  2   7  66721
194  65960  2   0  65960
195  66729  3   0  0  66729
196  66688  2   0  66688
197  8859  3   14  1  8844
198  65816  2   1  65815
199  66730  3   0  0  66730
200  65773  5   8  1  0  1  65763
201  66678  2   6  66672
202  65728  4   2  0  0  65726
203  66678  3   0  0  66678
204  66732  3   1  1  66730
205  65336  3   3  0  65333
206  66681  3   7  7  66667
207  64044  3   0  1  64043
208  66128  2   2  66126
209  66731  3   0  1  66730
210  64823  3   0  0  64823
211  66730  2   1  66729
212  66546  2   1  66545
213  24656  3   0  1  24655
214  53566  3   21  1  53544
215  66534  2   0  66534
216  66731  3   0  1  66730
217  53240  2   1  53239
218  66636  2   0  66636
219  66738  4   367  1  0  66370
220  12458  2   7  12451
221  65704  3   9  16  65679
222  66660  3   2  1  66657
223  66286  2   2  66284
224  66732  3   0  0  66732
225  36573  4   2123  1  0  34449
226  12478  3   2  25  12451
227  66730  3   0  0  66730
228  66720  2   0  66720
229  66072  2   31  66041
230  66024  2   1  66023
231  66706  3   1  1  66704
232  65574  2   32  65542
233  65888  2   2  65886
234  66730  2   2  66728
235  66127  3   3  1  66123
236  65700  3   2  0  65698
237  66730  3   1  0  66729
238  66709  4   0  5  15  66689
239  66730  2   0  66730
240  11580  2   3  11577
241  66730  2   0  66730
242  66160  3   0  1  66159
243  66294  3   0  0  66294
244  66723  3   1  1  66721
245  66298  3   2  1  66295
246  45918  2   1  45917
247  66721  4   1  1  0  66719
248  66728  2   0  66728
249  66379  3   0  1  66378
250  66660  3   2  3  66655
251  66110  2   0  66110
252  66260  2   0  66260
253  49836  3   0  1  49835
254  66112  2   1  66111
255  50222  2   1  50221
256  66718  2   0  66718
257  66728  4   1  0  7  66720
258  66724  3   0  2  66722
259  66496  2   3  66493
260  66722  2   1  66721
261  66528  2   2  66526
262  53104  2   3  53101
263  10832  2   0  10832
264  66730  2   16  66714
265  66542  2   1  66541
266  29752  2   5  29747
267  66548  2   7  66541
268  65742  3   1  0  65741
269  30416  2   0  30416
270  66691  4   0  202  0  66489
271  66728  2   1  66727
272  66394  2   0  66394
273  66730  4   1  0  1  66728
274  66540  2   2  66538
275  66612  2   0  66612
276  60392  2   1  60391
277  66730  2   0  66730
278  66544  2   0  66544
279  66664  4   1  0  0  66663
280  66543  4   0  0  0  66543
281  48073  3   21187  0  26886

[pop]=6
1  807  4   0  0  0  807
2  296  2   0  296
3  900  2   0  900
4  806  2   0  806
5  242  2   0  242
6  908  4   0  0  0  908
7  896  2   0  896
8  298  2   0  298
9  310  2   0  310
10  908  2   0  908
11  286  2   11  275
12  908  2   0  908
13  188  2   0  188
14  897  4   0  0  0  897
15  900  2   0  900
16  906  2   0  906
17  384  3   0  0  384
18  908  2   0  908
19  411  4   0  0  0  411
20  908  3   0  0  908
21  902  2   0  902
22  182  2   15  167
23  843  3   0  0  843
24  894  3   0  0  894
25  902  2   0  902
26  832  2   0  832
27  902  4   0  0  0  902
28  908  4   0  0  1  907
29  902  2   0  902
30  870  2   0  870
31  908  2   1  907
32  500  2   0  500
33  904  6   0  0  0  0  1  903
34  908  2   0  908
35  504  2   0  504
36  906  3   0  0  906
37  896  3   0  1  895
38  906  2   0  906
39  528  3   0  0  528
40  908  2   0  908
41  906  2   1  905
42  240  2   0  240
43  904  2   0  904
44  906  3   0  0  906
45  904  2   0  904
46  890  2   0  890
47  562  3   0  0  562
48  908  4   0  0  0  908
49  280  2   0  280
50  904  3   0  0  904
51  906  2   0  906
52  902  3   0  0  902
53  908  2   0  908
54  242  2   0  242
55  571  4   0  0  0  571
56  571  4   0  1  0  570
57  908  3   0  0  908
58  908  3   0  0  908
59  908  3   0  0  908
60  242  2   0  242
61  904  4   0  0  0  904
62  572  3   0  0  572
63  908  2   0  908
64  908  2   0  908
65  310  2   0  310
66  906  3   0  1  905
67  902  2   0  902
68  908  2   0  908
69  904  3   0  0  904
70  902  3   0  0  902
71  908  3   0  0  908
72  908  2   0  908
73  326  2   0  326
74  904  4   0  0  0  904
75  908  2   0  908
76  904  2   0  904
77  906  2   0  906
78  908  2   2  906
79  906  3   0  0  906
80  558  3   0  0  558
81  902  4   0  0  0  902
82  908  2   0  908
83  338  2   0  338
84  904  3   0  0  904
85  906  3   0  0  906
86  904  3   0  0  904
87  900  3   0  0  900
88  908  3   0  0  908
89  908  2   0  908
90  908  2   1  907
91  908  2   0  908
92  900  2   0  900
93  908  3   0  0  908
94  908  2   0  908
95  906  2   0  906
96  908  2   0  908
97  903  3   0  0  903
98  908  2   0  908
99  908  2   0  908
100  908  2   0  908
101  908  2   1  907
102  908  5   0  0  0  0  908
103  908  2   0  908
104  908  2   0  908
105  906  3   0  0  906
106  906  3   0  0  906
107  908  2   0  908
108  906  2   0  906
109  863  3   0  0  863
110  890  2   0  890
111  906  2   0  906
112  894  2   0  894
113  908  3   0  0  908
114  202  2   0  202
115  904  3   0  0  904
116  906  2   0  906
117  908  3   0  0  908
118  902  3   0  0  902
119  894  2   0  894
120  904  2   0  904
121  904  2   0  904
122  902  4   0  0  1  901
123  902  2   0  902
124  202  2   0  202
125  896  3   0  0  896
126  904  2   21  883
127  902  3   0  0  902
128  904  4   0  0  0  904
129  908  2   0  908
130  908  2   0  908
131  908  4   0  0  0  908
132  902  2   0  902
133  878  2   3  875
134  906  2   0  906
135  896  2   2  894
136  908  2   0  908
137  908  2   907  1
138  904  3   0  0  904
139  898  2   0  898
140  908  2   0  908
141  908  2   0  908
142  906  2   0  906
143  905  3   0  0  905
144  908  2   0  908
145  902  3   0  0  902
146  207  3   1  0  206
147  908  2   0  908
148  906  2   0  906
149  902  3   0  0  902
150  906  2   0  906
151  902  2   0  902
152  906  2   0  906
153  900  2   0  900
154  906  2   0  906
155  898  3   0  1  897
156  906  2   1  905
157  906  2   0  906
158  906  3   0  0  906
159  900  2   23  877
160  907  3   0  0  907
161  908  4   0  0  2  906
162  908  4   0  0  0  908
163  904  3   0  0  904
164  904  2   0  904
165  246  2   0  246
166  906  2   0  906
167  906  2   0  906
168  906  3   0  0  906
169  904  2   0  904
170  206  2   0  206
171  906  2   0  906
172  906  3   0  0  906
173  212  2   0  212
174  903  3   0  0  903
175  903  3   0  2  901
176  906  2   0  906
177  900  3   0  0  900
178  210  2   0  210
179  906  2   0  906
180  903  3   0  0  903
181  772  3   1  0  771
182  879  3   0  0  879
183  771  3   0  0  771
184  906  2   0  906
185  908  2   0  908
186  203  3   0  0  203
187  908  2   0  908
188  766  3   0  0  766
189  886  2   0  886
190  760  2   0  760
191  886  2   0  886
192  886  2   0  886
193  908  2   0  908
194  886  2   0  886
195  908  3   0  0  908
196  906  2   0  906
197  202  3   0  1  201
198  872  2   0  872
199  908  3   0  0  908
200  868  5   0  0  0  0  868
201  906  2   0  906
202  862  4   0  0  0  862
203  906  3   0  0  906
204  908  3   0  0  908
205  900  3   0  0  900
206  906  3   0  0  906
207  863  3   0  0  863
208  890  2   0  890
209  908  3   0  0  908
210  878  3   0  0  878
211  908  2   0  908
212  904  2   0  904
213  377  3   0  0  377
214  676  3   0  0  676
215  904  2   0  904
216  908  3   0  0  908
217  672  2   0  672
218  904  2   0  904
219  908  4   1  0  0  907
220  236  2   0  236
221  894  3   0  0  894
222  904  3   0  0  904
223  902  2   0  902
224  908  3   0  0  908
225  499  4   30  0  0  469
226  228  3   0  0  228
227  908  3   0  0  908
228  908  2   0  908
229  898  2   0  898
230  904  2   0  904
231  906  3   0  0  906
232  904  2   5  899
233  904  2   0  904
234  908  2   0  908
235  898  3   0  0  898
236  904  3   0  0  904
237  908  3   0  0  908
238  906  4   0  0  0  906
239  908  2   0  908
240  218  2   0  218
241  908  2   0  908
242  906  3   0  0  906
243  898  3   0  0  898
244  908  3   0  0  908
245  898  3   0  0  898
246  618  2   0  618
247  908  4   0  0  0  908
248  908  2   0  908
249  904  3   0  0  904
250  908  3   0  0  908
251  890  2   0  890
252  900  2   0  900
253  654  3   0  0  654
254  892  2   0  892
255  656  2   0  656
256  904  2   0  904
257  908  4   0  0  0  908
258  908  3   0  0  908
259  904  2   0  904
260  908  2   0  908
261  904  2   0  904
262  690  2   0  690
263  214  2   0  214
264  908  2   0  908
265  904  2   0  904
266  560  2   1  559
267  904  2   1  903
268  874  3   0  0  874
269  560  2   0  560
270  908  4   0  2  0  906
271  908  2   0  908
272  906  2   0  906
273  908  4   0  0  0  908
274  904  2   0  904
275  904  2   0  904
276  748  2   0  748
277  908  2   0  908
278  904  2   0  904
279  908  4   0  0  0  908
280  904  4   0  0  0  904
281  753  3   321  0  432

[pop]=7
1  16262  4   1  0  0  16261
2  9518  2   0  9518
3  15082  2   10  15072
4  16252  2   0  16252
5  7914  2   0  7914
6  16512  4   2  0  1  16509
7  14894  2   0  14894
8  9648  2   0  9648
9  9768  2   0  9768
10  16512  2   2  16510
11  9290  2   79  9211
12  16512  2   1  16511
13  8148  2   0  8148
14  16467  4   0  0  0  16467
15  16358  2   2  16356
16  16510  2   0  16510
17  10708  3   1  0  10707
18  16510  2   4  16506
19  10871  4   0  1  0  10870
20  16510  3   0  0  16510
21  16494  2   0  16494
22  7744  2   695  7049
23  11916  3   0  1  11915
24  14770  3   0  1  14769
25  16488  2   0  16488
26  15176  2   0  15176
27  16493  4   0  0  1  16492
28  16510  4   0  0  1  16509
29  16498  2   0  16498
30  15752  2   0  15752
31  16510  2   0  16510
32  11862  2   0  11862
33  15964  6   0  0  0  0  0  15964
34  16510  2   4  16506
35  11970  2   0  11970
36  16504  3   0  0  16504
37  15950  3   0  0  15950
38  16504  2   1  16503
39  12216  3   0  0  12216
40  16510  2   0  16510
41  16212  2   0  16212
42  7892  2   10  7882
43  16504  2   0  16504
44  16392  3   0  0  16392
45  16504  2   0  16504
46  16188  2   0  16188
47  12623  3   0  0  12623
48  16453  4   1  0  2  16450
49  9086  2   0  9086
50  16504  3   2  0  16502
51  16430  2   2  16428
52  16503  3   1  0  16502
53  16500  2   2  16498
54  7908  2   2  7906
55  12696  4   0  0  0  12696
56  12649  4   0  0  1  12648
57  16506  3   1  1  16504
58  16468  3   0  0  16468
59  16510  3   1  0  16509
60  7910  2   2  7908
61  16505  4   0  0  0  16505
62  12592  3   0  0  12592
63  16490  2   2  16488
64  16506  2   0  16506
65  9580  2   0  9580
66  16506  3   0  1  16505
67  16316  2   6  16310
68  16502  2   0  16502
69  16286  3   0  0  16286
70  16312  3   19  0  16293
71  16504  3   0  0  16504
72  16482  2   0  16482
73  9698  2   0  9698
74  16292  4   0  0  0  16292
75  16504  2   1  16503
76  16332  2   0  16332
77  16510  2   0  16510
78  16512  2   0  16512
79  16510  3   0  0  16510
80  11596  3   0  2  11594
81  16285  4   0  1  0  16284
82  16504  2   0  16504
83  9730  2   0  9730
84  16510  3   1  1  16508
85  16468  3   1  0  16467
86  16374  3   0  0  16374
87  16212  3   0  0  16212
88  16506  3   0  0  16506
89  16510  2   0  16510
90  16506  2   1  16505
91  16512  2   1  16511
92  16208  2   26  16182
93  16512  3   0  0  16512
94  16506  2   0  16506
95  16496  2   0  16496
96  16512  2   0  16512
97  16512  3   236  4  16272
98  16512  2   0  16512
99  16512  2   3  16509
100  16500  2   3  16497
101  16512  2   94  16418
102  16512  5   0  0  0  0  16512
103  16512  2   0  16512
104  16512  2   0  16512
105  16372  3   1  0  16371
106  16400  3   0  0  16400
107  16506  2   0  16506
108  16400  2   0  16400
109  15695  3   1  0  15694
110  16178  2   5  16173
111  16276  2   0  16276
112  16468  2   0  16468
113  16512  3   0  0  16512
114  7454  2   1  7453
115  16116  3   0  0  16116
116  16378  2   0  16378
117  16512  3   0  11  16501
118  16464  3   0  0  16464
119  16480  2   0  16480
120  16424  2   1  16423
121  16344  2   0  16344
122  16473  4   1  1  0  16471
123  16340  2   2  16338
124  7680  2   5  7675
125  16488  3   0  0  16488
126  16456  2   44  16412
127  16488  3   3  0  16485
128  16506  4   0  0  0  16506
129  16512  2   1  16511
130  16500  2   1  16499
131  16512  4   6  0  0  16506
132  16492  2   0  16492
133  15516  2   18  15498
134  16484  2   8  16476
135  16490  2   0  16490
136  16512  2   0  16512
137  16508  2   16508  0
138  16508  3   1  1  16506
139  16494  2   0  16494
140  16498  2   1  16497
141  16500  2   1  16499
142  16496  2   0  16496
143  16508  3   0  0  16508
144  16512  2   1  16511
145  16499  3   2  0  16497
146  7898  3   1  3  7894
147  16500  2   0  16500
148  16508  2   0  16508
149  16498  3   0  0  16498
150  16498  2   0  16498
151  16500  2   0  16500
152  16508  2   0  16508
153  16504  2   0  16504
154  16498  2   0  16498
155  16308  3   0  89  16219
156  16508  2   0  16508
157  16162  2   0  16162
158  16510  3   1  1  16508
159  16502  2   573  15929
160  16492  3   0  0  16492
161  16512  4   0  0  0  16512
162  16512  4   0  0  0  16512
163  16102  3   1  0  16101
164  16092  2   0  16092
165  7654  2   1  7653
166  16506  2   2  16504
167  16506  2   0  16506
168  16494  3   0  1  16493
169  15828  2   1  15827
170  7970  2   6  7964
171  16508  2   2  16506
172  16510  3   0  0  16510
173  7952  2   6  7946
174  16506  3   0  0  16506
175  15620  3   1  0  15619
176  16510  2   1  16509
177  16435  3   1  0  16434
178  7948  2   2  7946
179  16510  2   1  16509
180  16477  3   0  0  16477
181  13961  3   35  1  13925
182  14766  3   0  1  14765
183  13921  3   0  1  13920
184  16512  2   2  16510
185  16502  2   0  16502
186  7931  3   2  2  7927
187  16504  2   0  16504
188  13833  3   0  0  13833
189  14842  2   0  14842
190  13748  2   0  13748
191  14912  2   0  14912
192  14980  2   0  14980
193  16510  2   0  16510
194  15112  2   2  15110
195  16510  3   1  2  16507
196  16508  2   0  16508
197  7687  3   2  0  7685
198  14116  2   0  14116
199  16510  3   0  43  16467
200  13970  5   5  0  0  0  13965
201  16512  2   0  16512
202  13809  4   1  1  0  13807
203  16512  3   0  0  16512
204  16510  3   0  0  16510
205  16294  3   0  0  16294
206  16508  3   8  0  16500
207  14784  3   0  0  14784
208  15384  2   0  15384
209  16512  3   0  0  16512
210  15340  3   0  1  15339
211  16512  2   1  16511
212  16468  2   1  16467
213  9853  3   1  0  9852
214  12748  3   0  0  12748
215  16466  2   1  16465
216  16512  3   1  0  16511
217  12716  2   1  12715
218  16498  2   2  16496
219  16510  4   120  0  0  16390
220  8158  2   0  8158
221  15910  3   0  1  15909
222  16498  3   0  0  16498
223  16326  2   0  16326
224  16512  3   0  0  16512
225  11802  4   1471  0  0  10331
226  8170  3   0  0  8170
227  16512  3   4  0  16508
228  16512  2   0  16512
229  16096  2   8  16088
230  16430  2   0  16430
231  16506  3   0  0  16506
232  16428  2   5  16423
233  16414  2   0  16414
234  16512  2   0  16512
235  16111  3   0  0  16111
236  16440  3   0  1  16439
237  16512  3   1  0  16511
238  16506  4   0  0  0  16506
239  16510  2   0  16510
240  8136  2   1  8135
241  16510  2   0  16510
242  16482  3   0  0  16482
243  15884  3   1  2  15881
244  16510  3   0  0  16510
245  15870  3   0  0  15870
246  12880  2   0  12880
247  16512  4   0  0  0  16512
248  16512  2   2  16510
249  16254  3   0  0  16254
250  16500  3   1  0  16499
251  15382  2   0  15382
252  15976  2   0  15976
253  13346  3   0  0  13346
254  15372  2   1  15371
255  13402  2   1  13401
256  16504  2   6  16498
257  16506  4   0  1  0  16505
258  16510  3   0  0  16510
259  16354  2   0  16354
260  16510  2   0  16510
261  16378  2   1  16377
262  13780  2   0  13780
263  8044  2   0  8044
264  16504  2   1  16503
265  16384  2   0  16384
266  11964  2   0  11964
267  16386  2   2  16384
268  14478  3   0  0  14478
269  12068  2   0  12068
270  16512  4   0  2  0  16510
271  16506  2   2  16504
272  16494  2   0  16494
273  16506  4   0  0  0  16506
274  16388  2   0  16388
275  16448  2   0  16448
276  13386  2   0  13386
277  16508  2   5  16503
278  16398  2   1  16397
279  16505  4   0  0  0  16505
280  16401  4   1  0  0  16400
281  14700  3   6813  2  7885

