[loci]=485

[populations]=7

[pop]=1
1  10380  2   1  10379
2  9624  3   0  0  9624
3  4808  3   0  0  4808
4  7900  2   0  7900
5  9640  2   0  9640
6  9786  2   2  9784
7  8100  2   0  8100
8  10380  3   0  0  10380
9  10352  3   1  0  10351
10  10026  3   1  0  10025
11  4801  3   1  0  4800
12  10393  4   0  0  0  10393
13  10276  2   6411  3865
14  9796  2   0  9796
15  10000  3   0  3  9997
16  9800  2   1  9799
17  8220  2   20  8200
18  9799  4   0  0  303  9496
19  10385  3   0  0  10385
20  4976  2   0  4976
21  10398  2   0  10398
22  9800  3   0  0  9800
23  4964  2   0  4964
24  10384  2   0  10384
25  10398  3   0  3  10395
26  10397  3   6647  0  3750
27  9610  2   0  9610
28  10288  2   0  10288
29  4984  2   0  4984
30  9800  2   0  9800
31  10401  4   0  1  0  10400
32  8162  2   0  8162
33  10379  3   0  0  10379
34  10402  3   0  0  10402
35  5167  3   0  0  5167
36  10377  3   1  0  10376
37  10378  2   0  10378
38  10380  2   0  10380
39  9802  2   10  9792
40  10394  3   0  0  10394
41  10402  2   0  10402
42  9874  2   0  9874
43  5394  2   84  5310
44  5918  2   0  5918
45  8210  2   0  8210
46  10388  3   0  0  10388
47  8171  5   0  266  0  0  7905
48  10388  2   0  10388
49  10364  3   0  0  10364
50  10404  2   0  10404
51  10404  3   0  0  10404
52  9522  2   0  9522
53  9804  2   2  9802
54  9802  2   1  9801
55  9802  2   0  9802
56  10352  2   0  10352
57  10406  2   0  10406
58  9802  3   0  5  9797
59  8065  4   0  0  0  8065
60  9732  2   0  9732
61  9802  3   0  0  9802
62  10216  2   2  10214
63  8072  2   0  8072
64  10406  2   0  10406
65  6782  2   0  6782
66  10183  3   0  0  10183
67  6922  2   1  6921
68  9796  2   13  9783
69  6838  2   1  6837
70  10406  3   0  0  10406
71  9796  2   0  9796
72  10308  3   0  0  10308
73  9800  3   0  61  9739
74  10093  4   0  0  0  10093
75  7505  3   0  1  7504
76  10046  2   0  10046
77  5934  2   0  5934
78  10318  2   2  10316
79  5600  2   0  5600
80  9798  2   0  9798
81  9802  2   3  9799
82  10406  2   0  10406
83  10406  2   0  10406
84  10022  2   0  10022
85  4896  2   0  4896
86  10406  4   0  0  0  10406
87  9784  3   0  1  9783
88  8076  2   0  8076
89  10382  3   0  0  10382
90  5378  2   0  5378
91  10406  3   3  0  10403
92  4264  3   1  0  4263
93  10386  2   0  10386
94  10392  2   8  10384
95  10386  2   0  10386
96  10387  3   27  1  10359
97  2452  3   0  0  2452
98  10394  2   1  10393
99  9806  2   0  9806
100  5508  3   1  0  5507
101  10406  2   0  10406
102  9971  3   0  0  9971
103  8208  4   1  1  0  8206
104  2726  2   2  2724
105  5572  3   6  1  5565
106  9806  4   0  0  0  9806
107  2754  3   0  0  2754
108  10406  3   0  0  10406
109  10399  3   0  0  10399
110  10406  2   0  10406
111  9896  2   0  9896
112  8394  2   0  8394
113  2624  2   0  2624
114  10406  4   0  0  0  10406
115  10406  4   0  1640  0  8766
116  10403  3   0  0  10403
117  6222  2   0  6222
118  10380  2   0  10380
119  10406  2   10  10396
120  10402  2   0  10402
121  10384  5   0  0  0  8  10376
122  2882  2   0  2882
123  10406  3   0  0  10406
124  10404  3   3  0  10401
125  10386  3   0  0  10386
126  10400  2   0  10400
127  10404  4   0  0  2  10402
128  3044  2   0  3044
129  10392  2   0  10392
130  10406  3   0  0  10406
131  10389  3   0  0  10389
132  10391  3   0  10  10381
133  10232  2   0  10232
134  4188  2   6  4182
135  10394  2   0  10394
136  4232  2   0  4232
137  10406  2   0  10406
138  4236  2   0  4236
139  10406  2   8  10398
140  10406  2   34  10372
141  10402  2   2  10400
142  4294  3   0  0  4294
143  10406  5   0  0  1  0  10405
144  4323  5   0  1  0  0  4322
145  10404  2   0  10404
146  10400  2   0  10400
147  10158  2   0  10158
148  7118  2   0  7118
149  10400  3   0  0  10400
150  10404  3   0  0  10404
151  10154  2   0  10154
152  10400  5   0  3  10  0  10387
153  10402  2   1  10401
154  10404  2   5  10399
155  10402  2   0  10402
156  9798  2   0  9798
157  4058  2   1  4057
158  9044  2   0  9044
159  9740  2   0  9740
160  3896  2   2  3894
161  3606  2   1  3605
162  9928  2   105  9823
163  3532  3   2  0  3530
164  9732  3   3  0  9729
165  10274  2   1  10273
166  9798  2   0  9798
167  10406  3   0  2  10404
168  10116  2   0  10116
169  10402  2   0  10402
170  9692  2   0  9692
171  10290  3   0  1  10289
172  10295  3   0  0  10295
173  7506  2   0  7506
174  10403  4   4  0  0  10399
175  9511  3   0  0  9511
176  10230  2   0  10230
177  10406  2   0  10406
178  10384  2   0  10384
179  10292  2   15  10277
180  10406  2   0  10406
181  10382  2   4  10378
182  7596  2   0  7596
183  10402  2   2093  8309
184  2524  3   0  1  2523
185  10400  4   0  0  112  10288
186  10312  2   0  10312
187  10387  4   0  0  0  10387
188  10022  2   4  10018
189  10406  3   0  0  10406
190  2389  3   0  39  2350
191  10010  2   321  9689
192  7828  2   0  7828
193  10406  2   0  10406
194  9790  2   946  8844
195  9996  3   3  0  9993
196  10324  2   0  10324
197  10332  3   0  0  10332
198  10390  4   0  0  0  10390
199  7862  2   0  7862
200  10406  2   1269  9137
201  2375  3   0  0  2375
202  10308  2   0  10308
203  10333  3   0  0  10333
204  10406  3   0  3  10403
205  10406  2   13  10393
206  9762  2   0  9762
207  10406  2   0  10406
208  10368  2   0  10368
209  10406  3   0  0  10406
210  9802  3   0  1  9801
211  10344  2   0  10344
212  9802  3   0  0  9802
213  9613  4   0  0  0  9613
214  10313  3   0  0  10313
215  10406  3   0  0  10406
216  10406  3   1  0  10405
217  10406  3   0  0  10406
218  8984  2   0  8984
219  10406  3   0  1  10405
220  10406  4   0  6  0  10400
221  9576  3   22  0  9554
222  10394  2   2  10392
223  10398  2   1  10397
224  10396  2   2  10394
225  9552  2   0  9552
226  10396  2   1  10395
227  9334  2   68  9266
228  10406  3   0  0  10406
229  9388  2   0  9388
230  10406  3   0  0  10406
231  10002  2   0  10002
232  10406  2   1  10405
233  10406  3   1  0  10405
234  10081  3   0  0  10081
235  10406  3   0  0  10406
236  10378  3   0  0  10378
237  10285  4   0  1  0  10284
238  10382  2   0  10382
239  10098  4   0  2  1  10095
240  10404  3   0  1  10403
241  10402  2   2  10400
242  10402  3   0  7  10395
243  9786  3   0  0  9786
244  10384  2   18  10366
245  10360  2   0  10360
246  10172  3   1  0  10171
247  10400  3   1  0  10399
248  10400  4   0  0  0  10400
249  9786  2   4  9782
250  10197  3   1  0  10196
251  10398  2   6  10392
252  10383  3   1  0  10382
253  10366  2   0  10366
254  10240  3   0  0  10240
255  10400  2   1  10399
256  9782  2   0  9782
257  10258  2   1  10257
258  10390  3   0  0  10390
259  10268  2   14  10254
260  10392  2   0  10392
261  10398  2   0  10398
262  9772  2   0  9772
263  9772  2   0  9772
264  10394  3   1  0  10393
265  10394  2   0  10394
266  10395  3   0  0  10395
267  10310  2   0  10310
268  10396  2   4  10392
269  9784  3   0  0  9784
270  10395  3   49  1  10345
271  10264  2   0  10264
272  9764  2   0  9764
273  10396  2   1  10395
274  10294  4   0  0  0  10294
275  10393  3   1  1  10391
276  10396  3   0  320  10076
277  9912  2   0  9912
278  9744  2   2  9742
279  10406  3   0  0  10406
280  2266  2   1  2265
281  10312  2   0  10312
282  9910  4   0  0  1  9909
283  7700  2   1  7699
284  10406  3   2  1  10403
285  9930  3   0  1  9929
286  10396  3   0  0  10396
287  9802  2   0  9802
288  2266  2   3  2263
289  10396  3   4  0  10392
290  9939  3   0  0  9939
291  2269  4   0  0  0  2269
292  10311  3   0  1  10310
293  9946  2   0  9946
294  10398  2   0  10398
295  9718  3   1  0  9717
296  10055  3   0  0  10055
297  7282  2   0  7282
298  10400  2   0  10400
299  10394  3   0  1  10393
300  9964  2   1  9963
301  10402  3   0  0  10402
302  2347  3   0  84  2263
303  10404  3   0  0  10404
304  2353  3   3  1  2349
305  10274  2   0  10274
306  10122  3   0  0  10122
307  9804  2   0  9804
308  10266  3   1  0  10265
309  10300  3   0  0  10300
310  10404  3   1  0  10403
311  10404  4   0  0  0  10404
312  10271  4   0  0  0  10271
313  10404  3   0  0  10404
314  10266  2   0  10266
315  10404  2   0  10404
316  10264  4   0  0  0  10264
317  9798  2   2  9796
318  10402  2   0  10402
319  10400  2   1  10399
320  10400  2   0  10400
321  9796  3   0  0  9796
322  10369  3   0  0  10369
323  10365  3   1  2  10362
324  10406  3   0  0  10406
325  10164  3   0  0  10164
326  10406  4   0  0  0  10406
327  2364  2   5  2359
328  10406  2   0  10406
329  10300  2   0  10300
330  10398  2   0  10398
331  10406  3   0  0  10406
332  10406  3   0  0  10406
333  10292  2   23  10269
334  2508  2   0  2508
335  10406  3   1  0  10405
336  10216  2   0  10216
337  2535  4   0  1  0  2534
338  10296  3   0  1  10295
339  10396  2   0  10396
340  3042  2   0  3042
341  10403  3   0  0  10403
342  2606  4   0  0  0  2606
343  10398  3   0  0  10398
344  10137  3   0  0  10137
345  10406  2   0  10406
346  9429  3   47  0  9382
347  10398  2   4  10394
348  10398  2   4  10394
349  10406  2   0  10406
350  10270  2   0  10270
351  10398  2   1628  8770
352  10396  2   2  10394
353  9518  2   0  9518
354  9802  3   0  0  9802
355  10368  2   0  10368
356  10280  2   0  10280
357  10107  3   0  0  10107
358  10369  3   94  0  10275
359  10284  2   1132  9152
360  10376  2   0  10376
361  9581  3   0  1  9580
362  9330  2   0  9330
363  10295  4   0  5  0  10290
364  10406  2   0  10406
365  10400  3   433  2  9965
366  10382  2   0  10382
367  10404  2   0  10404
368  8708  2   69  8639
369  9800  2   0  9800
370  9638  3   0  0  9638
371  3710  2   0  3710
372  3793  3   0  0  3793
373  10382  2   2  10380
374  9794  2   0  9794
375  3936  2   0  3936
376  10384  2   0  10384
377  10386  2   10  10376
378  10406  3   0  0  10406
379  10406  2   0  10406
380  10292  3   0  0  10292
381  3202  2   0  3202
382  10390  2   0  10390
383  10316  2   1  10315
384  10388  2   0  10388
385  10276  2   2  10274
386  9796  2   4  9792
387  9802  2   12  9790
388  10284  2   0  10284
389  10392  5   0  0  0  0  10392
390  10316  2   0  10316
391  6268  2   2611  3657
392  10288  2   0  10288
393  10392  2   6  10386
394  10316  2   2  10314
395  10286  2   5  10281
396  10282  2   0  10282
397  10308  2   0  10308
398  6136  2   1  6135
399  9798  2   0  9798
400  10406  3   0  0  10406
401  10250  2   0  10250
402  10406  2   0  10406
403  10282  2   0  10282
404  10222  2   0  10222
405  10400  2   0  10400
406  10390  2   0  10390
407  9802  2   0  9802
408  10296  2   0  10296
409  10270  2   0  10270
410  6500  2   0  6500
411  10385  3   0  0  10385
412  10286  2   1  10285
413  6942  3   0  3795  3147
414  10182  2   0  10182
415  7304  3   0  1  7303
416  10404  2   0  10404
417  9703  3   0  0  9703
418  10384  2   0  10384
419  10231  3   0  0  10231
420  10404  2   0  10404
421  9802  3   0  0  9802
422  7528  2   3  7525
423  7590  3   0  0  7590
424  9802  2   0  9802
425  10204  2   0  10204
426  9194  2   145  9049
427  9715  3   0  0  9715
428  9802  3   0  0  9802
429  7756  3   0  0  7756
430  10242  2   0  10242
431  8738  2   7906  832
432  9110  2   0  9110
433  9402  2   0  9402
434  10404  4   0  0  0  10404
435  8268  3   1  0  8267
436  10184  2   1  10183
437  9802  2   1  9801
438  8280  3   17  1  8262
439  9602  2   0  9602
440  9700  2   2  9698
441  9802  3   0  0  9802
442  9736  2   4  9732
443  9802  2   0  9802
444  10406  2   0  10406
445  8321  4   0  0  1  8320
446  10246  2   0  10246
447  9367  3   0  1  9366
448  9477  4   0  0  0  9477
449  9106  2   0  9106
450  9888  2   1  9887
451  9754  2   0  9754
452  10360  3   4  1  10355
453  8380  2   0  8380
454  10261  4   0  1  0  10260
455  9602  2   0  9602
456  9754  2   0  9754
457  10358  2   0  10358
458  9802  3   0  0  9802
459  8156  2   1  8155
460  10264  2   0  10264
461  9802  2   1  9801
462  7977  4   0  1  1  7975
463  10352  2   0  10352
464  9236  2   0  9236
465  7858  2   0  7858
466  10406  2   1  10405
467  10086  2   0  10086
468  9773  3   0  0  9773
469  10336  2   0  10336
470  10350  2   0  10350
471  10186  2   0  10186
472  10280  3   1  0  10279
473  9959  4   0  0  376  9583
474  10403  3   0  0  10403
475  10172  2   0  10172
476  8569  3   0  0  8569
477  10294  2   1193  9101
478  7566  2   0  7566
479  10250  2   1  10249
480  9778  2   0  9778
481  8654  2   0  8654
482  10292  3   0  1  10291
483  10258  2   0  10258
484  10398  3   0  0  10398
485  9780  4   0  1  0  9779

[pop]=2
1  11468  2   0  11468
2  11470  3   0  0  11470
3  1811  3   0  0  1811
4  10872  2   0  10872
5  9874  2   0  9874
6  11572  2   0  11572
7  10944  2   3  10941
8  11573  3   0  0  11573
9  11508  3   0  1  11507
10  11578  3   0  0  11578
11  1760  3   0  0  1760
12  11504  4   0  0  0  11504
13  10750  2   2355  8395
14  11576  2   0  11576
15  11578  3   0  0  11578
16  11560  2   0  11560
17  10998  2   4  10994
18  11574  4   0  1  8  11565
19  11544  3   0  0  11544
20  1818  2   0  1818
21  11522  2   0  11522
22  11574  3   0  2  11572
23  1812  2   0  1812
24  11572  2   0  11572
25  11526  3   0  0  11526
26  11566  3   9109  0  2457
27  11464  2   1  11463
28  11546  2   0  11546
29  1810  2   0  1810
30  11576  2   0  11576
31  11575  4   0  0  0  11575
32  10990  2   0  10990
33  11570  3   0  1  11569
34  11575  3   0  0  11575
35  1954  3   0  0  1954
36  11570  3   0  0  11570
37  11436  2   7  11429
38  11464  2   0  11464
39  11554  2   0  11554
40  11576  3   0  0  11576
41  11576  2   0  11576
42  11576  2   0  11576
43  2200  2   2  2198
44  2910  2   0  2910
45  10988  2   0  10988
46  11576  3   0  0  11576
47  10935  5   0  1012  0  0  9923
48  11576  2   0  11576
49  11538  3   0  0  11538
50  11562  2   0  11562
51  11576  3   0  0  11576
52  11398  2   0  11398
53  11552  2   0  11552
54  11576  2   0  11576
55  11562  2   8  11554
56  11536  2   0  11536
57  11576  2   0  11576
58  11549  3   0  0  11549
59  10811  4   0  1  0  10810
60  10764  2   0  10764
61  11544  3   0  0  11544
62  11530  2   0  11530
63  10824  2   0  10824
64  11578  2   0  11578
65  4306  2   0  4306
66  11508  3   0  0  11508
67  4572  2   0  4572
68  11534  2   1  11533
69  8838  2   0  8838
70  11578  3   0  0  11578
71  11534  2   0  11534
72  11538  3   0  0  11538
73  11576  3   0  301  11275
74  11488  4   0  0  0  11488
75  5682  3   0  0  5682
76  11480  2   0  11480
77  7118  2   1  7117
78  11562  2   0  11562
79  6548  2   1  6547
80  11576  2   0  11576
81  11574  2   0  11574
82  11576  2   0  11576
83  11576  2   0  11576
84  11470  2   16  11454
85  5176  2   2  5174
86  11576  4   0  0  0  11576
87  11506  3   0  0  11506
88  6918  2   0  6918
89  11526  3   0  2  11524
90  3228  2   0  3228
91  11576  3   0  0  11576
92  4062  3   1  0  4061
93  11530  2   0  11530
94  11574  2   1  11573
95  11534  2   1  11533
96  11540  3   0  0  11540
97  1770  3   1  0  1769
98  11552  2   0  11552
99  11576  2   0  11576
100  3390  3   0  0  3390
101  11578  2   1  11577
102  11445  3   0  0  11445
103  7319  4   0  0  0  7319
104  1818  2   1  1817
105  3516  3   0  0  3516
106  11576  4   1  0  0  11575
107  1768  3   1  0  1767
108  11578  3   0  0  11578
109  11556  3   0  0  11556
110  11576  2   3  11573
111  11416  2   0  11416
112  7984  2   0  7984
113  1694  2   2  1692
114  11578  4   0  0  0  11578
115  11577  4   2  5107  0  6468
116  11574  3   0  0  11574
117  4258  2   0  4258
118  11576  2   0  11576
119  11568  2   6  11562
120  11576  2   2  11574
121  11576  5   1  0  0  3  11572
122  1780  2   0  1780
123  11578  3   0  2  11576
124  11558  3   90  0  11468
125  11576  3   2  0  11574
126  11578  2   1  11577
127  11564  4   0  0  0  11564
128  1998  2   0  1998
129  11556  2   1  11555
130  11576  3   0  0  11576
131  11576  3   0  0  11576
132  11576  3   1  75  11500
133  11426  2   0  11426
134  3678  2   1  3677
135  11576  2   1  11575
136  3698  2   0  3698
137  11574  2   0  11574
138  3666  2   0  3666
139  11574  2   1  11573
140  11574  2   3  11571
141  11566  2   0  11566
142  3663  3   7  0  3656
143  11574  5   0  0  0  0  11574
144  3532  5   15  0  0  2  3515
145  11574  2   0  11574
146  11572  2   0  11572
147  11326  2   2  11324
148  5494  2   0  5494
149  11576  3   0  0  11576
150  11574  3   0  1  11573
151  11306  2   0  11306
152  11570  5   0  0  0  0  11570
153  11576  2   13  11563
154  11574  2   1  11573
155  11576  2   0  11576
156  11572  2   0  11572
157  3032  2   2  3030
158  9510  2   0  9510
159  11516  2   0  11516
160  2616  2   0  2616
161  2136  2   3  2133
162  11050  2   3  11047
163  2032  3   1  0  2031
164  11490  3   0  0  11490
165  11480  2   0  11480
166  11574  2   0  11574
167  11576  3   0  397  11179
168  11256  2   4  11252
169  11576  2   0  11576
170  11456  2   2  11454
171  11479  3   0  2  11477
172  11485  3   1  0  11484
173  6044  2   0  6044
174  11576  4   0  0  0  11576
175  10737  3   0  0  10737
176  11372  2   0  11372
177  11578  2   0  11578
178  11548  2   0  11548
179  11506  2   71  11435
180  11578  2   0  11578
181  11540  2   2  11538
182  6320  2   0  6320
183  11568  2   5367  6201
184  786  3   0  0  786
185  11574  4   0  0  301  11273
186  11522  2   0  11522
187  11575  4   2  1  0  11572
188  11482  2   0  11482
189  11576  3   1  0  11575
190  618  3   0  1  617
191  11506  2   1086  10420
192  6830  2   0  6830
193  11576  2   0  11576
194  11568  2   93  11475
195  11509  3   0  0  11509
196  11464  2   0  11464
197  11522  3   0  0  11522
198  11562  4   0  0  0  11562
199  6894  2   0  6894
200  11568  2   2087  9481
201  517  3   1  0  516
202  11510  2   2  11508
203  11477  3   0  0  11477
204  11576  3   0  0  11576
205  11576  2   0  11576
206  11558  2   0  11558
207  11578  2   0  11578
208  11544  2   3  11541
209  11578  3   0  0  11578
210  11546  3   1  10  11535
211  11534  2   0  11534
212  11548  3   0  0  11548
213  11520  4   0  0  0  11520
214  11514  3   0  2  11512
215  11578  3   0  3  11575
216  11578  3   2  0  11576
217  11578  3   1  3  11574
218  8366  2   0  8366
219  11578  3   0  1  11577
220  11578  4   0  1  0  11577
221  11499  3   94  1  11404
222  11576  2   0  11576
223  11550  2   1  11549
224  11576  2   0  11576
225  11498  2   0  11498
226  11576  2   0  11576
227  9494  2   8  9486
228  11577  3   0  1  11576
229  9572  2   0  9572
230  11578  3   0  0  11578
231  11432  2   1  11431
232  11578  2   0  11578
233  11578  3   0  0  11578
234  11538  3   0  0  11538
235  11578  3   0  1  11577
236  11564  3   0  0  11564
237  11515  4   0  0  0  11515
238  11566  2   0  11566
239  11541  4   0  0  5  11536
240  11578  3   0  0  11578
241  11578  2   0  11578
242  11578  3   0  0  11578
243  11570  3   1  3  11566
244  11570  2   1  11569
245  11538  2   0  11538
246  11554  3   0  0  11554
247  11548  3   0  0  11548
248  11577  4   0  0  0  11577
249  11570  2   1  11569
250  11554  3   0  0  11554
251  11574  2   0  11574
252  11575  3   1  0  11574
253  11548  2   0  11548
254  11556  3   0  0  11556
255  11548  2   0  11548
256  11570  2   0  11570
257  11556  2   0  11556
258  11578  3   0  0  11578
259  11556  2   19  11537
260  11578  2   0  11578
261  11536  2   2  11534
262  11562  2   0  11562
263  11560  2   0  11560
264  11578  3   0  0  11578
265  11576  2   2  11574
266  11578  3   0  0  11578
267  11564  2   0  11564
268  11574  2   0  11574
269  11552  3   0  0  11552
270  11576  3   49  0  11527
271  11574  2   0  11574
272  11544  2   0  11544
273  11574  2   0  11574
274  11574  4   0  0  0  11574
275  11578  3   1  0  11577
276  11534  3   0  13  11521
277  11408  2   0  11408
278  11536  2   0  11536
279  11578  3   0  0  11578
280  446  2   0  446
281  11560  2   0  11560
282  10926  4   0  0  0  10926
283  6510  2   1  6509
284  11578  3   0  1  11577
285  10958  3   0  0  10958
286  11505  3   0  0  11505
287  11544  2   0  11544
288  456  2   0  456
289  11577  3   0  0  11577
290  11417  3   0  2  11415
291  453  4   0  0  0  453
292  11550  3   0  0  11550
293  11420  2   1  11419
294  11576  2   0  11576
295  11509  3   0  0  11509
296  11107  3   0  0  11107
297  5600  2   0  5600
298  11576  2   0  11576
299  11491  3   0  2  11489
300  11430  2   0  11430
301  11576  3   0  0  11576
302  499  3   0  1  498
303  11578  3   0  0  11578
304  512  3   0  0  512
305  11568  2   0  11568
306  11170  3   1  0  11169
307  11550  2   0  11550
308  11566  3   0  10  11556
309  11552  3   0  0  11552
310  11578  3   0  0  11578
311  11576  4   0  0  0  11576
312  11565  4   0  0  0  11565
313  11578  3   1  0  11577
314  11560  2   1  11559
315  11578  2   0  11578
316  11556  4   0  0  0  11556
317  11536  2   0  11536
318  11578  2   0  11578
319  11578  2   0  11578
320  11576  2   0  11576
321  11538  3   0  0  11538
322  11413  3   1  0  11412
323  11394  3   0  0  11394
324  11578  3   0  0  11578
325  11517  3   0  0  11517
326  11572  4   5  0  0  11567
327  550  2   0  550
328  11570  2   2  11568
329  11550  2   0  11550
330  11576  2   0  11576
331  11578  3   0  0  11578
332  11568  3   0  0  11568
333  11552  2   0  11552
334  660  2   0  660
335  11568  3   0  0  11568
336  11534  2   0  11534
337  683  4   0  0  0  683
338  11552  3   3  0  11549
339  11578  2   0  11578
340  482  2   0  482
341  11567  3   0  1  11566
342  789  4   0  1  1  787
343  11578  3   0  0  11578
344  11176  3   0  0  11176
345  11578  2   0  11578
346  11372  3   0  0  11372
347  11574  2   2  11572
348  11578  2   0  11578
349  11578  2   0  11578
350  11552  2   0  11552
351  11574  2   4915  6659
352  11570  2   0  11570
353  11440  2   0  11440
354  11544  3   0  0  11544
355  11574  2   0  11574
356  11554  2   0  11554
357  11047  3   0  0  11047
358  11574  3   9  0  11565
359  11550  2   150  11400
360  11574  2   0  11574
361  11467  3   0  0  11467
362  10900  2   0  10900
363  11553  4   0  25  0  11528
364  11578  2   0  11578
365  11578  3   32  0  11546
366  11574  2   0  11574
367  11578  2   0  11578
368  9774  2   127  9647
369  11538  2   1  11537
370  11499  3   0  0  11499
371  2676  2   0  2676
372  2894  3   0  0  2894
373  11574  2   0  11574
374  11538  2   0  11538
375  3128  2   1  3127
376  11572  2   0  11572
377  11574  2   75  11499
378  11576  3   0  0  11576
379  11578  2   4  11574
380  11554  3   1  0  11553
381  488  2   0  488
382  11574  2   0  11574
383  11558  2   0  11558
384  11574  2   0  11574
385  11410  2   0  11410
386  11480  2   34  11446
387  11550  2   0  11550
388  11416  2   0  11416
389  11574  5   0  0  0  0  11574
390  11558  2   0  11558
391  5728  2   1254  4474
392  11554  2   0  11554
393  11574  2   1  11573
394  11556  2   0  11556
395  11552  2   0  11552
396  11552  2   1  11551
397  11558  2   0  11558
398  6150  2   0  6150
399  11488  2   1  11487
400  11578  3   0  1  11577
401  11414  2   0  11414
402  11578  2   0  11578
403  11552  2   0  11552
404  11396  2   0  11396
405  11572  2   1  11571
406  11574  2   0  11574
407  11548  2   0  11548
408  11552  2   0  11552
409  11546  2   1  11545
410  6858  2   0  6858
411  11574  3   0  0  11574
412  11554  2   2  11552
413  7053  3   0  1556  5497
414  11376  2   1  11375
415  7508  3   0  0  7508
416  11574  2   0  11574
417  11523  3   0  0  11523
418  11574  2   0  11574
419  11542  3   0  0  11542
420  11574  2   0  11574
421  11547  3   0  0  11547
422  8128  2   0  8128
423  8330  3   0  0  8330
424  11544  2   0  11544
425  11540  2   0  11540
426  8860  2   184  8676
427  11517  3   0  0  11517
428  11546  3   0  0  11546
429  8727  3   0  3  8724
430  11544  2   2  11542
431  10896  2   10218  678
432  9328  2   0  9328
433  9254  2   0  9254
434  11576  4   0  0  0  11576
435  10862  3   0  0  10862
436  11530  2   0  11530
437  11546  2   0  11546
438  10917  3   2  0  10915
439  9666  2   0  9666
440  11506  2   0  11506
441  11545  3   0  0  11545
442  11520  2   0  11520
443  11546  2   0  11546
444  11578  2   0  11578
445  11033  4   4  0  0  11029
446  11548  2   0  11548
447  10900  3   0  1  10899
448  10971  4   0  0  0  10971
449  11490  2   0  11490
450  10366  2   0  10366
451  11528  2   0  11528
452  11572  3   3  0  11569
453  11106  2   0  11106
454  11551  4   0  0  0  11551
455  11074  2   37  11037
456  11526  2   0  11526
457  11570  2   1  11569
458  11480  3   1  0  11479
459  11014  2   1  11013
460  11552  2   2  11550
461  11482  2   0  11482
462  8226  4   0  0  0  8226
463  11570  2   0  11570
464  11502  2   2  11500
465  8096  2   2  8094
466  11578  2   0  11578
467  10838  2   0  10838
468  11545  3   0  0  11545
469  11568  2   0  11568
470  11568  2   0  11568
471  11502  2   0  11502
472  11552  3   0  0  11552
473  11306  4   0  1  998  10307
474  11566  3   0  0  11566
475  11064  2   0  11064
476  11231  3   0  0  11231
477  11548  2   79  11469
478  7724  2   0  7724
479  11528  2   0  11528
480  11550  2   0  11550
481  11260  2   0  11260
482  11552  3   1  1  11550
483  11254  2   0  11254
484  11566  3   0  0  11566
485  11553  4   0  0  3  11550

[pop]=3
1  8638  2   0  8638
2  8586  3   0  0  8586
3  3460  3   1  0  3459
4  8096  2   0  8096
5  7612  2   0  7612
6  8620  2   0  8620
7  8156  2   0  8156
8  8646  3   0  0  8646
9  8630  3   0  0  8630
10  8650  3   0  0  8650
11  3413  3   0  0  3413
12  8647  4   0  0  0  8647
13  8420  2   5898  2522
14  8626  2   0  8626
15  8650  3   0  0  8650
16  8618  2   2  8616
17  8210  2   0  8210
18  8626  4   0  0  0  8626
19  8648  3   0  0  8648
20  3500  2   0  3500
21  8650  2   0  8650
22  8626  3   0  0  8626
23  3474  2   4  3470
24  8648  2   0  8648
25  8652  3   0  0  8652
26  8637  3   4274  0  4363
27  8590  2   0  8590
28  8602  2   0  8602
29  3488  2   0  3488
30  8626  2   0  8626
31  8654  4   0  0  0  8654
32  8240  2   0  8240
33  8648  3   0  0  8648
34  8654  3   0  1  8653
35  3575  3   0  8  3567
36  8648  3   0  0  8648
37  8610  2   0  8610
38  8614  2   0  8614
39  8618  2   0  8618
40  8652  3   0  0  8652
41  8654  2   0  8654
42  8650  2   0  8650
43  3788  2   0  3788
44  4240  2   0  4240
45  8260  2   0  8260
46  8652  3   0  0  8652
47  8152  5   0  4780  0  1  3371
48  8652  2   0  8652
49  8639  3   0  0  8639
50  8646  2   0  8646
51  8654  3   0  0  8654
52  8564  2   0  8564
53  8618  2   0  8618
54  8626  2   0  8626
55  8626  2   0  8626
56  8634  2   0  8634
57  8654  2   3  8651
58  8617  3   0  0  8617
59  8035  4   0  0  0  8035
60  8108  2   0  8108
61  8616  3   0  0  8616
62  8588  2   0  8588
63  8032  2   0  8032
64  8654  2   0  8654
65  5130  2   0  5130
66  8575  3   0  0  8575
67  5282  2   1  5281
68  8614  2   0  8614
69  6724  2   1  6723
70  8654  3   0  0  8654
71  8614  2   0  8614
72  8644  3   0  0  8644
73  8626  3   0  1  8625
74  8531  4   0  0  6  8525
75  5882  3   0  0  5882
76  8528  2   1  8527
77  5892  2   0  5892
78  8638  2   0  8638
79  5588  2   1  5587
80  8626  2   0  8626
81  8626  2   0  8626
82  8654  2   0  8654
83  8654  2   2  8652
84  8504  2   14  8490
85  4694  2   0  4694
86  8654  4   0  0  3  8651
87  8610  3   0  0  8610
88  6498  2   0  6498
89  8638  3   0  0  8638
90  3796  2   0  3796
91  8654  3   0  0  8654
92  4030  3   0  0  4030
93  8646  2   0  8646
94  8652  2   0  8652
95  8650  2   0  8650
96  8653  3   0  0  8653
97  2052  3   0  0  2052
98  8654  2   0  8654
99  8626  2   19  8607
100  3965  3   0  1  3964
101  8654  2   5  8649
102  8470  3   0  0  8470
103  6705  4   1  0  0  6704
104  2200  2   0  2200
105  4048  3   0  0  4048
106  8626  4   0  0  0  8626
107  2097  3   0  0  2097
108  8654  3   0  0  8654
109  8654  3   0  0  8654
110  8652  2   0  8652
111  8434  2   7  8427
112  6948  2   7  6941
113  1932  2   0  1932
114  8654  4   0  0  0  8654
115  8647  4   0  2289  0  6358
116  8652  3   0  0  8652
117  4722  2   0  4722
118  8648  2   0  8648
119  8646  2   1  8645
120  8652  2   0  8652
121  8648  5   0  0  0  18  8630
122  2006  2   2  2004
123  8654  3   0  0  8654
124  8654  3   243  0  8411
125  8648  3   0  0  8648
126  8654  2   0  8654
127  8654  4   0  0  0  8654
128  2120  2   0  2120
129  8638  2   0  8638
130  8654  3   0  0  8654
131  8648  3   0  0  8648
132  8648  3   1  32  8615
133  8600  2   0  8600
134  3822  2   1  3821
135  8648  2   0  8648
136  3876  2   37  3839
137  8654  2   0  8654
138  3816  2   0  3816
139  8654  2   0  8654
140  8654  2   1  8653
141  8654  2   0  8654
142  3826  3   0  0  3826
143  8654  5   0  0  1  1  8652
144  3766  5   2  4  0  0  3760
145  8654  2   0  8654
146  8652  2   0  8652
147  8312  2   0  8312
148  5692  2   0  5692
149  8648  3   0  0  8648
150  8654  3   1  0  8653
151  8294  2   5  8289
152  8652  5   0  0  0  0  8652
153  8648  2   0  8648
154  8654  2   0  8654
155  8648  2   0  8648
156  8626  2   1  8625
157  3404  2   1  3403
158  7164  2   0  7164
159  8578  2   0  8578
160  3074  2   0  3074
161  2646  2   0  2646
162  8314  2   0  8314
163  2552  3   3  0  2549
164  8562  3   0  0  8562
165  8614  2   3  8611
166  8626  2   4  8622
167  8654  3   0  1  8653
168  8478  2   0  8478
169  8650  2   0  8650
170  8540  2   0  8540
171  8620  3   1  0  8619
172  8622  3   0  0  8622
173  6102  2   1  6101
174  8650  4   0  2  0  8648
175  7842  3   0  0  7842
176  8562  2   3  8559
177  8654  2   0  8654
178  8642  2   0  8642
179  8626  2   0  8626
180  8654  2   0  8654
181  8636  2   0  8636
182  6262  2   1  6261
183  8618  2   4979  3639
184  1281  3   2  0  1279
185  8652  4   1  0  0  8651
186  8628  2   0  8628
187  8650  4   1  1  0  8648
188  8572  2   0  8572
189  8650  3   0  0  8650
190  1035  3   0  0  1035
191  8574  2   5106  3468
192  6530  2   0  6530
193  8650  2   0  8650
194  8626  2   0  8626
195  8588  3   0  0  8588
196  8622  2   14  8608
197  8622  3   0  0  8622
198  8652  4   1  0  0  8651
199  6580  2   1  6579
200  8644  2   185  8459
201  936  3   0  0  936
202  8624  2   0  8624
203  8620  3   0  0  8620
204  8650  3   1  0  8649
205  8650  2   0  8650
206  8592  2   0  8592
207  8654  2   0  8654
208  8648  2   0  8648
209  8650  3   0  0  8650
210  8618  3   0  1  8617
211  8628  2   0  8628
212  8619  3   0  2  8617
213  8582  4   0  0  0  8582
214  8622  3   0  1  8621
215  8650  3   0  2  8648
216  8654  3   0  0  8654
217  8650  3   0  3  8647
218  7296  2   0  7296
219  8650  3   13  1  8636
220  8654  4   0  0  0  8654
221  8566  3   0  1  8565
222  8648  2   1  8647
223  8650  2   0  8650
224  8648  2   0  8648
225  8562  2   0  8562
226  8648  2   0  8648
227  7726  2   0  7726
228  8654  3   0  5  8649
229  7768  2   2  7766
230  8654  3   0  0  8654
231  8574  2   0  8574
232  8652  2   0  8652
233  8652  3   0  0  8652
234  8604  3   0  0  8604
235  8652  3   0  0  8652
236  8644  3   0  2  8642
237  8633  4   0  0  1  8632
238  8644  2   0  8644
239  8608  4   0  0  0  8608
240  8649  3   0  0  8649
241  8648  2   0  8648
242  8648  3   0  0  8648
243  8610  3   0  0  8610
244  8646  2   0  8646
245  8642  2   0  8642
246  8617  3   0  0  8617
247  8650  3   0  0  8650
248  8648  4   0  0  1  8647
249  8608  2   0  8608
250  8620  3   0  0  8620
251  8648  2   0  8648
252  8644  3   0  0  8644
253  8642  2   0  8642
254  8620  3   17  0  8603
255  8650  2   0  8650
256  8606  2   0  8606
257  8620  2   3  8617
258  8646  3   0  40  8606
259  8622  2   0  8622
260  8648  2   0  8648
261  8646  2   0  8646
262  8604  2   2  8602
263  8598  2   0  8598
264  8650  3   0  0  8650
265  8648  2   0  8648
266  8648  3   0  1  8647
267  8632  2   0  8632
268  8648  2   0  8648
269  8626  3   0  0  8626
270  8647  3   1  0  8646
271  8628  2   0  8628
272  8626  2   6  8620
273  8648  2   2  8646
274  8636  4   0  1  0  8635
275  8649  3   0  0  8649
276  8638  3   0  0  8638
277  8416  2   0  8416
278  8620  2   0  8620
279  8654  3   0  1  8653
280  712  2   1  711
281  8636  2   0  8636
282  8298  4   0  0  0  8298
283  6410  2   0  6410
284  8654  3   0  0  8654
285  8316  3   0  1  8315
286  8626  3   0  0  8626
287  8622  2   0  8622
288  706  2   0  706
289  8652  3   0  0  8652
290  8451  3   0  0  8451
291  702  4   0  1  3  698
292  8634  3   0  0  8634
293  8464  2   0  8464
294  8646  2   0  8646
295  8598  3   0  1  8597
296  8377  3   0  0  8377
297  5940  2   0  5940
298  8648  2   0  8648
299  8621  3   0  0  8621
300  8464  2   0  8464
301  8649  3   1  0  8648
302  739  3   0  0  739
303  8654  3   0  0  8654
304  747  3   0  0  747
305  8632  2   11  8621
306  8400  3   0  1  8399
307  8622  2   0  8622
308  8630  3   1  0  8629
309  8634  3   3  0  8631
310  8654  3   0  0  8654
311  8648  4   0  0  0  8648
312  8629  4   0  0  0  8629
313  8654  3   0  0  8654
314  8628  2   0  8628
315  8654  2   0  8654
316  8625  4   0  1  0  8624
317  8626  2   0  8626
318  8654  2   0  8654
319  8654  2   2  8652
320  8654  2   0  8654
321  8626  3   0  0  8626
322  8558  3   0  0  8558
323  8538  3   0  0  8538
324  8654  3   0  0  8654
325  8609  3   0  0  8609
326  8652  4   0  0  0  8652
327  770  2   0  770
328  8652  2   0  8652
329  8634  2   1  8633
330  8654  2   6  8648
331  8654  3   0  0  8654
332  8652  3   1  0  8651
333  8634  2   0  8634
334  876  2   0  876
335  8652  3   0  1  8651
336  8618  2   0  8618
337  885  4   0  0  0  885
338  8631  3   0  0  8631
339  8652  2   0  8652
340  686  2   0  686
341  8652  3   0  0  8652
342  1010  4   0  0  0  1010
343  8650  3   1  0  8649
344  8399  3   0  0  8399
345  8654  2   0  8654
346  8414  3   0  2  8412
347  8652  2   0  8652
348  8652  2   0  8652
349  8652  2   1  8651
350  8622  2   13  8609
351  8634  2   2423  6211
352  8648  2   0  8648
353  8484  2   0  8484
354  8624  3   0  0  8624
355  8620  2   0  8620
356  8622  2   0  8622
357  8364  3   0  0  8364
358  8626  3   0  0  8626
359  8622  2   2  8620
360  8630  2   1  8629
361  8510  3   0  0  8510
362  7978  2   0  7978
363  8624  4   0  1  0  8623
364  8652  2   3  8649
365  8652  3   0  0  8652
366  8638  2   0  8638
367  8650  2   7  8643
368  7228  2   39  7189
369  8622  2   0  8622
370  8531  3   0  4  8527
371  2486  2   2  2484
372  2657  3   0  0  2657
373  8642  2   0  8642
374  8622  2   0  8622
375  2846  2   0  2846
376  8642  2   1  8641
377  8642  2   29  8613
378  8654  3   0  0  8654
379  8654  2   0  8654
380  8624  3   0  0  8624
381  684  2   38  646
382  8642  2   0  8642
383  8624  2   0  8624
384  8644  2   0  8644
385  8628  2   0  8628
386  8620  2   0  8620
387  8620  2   133  8487
388  8624  2   0  8624
389  8644  5   0  10  0  0  8634
390  8624  2   0  8624
391  3956  2   91  3865
392  8624  2   0  8624
393  8644  2   0  8644
394  8624  2   0  8624
395  8624  2   0  8624
396  8624  2   0  8624
397  8620  2   0  8620
398  4300  2   1  4299
399  8622  2   0  8622
400  8654  3   0  1  8653
401  8614  2   0  8614
402  8654  2   0  8654
403  8620  2   0  8620
404  8612  2   4  8608
405  8654  2   0  8654
406  8636  2   0  8636
407  8624  2   0  8624
408  8622  2   4  8618
409  8618  2   0  8618
410  4882  2   0  4882
411  8636  3   2  37  8597
412  8622  2   0  8622
413  4931  3   0  98  4833
414  8594  2   0  8594
415  5121  3   0  0  5121
416  8654  2   0  8654
417  8470  3   0  0  8470
418  8634  2   0  8634
419  8617  3   0  0  8617
420  8654  2   2  8652
421  8623  3   1  0  8622
422  5640  2   0  5640
423  5810  3   0  0  5810
424  8622  2   0  8622
425  8612  2   0  8612
426  7268  2   2  7266
427  8455  3   0  0  8455
428  8622  3   0  0  8622
429  6193  3   1  0  6192
430  8622  2   0  8622
431  8132  2   8116  16
432  7480  2   2  7478
433  7466  2   0  7466
434  8654  4   0  0  0  8654
435  8031  3   0  0  8031
436  8614  2   0  8614
437  8620  2   3  8617
438  8077  3   1  0  8076
439  7666  2   0  7666
440  8464  2   0  8464
441  8617  3   0  1  8616
442  8498  2   0  8498
443  8620  2   0  8620
444  8654  2   0  8654
445  8145  4   0  0  0  8145
446  8594  2   0  8594
447  8282  3   0  1  8281
448  8333  4   0  0  0  8333
449  8552  2   0  8552
450  7996  2   0  7996
451  8556  2   1  8555
452  8620  3   0  3  8617
453  8182  2   0  8182
454  8599  4   0  0  1  8598
455  8392  2   0  8392
456  8556  2   0  8556
457  8620  2   1  8619
458  8620  3   0  0  8620
459  8114  2   96  8018
460  8600  2   0  8600
461  8618  2   0  8618
462  7013  4   1  0  0  7012
463  8612  2   2  8610
464  8568  2   0  8568
465  6960  2   0  6960
466  8654  2   0  8654
467  8242  2   2  8240
468  8572  3   2  0  8570
469  8602  2   0  8602
470  8604  2   0  8604
471  8588  2   0  8588
472  8606  3   0  1  8605
473  8552  4   0  0  1953  6599
474  8651  3   0  1  8650
475  8380  2   0  8380
476  8243  3   0  0  8243
477  8612  2   0  8612
478  6804  2   0  6804
479  8608  2   0  8608
480  8596  2   0  8596
481  8260  2   3  8257
482  8610  3   0  0  8610
483  8490  2   0  8490
484  8648  3   0  0  8648
485  8600  4   0  0  0  8600

[pop]=4
1  6604  2   0  6604
2  6590  3   0  0  6590
3  1182  3   0  0  1182
4  5354  2   0  5354
5  6258  2   0  6258
6  6612  2   0  6612
7  5524  2   0  5524
8  6612  3   0  0  6612
9  6578  3   0  0  6578
10  6614  3   0  0  6614
11  1130  3   0  0  1130
12  6606  4   0  0  0  6606
13  6428  2   1102  5326
14  6614  2   0  6614
15  6614  3   0  0  6614
16  6614  2   0  6614
17  5716  2   0  5716
18  6614  4   0  0  0  6614
19  6604  3   0  0  6604
20  1166  2   0  1166
21  6614  2   0  6614
22  6614  3   0  0  6614
23  1152  2   0  1152
24  6612  2   0  6612
25  6614  3   0  0  6614
26  6612  3   5111  0  1501
27  6598  2   0  6598
28  6590  2   0  6590
29  1152  2   0  1152
30  6614  2   0  6614
31  6612  4   0  0  0  6612
32  5852  2   0  5852
33  6612  3   0  0  6612
34  6612  3   0  0  6612
35  1221  3   0  0  1221
36  6609  3   0  0  6609
37  6586  2   0  6586
38  6592  2   0  6592
39  6614  2   0  6614
40  6614  3   0  0  6614
41  6612  2   0  6612
42  6614  2   0  6614
43  1330  2   0  1330
44  1714  2   0  1714
45  5972  2   0  5972
46  6612  3   0  0  6612
47  5956  5   0  1064  0  0  4892
48  6612  2   1  6611
49  6614  3   0  0  6614
50  6610  2   0  6610
51  6612  3   0  0  6612
52  6578  2   0  6578
53  6614  2   0  6614
54  6614  2   0  6614
55  6614  2   0  6614
56  6614  2   0  6614
57  6614  2   0  6614
58  6614  3   0  0  6614
59  5836  4   0  0  0  5836
60  6486  2   0  6486
61  6614  3   0  0  6614
62  6558  2   0  6558
63  5938  2   1  5937
64  6614  2   0  6614
65  2484  2   0  2484
66  6537  3   0  0  6537
67  2576  2   0  2576
68  6614  2   0  6614
69  4358  2   0  4358
70  6614  3   0  0  6614
71  6614  2   0  6614
72  6582  3   0  0  6582
73  6614  3   0  407  6207
74  6495  4   0  1  0  6494
75  3078  3   0  0  3078
76  6482  2   0  6482
77  3602  2   0  3602
78  6612  2   0  6612
79  3324  2   0  3324
80  6614  2   0  6614
81  6614  2   0  6614
82  6614  2   0  6614
83  6614  2   0  6614
84  6428  2   2  6426
85  2716  2   0  2716
86  6614  4   0  0  0  6614
87  6612  3   0  0  6612
88  3622  2   0  3622
89  6612  3   0  0  6612
90  3560  2   0  3560
91  6614  3   0  0  6614
92  2276  3   0  0  2276
93  6612  2   0  6612
94  6614  2   1  6613
95  6614  2   0  6614
96  6614  3   0  0  6614
97  968  3   0  0  968
98  6614  2   0  6614
99  6614  2   0  6614
100  3664  3   1  0  3663
101  6614  2   0  6614
102  6385  3   0  0  6385
103  3746  4   0  0  0  3746
104  982  2   0  982
105  3710  3   0  0  3710
106  6614  4   0  0  0  6614
107  936  3   0  0  936
108  6614  3   0  0  6614
109  6614  3   0  0  6614
110  6614  2   0  6614
111  6322  2   0  6322
112  3964  2   0  3964
113  766  2   1  765
114  6614  4   0  0  1  6613
115  6614  4   0  1124  1  5489
116  6610  3   1  0  6609
117  4118  2   0  4118
118  6614  2   0  6614
119  6614  2   0  6614
120  6610  2   0  6610
121  6614  5   0  0  0  0  6614
122  830  2   0  830
123  6614  3   0  0  6614
124  6612  3   0  0  6612
125  6614  3   0  0  6614
126  6614  2   0  6614
127  6614  4   0  0  0  6614
128  954  2   0  954
129  6614  2   2  6612
130  6614  3   0  0  6614
131  6614  3   0  0  6614
132  6614  3   0  22  6592
133  6366  2   0  6366
134  1132  2   0  1132
135  6614  2   0  6614
136  1136  2   0  1136
137  6614  2   0  6614
138  1144  2   0  1144
139  6614  2   0  6614
140  6614  2   0  6614
141  6614  2   10  6604
142  1144  3   0  0  1144
143  6614  5   0  0  0  0  6614
144  1088  5   4  0  0  0  1084
145  6614  2   0  6614
146  6594  2   0  6594
147  6580  2   0  6580
148  4730  2   0  4730
149  6614  3   0  0  6614
150  6614  3   1  0  6613
151  6574  2   0  6574
152  6590  5   0  0  0  0  6590
153  6614  2   0  6614
154  6614  2   0  6614
155  6614  2   0  6614
156  6614  2   0  6614
157  866  2   0  866
158  6202  2   0  6202
159  6566  2   0  6566
160  728  2   0  728
161  590  2   0  590
162  6416  2   0  6416
163  565  3   0  0  565
164  6552  3   0  0  6552
165  6460  2   0  6460
166  6614  2   0  6614
167  6614  3   0  0  6614
168  6500  2   0  6500
169  6614  2   0  6614
170  6544  2   0  6544
171  6487  3   0  3  6484
172  6494  3   0  0  6494
173  5044  2   0  5044
174  6614  4   0  0  0  6614
175  5936  3   0  0  5936
176  6558  2   0  6558
177  6614  2   0  6614
178  6554  2   0  6554
179  6508  2   18  6490
180  6614  2   0  6614
181  6542  2   2  6540
182  5160  2   0  5160
183  6612  2   1377  5235
184  165  3   0  0  165
185  6613  4   0  0  235  6378
186  6538  2   0  6538
187  6614  4   0  0  0  6614
188  6528  2   0  6528
189  6614  3   0  0  6614
190  130  3   0  0  130
191  6566  2   1166  5400
192  5342  2   0  5342
193  6614  2   0  6614
194  6614  2   0  6614
195  6578  3   0  0  6578
196  6592  2   0  6592
197  6544  3   0  0  6544
198  6606  4   0  0  0  6606
199  5378  2   0  5378
200  6614  2   915  5699
201  133  3   0  0  133
202  6490  2   0  6490
203  6594  3   0  0  6594
204  6614  3   0  0  6614
205  6614  2   0  6614
206  6610  2   0  6610
207  6614  2   0  6614
208  6614  2   0  6614
209  6614  3   0  0  6614
210  6612  3   0  0  6612
211  6578  2   0  6578
212  6612  3   0  0  6612
213  6610  4   0  4  0  6606
214  6539  3   0  0  6539
215  6614  3   0  0  6614
216  6614  3   0  0  6614
217  6614  3   0  0  6614
218  5452  2   0  5452
219  6614  3   0  0  6614
220  6614  4   0  0  0  6614
221  6612  3   7  0  6605
222  6614  2   3  6611
223  6614  2   0  6614
224  6614  2   0  6614
225  6612  2   0  6612
226  6614  2   0  6614
227  5772  2   0  5772
228  6614  3   0  0  6614
229  5804  2   0  5804
230  6614  3   0  0  6614
231  6530  2   0  6530
232  6612  2   0  6612
233  6610  3   0  0  6610
234  6612  3   0  0  6612
235  6610  3   0  0  6610
236  6614  3   0  0  6614
237  6586  4   0  0  0  6586
238  6614  2   7  6607
239  6612  4   0  0  0  6612
240  6607  3   0  0  6607
241  6604  2   0  6604
242  6603  3   0  0  6603
243  6614  3   0  0  6614
244  6614  2   0  6614
245  6598  2   0  6598
246  6614  3   0  0  6614
247  6614  3   0  0  6614
248  6601  4   0  1  0  6600
249  6614  2   0  6614
250  6614  3   0  0  6614
251  6598  2   0  6598
252  6614  3   0  0  6614
253  6598  2   0  6598
254  6614  3   0  0  6614
255  6614  2   0  6614
256  6614  2   0  6614
257  6614  2   0  6614
258  6614  3   0  0  6614
259  6614  2   101  6513
260  6614  2   0  6614
261  6614  2   0  6614
262  6614  2   0  6614
263  6614  2   0  6614
264  6614  3   0  0  6614
265  6614  2   0  6614
266  6614  3   0  0  6614
267  6614  2   0  6614
268  6614  2   0  6614
269  6611  3   0  0  6611
270  6614  3   86  0  6528
271  6614  2   0  6614
272  6612  2   0  6612
273  6612  2   0  6612
274  6614  4   0  0  0  6614
275  6612  3   1  0  6611
276  6614  3   0  0  6614
277  6586  2   0  6586
278  6606  2   0  6606
279  6614  3   0  0  6614
280  78  2   0  78
281  6614  2   0  6614
282  6254  4   0  0  0  6254
283  5266  2   86  5180
284  6614  3   0  0  6614
285  6260  3   0  0  6260
286  6612  3   0  3  6609
287  6614  2   0  6614
288  92  2   0  92
289  6612  3   0  0  6612
290  6588  3   0  0  6588
291  95  4   0  0  0  95
292  6614  3   1  0  6613
293  6588  2   0  6588
294  6614  2   0  6614
295  6591  3   0  0  6591
296  6339  3   0  0  6339
297  4920  2   0  4920
298  6614  2   0  6614
299  6610  3   0  0  6610
300  6590  2   0  6590
301  6614  3   0  0  6614
302  146  3   0  0  146
303  6614  3   0  0  6614
304  151  3   0  0  151
305  6602  2   0  6602
306  6416  3   0  0  6416
307  6614  2   0  6614
308  6600  3   0  0  6600
309  6614  3   0  0  6614
310  6614  3   0  0  6614
311  6614  4   0  0  0  6614
312  6599  4   0  0  0  6599
313  6614  3   0  0  6614
314  6596  2   0  6596
315  6614  2   0  6614
316  6592  4   0  0  0  6592
317  6612  2   0  6612
318  6614  2   0  6614
319  6614  2   0  6614
320  6614  2   0  6614
321  6612  3   1  1  6610
322  6600  3   0  0  6600
323  6599  3   0  0  6599
324  6614  3   0  0  6614
325  6538  3   0  0  6538
326  6614  4   0  0  0  6614
327  166  2   0  166
328  6614  2   0  6614
329  6614  2   0  6614
330  6614  2   0  6614
331  6614  3   0  0  6614
332  6614  3   0  0  6614
333  6614  2   0  6614
334  228  2   0  228
335  6614  3   0  0  6614
336  6482  2   0  6482
337  227  4   0  0  0  227
338  6612  3   0  0  6612
339  6612  2   1  6611
340  1730  2   0  1730
341  6614  3   0  0  6614
342  275  4   0  0  0  275
343  6612  3   0  0  6612
344  6431  3   0  0  6431
345  6614  2   0  6614
346  6591  3   0  0  6591
347  6614  2   0  6614
348  6612  2   0  6612
349  6614  2   1  6613
350  6544  2   0  6544
351  6612  2   1298  5314
352  6610  2   0  6610
353  6602  2   0  6602
354  6614  3   0  0  6614
355  6610  2   0  6610
356  6554  2   0  6554
357  6441  3   0  0  6441
358  6611  3   0  0  6611
359  6572  2   416  6156
360  6614  2   0  6614
361  6601  3   0  0  6601
362  6424  2   0  6424
363  6590  4   1  3  0  6586
364  6614  2   0  6614
365  6614  3   0  0  6614
366  6614  2   0  6614
367  6614  2   0  6614
368  6060  2   73  5987
369  6614  2   0  6614
370  6606  3   0  0  6606
371  1044  2   0  1044
372  1143  3   0  0  1143
373  6614  2   0  6614
374  6614  2   0  6614
375  1236  2   3  1233
376  6614  2   0  6614
377  6614  2   22  6592
378  6614  3   0  0  6614
379  6614  2   0  6614
380  6610  3   0  0  6610
381  1790  2   0  1790
382  6614  2   1  6613
383  6608  2   0  6608
384  6614  2   3  6611
385  6278  2   0  6278
386  6598  2   0  6598
387  6614  2   0  6614
388  6292  2   0  6292
389  6614  5   0  0  0  0  6614
390  6612  2   0  6612
391  2022  2   110  1912
392  6612  2   0  6612
393  6614  2   0  6614
394  6612  2   0  6612
395  6610  2   0  6610
396  6612  2   0  6612
397  6612  2   0  6612
398  2230  2   0  2230
399  6592  2   0  6592
400  6614  3   0  0  6614
401  6318  2   0  6318
402  6614  2   0  6614
403  6610  2   0  6610
404  6326  2   0  6326
405  6614  2   0  6614
406  6612  2   0  6612
407  6614  2   0  6614
408  6614  2   0  6614
409  6608  2   0  6608
410  2684  2   1  2683
411  6612  3   0  0  6612
412  6614  2   0  6614
413  2741  3   0  139  2602
414  6308  2   0  6308
415  2876  3   0  0  2876
416  6614  2   0  6614
417  6602  3   0  0  6602
418  6612  2   0  6612
419  6606  3   0  0  6606
420  6614  2   0  6614
421  6614  3   0  0  6614
422  3270  2   0  3270
423  3382  3   0  0  3382
424  6614  2   0  6614
425  6598  2   0  6598
426  6044  2   348  5696
427  6602  3   0  0  6602
428  6614  3   0  0  6614
429  3681  3   0  0  3681
430  6614  2   0  6614
431  5154  2   3971  1183
432  5092  2   0  5092
433  6166  2   0  6166
434  6614  4   0  0  0  6614
435  5113  3   0  0  5113
436  6600  2   7  6593
437  6614  2   0  6614
438  5211  3   0  0  5211
439  6268  2   0  6268
440  6598  2   0  6598
441  6614  3   0  0  6614
442  6604  2   0  6604
443  6614  2   0  6614
444  6614  2   0  6614
445  5406  4   0  0  0  5406
446  6612  2   0  6612
447  5481  3   0  0  5481
448  5563  4   0  0  0  5563
449  6612  2   0  6612
450  6426  2   0  6426
451  6608  2   0  6608
452  6612  3   28  0  6584
453  5536  2   0  5536
454  6612  4   0  0  0  6612
455  5710  2   0  5710
456  6610  2   2  6608
457  6612  2   0  6612
458  6612  3   0  0  6612
459  5372  2   0  5372
460  6612  2   0  6612
461  6612  2   0  6612
462  3996  4   0  0  0  3996
463  6610  2   0  6610
464  6610  2   0  6610
465  3878  2   0  3878
466  6614  2   0  6614
467  6528  2   0  6528
468  6610  3   0  0  6610
469  6610  2   49  6561
470  6606  2   0  6606
471  6608  2   0  6608
472  6614  3   0  0  6614
473  6128  4   0  1  1160  4967
474  6614  3   0  0  6614
475  6576  2   0  6576
476  5923  3   0  1  5922
477  6614  2   0  6614
478  3536  2   11  3525
479  6612  2   0  6612
480  6610  2   0  6610
481  6042  2   0  6042
482  6614  3   0  0  6614
483  6602  2   0  6602
484  6613  3   0  0  6613
485  6609  4   2  0  0  6607

[pop]=5
1  66494  2   5  66489
2  65954  3   1  1  65952
3  27814  3   0  3  27811
4  58926  2   0  58926
5  57998  2   2  57996
6  66648  2   0  66648
7  59698  2   0  59698
8  66544  3   0  1  66543
9  66380  3   0  1  66379
10  66652  3   0  0  66652
11  27461  3   0  0  27461
12  66603  4   1  0  2  66600
13  61876  2   11067  50809
14  66692  2   2  66690
15  66638  3   0  0  66638
16  66650  2   0  66650
17  60308  2   0  60308
18  66707  4   1  0  1  66705
19  66616  3   1  0  66615
20  28046  2   2  28044
21  66668  2   12  66656
22  66716  3   1  0  66715
23  27982  2   0  27982
24  66612  2   2  66610
25  66670  3   0  0  66670
26  66716  3   55453  1  11262
27  66080  2   1  66079
28  66090  2   2  66088
29  27988  2   5  27983
30  66724  2   3  66721
31  66734  4   6  1  2  66725
32  60448  2   0  60448
33  66627  3   0  0  66627
34  66735  3   1  0  66734
35  28755  3   7  2  28746
36  66630  3   0  2  66628
37  65918  2   1  65917
38  66106  2   2  66104
39  66682  2   1  66681
40  66730  3   1  1  66728
41  66736  2   2  66734
42  66312  2   3  66309
43  30240  2   0  30240
44  34376  2   3  34373
45  60650  2   0  60650
46  66723  3   2  1  66720
47  60373  5   0  9583  0  3  50787
48  66724  2   3  66721
49  65880  3   0  0  65880
50  66714  2   0  66714
51  66738  3   0  0  66738
52  65606  2   2  65604
53  66678  2   0  66678
54  66726  2   2  66724
55  66690  2   4  66686
56  65682  2   2  65680
57  66736  2   0  66736
58  66672  3   3  1  66668
59  59533  4   0  1  0  59532
60  62934  2   0  62934
61  66654  3   10  0  66644
62  65830  2   2  65828
63  59472  2   2  59470
64  66738  2   2  66736
65  41320  2   0  41320
66  65713  3   1  1  65711
67  42228  2   0  42228
68  66586  2   1  66585
69  49680  2   2  49678
70  66738  3   0  1  66737
71  66566  2   3  66563
72  66427  3   0  1  66426
73  66698  3   3  3422  63273
74  65314  4   1  0  0  65313
75  47104  3   1  2  47101
76  65194  2   2  65192
77  42180  2   0  42180
78  66646  2   2  66644
79  39546  2   0  39546
80  66662  2   2  66660
81  66648  2   1  66647
82  66734  2   2  66732
83  66734  2   0  66734
84  65014  2   3  65011
85  32888  2   0  32888
86  66735  4   1  1  0  66733
87  66276  3   0  0  66276
88  52022  2   0  52022
89  66690  3   0  0  66690
90  29480  2   0  29480
91  66736  3   0  1  66735
92  27716  3   0  7  27709
93  66700  2   0  66700
94  66718  2   6  66712
95  66714  2   6  66708
96  66722  3   0  0  66722
97  14290  3   0  1  14289
98  66728  2   0  66728
99  66722  2   0  66722
100  30574  3   12  0  30562
101  66726  2   0  66726
102  64741  3   1  2  64738
103  53487  4   0  0  1  53486
104  15620  2   1  15619
105  31274  3   1  0  31273
106  66711  4   0  1  2  66708
107  15312  3   0  0  15312
108  66676  3   1  1  66674
109  66734  3   0  1  66733
110  66728  2   17  66711
111  64424  2   0  64424
112  55322  2   0  55322
113  14606  2   5  14601
114  66689  4   0  0  0  66689
115  66709  4   1  12603  3  54102
116  66646  3   0  8  66638
117  36054  2   1  36053
118  66646  2   3  66643
119  66710  2   2  66708
120  66678  2   1  66677
121  66660  5   7  0  1  0  66652
122  15292  2   0  15292
123  66723  3   2  2  66719
124  66740  3   2  1  66737
125  66665  3   0  1  66664
126  66730  2   0  66730
127  66739  4   0  1  0  66738
128  16408  2   12  16396
129  66664  2   0  66664
130  66728  3   1  9  66718
131  66673  3   2  1  66670
132  66680  3   0  532  66148
133  65618  2   2  65616
134  25794  2   0  25794
135  66686  2   5  66681
136  26008  2   0  26008
137  66728  2   5  66723
138  25890  2   6  25884
139  66730  2   0  66730
140  66728  2   2  66726
141  66740  2   83  66657
142  26004  3   1  2  26001
143  66728  5   1  1  1  0  66725
144  25532  5   165  2  1  0  25364
145  66724  2   2  66722
146  66694  2   0  66694
147  65224  2   0  65224
148  43174  2   0  43174
149  66704  3   1  1  66702
150  66722  3   2  0  66720
151  65108  2   0  65108
152  66683  5   2  0  0  1  66680
153  66710  2   67  66643
154  66714  2   3  66711
155  66710  2   2  66708
156  66732  2   1  66731
157  22974  2   4  22970
158  54644  2   0  54644
159  66274  2   0  66274
160  21022  2   0  21022
161  18552  2   9  18543
162  62482  2   1  62481
163  17884  3   0  3  17881
164  66110  3   7  0  66103
165  65878  2   0  65878
166  66726  2   0  66726
167  66730  3   8  6  66716
168  64256  2   17  64239
169  66718  2   3  66715
170  65888  2   0  65888
171  65971  3   0  89  65882
172  65986  3   0  2  65984
173  45864  2   3  45861
174  66722  4   0  1  0  66721
175  60242  3   1  1  60240
176  65412  2   0  65412
177  66738  2   5  66733
178  66586  2   4  66582
179  66036  2   587  65449
180  66740  2   0  66740
181  66544  2   42  66502
182  46796  2   1  46795
183  66682  2   16588  50094
184  10029  3   0  1  10028
185  66664  4   0  1  4807  61856
186  66112  2   2  66110
187  66682  4   0  0  1  66681
188  64442  2   0  64442
189  66726  3   0  0  66726
190  8787  3   0  0  8787
191  64688  2   10676  54012
192  48954  2   0  48954
193  66724  2   3  66721
194  66714  2   144  66570
195  64508  3   0  2  64506
196  66208  2   1  66207
197  66150  3   1  18  66131
198  66545  4   0  1  0  66544
199  49130  2   1  49129
200  66728  2   16337  50391
201  8319  3   0  1  8318
202  66324  2   0  66324
203  66243  3   1  0  66242
204  66734  3   0  0  66734
205  66736  2   0  66736
206  66436  2   2  66434
207  66738  2   8  66730
208  66480  2   0  66480
209  66734  3   0  2  66732
210  66724  3   0  141  66583
211  66222  2   1  66221
212  66726  3   0  0  66726
213  63845  4   2  6  2  63835
214  66100  3   1  2  66097
215  66736  3   4  15  66717
216  66740  3   55  22  66663
217  66735  3   2  12  66721
218  59170  2   14  59156
219  66734  3   1  0  66733
220  66734  4   1  10  1  66722
221  63381  3   472  0  62909
222  66702  2   76  66626
223  66652  2   0  66652
224  66700  2   0  66700
225  63244  2   1  63243
226  66702  2   1  66701
227  61736  2   7  61729
228  66724  3   3  0  66721
229  61942  2   0  61942
230  66720  3   3  1  66716
231  65590  2   1  65589
232  66732  2   1  66731
233  66724  3   0  1  66723
234  64916  3   1  1  64914
235  66723  3   1  0  66722
236  66636  3   2  0  66634
237  66393  4   0  0  1  66392
238  66656  2   3  66653
239  65076  4   1  2  4  65069
240  66722  3   1  0  66721
241  66716  2   0  66716
242  66716  3   0  0  66716
243  66679  3   1  0  66678
244  66668  2   0  66668
245  66572  2   0  66572
246  65453  3   0  1  65452
247  66665  3   0  1  66664
248  66707  4   0  1  0  66706
249  66678  2   0  66678
250  65551  3   0  1  65550
251  66706  2   4  66702
252  66681  3   3  0  66678
253  66608  2   0  66608
254  65684  3   1  1  65682
255  66680  2   1  66679
256  66664  2   14  66650
257  65782  2   1  65781
258  66696  3   1  0  66695
259  65834  2   635  65199
260  66690  2   3  66687
261  66684  2   0  66684
262  66656  2   0  66656
263  66638  2   1  66637
264  66688  3   1  0  66687
265  66696  2   3  66693
266  66694  3   1  0  66693
267  66026  2   14  66012
268  66686  2   0  66686
269  66667  3   1  1  66665
270  66704  3   1663  0  65041
271  66512  2   5  66507
272  66608  2   0  66608
273  66706  2   2  66704
274  66550  4   1  0  0  66549
275  66714  3   13  1  66700
276  66670  3   1  8  66661
277  65556  2   2  65554
278  66534  2   0  66534
279  66730  3   0  2  66728
280  7426  2   1  7425
281  65958  2   2  65956
282  64814  4   1  6  2  64805
283  47320  2   279  47041
284  66732  3   0  4  66728
285  64904  3   0  1  64903
286  66630  3   0  11  66619
287  66724  2   0  66724
288  7506  2   0  7506
289  66717  3   0  4  66713
290  65698  3   1  0  65697
291  7459  4   0  0  0  7459
292  65944  3   0  0  65944
293  65712  2   8  65704
294  66704  2   4  66700
295  66344  3   1  0  66343
296  65326  3   1  0  65325
297  43114  2   2  43112
298  66706  2   0  66706
299  66577  3   1  25  66551
300  65760  2   5  65755
301  66713  3   0  1  66712
302  8005  3   0  22  7983
303  66738  3   1  2  66735
304  8151  3   0  0  8151
305  66058  2   0  66058
306  65512  3   0  0  65512
307  66706  2   20  66686
308  66042  3   0  0  66042
309  65924  3   0  0  65924
310  66737  3   8  0  66729
311  66731  4   1  1  0  66729
312  66043  4   4  1  1  66037
313  66738  3   0  1  66737
314  66034  2   1  66033
315  66736  2   2  66734
316  66009  4   1  0  1  66007
317  66676  2   0  66676
318  66734  2   17  66717
319  66734  2   1  66733
320  66734  2   2  66732
321  66679  3   0  0  66679
322  66121  3   0  1  66120
323  66042  3   0  0  66042
324  66740  3   0  0  66740
325  65696  3   1  1  65694
326  66734  4   17  0  1  66716
327  8500  2   0  8500
328  66734  2   1  66733
329  65916  2   2  65914
330  66716  2   1  66715
331  66740  3   1  15  66724
332  66732  3   0  0  66732
333  65900  2   0  65900
334  9606  2   0  9606
335  66723  3   0  4  66719
336  65474  2   1  65473
337  9755  4   6  0  0  9749
338  65886  3   1  0  65885
339  66712  2   12  66700
340  10790  2   1  10789
341  66717  3   1  0  66716
342  10626  4   1  0  1  10624
343  66715  3   0  0  66715
344  65535  3   1  5  65529
345  66740  2   1  66739
346  64184  3   1  0  64183
347  66684  2   29  66655
348  66712  2   0  66712
349  66740  2   1  66739
350  65956  2   0  65956
351  66712  2   16469  50243
352  66696  2   0  66696
353  64852  2   2  64850
354  66663  3   1  1  66661
355  66554  2   2  66552
356  66038  2   2  66036
357  65203  3   1  0  65202
358  66563  3   10  0  66553
359  66094  2   2497  63597
360  66614  2   1  66613
361  65369  3   1  0  65368
362  61932  2   1  61931
363  66134  4   1  256  0  65877
364  66740  2   0  66740
365  66732  3   11  0  66721
366  66618  2   7  66611
367  66694  2   0  66694
368  54076  2   1259  52817
369  66584  2   1  66583
370  65790  3   1  1  65788
371  21792  2   0  21792
372  23011  3   0  2  23009
373  66638  2   0  66638
374  66496  2   0  66496
375  24362  2   8  24354
376  66632  2   0  66632
377  66634  2   528  66106
378  66736  3   1  1  66734
379  66734  2   0  66734
380  65838  3   1  0  65837
381  10956  2   1  10955
382  66636  2   34  66602
383  66240  2   1  66239
384  66632  2   5  66627
385  66030  2   23  66007
386  66572  2   100  66472
387  66644  2   2  66642
388  66076  2   0  66076
389  66640  5   0  0  0  0  66640
390  66214  2   4  66210
391  35040  2   3570  31470
392  65772  2   3  65769
393  66642  2   3  66639
394  66196  2   0  66196
395  65754  2   2  65752
396  65744  2   5  65739
397  66150  2   0  66150
398  36982  2   1  36981
399  66604  2   0  66604
400  66740  3   1  3  66736
401  66036  2   2  66034
402  66740  2   7  66733
403  65672  2   2  65670
404  66024  2   0  66024
405  66726  2   0  66726
406  66612  2   8  66604
407  66674  2   6  66668
408  66056  2   1  66055
409  65606  2   0  65606
410  40908  2   3  40905
411  66612  3   0  0  66612
412  66052  2   2  66050
413  41611  3   1  3887  37723
414  65958  2   1  65957
415  42886  3   0  0  42886
416  66732  2   2  66730
417  66039  3   1  1  66037
418  66582  2   3  66579
419  65406  3   0  1  65405
420  66734  2   0  66734
421  66682  3   0  0  66682
422  46054  2   2  46052
423  47234  3   0  2  47232
424  66680  2   3  66677
425  65162  2   39  65123
426  56938  2   4817  52121
427  66021  3   1  1  66019
428  66680  3   1  2  66677
429  49264  3   0  1  49263
430  65638  2   0  65638
431  59978  2   54031  5947
432  58562  2   0  58562
433  58620  2   1  58619
434  66734  4   0  0  0  66734
435  58717  3   0  4  58713
436  64964  2   130  64834
437  66674  2   0  66674
438  58924  3   2  3  58919
439  60144  2   0  60144
440  65908  2   2  65906
441  66654  3   0  0  66654
442  66068  2   0  66068
443  66648  2   0  66648
444  66738  2   41  66697
445  59499  4   8  1  0  59490
446  65572  2   20  65552
447  62512  3   1  1  62510
448  62923  4   1  0  1  62921
449  63202  2   8  63194
450  62334  2   0  62334
451  66264  2   1  66263
452  66479  3   276  1  66202
453  59824  2   20  59804
454  65671  4   1  8  3  65659
455  63532  2   0  63532
456  66276  2   1  66275
457  66460  2   4  66456
458  66684  3   0  1  66683
459  59116  2   1  59115
460  65684  2   0  65684
461  66688  2   21  66667
462  51943  4   0  0  0  51943
463  66458  2   0  66458
464  63696  2   0  63696
465  51074  2   0  51074
466  66710  2   1  66709
467  63998  2   0  63998
468  66342  3   0  0  66342
469  66376  2   12  66364
470  66416  2   4  66412
471  66258  2   3  66255
472  65794  3   8  0  65786
473  65188  4   2  1  10067  55118
474  66722  3   0  0  66722
475  64762  2   7  64755
476  61058  3   2  1  61055
477  65814  2   95  65719
478  48820  2   2  48818
479  66376  2   1  66375
480  66446  2   3  66443
481  61372  2   0  61372
482  65856  3   2  20  65834
483  65572  2   3  65569
484  66708  3   0  0  66708
485  66450  4   1  0  12  66437

[pop]=6
1  900  2   0  900
2  892  3   0  0  892
3  325  3   0  0  325
4  754  2   0  754
5  832  2   0  832
6  898  2   0  898
7  780  2   0  780
8  906  3   0  0  906
9  898  3   0  0  898
10  906  3   0  0  906
11  317  3   0  0  317
12  902  4   0  0  0  902
13  868  2   217  651
14  900  2   0  900
15  906  3   0  0  906
16  900  2   0  900
17  798  2   0  798
18  900  4   0  0  1  899
19  904  3   0  1  903
20  330  2   1  329
21  902  2   0  902
22  900  3   0  0  900
23  326  2   0  326
24  906  2   0  906
25  902  3   1  0  901
26  905  3   720  0  185
27  888  2   0  888
28  902  2   0  902
29  332  2   0  332
30  900  2   0  900
31  906  4   0  0  0  906
32  798  2   1  797
33  906  3   0  0  906
34  906  3   0  0  906
35  336  3   0  0  336
36  906  3   0  0  906
37  904  2   0  904
38  904  2   0  904
39  898  2   0  898
40  908  3   0  0  908
41  906  2   0  906
42  892  2   0  892
43  352  2   1  351
44  412  2   0  412
45  794  2   0  794
46  908  3   0  0  908
47  788  5   0  149  0  0  639
48  908  2   0  908
49  871  3   0  0  871
50  908  2   0  908
51  906  3   0  0  906
52  884  2   0  884
53  898  2   0  898
54  900  2   0  900
55  900  2   1  899
56  864  2   0  864
57  908  2   0  908
58  898  3   0  0  898
59  741  4   0  0  0  741
60  864  2   0  864
61  898  3   0  0  898
62  898  2   0  898
63  746  2   0  746
64  908  2   0  908
65  482  2   0  482
66  896  3   0  0  896
67  484  2   0  484
68  894  2   0  894
69  610  2   0  610
70  908  3   0  0  908
71  894  2   0  894
72  902  3   0  0  902
73  900  3   0  47  853
74  889  4   0  0  0  889
75  558  3   0  0  558
76  888  2   0  888
77  544  2   0  544
78  904  2   0  904
79  516  2   0  516
80  900  2   0  900
81  900  2   0  900
82  908  2   0  908
83  908  2   0  908
84  886  2   0  886
85  440  2   0  440
86  908  4   0  0  0  908
87  884  3   0  0  884
88  614  2   0  614
89  904  3   0  0  904
90  474  2   1  473
91  908  3   0  0  908
92  388  3   0  0  388
93  904  2   0  904
94  908  2   0  908
95  904  2   0  904
96  904  3   0  0  904
97  242  3   0  0  242
98  904  2   0  904
99  900  2   0  900
100  484  3   1  0  483
101  908  2   0  908
102  878  3   0  0  878
103  631  4   0  0  0  631
104  258  2   0  258
105  494  3   0  0  494
106  900  4   0  0  0  900
107  268  3   0  0  268
108  905  3   0  0  905
109  906  3   0  0  906
110  908  2   1  907
111  874  2   0  874
112  648  2   0  648
113  252  2   0  252
114  906  4   0  0  0  906
115  906  4   0  192  0  714
116  903  3   0  0  903
117  540  2   0  540
118  908  2   0  908
119  908  2   1  907
120  906  2   0  906
121  908  5   0  0  0  5  903
122  252  2   0  252
123  906  3   1  0  905
124  906  3   0  0  906
125  908  3   0  0  908
126  908  2   0  908
127  906  4   0  0  0  906
128  260  2   1  259
129  906  2   0  906
130  906  3   0  0  906
131  908  3   0  0  908
132  908  3   0  8  900
133  888  2   0  888
134  354  2   0  354
135  908  2   0  908
136  352  2   0  352
137  906  2   0  906
138  352  2   0  352
139  906  2   0  906
140  906  2   0  906
141  906  2   1  905
142  345  3   0  0  345
143  906  5   0  0  0  0  906
144  340  5   1  0  0  0  339
145  906  2   0  906
146  906  2   0  906
147  898  2   0  898
148  590  2   0  590
149  908  3   0  0  908
150  906  3   0  0  906
151  896  2   0  896
152  905  5   0  0  0  0  905
153  908  2   0  908
154  906  2   0  906
155  908  2   0  908
156  900  2   0  900
157  320  2   3  317
158  814  2   0  814
159  892  2   0  892
160  288  2   0  288
161  264  2   0  264
162  870  2   0  870
163  256  3   0  0  256
164  892  3   0  0  892
165  892  2   0  892
166  900  2   0  900
167  908  3   0  2  906
168  888  2   0  888
169  908  2   0  908
170  888  2   0  888
171  893  3   0  0  893
172  898  3   0  0  898
173  620  2   0  620
174  908  4   0  0  0  908
175  805  3   0  0  805
176  896  2   0  896
177  908  2   0  908
178  902  2   0  902
179  900  2   7  893
180  908  2   0  908
181  902  2   0  902
182  620  2   0  620
183  906  2   250  656
184  197  3   0  0  197
185  906  4   0  0  59  847
186  904  2   0  904
187  908  4   0  0  0  908
188  874  2   0  874
189  908  3   0  0  908
190  194  3   0  0  194
191  876  2   176  700
192  632  2   0  632
193  908  2   0  908
194  900  2   7  893
195  869  3   0  0  869
196  898  2   0  898
197  904  3   0  0  904
198  902  4   0  0  0  902
199  644  2   0  644
200  908  2   172  736
201  188  3   0  0  188
202  888  2   0  888
203  898  3   0  0  898
204  908  3   0  0  908
205  908  2   0  908
206  896  2   0  896
207  908  2   0  908
208  896  2   0  896
209  908  3   0  0  908
210  900  3   0  1  899
211  902  2   0  902
212  900  3   0  0  900
213  845  4   0  0  0  845
214  886  3   0  0  886
215  908  3   0  0  908
216  908  3   0  0  908
217  908  3   0  0  908
218  788  2   0  788
219  908  3   0  1  907
220  908  4   0  0  0  908
221  823  3   9  0  814
222  906  2   2  904
223  902  2   0  902
224  906  2   0  906
225  822  2   0  822
226  908  2   0  908
227  812  2   0  812
228  908  3   0  0  908
229  810  2   0  810
230  908  3   0  0  908
231  898  2   0  898
232  908  2   0  908
233  908  3   0  0  908
234  857  3   0  0  857
235  908  3   0  0  908
236  902  3   0  0  902
237  902  4   0  0  0  902
238  904  2   0  904
239  861  4   0  0  1  860
240  908  3   0  0  908
241  908  2   0  908
242  908  3   1  0  907
243  900  3   0  0  900
244  904  2   0  904
245  904  2   1  903
246  873  3   0  0  873
247  900  3   0  0  900
248  908  4   0  0  0  908
249  900  2   0  900
250  875  3   0  0  875
251  908  2   1  907
252  904  3   0  0  904
253  904  2   0  904
254  884  3   0  0  884
255  904  2   0  904
256  900  2   0  900
257  888  2   0  888
258  904  3   0  0  904
259  892  2   7  885
260  904  2   0  904
261  904  2   0  904
262  900  2   0  900
263  900  2   0  900
264  904  3   0  0  904
265  904  2   0  904
266  904  3   0  0  904
267  894  2   0  894
268  902  2   0  902
269  898  3   0  0  898
270  908  3   13  0  895
271  906  2   0  906
272  896  2   0  896
273  908  2   1  907
274  906  4   0  0  0  906
275  908  3   0  0  908
276  904  3   0  1  903
277  896  2   0  896
278  896  2   0  896
279  908  3   0  0  908
280  178  2   0  178
281  892  2   0  892
282  868  4   0  0  0  868
283  636  2   4  632
284  908  3   0  0  908
285  866  3   0  0  866
286  904  3   0  0  904
287  900  2   0  900
288  180  2   0  180
289  908  3   0  0  908
290  898  3   0  0  898
291  179  4   0  0  0  179
292  898  3   0  0  898
293  898  2   0  898
294  908  2   0  908
295  890  3   0  0  890
296  872  3   0  0  872
297  588  2   0  588
298  908  2   0  908
299  904  3   0  1  903
300  896  2   0  896
301  907  3   0  0  907
302  185  3   0  0  185
303  908  3   0  0  908
304  183  3   0  0  183
305  898  2   0  898
306  882  3   0  0  882
307  900  2   0  900
308  898  3   0  0  898
309  899  3   0  0  899
310  908  3   0  0  908
311  908  4   0  0  0  908
312  897  4   0  0  0  897
313  908  3   0  0  908
314  896  2   0  896
315  908  2   0  908
316  896  4   0  0  0  896
317  900  2   0  900
318  908  2   0  908
319  908  2   0  908
320  908  2   0  908
321  900  3   0  0  900
322  898  3   0  0  898
323  898  3   0  0  898
324  908  3   0  0  908
325  896  3   0  0  896
326  908  4   0  0  0  908
327  184  2   0  184
328  908  2   0  908
329  898  2   0  898
330  908  2   0  908
331  908  3   0  0  908
332  908  3   0  0  908
333  902  2   0  902
334  196  2   0  196
335  906  3   0  0  906
336  882  2   0  882
337  199  4   0  0  0  199
338  901  3   0  0  901
339  908  2   1  907
340  266  2   0  266
341  906  3   0  1  905
342  208  4   0  0  0  208
343  908  3   0  0  908
344  881  3   0  0  881
345  908  2   0  908
346  852  3   0  0  852
347  906  2   0  906
348  908  2   0  908
349  908  2   0  908
350  904  2   0  904
351  908  2   224  684
352  908  2   0  908
353  864  2   0  864
354  900  3   0  0  900
355  904  2   0  904
356  904  2   0  904
357  879  3   0  0  879
358  904  3   0  0  904
359  902  2   34  868
360  906  2   0  906
361  870  3   0  0  870
362  852  2   0  852
363  904  4   0  2  0  902
364  908  2   0  908
365  908  3   1  0  907
366  906  2   0  906
367  908  2   0  908
368  758  2   20  738
369  896  2   0  896
370  887  3   0  0  887
371  294  2   0  294
372  298  3   0  0  298
373  906  2   0  906
374  896  2   0  896
375  306  2   0  306
376  906  2   0  906
377  906  2   8  898
378  908  3   0  0  908
379  908  2   1  907
380  894  3   1  0  893
381  266  2   1  265
382  906  2   0  906
383  904  2   0  904
384  906  2   0  906
385  886  2   0  886
386  898  2   0  898
387  900  2   1  899
388  886  2   0  886
389  906  5   0  0  0  0  906
390  900  2   0  900
391  468  2   55  413
392  892  2   0  892
393  906  2   0  906
394  900  2   0  900
395  890  2   0  890
396  892  2   0  892
397  902  2   0  902
398  486  2   0  486
399  898  2   0  898
400  908  3   0  1  907
401  884  2   1  883
402  908  2   0  908
403  888  2   0  888
404  884  2   0  884
405  908  2   0  908
406  906  2   0  906
407  900  2   0  900
408  902  2   0  902
409  886  2   0  886
410  532  2   0  532
411  904  3   0  0  904
412  900  2   0  900
413  536  3   0  62  474
414  888  2   0  888
415  555  3   0  0  555
416  908  2   0  908
417  894  3   0  0  894
418  904  2   0  904
419  879  3   0  0  879
420  908  2   0  908
421  900  3   0  0  900
422  582  2   0  582
423  592  3   0  0  592
424  900  2   0  900
425  874  2   0  874
426  780  2   31  749
427  894  3   0  0  894
428  900  3   0  0  900
429  618  3   0  0  618
430  888  2   0  888
431  770  2   698  72
432  786  2   0  786
433  800  2   0  800
434  908  4   0  0  0  908
435  747  3   0  0  747
436  872  2   0  872
437  900  2   0  900
438  757  3   1  0  756
439  830  2   0  830
440  894  2   0  894
441  898  3   0  0  898
442  898  2   0  898
443  898  2   0  898
444  908  2   0  908
445  773  4   0  0  0  773
446  892  2   0  892
447  824  3   0  0  824
448  831  4   0  0  0  831
449  864  2   0  864
450  854  2   0  854
451  898  2   0  898
452  901  3   2  0  899
453  782  2   0  782
454  892  4   0  0  0  892
455  834  2   0  834
456  898  2   1  897
457  900  2   0  900
458  898  3   0  0  898
459  766  2   0  766
460  890  2   0  890
461  898  2   0  898
462  666  4   0  0  0  666
463  902  2   0  902
464  876  2   0  876
465  648  2   0  648
466  908  2   0  908
467  866  2   0  866
468  898  3   0  0  898
469  900  2   1  899
470  902  2   0  902
471  900  2   0  900
472  898  3   0  0  898
473  866  4   0  0  142  724
474  907  3   0  0  907
475  882  2   0  882
476  793  3   0  0  793
477  900  2   2  898
478  632  2   0  632
479  900  2   0  900
480  896  2   0  896
481  802  2   0  802
482  898  3   0  0  898
483  890  2   0  890
484  906  3   0  0  906
485  898  4   1  0  0  897

[pop]=7
1  16472  2   0  16472
2  16348  3   0  0  16348
3  10357  3   0  1  10356
4  15742  2   9  15733
5  15392  2   0  15392
6  16464  2   0  16464
7  15780  2   0  15780
8  16467  3   1  0  16466
9  16412  3   0  0  16412
10  16497  3   0  2  16495
11  10224  3   1  10  10213
12  16489  4   0  1  0  16488
13  16138  2   6001  10137
14  16490  2   0  16490
15  16490  3   1  0  16489
16  16434  2   0  16434
17  15842  2   0  15842
18  16505  4   0  0  0  16505
19  16484  3   0  0  16484
20  10238  2   1  10237
21  16500  2   5  16495
22  16507  3   0  0  16507
23  10214  2   0  10214
24  16510  2   0  16510
25  16500  3   0  0  16500
26  16510  3   12312  0  4198
27  16378  2   0  16378
28  16500  2   0  16500
29  10220  2   0  10220
30  16510  2   0  16510
31  16512  4   0  0  0  16512
32  15804  2   11  15793
33  16510  3   1  0  16509
34  16512  3   0  0  16512
35  10299  3   0  0  10299
36  16510  3   1  0  16509
37  16390  2   2  16388
38  16408  2   0  16408
39  16496  2   0  16496
40  16510  3   0  0  16510
41  16512  2   0  16512
42  15732  2   0  15732
43  10504  2   0  10504
44  10894  2   0  10894
45  15602  2   2  15600
46  16510  3   0  1  16509
47  15286  5   1  3641  0  1  11643
48  16510  2   0  16510
49  14078  3   2  1  14075
50  16502  2   4  16498
51  16512  3   2  1  16509
52  16264  2   0  16264
53  16496  2   0  16496
54  16510  2   0  16510
55  16500  2   0  16500
56  13530  2   0  13530
57  16512  2   0  16512
58  16489  3   0  0  16489
59  13636  4   2  0  1  13633
60  15602  2   2  15600
61  16480  3   0  7  16473
62  16504  2   0  16504
63  13478  2   0  13478
64  16512  2   0  16512
65  11672  2   36  11636
66  16496  3   0  1  16495
67  11768  2   1  11767
68  16394  2   0  16394
69  11980  2   0  11980
70  16512  3   4  0  16508
71  16374  2   0  16374
72  16402  3   3  0  16399
73  16487  3   0  878  15609
74  16490  4   0  0  0  16490
75  12382  3   0  0  12382
76  16478  2   0  16478
77  11322  2   1  11321
78  16496  2   0  16496
79  11036  2   0  11036
80  16452  2   0  16452
81  16432  2   0  16432
82  16508  2   0  16508
83  16508  2   2  16506
84  16452  2   0  16452
85  10586  2   0  10586
86  16509  4   0  1  0  16508
87  15666  3   1  0  15665
88  12954  2   18  12936
89  16506  3   2  0  16504
90  9772  2   3  9769
91  16510  3   0  0  16510
92  10222  3   0  0  10222
93  16506  2   3  16503
94  16506  2   0  16506
95  16510  2   0  16510
96  16510  3   0  0  16510
97  7730  3   1  0  7729
98  16510  2   1  16509
99  16510  2   3  16507
100  9934  3   0  0  9934
101  16512  2   0  16512
102  16396  3   0  0  16396
103  13105  4   0  0  0  13105
104  8610  2   1  8609
105  10008  3   0  0  10008
106  16510  4   0  0  0  16510
107  8546  3   0  1  8545
108  16427  3   1  5  16421
109  16512  3   12  1  16499
110  16508  2   0  16508
111  16260  2   0  16260
112  13316  2   0  13316
113  8326  2   0  8326
114  16453  4   1  1  0  16451
115  16487  4   0  4916  0  11571
116  16463  3   0  0  16463
117  10632  2   1  10631
118  16512  2   0  16512
119  16508  2   0  16508
120  16504  2   0  16504
121  16512  5   0  1  0  324  16187
122  7604  2   1  7603
123  16505  3   0  1  16504
124  16512  3   0  0  16512
125  16512  3   0  0  16512
126  16510  2   1  16509
127  16512  4   1  0  0  16511
128  7464  2   0  7464
129  16506  2   0  16506
130  16512  3   0  0  16512
131  16512  3   0  1  16511
132  16512  3   0  112  16400
133  16338  2   1  16337
134  9856  2   0  9856
135  16512  2   0  16512
136  9938  2   0  9938
137  16510  2   0  16510
138  9950  2   0  9950
139  16510  2   0  16510
140  16510  2   0  16510
141  16512  2   0  16512
142  10011  3   0  0  10011
143  16510  5   0  0  1  0  16509
144  10001  5   10  0  0  0  9991
145  16508  2   0  16508
146  16500  2   2  16498
147  16266  2   0  16266
148  11420  2   14  11406
149  16512  3   0  0  16512
150  16503  3   0  1  16502
151  16236  2   0  16236
152  16497  5   0  0  0  0  16497
153  16512  2   34  16478
154  16500  2   1  16499
155  16512  2   0  16512
156  16510  2   0  16510
157  9926  2   343  9583
158  14916  2   4  14912
159  16410  2   5  16405
160  9532  2   4  9528
161  9276  2   0  9276
162  15876  2   0  15876
163  9204  3   0  1  9203
164  16369  3   0  1  16368
165  16414  2   0  16414
166  16512  2   0  16512
167  16512  3   0  0  16512
168  16072  2   0  16072
169  16512  2   0  16512
170  16306  2   0  16306
171  16410  3   0  1  16409
172  16411  3   0  1  16410
173  11882  2   0  11882
174  16512  4   0  0  1  16511
175  15181  3   0  0  15181
176  16194  2   0  16194
177  16512  2   0  16512
178  16458  2   0  16458
179  16416  2   2  16414
180  16512  2   14  16498
181  16452  2   0  16452
182  12026  2   2  12024
183  16478  2   5924  10554
184  8387  3   0  0  8387
185  16461  4   1  0  513  15947
186  16444  2   0  16444
187  16512  4   0  0  0  16512
188  16224  2   0  16224
189  16512  3   0  1  16511
190  8234  3   2  1  8231
191  16360  2   4865  11495
192  12298  2   3  12295
193  16512  2   0  16512
194  16510  2   3  16507
195  16093  3   1  0  16092
196  16354  2   0  16354
197  16412  3   0  0  16412
198  16300  4   0  0  1  16299
199  12324  2   0  12324
200  16508  2   1116  15392
201  8164  3   0  0  8164
202  16330  2   7  16323
203  16366  3   0  7  16359
204  16510  3   0  0  16510
205  16510  2   0  16510
206  16250  2   0  16250
207  16512  2   0  16512
208  16000  2   0  16000
209  16510  3   2  1  16507
210  16508  3   0  1  16507
211  16356  2   1  16355
212  16508  3   10  0  16498
213  14271  4   0  0  0  14271
214  15711  3   0  0  15711
215  16510  3   0  0  16510
216  16512  3   0  0  16512
217  16510  3   0  0  16510
218  13882  2   0  13882
219  16510  3   0  55  16455
220  16512  4   0  0  0  16512
221  12798  3   107  2  12689
222  16510  2   0  16510
223  16414  2   0  16414
224  16510  2   0  16510
225  12452  2   3  12449
226  16510  2   3  16507
227  14322  2   0  14322
228  16510  3   1  0  16509
229  14386  2   0  14386
230  16509  3   0  1  16508
231  16454  2   0  16454
232  16508  2   0  16508
233  16504  3   0  0  16504
234  13781  3   0  0  13781
235  16498  3   0  0  16498
236  16494  3   0  0  16494
237  16502  4   1  0  0  16501
238  16498  2   0  16498
239  14130  4   0  0  22  14108
240  16491  3   0  0  16491
241  16484  2   0  16484
242  16484  3   0  0  16484
243  16500  3   1  0  16499
244  16502  2   0  16502
245  16508  2   1  16507
246  14948  3   0  0  14948
247  16464  3   0  0  16464
248  16479  4   2  0  0  16477
249  16500  2   0  16500
250  15209  3   0  0  15209
251  16474  2   3  16471
252  16502  3   14  1  16487
253  16508  2   6  16502
254  15502  3   0  0  15502
255  16490  2   0  16490
256  16498  2   0  16498
257  15744  2   0  15744
258  16504  3   0  0  16504
259  15826  2   8  15818
260  16504  2   0  16504
261  16500  2   0  16500
262  16498  2   0  16498
263  16496  2   1  16495
264  16500  3   0  1  16499
265  16502  2   0  16502
266  16497  3   1  0  16496
267  16262  2   0  16262
268  16488  2   0  16488
269  16500  3   0  0  16500
270  16510  3   301  0  16209
271  16508  2   0  16508
272  16492  2   0  16492
273  16508  2   0  16508
274  16508  4   0  0  1  16507
275  16510  3   0  0  16510
276  16500  3   0  0  16500
277  16370  2   0  16370
278  16480  2   0  16480
279  16512  3   1  0  16511
280  8046  2   0  8046
281  16348  2   0  16348
282  15406  4   0  1  0  15405
283  11946  2   1  11945
284  16512  3   1  2  16509
285  15442  3   6  1  15435
286  16502  3   1  0  16501
287  16508  2   2  16506
288  8068  2   0  8068
289  16510  3   0  0  16510
290  16378  3   0  0  16378
291  8069  4   0  0  0  8069
292  16355  3   0  0  16355
293  16380  2   1  16379
294  16512  2   0  16512
295  16453  3   0  1  16452
296  15645  3   0  2  15643
297  11410  2   0  11410
298  16512  2   22  16490
299  16501  3   3  157  16341
300  16384  2   0  16384
301  16512  3   0  0  16512
302  8114  3   1  0  8113
303  16512  3   0  0  16512
304  8119  3   0  0  8119
305  16448  2   0  16448
306  15824  3   0  0  15824
307  16510  2   15  16495
308  16452  3   0  0  16452
309  16402  3   1  10  16391
310  16512  3   0  4  16508
311  16512  4   0  0  1  16511
312  16454  4   0  0  0  16454
313  16512  3   0  0  16512
314  16454  2   1  16453
315  16512  2   0  16512
316  16449  4   0  0  0  16449
317  16492  2   0  16492
318  16512  2   0  16512
319  16512  2   0  16512
320  16512  2   0  16512
321  16505  3   0  0  16505
322  16395  3   0  0  16395
323  16365  3   1  0  16364
324  16512  3   1  1  16510
325  16322  3   0  0  16322
326  16512  4   0  1  2  16509
327  8178  2   0  8178
328  16512  2   0  16512
329  16412  2   0  16412
330  16510  2   0  16510
331  16512  3   0  0  16512
332  16512  3   0  2  16510
333  16436  2   0  16436
334  8330  2   2  8328
335  16512  3   1  0  16511
336  15322  2   1  15321
337  8364  4   10  0  0  8354
338  16440  3   1  0  16439
339  16510  2   0  16510
340  7796  2   1  7795
341  16510  3   1  1  16508
342  8505  4   0  0  0  8505
343  16510  3   0  1  16509
344  15838  3   0  0  15838
345  16512  2   2  16510
346  13353  3   0  0  13353
347  16504  2   116  16388
348  16510  2   0  16510
349  16512  2   0  16512
350  16262  2   1  16261
351  16510  2   5383  11127
352  16510  2   0  16510
353  14342  2   0  14342
354  16506  3   0  0  16506
355  16512  2   0  16512
356  16366  2   0  16366
357  15866  3   1  1  15864
358  16512  3   0  2  16510
359  16428  2   124  16304
360  16512  2   0  16512
361  15140  3   0  0  15140
362  15670  2   1  15669
363  16467  4   0  36  1  16430
364  16512  2   0  16512
365  16510  3   1  0  16509
366  16512  2   0  16512
367  16510  2   0  16510
368  14750  2   353  14397
369  16352  2   0  16352
370  15943  3   0  7  15936
371  10140  2   0  10140
372  10315  3   5  0  10310
373  16512  2   0  16512
374  16116  2   6  16110
375  10516  2   0  10516
376  16512  2   1  16511
377  16512  2   111  16401
378  16512  3   0  0  16512
379  16512  2   1  16511
380  16506  3   0  4  16502
381  7910  2   1  7909
382  16512  2   1  16511
383  16496  2   0  16496
384  16512  2   0  16512
385  16254  2   0  16254
386  16498  2   0  16498
387  16414  2   8  16406
388  16266  2   3  16263
389  16512  5   1  1  1  1  16508
390  16492  2   0  16492
391  12742  2   2506  10236
392  16488  2   0  16488
393  16512  2   0  16512
394  16488  2   0  16488
395  16480  2   1  16479
396  16476  2   0  16476
397  16466  2   6  16460
398  12964  2   1  12963
399  16500  2   1  16499
400  16512  3   0  3  16509
401  16268  2   3  16265
402  16512  2   0  16512
403  16442  2   0  16442
404  16246  2   0  16246
405  16510  2   1  16509
406  16512  2   0  16512
407  16476  2   0  16476
408  16394  2   0  16394
409  16388  2   1  16387
410  13574  2   0  13574
411  16512  3   0  10  16502
412  16310  2   1  16309
413  13753  3   0  2648  11105
414  16198  2   0  16198
415  14018  3   1  0  14017
416  16512  2   0  16512
417  16466  3   0  0  16466
418  16512  2   0  16512
419  16093  3   1  0  16092
420  16512  2   0  16512
421  16470  3   0  2  16468
422  14422  2   0  14422
423  14554  3   2  0  14552
424  16466  2   0  16466
425  15758  2   0  15758
426  13910  2   517  13393
427  16455  3   0  1  16454
428  16460  3   0  0  16460
429  14749  3   0  0  14749
430  15638  2   6  15632
431  16244  2   15969  275
432  14808  2   0  14808
433  14372  2   7  14365
434  16510  4   1  1  1  16507
435  16125  3   0  0  16125
436  15394  2   0  15394
437  16458  2   0  16458
438  16154  3   0  0  16154
439  14790  2   10  14780
440  16450  2   0  16450
441  16440  3   1  0  16439
442  16442  2   0  16442
443  16426  2   2  16424
444  16512  2   0  16512
445  16217  4   1  0  0  16216
446  16260  2   0  16260
447  15487  3   0  0  15487
448  15591  4   0  9  0  15582
449  15306  2   0  15306
450  15328  2   3  15325
451  16430  2   0  16430
452  16498  3   39  1  16458
453  16244  2   0  16244
454  16352  4   0  0  0  16352
455  15724  2   0  15724
456  16422  2   0  16422
457  16492  2   7  16485
458  16504  3   0  0  16504
459  16228  2   3  16225
460  16372  2   0  16372
461  16506  2   0  16506
462  13645  4   0  0  0  13645
463  16488  2   0  16488
464  16012  2   0  16012
465  13494  2   1  13493
466  16512  2   0  16512
467  15732  2   0  15732
468  16430  3   0  6  16424
469  16476  2   0  16476
470  16472  2   0  16472
471  16438  2   0  16438
472  16492  3   0  0  16492
473  16104  4   0  1  3073  13030
474  16502  3   1  1  16500
475  15952  2   0  15952
476  16352  3   0  1  16351
477  16504  2   4  16500
478  13068  2   0  13068
479  16448  2   0  16448
480  16432  2   0  16432
481  16378  2   0  16378
482  16506  3   0  5  16501
483  16142  2   0  16142
484  16496  3   1  1  16494
485  16413  4   0  0  2  16411

