[loci]=463

[populations]=7

[pop]=1
1  10406  3   0  0  10406
2  10324  4   0  0  0  10324
3  10406  2   0  10406
4  10406  3   0  2  10404
5  10404  2   0  10404
6  10406  3   1  0  10405
7  10306  2   0  10306
8  10366  2   0  10366
9  10322  2   0  10322
10  10366  2   0  10366
11  8330  2   0  8330
12  10362  3   0  3  10359
13  10312  2   2  10310
14  10252  2   17  10235
15  10400  2   4  10396
16  9270  2   0  9270
17  10144  2   0  10144
18  9232  2   12  9220
19  10208  2   0  10208
20  10199  3   0  0  10199
21  9868  3   0  0  9868
22  10404  2   0  10404
23  8750  2   0  8750
24  10335  3   0  1  10334
25  10404  2   0  10404
26  9054  3   0  0  9054
27  9736  4   0  1  2  9733
28  10066  3   1  0  10065
29  10404  3   14  4  10386
30  10300  2   0  10300
31  10406  2   2  10404
32  10406  2   8  10398
33  10132  3   0  0  10132
34  10306  2   0  10306
35  8522  5   0  0  0  0  8522
36  9796  3   0  0  9796
37  10329  3   1  0  10328
38  10334  3   0  0  10334
39  10191  3   2  1  10188
40  10406  4   0  14  957  9435
41  9798  3   0  0  9798
42  10330  2   1  10329
43  10229  3   0  0  10229
44  9733  3   0  1  9732
45  10404  2   0  10404
46  9730  2   1  9729
47  10339  3   0  8  10331
48  10223  5   0  0  0  0  10223
49  10406  2   0  10406
50  9726  2   0  9726
51  10346  2   0  10346
52  10406  3   1  0  10405
53  10358  2   0  10358
54  10340  2   1  10339
55  10406  2   0  10406
56  10360  2   0  10360
57  10406  2   0  10406
58  10363  3   2  0  10361
59  10406  3   0  2  10404
60  10276  2   0  10276
61  10298  3   0  0  10298
62  10342  2   0  10342
63  9810  2   0  9810
64  10298  2   1  10297
65  10406  3   0  0  10406
66  10358  2   0  10358
67  9818  2   0  9818
68  9808  2   1  9807
69  10362  2   0  10362
70  10406  3   0  16  10390
71  10346  2   0  10346
72  10322  2   0  10322
73  10364  3   1  0  10363
74  9806  2   0  9806
75  10338  2   0  10338
76  10406  2   113  10293
77  10326  2   0  10326
78  10406  2   0  10406
79  9806  2   1  9805
80  10323  4   0  1  0  10322
81  10334  2   0  10334
82  10342  2   0  10342
83  10406  4   1  0  1  10404
84  10344  3   0  1  10343
85  10406  4   1  0  0  10405
86  10279  3   1  1  10277
87  10406  2   0  10406
88  10240  3   0  1  10239
89  9872  2   0  9872
90  10354  2   0  10354
91  9871  3   0  1  9870
92  10202  3   0  0  10202
93  10406  2   0  10406
94  10084  2   2  10082
95  10357  3   0  2  10355
96  9873  4   0  1  0  9872
97  10126  2   0  10126
98  9802  2   19  9783
99  10396  2   0  10396
100  10374  2   0  10374
101  9792  2   388  9404
102  10358  2   0  10358
103  10380  3   0  0  10380
104  9866  2   0  9866
105  10380  2   0  10380
106  9794  2   0  9794
107  9914  2   0  9914
108  10406  2   0  10406
109  10358  2   0  10358
110  10380  2   0  10380
111  10406  3   0  0  10406
112  10406  2   0  10406
113  10344  2   0  10344
114  10406  4   220  0  3  10183
115  10338  3   0  7  10331
116  9798  3   1  0  9797
117  10224  4   0  1  0  10223
118  10406  2   0  10406
119  10406  3   0  0  10406
120  10374  2   0  10374
121  10406  2   0  10406
122  10326  3   0  0  10326
123  10206  2   0  10206
124  10196  2   0  10196
125  9804  3   0  0  9804
126  10370  2   1  10369
127  9796  2   0  9796
128  10406  2   0  10406
129  10360  2   0  10360
130  10152  2   0  10152
131  10374  2   0  10374
132  10406  3   0  0  10406
133  10183  3   0  0  10183
134  9796  2   0  9796
135  10140  2   2  10138
136  10378  2   3  10375
137  10406  3   1  1  10404
138  10404  4   0  0  18  10386
139  10380  4   0  0  0  10380
140  10386  3   1  1  10384
141  10393  4   0  0  0  10393
142  9796  2   0  9796
143  9680  2   0  9680
144  10404  2   7  10397
145  10034  2   1  10033
146  10370  3   0  0  10370
147  9530  2   0  9530
148  10372  3   14  0  10358
149  9993  3   0  0  9993
150  9550  2   0  9550
151  10404  3   0  0  10404
152  10004  2   0  10004
153  9554  2   0  9554
154  10403  4   113  0  0  10290
155  10402  3   0  0  10402
156  10388  2   0  10388
157  10376  2   0  10376
158  9948  2   1  9947
159  10382  2   0  10382
160  9605  3   2  0  9603
161  10406  3   0  0  10406
162  9830  2   0  9830
163  10342  2   0  10342
164  9906  2   0  9906
165  10311  3   0  0  10311
166  9611  3   0  0  9611
167  10404  2   0  10404
168  9812  3   0  0  9812
169  10388  2   0  10388
170  10404  3   0  0  10404
171  10334  2   0  10334
172  9902  3   0  0  9902
173  9672  2   0  9672
174  10402  3   0  0  10402
175  10392  2   1  10391
176  10324  2   0  10324
177  9802  2   0  9802
178  10392  3   0  0  10392
179  10406  2   6  10400
180  10359  3   0  0  10359
181  10391  4   2  0  2  10387
182  9716  2   0  9716
183  10404  4   0  0  1  10403
184  10394  3   0  0  10394
185  10392  2   1  10391
186  10354  2   0  10354
187  10406  2   0  10406
188  9726  2   0  9726
189  10392  2   2  10390
190  10406  3   0  0  10406
191  9731  3   0  0  9731
192  10396  2   0  10396
193  9732  2   0  9732
194  10334  3   0  1  10333
195  10406  3   0  0  10406
196  10388  2   0  10388
197  10406  4   0  1  0  10405
198  10317  3   1  0  10316
199  10308  2   4  10304
200  10406  5   0  0  0  1  10405
201  10382  2   0  10382
202  10386  3   0  1  10385
203  10270  3   2  0  10268
204  10308  3   0  0  10308
205  10258  2   0  10258
206  10406  2   0  10406
207  10406  7   4  0  1  0  0  0  10401
208  10406  3   0  1  10405
209  10406  2   0  10406
210  10184  2   1  10183
211  10406  2   1  10405
212  10336  2   0  10336
213  8963  3   0  0  8963
214  10114  2   1  10113
215  10392  2   3  10389
216  9457  3   0  0  9457
217  10048  3   0  0  10048
218  10406  2   0  10406
219  10406  2   0  10406
220  10406  2   3  10403
221  10406  2   4  10402
222  5440  3   0  0  5440
223  10399  3   0  8065  2334
224  10354  2   0  10354
225  10400  2   1333  9067
226  10406  2   1  10405
227  10406  3   0  1  10405
228  10196  3   2  0  10194
229  10354  2   0  10354
230  10406  2   0  10406
231  2799  3   0  0  2799
232  10390  3   0  0  10390
233  10406  2   0  10406
234  10356  2   0  10356
235  10392  2   0  10392
236  10406  3   1  0  10405
237  10406  2   0  10406
238  10391  3   0  0  10391
239  10406  2   1  10405
240  10365  3   0  0  10365
241  10370  3   0  0  10370
242  10406  2   0  10406
243  10406  2   0  10406
244  10392  2   0  10392
245  10398  2   1  10397
246  10398  3   0  0  10398
247  4920  2   0  4920
248  10382  3   0  1  10381
249  10406  2   1420  8986
250  10398  2   0  10398
251  8156  3   0  1  8155
252  10354  3   0  0  10354
253  8459  3   2  0  8457
254  10396  3   0  2  10394
255  10404  2   12  10392
256  10354  2   0  10354
257  10384  3   0  0  10384
258  8847  3   0  0  8847
259  10354  2   1  10353
260  10356  2   0  10356
261  10396  4   1  0  1  10394
262  10384  2   0  10384
263  10406  3   0  0  10406
264  8444  2   0  8444
265  10358  3   0  0  10358
266  10338  3   0  0  10338
267  2548  2   1  2547
268  10406  2   2  10404
269  9694  2   0  9694
270  10384  2   0  10384
271  10406  3   0  0  10406
272  10406  3   0  0  10406
273  9690  2   0  9690
274  10406  2   0  10406
275  10388  2   0  10388
276  10362  3   0  0  10362
277  10364  2   0  10364
278  10372  2   0  10372
279  10370  3   1  0  10369
280  10372  3   0  1  10371
281  2340  2   0  2340
282  10362  2   0  10362
283  10047  3   0  0  10047
284  10368  2   0  10368
285  10392  2   0  10392
286  10358  2   0  10358
287  10406  3   0  1  10405
288  10392  3   0  0  10392
289  10392  3   0  0  10392
290  3144  2   3  3141
291  9590  3   0  0  9590
292  10402  2   0  10402
293  8556  3   0  0  8556
294  10390  2   0  10390
295  9602  2   0  9602
296  10406  3   0  0  10406
297  10218  3   3  0  10215
298  10402  3   0  0  10402
299  8296  3   0  1  8295
300  10378  2   0  10378
301  10406  4   0  0  0  10406
302  10396  2   0  10396
303  10322  2   0  10322
304  10402  3   0  2  10400
305  10378  3   7  1  10370
306  10406  2   3  10403
307  10403  3   0  0  10403
308  9699  3   0  0  9699
309  10406  3   0  0  10406
310  9703  3   0  0  9703
311  10396  3   0  0  10396
312  10406  2   126  10280
313  10404  2   0  10404
314  10396  2   18  10378
315  10406  4   0  0  0  10406
316  10392  2   0  10392
317  10406  3   0  0  10406
318  10160  2   0  10160
319  10396  3   0  0  10396
320  10406  4   0  0  26  10380
321  10406  2   0  10406
322  10406  3   0  2  10404
323  10296  2   0  10296
324  10406  3   0  0  10406
325  9750  2   0  9750
326  10406  4   0  0  0  10406
327  2654  2   1  2653
328  9998  2   0  9998
329  9756  2   0  9756
330  10402  2   0  10402
331  10294  2   2  10292
332  10406  2   0  10406
333  9768  2   0  9768
334  10402  2   3  10399
335  10405  4   0  0  0  10405
336  9768  3   0  0  9768
337  9770  2   0  9770
338  10402  3   0  0  10402
339  10306  2   34  10272
340  10404  5   0  1  0  0  10403
341  10382  3   0  0  10382
342  10402  3   0  0  10402
343  10388  2   0  10388
344  10402  2   0  10402
345  10406  3   0  0  10406
346  10316  2   0  10316
347  10394  2   0  10394
348  10396  2   0  10396
349  10402  3   0  0  10402
350  10398  2   0  10398
351  10406  3   0  0  10406
352  10375  3   0  0  10375
353  10406  4   0  0  0  10406
354  10374  3   0  0  10374
355  10396  3   0  0  10396
356  10402  3   0  0  10402
357  10399  4   0  0  0  10399
358  10406  3   0  0  10406
359  10396  2   0  10396
360  10400  3   0  0  10400
361  10406  3   0  0  10406
362  9770  2   0  9770
363  10400  3   0  0  10400
364  10404  2   0  10404
365  10406  2   2  10404
366  10370  2   0  10370
367  10406  2   21  10385
368  10328  5   1  0  0  0  10327
369  10394  3   0  0  10394
370  10402  2   1  10401
371  10402  5   0  0  0  0  10402
372  10331  4   0  0  0  10331
373  10402  2   0  10402
374  10308  3   0  0  10308
375  10406  4   0  0  2  10404
376  9772  2   0  9772
377  10393  3   1  0  10392
378  10356  2   0  10356
379  10406  3   34  0  10372
380  10282  2   0  10282
381  10402  2   0  10402
382  10406  2   1  10405
383  10404  2   0  10404
384  9769  4   0  0  0  9769
385  9770  2   1595  8175
386  10342  3   0  0  10342
387  10236  2   20  10216
388  10400  2   1  10399
389  10347  3   0  0  10347
390  10348  2   0  10348
391  10400  3   0  0  10400
392  10350  2   0  10350
393  10392  3   0  0  10392
394  10394  2   0  10394
395  10400  3   0  1  10399
396  10406  3   0  0  10406
397  10404  2   71  10333
398  10406  3   0  0  10406
399  10392  2   2  10390
400  10400  3   0  0  10400
401  10402  2   0  10402
402  10398  2   0  10398
403  10392  3   0  0  10392
404  10406  2   0  10406
405  10398  3   0  0  10398
406  10358  3   5  0  10353
407  10406  2   0  10406
408  10384  3   0  1  10383
409  10406  2   1  10405
410  9684  2   0  9684
411  10406  4   0  0  2  10404
412  10366  3   0  0  10366
413  10402  3   0  0  10402
414  10388  2   0  10388
415  10392  3   3  0  10389
416  4828  2   0  4828
417  10368  3   0  1  10367
418  9646  2   0  9646
419  10401  3   0  0  10401
420  10388  4   0  0  0  10388
421  10380  3   2  0  10378
422  10400  2   0  10400
423  10387  3   214  2  10171
424  10406  3   0  0  10406
425  10398  3   0  0  10398
426  10372  4   0  0  2668  7704
427  10374  2   0  10374
428  10406  2   0  10406
429  10402  2   0  10402
430  10307  3   0  0  10307
431  10368  2   0  10368
432  9798  2   0  9798
433  10404  4   0  0  0  10404
434  5122  2   0  5122
435  10378  2   0  10378
436  10404  4   0  0  1  10403
437  10378  2   4  10374
438  10400  3   0  0  10400
439  10404  2   0  10404
440  10404  3   0  0  10404
441  10385  4   0  1  1  10383
442  10386  2   0  10386
443  10394  2   0  10394
444  10406  3   0  0  10406
445  10400  3   0  0  10400
446  10400  2   2  10398
447  10404  2   1432  8972
448  10386  4   0  0  1  10385
449  10406  2   5  10401
450  10404  4   0  0  16  10388
451  10406  4   1  3  0  10402
452  10406  3   0  0  10406
453  10400  2   7021  3379
454  10110  2   0  10110
455  10398  2   0  10398
456  10331  3   0  0  10331
457  10404  3   0  0  10404
458  10404  2   1  10403
459  9800  2   1  9799
460  10406  2   0  10406
461  9802  2   1  9801
462  10382  2   0  10382
463  10382  2   2  10380

[pop]=2
1  11578  3   0  0  11578
2  11544  4   1  0  0  11543
3  11578  2   0  11578
4  11572  3   0  0  11572
5  11526  2   0  11526
6  11571  3   0  0  11571
7  11542  2   2  11540
8  11526  2   0  11526
9  11544  2   0  11544
10  11578  2   0  11578
11  9544  2   0  9544
12  11526  3   0  0  11526
13  11528  2   0  11528
14  11554  2   1  11553
15  11576  2   0  11576
16  10164  2   0  10164
17  11550  2   2  11548
18  9978  2   330  9648
19  11552  2   0  11552
20  11560  3   0  0  11560
21  11128  3   0  0  11128
22  11578  2   0  11578
23  10248  2   0  10248
24  11532  3   0  0  11532
25  11578  2   0  11578
26  9492  3   0  0  9492
27  11564  4   3  15  2  11544
28  11318  3   0  0  11318
29  11577  3   1  0  11576
30  11568  2   4  11564
31  11578  2   0  11578
32  11578  2   34  11544
33  11548  3   0  0  11548
34  11568  2   0  11568
35  10126  5   0  0  0  4  10122
36  11429  3   0  0  11429
37  11523  3   0  0  11523
38  11523  3   0  1  11522
39  11439  3   0  0  11439
40  11578  4   0  0  2192  9386
41  11436  3   0  0  11436
42  11570  2   1  11569
43  11473  3   0  0  11473
44  11570  3   0  0  11570
45  11578  2   0  11578
46  11570  2   1  11569
47  11382  3   0  2  11380
48  11424  5   0  0  0  0  11424
49  11578  2   2  11576
50  11568  2   1  11567
51  11390  2   0  11390
52  11578  3   0  0  11578
53  11540  2   0  11540
54  11568  2   0  11568
55  11578  2   0  11578
56  11534  2   0  11534
57  11578  2   0  11578
58  11543  3   0  0  11543
59  11576  3   0  3  11573
60  11466  2   0  11466
61  11511  3   0  0  11511
62  11566  2   1  11565
63  11572  2   0  11572
64  11480  2   0  11480
65  11578  3   0  0  11578
66  11548  2   0  11548
67  11550  2   1  11549
68  11572  2   0  11572
69  11550  2   3  11547
70  11578  3   0  11  11567
71  11412  2   0  11412
72  11502  2   2  11500
73  11552  3   0  0  11552
74  11574  2   0  11574
75  11410  2   0  11410
76  11578  2   8  11570
77  11506  2   0  11506
78  11578  2   0  11578
79  11574  2   3  11571
80  11393  4   0  0  0  11393
81  11536  2   0  11536
82  11540  2   0  11540
83  11578  4   0  0  0  11578
84  11545  3   0  0  11545
85  11578  4   0  0  0  11578
86  11534  3   0  0  11534
87  11578  2   0  11578
88  11310  3   1  0  11309
89  11568  2   0  11568
90  11554  2   0  11554
91  11568  3   0  0  11568
92  11505  3   0  0  11505
93  11578  2   0  11578
94  11188  2   21  11167
95  11560  3   0  1  11559
96  11567  4   0  0  0  11567
97  11456  2   0  11456
98  11570  2   1  11569
99  11578  2   0  11578
100  11562  2   0  11562
101  11526  2   12  11514
102  11566  2   0  11566
103  11566  3   0  0  11566
104  11568  2   0  11568
105  11578  2   0  11578
106  11526  2   0  11526
107  11260  2   5  11255
108  11578  2   0  11578
109  11566  2   3  11563
110  11566  2   0  11566
111  11578  3   0  9  11569
112  11578  2   1  11577
113  11568  2   1  11567
114  11578  4   9  0  0  11569
115  11568  3   1  0  11567
116  11568  3   0  1  11567
117  11548  4   0  0  2  11546
118  11578  2   4  11574
119  11578  3   0  1  11577
120  11508  2   2  11506
121  11578  2   1  11577
122  11481  3   0  0  11481
123  11546  2   0  11546
124  11304  2   1  11303
125  11538  3   0  0  11538
126  11552  2   0  11552
127  11568  2   0  11568
128  11578  2   0  11578
129  11530  2   0  11530
130  11530  2   0  11530
131  11556  2   1  11555
132  11578  3   1  0  11577
133  11284  3   1  9  11274
134  11566  2   1  11565
135  11266  2   0  11266
136  11544  2   6  11538
137  11578  3   0  0  11578
138  11578  4   0  0  24  11554
139  11543  4   0  0  1  11542
140  11558  3   0  0  11558
141  11570  4   0  0  0  11570
142  11566  2   0  11566
143  11500  2   1  11499
144  11578  2   1  11577
145  11148  2   0  11148
146  11558  3   0  0  11558
147  11484  2   0  11484
148  11557  3   0  5  11552
149  11101  3   0  0  11101
150  11502  2   0  11502
151  11578  3   0  0  11578
152  11502  2   0  11502
153  11506  2   0  11506
154  11576  4   8  1  1  11566
155  11573  3   0  0  11573
156  11558  2   0  11558
157  11540  2   7  11533
158  11484  2   0  11484
159  11564  2   0  11564
160  11531  3   0  0  11531
161  11576  3   0  0  11576
162  10986  2   0  10986
163  11492  2   1  11491
164  11480  2   0  11480
165  11457  3   0  0  11457
166  11535  3   5  0  11530
167  11518  2   0  11518
168  10982  3   0  0  10982
169  11566  2   2  11564
170  11559  3   0  0  11559
171  11478  2   0  11478
172  11479  3   0  0  11479
173  11550  2   0  11550
174  11507  3   0  0  11507
175  11566  2   4  11562
176  11474  2   0  11474
177  11534  2   1  11533
178  11566  3   0  0  11566
179  11568  2   0  11568
180  11566  3   0  0  11566
181  11567  4   0  0  1  11566
182  11554  2   3  11551
183  11576  4   0  0  1  11575
184  11568  3   0  0  11568
185  11488  2   0  11488
186  11536  2   0  11536
187  11568  2   0  11568
188  11554  2   1  11553
189  11480  2   0  11480
190  11578  3   0  0  11578
191  11555  3   0  0  11555
192  11570  2   8  11562
193  11556  2   0  11556
194  11532  3   1  0  11531
195  11578  3   0  1  11577
196  11560  2   0  11560
197  11578  4   0  0  0  11578
198  11519  3   0  0  11519
199  11512  2   1  11511
200  11578  5   2  0  0  0  11576
201  11570  2   0  11570
202  11561  3   0  5  11556
203  11486  3   0  0  11486
204  11524  3   0  0  11524
205  11476  2   2  11474
206  11578  2   3  11575
207  11578  7   0  0  0  0  1  2  11575
208  11578  3   0  0  11578
209  11576  2   0  11576
210  11418  2   0  11418
211  11578  2   0  11578
212  11524  2   0  11524
213  9460  3   0  0  9460
214  11354  2   0  11354
215  11578  2   0  11578
216  10319  3   0  0  10319
217  11264  3   0  0  11264
218  11578  2   0  11578
219  11578  2   0  11578
220  11578  2   1  11577
221  11578  2   14  11564
222  3844  3   0  0  3844
223  11574  3   0  6290  5284
224  11540  2   1  11539
225  11576  2   77  11499
226  11578  2   0  11578
227  11578  3   0  0  11578
228  11362  3   1  2  11359
229  11540  2   0  11540
230  11578  2   0  11578
231  746  3   0  0  746
232  11564  3   0  1  11563
233  11578  2   0  11578
234  11540  2   0  11540
235  11566  2   0  11566
236  11578  3   0  0  11578
237  11578  2   1  11577
238  11566  3   4  0  11562
239  11578  2   7  11571
240  11540  3   1  0  11539
241  11568  3   0  0  11568
242  11578  2   0  11578
243  11576  2   2  11574
244  11564  2   0  11564
245  11578  2   0  11578
246  11578  3   1  0  11577
247  3266  2   0  3266
248  11572  3   0  0  11572
249  11578  2   57  11521
250  11578  2   0  11578
251  7783  3   2  0  7781
252  11521  3   0  0  11521
253  8623  3   0  0  8623
254  11576  3   0  0  11576
255  11578  2   0  11578
256  11530  2   0  11530
257  11572  3   11  0  11561
258  9455  3   0  0  9455
259  11530  2   3  11527
260  11530  2   0  11530
261  11576  4   0  0  0  11576
262  11568  2   2  11566
263  11578  3   1  1  11576
264  8990  2   0  8990
265  11530  3   0  0  11530
266  11568  3   0  4  11564
267  604  2   0  604
268  11574  2   0  11574
269  11384  2   1  11383
270  11566  2   0  11566
271  11574  3   0  0  11574
272  11578  3   0  0  11578
273  11382  2   1  11381
274  11574  2   0  11574
275  11576  2   0  11576
276  11528  3   0  0  11528
277  11566  2   0  11566
278  11560  2   0  11560
279  11560  3   0  2  11558
280  11558  3   1  0  11557
281  466  2   0  466
282  11572  2   0  11572
283  10774  3   1  0  10773
284  11558  2   0  11558
285  11576  2   0  11576
286  11558  2   0  11558
287  11574  3   0  0  11574
288  11576  3   0  0  11576
289  11576  3   2  0  11574
290  958  2   0  958
291  11536  3   0  0  11536
292  11574  2   0  11574
293  8760  3   0  0  8760
294  11572  2   0  11572
295  11538  2   0  11538
296  11578  3   1  0  11577
297  11147  3   1  0  11146
298  11568  3   0  0  11568
299  8074  3   0  0  8074
300  11548  2   2  11546
301  11576  4   0  0  1  11575
302  11574  2   0  11574
303  11554  2   0  11554
304  11567  3   2  0  11565
305  11550  3   1  0  11549
306  11572  2   0  11572
307  11558  3   0  1  11557
308  11556  3   0  0  11556
309  11572  3   0  0  11572
310  11554  3   0  1  11553
311  11563  3   0  1  11562
312  11570  2   3  11567
313  11560  2   0  11560
314  11566  2   3  11563
315  11576  4   0  0  0  11576
316  11574  2   0  11574
317  11576  3   0  0  11576
318  11132  2   0  11132
319  11568  3   0  0  11568
320  11578  4   0  0  3  11575
321  11570  2   1  11569
322  11576  3   0  0  11576
323  11516  2   0  11516
324  11576  3   0  0  11576
325  11566  2   0  11566
326  11570  4   0  0  1  11569
327  512  2   0  512
328  10952  2   0  10952
329  11568  2   0  11568
330  11574  2   0  11574
331  11522  2   0  11522
332  11568  2   0  11568
333  11564  2   0  11564
334  11574  2   0  11574
335  11576  4   0  0  0  11576
336  11564  3   0  0  11564
337  11564  2   0  11564
338  11574  3   0  0  11574
339  11532  2   0  11532
340  11568  5   0  0  0  0  11568
341  11568  3   0  1  11567
342  11573  3   0  0  11573
343  11570  2   2  11568
344  11568  2   0  11568
345  11576  3   0  0  11576
346  11538  2   0  11538
347  11574  2   0  11574
348  11566  2   0  11566
349  11574  3   0  0  11574
350  11574  2   0  11574
351  11576  3   0  0  11576
352  11568  3   1  1  11566
353  11576  4   0  0  1  11575
354  11567  3   0  0  11567
355  11570  3   0  0  11570
356  11574  3   1  0  11573
357  11578  4   0  0  1  11577
358  11576  3   0  0  11576
359  11568  2   0  11568
360  11574  3   0  0  11574
361  11576  3   0  0  11576
362  11564  2   0  11564
363  11578  3   0  0  11578
364  11576  2   1  11575
365  11576  2   0  11576
366  11560  2   0  11560
367  11576  2   2  11574
368  11542  5   2  1  0  0  11539
369  11566  3   1  0  11565
370  11574  2   1  11573
371  11578  5   1  0  2  0  11575
372  11541  4   0  0  0  11541
373  11578  2   1  11577
374  11536  3   0  3  11533
375  11576  4   0  0  0  11576
376  11566  2   0  11566
377  11560  3   0  1  11559
378  11552  2   0  11552
379  11574  3   0  0  11574
380  11524  2   31  11493
381  11578  2   3  11575
382  11574  2   0  11574
383  11574  2   0  11574
384  11565  4   0  0  0  11565
385  11562  2   550  11012
386  11550  3   0  0  11550
387  11502  2   0  11502
388  11574  2   0  11574
389  11547  3   0  0  11547
390  11504  2   0  11504
391  11574  3   0  1  11573
392  11548  2   0  11548
393  11574  3   0  0  11574
394  11560  2   0  11560
395  11574  3   0  0  11574
396  11572  3   0  0  11572
397  11570  2   1  11569
398  11569  3   1  0  11568
399  11574  2   0  11574
400  11572  3   0  0  11572
401  11570  2   0  11570
402  11564  2   1  11563
403  11574  3   10  0  11564
404  11574  2   1  11573
405  11570  3   4  0  11566
406  11552  3   0  0  11552
407  11576  2   0  11576
408  11564  3   1  0  11563
409  11574  2   1  11573
410  11542  2   1  11541
411  11578  4   5  0  1  11572
412  11558  3   1  0  11557
413  11570  3   0  0  11570
414  11574  2   3  11571
415  11566  3   2  0  11564
416  2756  2   0  2756
417  11560  3   1  0  11559
418  11536  2   0  11536
419  11570  3   0  0  11570
420  11517  4   2  0  0  11515
421  11558  3   0  0  11558
422  11570  2   0  11570
423  11574  3   10  0  11564
424  11578  3   0  0  11578
425  11572  3   0  0  11572
426  11495  4   0  0  389  11106
427  11562  2   0  11562
428  11578  2   0  11578
429  11572  2   0  11572
430  11453  3   0  0  11453
431  11552  2   0  11552
432  11570  2   0  11570
433  11572  4   1  0  1  11570
434  3190  2   0  3190
435  11578  2   0  11578
436  11572  4   0  0  1  11571
437  11562  2   3  11559
438  11570  3   0  0  11570
439  11574  2   0  11574
440  11578  3   2  1  11575
441  11562  4   0  0  0  11562
442  11562  2   0  11562
443  11578  2   1  11577
444  11578  3   0  0  11578
445  11570  3   0  0  11570
446  11572  2   0  11572
447  11576  2   82  11494
448  11576  4   0  0  0  11576
449  11578  2   15  11563
450  11576  4   0  0  0  11576
451  11578  4   0  0  0  11578
452  11578  3   1  0  11577
453  11572  2   3295  8277
454  11464  2   1  11463
455  11578  2   0  11578
456  11557  3   0  0  11557
457  11578  3   0  0  11578
458  11574  2   13  11561
459  11570  2   2  11568
460  11578  2   0  11578
461  11570  2   0  11570
462  11570  2   0  11570
463  11556  2   0  11556

[pop]=3
1  8654  3   0  0  8654
2  8616  4   0  0  0  8616
3  8654  2   0  8654
4  8652  3   0  0  8652
5  8644  2   0  8644
6  8652  3   0  0  8652
7  8646  2   0  8646
8  8650  2   1  8649
9  8618  2   0  8618
10  8654  2   0  8654
11  7666  2   0  7666
12  8646  3   0  0  8646
13  8642  2   0  8642
14  8594  2   0  8594
15  8654  2   0  8654
16  8106  2   2  8104
17  8606  2   0  8606
18  8010  2   16  7994
19  8590  2   0  8590
20  8620  3   0  0  8620
21  8389  3   0  0  8389
22  8654  2   10  8644
23  8154  2   0  8154
24  8640  3   0  0  8640
25  8654  2   0  8654
26  7793  3   0  0  7793
27  8611  4   0  0  1  8610
28  8506  3   0  0  8506
29  8654  3   0  0  8654
30  8624  2   0  8624
31  8654  2   0  8654
32  8654  2   0  8654
33  8590  3   0  0  8590
34  8630  2   0  8630
35  8032  5   0  0  0  0  8032
36  8605  3   1  0  8604
37  8638  3   2  1  8635
38  8637  3   0  0  8637
39  8598  3   0  0  8598
40  8650  4   0  0  1825  6825
41  8605  3   0  0  8605
42  8634  2   0  8634
43  8622  3   0  0  8622
44  8612  3   0  0  8612
45  8654  2   0  8654
46  8612  2   0  8612
47  8634  3   0  0  8634
48  8620  5   0  0  0  0  8620
49  8654  2   0  8654
50  8612  2   66  8546
51  8634  2   1  8633
52  8654  3   0  0  8654
53  8640  2   0  8640
54  8636  2   0  8636
55  8654  2   0  8654
56  8636  2   0  8636
57  8654  2   8  8646
58  8640  3   0  0  8640
59  8654  3   0  0  8654
60  8628  2   1  8627
61  8637  3   0  0  8637
62  8636  2   0  8636
63  8622  2   0  8622
64  8630  2   0  8630
65  8654  3   0  0  8654
66  8636  2   7  8629
67  8594  2   0  8594
68  8622  2   0  8622
69  8638  2   0  8638
70  8654  3   0  0  8654
71  8640  2   0  8640
72  8632  2   0  8632
73  8636  3   0  0  8636
74  8622  2   0  8622
75  8640  2   0  8640
76  8654  2   0  8654
77  8632  2   0  8632
78  8654  2   0  8654
79  8622  2   0  8622
80  8637  4   0  0  0  8637
81  8634  2   0  8634
82  8638  2   3  8635
83  8654  4   0  1  0  8653
84  8638  3   0  0  8638
85  8654  4   0  0  0  8654
86  8582  3   0  0  8582
87  8654  2   0  8654
88  8620  3   0  0  8620
89  8610  2   0  8610
90  8638  2   0  8638
91  8612  3   0  0  8612
92  8532  3   0  0  8532
93  8654  2   0  8654
94  8444  2   0  8444
95  8630  3   0  1  8629
96  8613  4   0  0  0  8613
97  8480  2   0  8480
98  8624  2   0  8624
99  8654  2   0  8654
100  8642  2   0  8642
101  8618  2   0  8618
102  8630  2   0  8630
103  8642  3   0  0  8642
104  8622  2   0  8622
105  8654  2   2  8652
106  8618  2   0  8618
107  8314  2   0  8314
108  8654  2   0  8654
109  8630  2   0  8630
110  8644  2   0  8644
111  8654  3   0  0  8654
112  8654  2   0  8654
113  8624  2   0  8624
114  8654  4   11  0  0  8643
115  8621  3   0  0  8621
116  8622  3   0  0  8622
117  8599  4   0  0  0  8599
118  8654  2   0  8654
119  8653  3   11  0  8642
120  8646  2   0  8646
121  8654  2   0  8654
122  8638  3   0  0  8638
123  8600  2   0  8600
124  8586  2   0  8586
125  8626  3   0  0  8626
126  8636  2   0  8636
127  8624  2   0  8624
128  8654  2   6  8648
129  8644  2   0  8644
130  8596  2   0  8596
131  8642  2   0  8642
132  8654  3   0  0  8654
133  8562  3   0  0  8562
134  8622  2   7  8615
135  8550  2   5  8545
136  8650  2   50  8600
137  8654  3   0  0  8654
138  8654  4   1  1  0  8652
139  8651  4   1  0  0  8650
140  8650  3   0  0  8650
141  8654  4   0  1  1  8652
142  8624  2   2  8622
143  8590  2   0  8590
144  8654  2   0  8654
145  8488  2   0  8488
146  8646  3   0  5  8641
147  8554  2   3  8551
148  8646  3   0  0  8646
149  8486  3   0  1  8485
150  8570  2   0  8570
151  8654  3   0  0  8654
152  8562  2   0  8562
153  8568  2   0  8568
154  8654  4   0  0  0  8654
155  8654  3   2  0  8652
156  8650  2   0  8650
157  8648  2   0  8648
158  8550  2   0  8550
159  8648  2   0  8648
160  8596  3   0  0  8596
161  8654  3   2  0  8652
162  8386  2   4  8382
163  8640  2   0  8640
164  8538  2   0  8538
165  8615  3   0  0  8615
166  8602  3   0  0  8602
167  8646  2   0  8646
168  8373  3   0  3  8370
169  8648  2   0  8648
170  8653  3   4  0  8649
171  8640  2   0  8640
172  8534  3   0  0  8534
173  8606  2   0  8606
174  8640  3   0  0  8640
175  8648  2   0  8648
176  8622  2   123  8499
177  8620  2   0  8620
178  8648  3   0  0  8648
179  8654  2   0  8654
180  8639  3   0  0  8639
181  8647  4   0  0  1  8646
182  8608  2   0  8608
183  8654  4   0  0  1  8653
184  8648  3   0  0  8648
185  8634  2   0  8634
186  8642  2   0  8642
187  8654  2   0  8654
188  8610  2   0  8610
189  8634  2   0  8634
190  8654  3   0  0  8654
191  8612  3   0  2  8610
192  8650  2   0  8650
193  8612  2   0  8612
194  8628  3   0  0  8628
195  8654  3   0  0  8654
196  8650  2   3  8647
197  8654  4   0  0  2  8652
198  8604  3   0  0  8604
199  8594  2   0  8594
200  8654  5   0  0  0  1  8653
201  8648  2   0  8648
202  8649  3   0  0  8649
203  8564  3   0  0  8564
204  8624  3   0  0  8624
205  8552  2   0  8552
206  8654  2   1  8653
207  8654  7   0  1  0  0  0  0  8653
208  8654  3   0  0  8654
209  8654  2   0  8654
210  8506  2   0  8506
211  8654  2   0  8654
212  8630  2   16  8614
213  7494  3   0  1  7493
214  8450  2   0  8450
215  8648  2   0  8648
216  7997  3   0  0  7997
217  8408  3   0  0  8408
218  8654  2   0  8654
219  8654  2   0  8654
220  8654  2   0  8654
221  8654  2   0  8654
222  4050  3   0  0  4050
223  8636  3   0  4566  4070
224  8636  2   0  8636
225  8644  2   0  8644
226  8654  2   1  8653
227  8650  3   0  0  8650
228  8593  3   2  0  8591
229  8638  2   0  8638
230  8654  2   0  8654
231  1466  3   0  0  1466
232  8650  3   0  0  8650
233  8652  2   0  8652
234  8638  2   0  8638
235  8650  2   0  8650
236  8654  3   0  0  8654
237  8654  2   0  8654
238  8649  3   0  0  8649
239  8654  2   0  8654
240  8639  3   0  0  8639
241  8650  3   0  0  8650
242  8654  2   0  8654
243  8654  2   0  8654
244  8648  2   0  8648
245  8642  2   1  8641
246  8642  3   0  0  8642
247  3568  2   1  3567
248  8650  3   0  0  8650
249  8654  2   0  8654
250  8642  2   3  8639
251  7063  3   0  0  7063
252  8644  3   0  0  8644
253  7424  3   0  0  7424
254  8642  3   0  0  8642
255  8652  2   0  8652
256  8644  2   1  8643
257  8649  3   1  1  8647
258  7834  3   0  0  7834
259  8644  2   0  8644
260  8644  2   0  8644
261  8640  4   0  0  1  8639
262  8650  2   0  8650
263  8654  3   0  0  8654
264  7534  2   0  7534
265  8644  3   0  0  8644
266  8652  3   0  0  8652
267  1062  2   1  1061
268  8654  2   0  8654
269  8392  2   0  8392
270  8648  2   0  8648
271  8654  3   0  0  8654
272  8654  3   0  1  8653
273  8378  2   0  8378
274  8654  2   8  8646
275  8636  2   0  8636
276  8647  3   0  0  8647
277  8630  2   0  8630
278  8648  2   1  8647
279  8648  3   0  1  8647
280  8648  3   0  0  8648
281  788  2   0  788
282  8640  2   0  8640
283  8225  3   0  0  8225
284  8648  2   2  8646
285  8644  2   0  8644
286  8648  2   0  8648
287  8654  3   0  0  8654
288  8646  3   0  0  8646
289  8646  3   0  0  8646
290  1426  2   0  1426
291  8580  3   0  0  8580
292  8654  2   0  8654
293  7481  3   0  0  7481
294  8646  2   0  8646
295  8580  2   0  8580
296  8654  3   0  0  8654
297  8468  3   0  0  8468
298  8653  3   2  11  8640
299  7182  3   0  1  7181
300  8644  2   0  8644
301  8654  4   0  0  0  8654
302  8644  2   0  8644
303  8634  2   0  8634
304  8654  3   0  0  8654
305  8644  3   0  1  8643
306  8654  2   0  8654
307  8630  3   0  0  8630
308  8591  3   0  0  8591
309  8654  3   0  0  8654
310  8593  3   0  0  8593
311  8654  3   0  0  8654
312  8654  2   0  8654
313  8630  2   0  8630
314  8654  2   0  8654
315  8654  4   0  0  1  8653
316  8644  2   0  8644
317  8654  3   0  0  8654
318  8462  2   0  8462
319  8654  3   1  0  8653
320  8654  4   0  0  0  8654
321  8654  2   0  8654
322  8654  3   0  0  8654
323  8642  2   0  8642
324  8654  3   0  0  8654
325  8602  2   0  8602
326  8654  4   0  0  0  8654
327  694  2   0  694
328  8320  2   0  8320
329  8602  2   0  8602
330  8652  2   0  8652
331  8642  2   0  8642
332  8634  2   2  8632
333  8608  2   3  8605
334  8654  2   0  8654
335  8654  4   0  0  0  8654
336  8610  3   0  0  8610
337  8610  2   1  8609
338  8654  3   0  2  8652
339  8642  2   0  8642
340  8652  5   0  0  0  0  8652
341  8642  3   0  0  8642
342  8654  3   1  0  8653
343  8642  2   0  8642
344  8652  2   0  8652
345  8654  3   1  2  8651
346  8644  2   0  8644
347  8652  2   0  8652
348  8654  2   0  8654
349  8654  3   0  0  8654
350  8652  2   0  8652
351  8654  3   0  0  8654
352  8636  3   0  0  8636
353  8654  4   0  0  0  8654
354  8632  3   0  0  8632
355  8654  3   2  0  8652
356  8654  3   0  6  8648
357  8654  4   0  0  1  8653
358  8642  3   1  0  8641
359  8654  2   6  8648
360  8654  3   0  0  8654
361  8642  3   0  0  8642
362  8610  2   0  8610
363  8654  3   0  0  8654
364  8654  2   3  8651
365  8642  2   0  8642
366  8618  2   0  8618
367  8654  2   0  8654
368  8643  5   2  0  0  0  8641
369  8652  3   0  0  8652
370  8654  2   0  8654
371  8654  5   0  16  0  0  8638
372  8643  4   0  0  0  8643
373  8654  2   0  8654
374  8583  3   0  0  8583
375  8644  4   1  1  0  8642
376  8612  2   0  8612
377  8650  3   0  0  8650
378  8606  2   2  8604
379  8654  3   0  0  8654
380  8580  2   0  8580
381  8654  2   0  8654
382  8654  2   0  8654
383  8654  2   0  8654
384  8610  4   0  0  0  8610
385  8604  2   96  8508
386  8600  3   0  0  8600
387  8564  2   0  8564
388  8652  2   0  8652
389  8642  3   0  9  8633
390  8596  2   2  8594
391  8651  3   0  0  8651
392  8642  2   2  8640
393  8654  3   1  3  8650
394  8648  2   0  8648
395  8652  3   2  0  8650
396  8654  3   0  0  8654
397  8654  2   0  8654
398  8654  3   1  39  8614
399  8654  2   0  8654
400  8650  3   0  0  8650
401  8648  2   0  8648
402  8650  2   95  8555
403  8654  3   1  0  8653
404  8648  2   0  8648
405  8648  3   0  0  8648
406  8642  3   0  0  8642
407  8646  2   0  8646
408  8649  3   0  1  8648
409  8648  2   0  8648
410  8592  2   0  8592
411  8654  4   0  0  0  8654
412  8640  3   0  8  8632
413  8654  3   0  0  8654
414  8652  2   0  8652
415  8653  3   0  0  8653
416  3136  2   0  3136
417  8640  3   0  0  8640
418  8592  2   0  8592
419  8653  3   0  1  8652
420  8637  4   0  0  0  8637
421  8642  3   0  0  8642
422  8654  2   0  8654
423  8652  3   1  0  8651
424  8654  3   0  0  8654
425  8654  3   0  0  8654
426  8627  4   1  0  14  8612
427  8640  2   0  8640
428  8650  2   0  8650
429  8654  2   0  8654
430  8620  3   0  0  8620
431  8634  2   0  8634
432  8624  2   0  8624
433  8654  4   0  0  0  8654
434  3578  2   0  3578
435  8654  2   0  8654
436  8654  4   2  0  0  8652
437  8640  2   0  8640
438  8654  3   0  0  8654
439  8654  2   0  8654
440  8654  3   0  0  8654
441  8640  4   0  0  0  8640
442  8640  2   2  8638
443  8652  2   0  8652
444  8654  3   0  0  8654
445  8654  3   0  0  8654
446  8654  2   0  8654
447  8654  2   5  8649
448  8654  4   1  1  0  8652
449  8654  2   0  8654
450  8654  4   1  0  0  8653
451  8654  4   0  0  0  8654
452  8654  3   0  0  8654
453  8636  2   3203  5433
454  8546  2   0  8546
455  8650  2   3  8647
456  8638  3   0  0  8638
457  8652  3   0  0  8652
458  8654  2   0  8654
459  8626  2   0  8626
460  8652  2   0  8652
461  8626  2   0  8626
462  8650  2   6  8644
463  8640  2   2  8638

[pop]=4
1  6614  3   0  0  6614
2  6596  4   0  0  0  6596
3  6614  2   67  6547
4  6614  3   0  0  6614
5  6604  2   0  6604
6  6614  3   0  0  6614
7  6574  2   0  6574
8  6538  2   0  6538
9  6598  2   0  6598
10  6614  2   0  6614
11  4682  2   0  4682
12  6536  3   0  0  6536
13  6570  2   0  6570
14  6614  2   0  6614
15  6614  2   0  6614
16  6322  2   0  6322
17  6598  2   0  6598
18  6272  2   16  6256
19  6614  2   0  6614
20  6602  3   0  0  6602
21  6061  3   0  0  6061
22  6614  2   0  6614
23  5030  2   0  5030
24  6565  3   0  0  6565
25  6614  2   0  6614
26  6155  3   0  0  6155
27  6611  4   0  0  0  6611
28  6230  3   0  0  6230
29  6614  3   0  0  6614
30  6608  2   0  6608
31  6614  2   0  6614
32  6614  2   22  6592
33  6614  3   0  0  6614
34  6608  2   0  6608
35  4849  5   0  0  0  0  4849
36  6582  3   0  0  6582
37  6558  3   0  0  6558
38  6561  3   0  0  6561
39  6392  3   0  0  6392
40  6614  4   0  0  619  5995
41  6586  3   0  0  6586
42  6610  2   1  6609
43  6458  3   0  0  6458
44  6606  3   0  0  6606
45  6614  2   0  6614
46  6612  2   0  6612
47  6197  3   0  0  6197
48  6070  5   0  0  0  0  6070
49  6614  2   0  6614
50  6614  2   0  6614
51  6206  2   0  6206
52  6614  3   0  0  6614
53  6570  2   0  6570
54  6610  2   0  6610
55  6614  2   0  6614
56  6568  2   0  6568
57  6614  2   0  6614
58  6571  3   0  0  6571
59  6614  3   0  0  6614
60  6146  2   0  6146
61  6551  3   0  0  6551
62  6610  2   0  6610
63  6614  2   0  6614
64  6170  2   0  6170
65  6614  3   1  0  6613
66  6566  2   0  6566
67  6614  2   0  6614
68  6614  2   0  6614
69  6570  2   0  6570
70  6614  3   0  27  6587
71  6246  2   0  6246
72  6190  2   0  6190
73  6568  3   0  0  6568
74  6614  2   0  6614
75  6238  2   0  6238
76  6614  2   0  6614
77  6206  2   0  6206
78  6614  2   0  6614
79  6614  2   1  6613
80  6227  4   0  0  0  6227
81  6590  2   2  6588
82  6592  2   0  6592
83  6614  4   0  0  0  6614
84  6597  3   0  0  6597
85  6614  4   0  0  0  6614
86  6600  3   0  0  6600
87  6614  2   0  6614
88  6158  3   0  0  6158
89  6614  2   0  6614
90  6610  2   0  6610
91  6614  3   0  0  6614
92  6586  3   0  0  6586
93  6614  2   0  6614
94  6456  2   4  6452
95  6601  3   0  0  6601
96  6614  4   0  0  0  6614
97  6574  2   0  6574
98  6614  2   0  6614
99  6614  2   0  6614
100  6612  2   0  6612
101  6612  2   0  6612
102  6604  2   0  6604
103  6612  3   0  0  6612
104  6614  2   0  6614
105  6614  2   0  6614
106  6612  2   0  6612
107  6534  2   0  6534
108  6614  2   0  6614
109  6614  2   0  6614
110  6612  2   0  6612
111  6614  3   0  0  6614
112  6614  2   0  6614
113  6614  2   0  6614
114  6614  4   0  0  0  6614
115  6613  3   0  0  6613
116  6614  3   0  0  6614
117  6614  4   0  0  0  6614
118  6614  2   0  6614
119  6614  3   0  0  6614
120  6612  2   0  6612
121  6614  2   0  6614
122  6383  3   0  0  6383
123  6614  2   0  6614
124  6080  2   0  6080
125  6614  3   0  0  6614
126  6606  2   0  6606
127  6614  2   0  6614
128  6614  2   0  6614
129  6438  2   0  6438
130  6614  2   0  6614
131  6608  2   0  6608
132  6614  3   0  0  6614
133  6075  3   0  0  6075
134  6612  2   0  6612
135  6066  2   0  6066
136  6482  2   4  6478
137  6614  3   0  0  6614
138  6614  4   0  0  34  6580
139  6489  4   0  0  0  6489
140  6521  3   0  0  6521
141  6614  4   0  0  0  6614
142  6612  2   0  6612
143  6614  2   0  6614
144  6614  2   0  6614
145  6038  2   0  6038
146  6608  3   0  0  6608
147  6514  2   0  6514
148  6607  3   0  0  6607
149  6024  3   0  0  6024
150  6542  2   0  6542
151  6614  3   0  0  6614
152  6614  2   0  6614
153  6542  2   0  6542
154  6614  4   0  0  0  6614
155  6614  3   0  0  6614
156  6540  2   0  6540
157  6526  2   0  6526
158  6614  2   0  6614
159  6610  2   0  6610
160  6574  3   0  0  6574
161  6614  3   0  0  6614
162  6016  2   0  6016
163  6498  2   0  6498
164  6614  2   0  6614
165  6412  3   1  1  6410
166  6576  3   0  0  6576
167  6610  2   0  6610
168  6011  3   0  0  6011
169  6610  2   0  6610
170  6611  3   0  0  6611
171  6494  2   0  6494
172  6614  3   0  0  6614
173  6604  2   0  6604
174  6607  3   0  0  6607
175  6612  2   0  6612
176  6436  2   0  6436
177  6614  2   0  6614
178  6612  3   0  0  6612
179  6614  2   0  6614
180  6610  3   0  0  6610
181  6612  4   0  0  0  6612
182  6614  2   0  6614
183  6614  4   1  0  0  6613
184  6612  3   0  0  6612
185  6600  2   0  6600
186  6610  2   0  6610
187  6614  2   0  6614
188  6614  2   0  6614
189  6600  2   0  6600
190  6614  3   0  0  6614
191  6612  3   0  0  6612
192  6612  2   0  6612
193  6612  2   0  6612
194  6606  3   0  0  6606
195  6614  3   0  0  6614
196  6614  2   0  6614
197  6614  4   0  0  0  6614
198  6605  3   0  0  6605
199  6602  2   0  6602
200  6614  5   0  0  0  0  6614
201  6612  2   0  6612
202  6614  3   0  1  6613
203  6591  3   0  0  6591
204  6385  3   0  0  6385
205  6588  2   0  6588
206  6614  2   0  6614
207  6614  7   0  0  0  0  0  0  6614
208  6614  3   0  0  6614
209  6614  2   0  6614
210  6570  2   0  6570
211  6614  2   0  6614
212  6452  2   0  6452
213  5271  3   0  0  5271
214  6518  2   0  6518
215  6612  2   0  6612
216  5671  3   0  0  5671
217  6490  3   0  0  6490
218  6614  2   0  6614
219  6614  2   0  6614
220  6614  2   0  6614
221  6614  2   0  6614
222  3566  3   0  0  3566
223  6610  3   0  3306  3304
224  6466  2   0  6466
225  6614  2   0  6614
226  6614  2   0  6614
227  6614  3   0  0  6614
228  6302  3   0  0  6302
229  6448  2   6  6442
230  6614  2   0  6614
231  216  3   0  0  216
232  6614  3   0  0  6614
233  6614  2   0  6614
234  6448  2   0  6448
235  6614  2   0  6614
236  6614  3   0  0  6614
237  6614  2   0  6614
238  6614  3   0  0  6614
239  6614  2   0  6614
240  6437  3   1  2  6434
241  6612  3   0  0  6612
242  6614  2   0  6614
243  6614  2   0  6614
244  6614  2   0  6614
245  6614  2   0  6614
246  6614  3   0  0  6614
247  3298  2   0  3298
248  6614  3   0  0  6614
249  6614  2   0  6614
250  6614  2   0  6614
251  4515  3   0  0  4515
252  6495  3   0  0  6495
253  4908  3   0  0  4908
254  6614  3   0  0  6614
255  6614  2   0  6614
256  6500  2   0  6500
257  6614  3   0  0  6614
258  5272  3   0  0  5272
259  6522  2   0  6522
260  6534  2   0  6534
261  6614  4   0  0  1  6613
262  6614  2   0  6614
263  6614  3   0  0  6614
264  5618  2   0  5618
265  6546  3   0  0  6546
266  6610  3   0  0  6610
267  136  2   0  136
268  6614  2   0  6614
269  6598  2   0  6598
270  6614  2   0  6614
271  6614  3   0  0  6614
272  6614  3   0  0  6614
273  6598  2   0  6598
274  6614  2   0  6614
275  6612  2   0  6612
276  6555  3   0  0  6555
277  6602  2   0  6602
278  6614  2   10  6604
279  6614  3   0  0  6614
280  6614  3   0  0  6614
281  86  2   0  86
282  6612  2   0  6612
283  6270  3   0  0  6270
284  6614  2   0  6614
285  6614  2   0  6614
286  6614  2   0  6614
287  6614  3   0  0  6614
288  6614  3   0  0  6614
289  6614  3   0  0  6614
290  2018  2   0  2018
291  6536  3   0  0  6536
292  6614  2   0  6614
293  4990  3   0  0  4990
294  6612  2   0  6612
295  6550  2   0  6550
296  6614  3   0  0  6614
297  6450  3   0  0  6450
298  6564  3   0  0  6564
299  4680  3   0  0  4680
300  6590  2   0  6590
301  6614  4   0  0  0  6614
302  6614  2   0  6614
303  6614  2   0  6614
304  6614  3   0  0  6614
305  6587  3   0  0  6587
306  6612  2   0  6612
307  6598  3   0  0  6598
308  6606  3   0  0  6606
309  6612  3   0  0  6612
310  6606  3   0  0  6606
311  6611  3   0  0  6611
312  6612  2   0  6612
313  6600  2   0  6600
314  6612  2   0  6612
315  6614  4   3  0  0  6611
316  6614  2   0  6614
317  6614  3   0  0  6614
318  6412  2   0  6412
319  6613  3   0  0  6613
320  6614  4   0  0  0  6614
321  6612  2   0  6612
322  6614  3   0  0  6614
323  6570  2   0  6570
324  6614  3   0  0  6614
325  6606  2   1  6605
326  6611  4   0  0  0  6611
327  1754  2   0  1754
328  6316  2   0  6316
329  6606  2   0  6606
330  6614  2   0  6614
331  6578  2   0  6578
332  6608  2   0  6608
333  6604  2   0  6604
334  6614  2   0  6614
335  6614  4   0  0  1  6613
336  6604  3   0  0  6604
337  6604  2   0  6604
338  6614  3   0  0  6614
339  6582  2   0  6582
340  6612  5   0  0  0  0  6612
341  6612  3   0  0  6612
342  6614  3   0  0  6614
343  6614  2   0  6614
344  6612  2   0  6612
345  6614  3   0  0  6614
346  6586  2   0  6586
347  6614  2   0  6614
348  6614  2   0  6614
349  6614  3   0  0  6614
350  6614  2   0  6614
351  6614  3   0  0  6614
352  6612  3   0  0  6612
353  6614  4   0  0  0  6614
354  6611  3   0  0  6611
355  6613  3   0  1  6612
356  6614  3   0  0  6614
357  6614  4   0  0  0  6614
358  6609  3   0  0  6609
359  6614  2   0  6614
360  6614  3   0  0  6614
361  6610  3   0  1  6609
362  6600  2   3  6597
363  6614  3   0  0  6614
364  6614  2   0  6614
365  6610  2   0  6610
366  6608  2   0  6608
367  6614  2   0  6614
368  6598  5   0  0  0  0  6598
369  6614  3   0  0  6614
370  6614  2   0  6614
371  6614  5   0  0  0  0  6614
372  6599  4   0  0  0  6599
373  6614  2   0  6614
374  6548  3   0  0  6548
375  6610  4   0  0  0  6610
376  6596  2   0  6596
377  6614  3   0  0  6614
378  6604  2   0  6604
379  6614  3   0  0  6614
380  6536  2   0  6536
381  6614  2   0  6614
382  6614  2   0  6614
383  6614  2   0  6614
384  6598  4   0  0  0  6598
385  6598  2   368  6230
386  6604  3   0  0  6604
387  6504  2   0  6504
388  6614  2   0  6614
389  6604  3   0  0  6604
390  6508  2   0  6508
391  6614  3   0  0  6614
392  6604  2   0  6604
393  6614  3   0  0  6614
394  6612  2   0  6612
395  6614  3   0  0  6614
396  6614  3   0  0  6614
397  6614  2   0  6614
398  6614  3   0  0  6614
399  6614  2   0  6614
400  6614  3   0  0  6614
401  6612  2   0  6612
402  6612  2   0  6612
403  6614  3   0  0  6614
404  6612  2   0  6612
405  6614  3   0  0  6614
406  6604  3   0  0  6604
407  6614  2   0  6614
408  6566  3   0  0  6566
409  6614  2   0  6614
410  6564  2   0  6564
411  6614  4   0  0  0  6614
412  6608  3   0  0  6608
413  6614  3   0  0  6614
414  6614  2   0  6614
415  6581  3   0  0  6581
416  2964  2   0  2964
417  6608  3   0  0  6608
418  6546  2   0  6546
419  6614  3   0  0  6614
420  6603  4   0  0  0  6603
421  6610  3   0  0  6610
422  6614  2   0  6614
423  6614  3   0  0  6614
424  6614  3   0  0  6614
425  6614  3   0  0  6614
426  6597  4   0  0  513  6084
427  6610  2   0  6610
428  6614  2   0  6614
429  6594  2   0  6594
430  6586  3   0  0  6586
431  6610  2   2  6608
432  6612  2   0  6612
433  6602  4   0  0  0  6602
434  3084  2   0  3084
435  6614  2   0  6614
436  6606  4   0  0  0  6606
437  6606  2   35  6571
438  6614  3   0  0  6614
439  6606  2   0  6606
440  6614  3   0  0  6614
441  6608  4   0  0  0  6608
442  6608  2   0  6608
443  6614  2   0  6614
444  6606  3   0  0  6606
445  6614  3   0  0  6614
446  6614  2   0  6614
447  6614  2   55  6559
448  6614  4   0  0  0  6614
449  6608  2   2  6606
450  6614  4   0  0  0  6614
451  6609  4   0  0  0  6609
452  6610  3   0  0  6610
453  6614  2   1686  4928
454  6580  2   0  6580
455  6614  2   0  6614
456  6612  3   0  0  6612
457  6614  3   0  0  6614
458  6614  2   0  6614
459  6614  2   0  6614
460  6612  2   0  6612
461  6614  2   0  6614
462  6614  2   0  6614
463  6604  2   0  6604

[pop]=5
1  66738  3   1  0  66737
2  65879  4   0  1  1  65877
3  66736  2   19  66717
4  66700  3   0  0  66700
5  66724  2   1  66723
6  66691  3   0  1  66690
7  66340  2   0  66340
8  66624  2   1  66623
9  65872  2   2  65870
10  66694  2   2  66692
11  57590  2   2  57588
12  66606  3   0  1  66605
13  66332  2   0  66332
14  65952  2   0  65952
15  66624  2   0  66624
16  61718  2   0  61718
17  66382  2   1  66381
18  60866  2   305  60561
19  65946  2   0  65946
20  66448  3   0  2  66446
21  63957  3   1  5  63951
22  66660  2   0  66660
23  60052  2   2  60050
24  66405  3   0  0  66405
25  66674  2   0  66674
26  59059  3   1  0  59058
27  66481  4   0  0  2  66479
28  64802  3   0  2  64800
29  66694  3   0  2  66692
30  66588  2   0  66588
31  66736  2   0  66736
32  66728  2   347  66381
33  65952  3   0  1  65951
34  66600  2   0  66600
35  58872  5   2  1  0  0  58869
36  66574  3   0  2  66572
37  66408  3   0  2  66406
38  66417  3   4  0  66413
39  65525  3   0  0  65525
40  66730  4   5  0  6345  60380
41  66583  3   1  1  66581
42  66634  2   20  66614
43  65762  3   1  0  65761
44  66503  3   3  0  66500
45  66728  2   6  66722
46  66490  2   0  66490
47  66291  3   1  1  66289
48  65202  5   1  1  1  1  65198
49  66734  2   0  66734
50  66482  2   2  66480
51  66314  2   2  66312
52  66734  3   0  1  66733
53  66468  2   2  66466
54  66638  2   1  66637
55  66738  2   0  66738
56  66470  2   2  66468
57  66740  2   1  66739
58  66491  3   0  1  66490
59  66734  3   2  1  66731
60  65606  2   1  65605
61  66034  3   0  0  66034
62  66624  2   1  66623
63  66730  2   1  66729
64  65782  2   4  65778
65  66736  3   0  8  66728
66  66466  2   1  66465
67  65966  2   1  65965
68  66728  2   0  66728
69  66446  2   2  66444
70  66740  3   1  823  65916
71  66352  2   6  66346
72  65966  2   5  65961
73  66471  3   1  2  66468
74  66734  2   0  66734
75  66360  2   2  66358
76  66734  2   1  66733
77  66056  2   6  66050
78  66736  2   0  66736
79  66734  2   14  66720
80  66331  4   1  0  1  66329
81  66192  2   1  66191
82  66212  2   0  66212
83  66739  4   0  0  0  66739
84  66248  3   0  0  66248
85  66730  4   0  2  1  66727
86  66079  3   0  0  66079
87  66734  2   8  66726
88  66048  3   0  0  66048
89  66284  2   1  66283
90  66346  2   0  66346
91  66276  3   0  0  66276
92  65642  3   0  0  65642
93  66740  2   1  66739
94  62298  2   77  62221
95  66464  3   0  20  66444
96  66299  4   1  0  1  66297
97  65120  2   0  65120
98  66736  2   2  66734
99  66682  2   3  66679
100  66424  2   0  66424
101  66494  2   14  66480
102  66466  2   2  66464
103  66444  3   0  2  66442
104  66332  2   2  66330
105  66640  2   0  66640
106  66526  2   2  66524
107  63522  2   4  63518
108  66740  2   2  66738
109  66420  2   0  66420
110  66446  2   7  66439
111  66740  3   0  0  66740
112  66740  2   5  66735
113  66314  2   2  66312
114  66738  4   4  1  0  66733
115  66286  3   0  2  66284
116  66731  3   0  0  66731
117  65465  4   0  0  1  65464
118  66728  2   0  66728
119  66736  3   0  0  66736
120  65650  2   0  65650
121  66736  2   36  66700
122  66359  3   1  1  66357
123  65328  2   28  65300
124  65670  2   3  65667
125  66714  3   0  1  66713
126  66462  2   2  66460
127  66730  2   2  66728
128  66738  2   0  66738
129  66498  2   2  66496
130  65024  2   3  65021
131  66514  2   1  66513
132  66736  3   0  1  66735
133  65463  3   0  0  65463
134  66726  2   0  66726
135  65272  2   0  65272
136  66582  2   89  66493
137  66739  3   0  0  66739
138  66722  4   0  0  554  66168
139  66587  4   0  1  0  66586
140  66628  3   0  0  66628
141  66645  4   2  2  0  66641
142  66722  2   0  66722
143  64702  2   2  64700
144  66700  2   0  66700
145  64228  2   3  64225
146  66562  3   0  0  66562
147  66052  2   1  66051
148  66559  3   0  0  66559
149  63942  3   1  0  63941
150  66172  2   0  66172
151  66677  3   0  2  66675
152  63856  2   24  63832
153  66186  2   22  66164
154  66663  4   3  0  0  66660
155  66650  3   1  1  66648
156  66634  2   2  66632
157  66562  2   0  66562
158  63544  2   3  63541
159  66582  2   0  66582
160  66358  3   0  0  66358
161  66734  3   0  4  66730
162  62724  2   0  62724
163  66338  2   3  66335
164  63372  2   2  63370
165  65995  3   0  0  65995
166  66416  3   34  1  66381
167  66600  2   2  66598
168  62613  3   2  0  62611
169  66574  2   0  66574
170  66719  3   0  1  66718
171  66282  2   3  66279
172  63365  3   0  0  63365
173  66510  2   2  66508
174  66556  3   1  1  66554
175  66576  2   0  66576
176  66056  2   0  66056
177  66736  2   4  66732
178  66568  3   1  1  66566
179  66722  2   0  66722
180  66234  3   2  0  66232
181  66578  4   0  1  8  66569
182  66560  2   0  66560
183  66728  4   0  1  13  66714
184  66580  3   1  1  66578
185  66350  2   0  66350
186  65994  2   0  65994
187  66726  2   2  66724
188  66562  2   0  66562
189  66336  2   0  66336
190  66724  3   1  1  66722
191  66585  3   1  0  66584
192  66580  2   35  66545
193  66590  2   2  66588
194  65740  3   0  3  65737
195  66739  3   2  0  66737
196  66666  2   0  66666
197  66738  4   9  0  0  66729
198  65597  3   12  2  65583
199  65558  2   0  65558
200  66739  5   0  1  1  3  66734
201  66516  2   1  66515
202  66663  3   1  9  66653
203  65351  3   0  0  65351
204  66075  3   1  1  66073
205  65260  2   22  65238
206  66740  2   1  66739
207  66740  7   0  0  0  2  0  0  66738
208  66740  3   0  0  66740
209  66740  2   1  66739
210  64882  2   1  64881
211  66740  2   1  66739
212  66212  2   1  66211
213  57671  3   1  0  57670
214  64484  2   3  64481
215  66652  2   0  66652
216  60944  3   1  1  60942
217  64126  3   1  4  64121
218  66738  2   1  66737
219  66740  2   2  66738
220  66738  2   0  66738
221  66740  2   65  66675
222  30508  3   1  0  30507
223  66677  3   0  33706  32971
224  66316  2   7  66309
225  66688  2   57  66631
226  66740  2   0  66740
227  66692  3   1  2  66689
228  65447  3   1  15  65431
229  66322  2   48  66274
230  66740  2   0  66740
231  12184  3   2  2  12180
232  66590  3   2  0  66588
233  66702  2   2  66700
234  66336  2   4  66332
235  66568  2   0  66568
236  66738  3   37  1  66700
237  66738  2   1  66737
238  66527  3   0  0  66527
239  66738  2   23  66715
240  66360  3   2  0  66358
241  66641  3   2  1  66638
242  66740  2   2  66738
243  66740  2   0  66740
244  66482  2   0  66482
245  66692  2   1  66691
246  66696  3   4  2  66690
247  27248  2   0  27248
248  66706  3   0  1  66705
249  66738  2   6  66732
250  66698  2   0  66698
251  53318  3   1  2  53315
252  66190  3   1  1  66188
253  56240  3   2  1  56237
254  66679  3   1  3  66675
255  66732  2   2  66730
256  66184  2   1  66183
257  66690  3   6  0  66684
258  59359  3   1  0  59358
259  66222  2   10  66212
260  66232  2   2  66230
261  66667  4   1  2  2  66662
262  66674  2   0  66674
263  66738  3   0  0  66738
264  55044  2   2  55042
265  66238  3   0  1  66237
266  66653  3   2  1  66650
267  10718  2   0  10718
268  66736  2   0  66736
269  65712  2   4  65708
270  66664  2   2  66662
271  66736  3   1  0  66735
272  66738  3   0  0  66738
273  65682  2   0  65682
274  66736  2   4  66732
275  66636  2   2  66634
276  66236  3   1  1  66234
277  66426  2   2  66424
278  66636  2   42  66594
279  66638  3   0  0  66638
280  66631  3   0  0  66631
281  9568  2   0  9568
282  66566  2   5  66561
283  60157  3   0  1  60156
284  66620  2   0  66620
285  66664  2   3  66661
286  66600  2   2  66598
287  66736  3   2  0  66734
288  66671  3   2  3  66666
289  66684  3   0  3  66681
290  14512  2   0  14512
291  65868  3   1  1  65866
292  66734  2   2  66732
293  56836  3   0  0  56836
294  66576  2   0  66576
295  65904  2   0  65904
296  66736  3   0  1  66735
297  63262  3   0  0  63262
298  66507  3   0  0  66507
299  54254  3   1  1  54252
300  66426  2   4  66422
301  66736  4   1  0  0  66735
302  66616  2   0  66616
303  66566  2   1  66565
304  66728  3   0  0  66728
305  66422  3   4  2  66416
306  66734  2   0  66734
307  66697  3   0  0  66697
308  66253  3   1  1  66251
309  66736  3   1  1  66734
310  66254  3   0  0  66254
311  66699  3   0  2  66697
312  66736  2   5  66731
313  66706  2   2  66704
314  66708  2   1  66707
315  66711  4   0  2  0  66709
316  66608  2   0  66608
317  66716  3   3  1  66712
318  62934  2   6  62928
319  66713  3   0  0  66713
320  66708  4   1  1  0  66706
321  66736  2   19  66717
322  66726  3   1  0  66725
323  65904  2   2  65902
324  66728  3   0  0  66728
325  66466  2   1  66465
326  66736  4   0  0  0  66736
327  11034  2   1  11033
328  61426  2   0  61426
329  66468  2   3  66465
330  66674  2   0  66674
331  65962  2   0  65962
332  66716  2   0  66716
333  66542  2   0  66542
334  66682  2   0  66682
335  66736  4   0  1  7  66728
336  66540  3   0  1  66539
337  66542  2   0  66542
338  66691  3   1  2  66688
339  66050  2   0  66050
340  66729  5   2  3  1  1  66722
341  66510  3   1  0  66509
342  66701  3   0  1  66700
343  66690  2   2  66688
344  66722  2   5  66717
345  66737  3   0  1  66736
346  66074  2   2  66072
347  66556  2   2  66554
348  66708  2   2  66706
349  66705  3   2  1  66702
350  66588  2   0  66588
351  66738  3   1  1  66736
352  66479  3   0  0  66479
353  66738  4   0  1  0  66737
354  66472  3   1  1  66470
355  66695  3   3  1  66691
356  66716  3   0  0  66716
357  66635  4   1  3  9  66622
358  66728  3   0  0  66728
359  66690  2   1  66689
360  66718  3   0  0  66718
361  66730  3   2  0  66728
362  66528  2   4  66524
363  66648  3   0  3  66645
364  66704  2   0  66704
365  66730  2   0  66730
366  66528  2   3  66525
367  66738  2   2  66736
368  66162  5   3  0  2  2  66155
369  66674  3   0  1  66673
370  66716  2   2  66714
371  66677  5   0  0  3  2  66672
372  66177  4   1  0  1  66175
373  66680  2   1  66679
374  65960  3   13  0  65947
375  66734  4   0  0  0  66734
376  66516  2   13  66503
377  66664  3   0  0  66664
378  66392  2   0  66392
379  66732  3   0  1  66731
380  65854  2   0  65854
381  66686  2   0  66686
382  66732  2   3  66729
383  66714  2   2  66712
384  66513  4   14  0  7  66492
385  66534  2   6660  59874
386  66227  3   1  0  66226
387  65592  2   0  65592
388  66680  2   7  66673
389  66252  3   1  0  66251
390  66350  2   0  66350
391  66679  3   1  0  66678
392  66256  2   0  66256
393  66712  3   5  0  66707
394  66556  2   0  66556
395  66662  3   0  0  66662
396  66730  3   0  1  66729
397  66706  2   0  66706
398  66722  3   1  2  66719
399  66704  2   1  66703
400  66649  3   0  0  66649
401  66706  2   0  66706
402  66610  2   1  66609
403  66702  3   1  5  66696
404  66734  2   6  66728
405  66641  3   0  4  66637
406  66284  3   0  1  66283
407  66730  2   1  66729
408  66684  3   0  0  66684
409  66732  2   0  66732
410  66204  2   0  66204
411  66737  4   0  1  0  66736
412  66368  3   0  0  66368
413  66705  3   3  3  66699
414  66662  2   0  66662
415  66714  3   0  1  66713
416  26248  2   0  26248
417  66367  3   0  0  66367
418  66082  2   2  66080
419  66706  3   0  0  66706
420  66430  4   0  1  5  66424
421  66686  3   3  0  66683
422  66710  2   1  66709
423  66648  3   0  4  66644
424  66738  3   1  0  66737
425  66657  3   0  0  66657
426  66302  4   1  1  3691  62609
427  66404  2   2  66402
428  66734  2   4  66730
429  66722  2   5  66717
430  66038  3   0  0  66038
431  66668  2   0  66668
432  66728  2   8  66720
433  66723  4   0  1  0  66722
434  28462  2   0  28462
435  66740  2   1  66739
436  66725  4   0  4  0  66721
437  66432  2   163  66269
438  66717  3   1  0  66716
439  66726  2   3  66723
440  66740  3   0  3  66737
441  66449  4   1  0  9  66439
442  66460  2   1  66459
443  66740  2   2  66738
444  66730  3   0  1  66729
445  66710  3   3  0  66707
446  66708  2   0  66708
447  66716  2   234  66482
448  66736  4   0  0  0  66736
449  66732  2   173  66559
450  66714  4   1  1  3  66709
451  66732  4   2  0  1  66729
452  66732  3   0  1  66731
453  66716  2   16804  49912
454  66268  2   0  66268
455  66720  2   0  66720
456  66600  3   1  1  66598
457  66737  3   0  2  66735
458  66718  2   138  66580
459  66738  2   3  66735
460  66726  2   0  66726
461  66738  2   0  66738
462  66650  2   0  66650
463  66444  2   1  66443

[pop]=6
1  908  3   0  0  908
2  894  4   0  0  0  894
3  908  2   1  907
4  906  3   0  0  906
5  908  2   0  908
6  906  3   0  0  906
7  902  2   0  902
8  898  2   0  898
9  898  2   0  898
10  906  2   0  906
11  746  2   0  746
12  896  3   0  0  896
13  898  2   0  898
14  892  2   0  892
15  906  2   0  906
16  822  2   0  822
17  898  2   0  898
18  814  2   3  811
19  894  2   0  894
20  899  3   0  0  899
21  859  3   0  0  859
22  906  2   0  906
23  774  2   0  774
24  902  3   0  0  902
25  906  2   0  906
26  792  3   0  0  792
27  892  4   0  1  1  890
28  872  3   0  0  872
29  908  3   0  0  908
30  906  2   0  906
31  908  2   0  908
32  906  2   5  901
33  894  3   0  0  894
34  908  2   0  908
35  759  5   0  0  0  0  759
36  898  3   0  0  898
37  898  3   0  1  897
38  899  3   0  0  899
39  888  3   0  0  888
40  906  4   0  0  89  817
41  898  3   0  0  898
42  908  2   0  908
43  894  3   0  0  894
44  893  3   0  0  893
45  906  2   0  906
46  894  2   0  894
47  889  3   0  0  889
48  848  5   0  0  0  0  848
49  906  2   0  906
50  894  2   0  894
51  890  2   0  890
52  906  3   0  0  906
53  900  2   0  900
54  908  2   0  908
55  908  2   0  908
56  900  2   0  900
57  908  2   0  908
58  902  3   0  0  902
59  908  3   0  0  908
60  854  2   0  854
61  895  3   0  0  895
62  908  2   0  908
63  900  2   0  900
64  858  2   0  858
65  906  3   0  0  906
66  900  2   0  900
67  892  2   0  892
68  900  2   0  900
69  898  2   0  898
70  908  3   0  19  889
71  890  2   0  890
72  872  2   0  872
73  900  3   0  0  900
74  900  2   0  900
75  890  2   0  890
76  908  2   0  908
77  876  2   0  876
78  906  2   0  906
79  900  2   0  900
80  889  4   0  0  0  889
81  902  2   0  902
82  902  2   0  902
83  908  4   0  0  0  908
84  902  3   0  0  902
85  908  4   0  0  0  908
86  908  3   0  0  908
87  906  2   1  905
88  878  3   0  0  878
89  896  2   0  896
90  900  2   0  900
91  895  3   0  0  895
92  904  3   0  0  904
93  908  2   0  908
94  868  2   1  867
95  902  3   0  0  902
96  896  4   0  0  0  896
97  902  2   0  902
98  900  2   0  900
99  908  2   0  908
100  900  2   0  900
101  896  2   0  896
102  902  2   0  902
103  902  3   0  0  902
104  896  2   0  896
105  906  2   0  906
106  898  2   0  898
107  888  2   0  888
108  908  2   0  908
109  898  2   0  898
110  904  2   0  904
111  908  3   0  0  908
112  908  2   0  908
113  892  2   0  892
114  908  4   5  0  0  903
115  891  3   0  0  891
116  900  3   0  0  900
117  865  4   0  0  0  865
118  908  2   0  908
119  908  3   0  0  908
120  874  2   0  874
121  908  2   0  908
122  894  3   0  0  894
123  860  2   0  860
124  874  2   0  874
125  900  3   0  0  900
126  902  2   0  902
127  900  2   0  900
128  908  2   0  908
129  900  2   0  900
130  846  2   0  846
131  902  2   2  900
132  908  3   0  0  908
133  870  3   0  0  870
134  900  2   0  900
135  862  2   0  862
136  902  2   2  900
137  908  3   0  0  908
138  908  4   0  0  1  907
139  902  4   0  0  0  902
140  902  3   0  0  902
141  908  4   0  0  0  908
142  900  2   0  900
143  810  2   0  810
144  904  2   1  903
145  834  2   0  834
146  904  3   0  0  904
147  884  2   0  884
148  904  3   0  0  904
149  819  3   0  0  819
150  890  2   0  890
151  904  3   0  0  904
152  816  2   1  815
153  888  2   0  888
154  902  4   0  0  0  902
155  902  3   0  0  902
156  900  2   0  900
157  900  2   0  900
158  806  2   0  806
159  906  2   0  906
160  892  3   0  0  892
161  908  3   0  0  908
162  802  2   0  802
163  898  2   0  898
164  800  2   0  800
165  887  3   0  0  887
166  892  3   0  0  892
167  906  2   0  906
168  802  3   0  0  802
169  906  2   0  906
170  908  3   0  0  908
171  898  2   0  898
172  797  3   0  0  797
173  892  2   0  892
174  904  3   0  0  904
175  906  2   0  906
176  888  2   1  887
177  900  2   0  900
178  906  3   0  0  906
179  908  2   0  908
180  888  3   1  0  887
181  906  4   0  0  0  906
182  892  2   0  892
183  908  4   0  0  0  908
184  906  3   0  0  906
185  900  2   0  900
186  866  2   0  866
187  908  2   0  908
188  892  2   1  891
189  900  2   0  900
190  908  3   0  0  908
191  894  3   0  0  894
192  906  2   1  905
193  896  2   0  896
194  862  3   0  0  862
195  908  3   0  0  908
196  906  2   0  906
197  908  4   0  0  0  908
198  856  3   0  1  855
199  858  2   0  858
200  908  5   0  0  0  0  908
201  904  2   0  904
202  907  3   0  0  907
203  849  3   0  0  849
204  888  3   0  0  888
205  848  2   1  847
206  908  2   0  908
207  908  7   0  0  0  0  0  0  908
208  908  3   0  0  908
209  908  2   0  908
210  836  2   0  836
211  908  2   0  908
212  890  2   0  890
213  767  3   0  0  767
214  828  2   0  828
215  908  2   0  908
216  832  3   0  0  832
217  816  3   0  0  816
218  908  2   0  908
219  908  2   0  908
220  908  2   0  908
221  908  2   3  905
222  472  3   0  0  472
223  908  3   0  502  406
224  892  2   0  892
225  908  2   9  899
226  906  2   0  906
227  904  3   0  0  904
228  885  3   0  0  885
229  894  2   3  891
230  908  2   0  908
231  232  3   0  0  232
232  908  3   0  0  908
233  906  2   0  906
234  894  2   0  894
235  908  2   0  908
236  908  3   0  0  908
237  906  2   0  906
238  908  3   0  0  908
239  908  2   0  908
240  894  3   0  0  894
241  908  3   0  1  907
242  908  2   0  908
243  908  2   0  908
244  908  2   0  908
245  908  2   0  908
246  907  3   0  0  907
247  462  2   0  462
248  908  3   0  0  908
249  906  2   1  905
250  906  2   0  906
251  684  3   0  0  684
252  894  3   0  0  894
253  728  3   0  0  728
254  906  3   0  0  906
255  908  2   0  908
256  896  2   0  896
257  908  3   0  0  908
258  770  3   0  0  770
259  896  2   2  894
260  896  2   0  896
261  906  4   0  0  0  906
262  908  2   0  908
263  906  3   0  0  906
264  744  2   0  744
265  898  3   0  0  898
266  908  3   0  0  908
267  206  2   0  206
268  908  2   0  908
269  890  2   0  890
270  906  2   0  906
271  908  3   0  0  908
272  906  3   0  0  906
273  890  2   0  890
274  908  2   0  908
275  906  2   0  906
276  898  3   0  0  898
277  904  2   0  904
278  904  2   0  904
279  904  3   0  0  904
280  904  3   0  0  904
281  192  2   0  192
282  908  2   0  908
283  864  3   0  0  864
284  904  2   0  904
285  908  2   0  908
286  904  2   0  904
287  908  3   0  0  908
288  908  3   0  0  908
289  908  3   0  0  908
290  312  2   0  312
291  894  3   0  0  894
292  908  2   0  908
293  745  3   0  0  745
294  908  2   0  908
295  894  2   0  894
296  906  3   0  0  906
297  874  3   0  1  873
298  908  3   0  0  908
299  722  3   0  0  722
300  904  2   0  904
301  908  4   0  0  0  908
302  908  2   0  908
303  904  2   0  904
304  908  3   0  0  908
305  904  3   0  0  904
306  908  2   0  908
307  908  3   0  0  908
308  898  3   0  0  898
309  908  3   0  0  908
310  898  3   0  0  898
311  908  3   0  0  908
312  908  2   1  907
313  908  2   0  908
314  908  2   0  908
315  906  4   0  0  0  906
316  908  2   0  908
317  906  3   0  0  906
318  862  2   0  862
319  908  3   0  0  908
320  904  4   0  0  0  904
321  906  2   1  905
322  906  3   0  0  906
323  898  2   0  898
324  906  3   0  0  906
325  898  2   0  898
326  906  4   0  0  0  906
327  264  2   0  264
328  858  2   0  858
329  898  2   0  898
330  908  2   0  908
331  898  2   0  898
332  908  2   0  908
333  898  2   0  898
334  908  2   0  908
335  908  4   0  0  0  908
336  897  3   0  0  897
337  896  2   0  896
338  908  3   0  0  908
339  898  2   0  898
340  906  5   0  0  0  0  906
341  906  3   0  0  906
342  908  3   0  0  908
343  908  2   0  908
344  906  2   0  906
345  908  3   0  0  908
346  902  2   0  902
347  900  2   0  900
348  906  2   0  906
349  908  3   0  0  908
350  902  2   0  902
351  908  3   0  0  908
352  904  3   0  0  904
353  908  4   1  0  0  907
354  904  3   0  0  904
355  906  3   0  0  906
356  908  3   0  0  908
357  906  4   0  0  0  906
358  908  3   0  0  908
359  906  2   0  906
360  908  3   0  0  908
361  908  3   0  0  908
362  898  2   0  898
363  906  3   0  0  906
364  908  2   0  908
365  908  2   0  908
366  904  2   0  904
367  908  2   0  908
368  904  5   0  0  0  0  904
369  906  3   0  0  906
370  908  2   0  908
371  904  5   0  0  0  0  904
372  903  4   0  0  0  903
373  904  2   0  904
374  890  3   0  0  890
375  908  4   0  0  0  908
376  898  2   0  898
377  906  3   0  0  906
378  900  2   0  900
379  908  3   0  0  908
380  888  2   0  888
381  904  2   0  904
382  908  2   0  908
383  908  2   0  908
384  898  4   0  0  0  898
385  900  2   58  842
386  902  3   0  0  902
387  884  2   0  884
388  904  2   0  904
389  904  3   0  0  904
390  896  2   0  896
391  904  3   0  0  904
392  904  2   0  904
393  908  3   0  0  908
394  902  2   0  902
395  904  3   0  0  904
396  908  3   0  0  908
397  908  2   0  908
398  908  3   0  2  906
399  908  2   0  908
400  904  3   0  0  904
401  908  2   0  908
402  902  2   1  901
403  908  3   0  0  908
404  908  2   0  908
405  904  3   0  0  904
406  902  3   0  0  902
407  908  2   0  908
408  902  3   0  0  902
409  908  2   0  908
410  894  2   1  893
411  908  4   0  0  0  908
412  902  3   0  0  902
413  908  3   0  0  908
414  908  2   0  908
415  904  3   0  0  904
416  448  2   0  448
417  904  3   0  0  904
418  894  2   0  894
419  908  3   0  0  908
420  900  4   0  0  0  900
421  908  3   2  0  906
422  908  2   1  907
423  908  3   0  0  908
424  908  3   0  0  908
425  908  3   0  0  908
426  897  4   0  0  65  832
427  904  2   0  904
428  908  2   0  908
429  906  2   0  906
430  887  3   0  0  887
431  908  2   0  908
432  900  2   0  900
433  906  4   0  0  0  906
434  478  2   0  478
435  908  2   0  908
436  906  4   0  0  0  906
437  904  2   1  903
438  907  3   0  0  907
439  906  2   0  906
440  908  3   0  0  908
441  904  4   0  0  4  900
442  904  2   0  904
443  908  2   0  908
444  906  3   0  0  906
445  906  3   0  0  906
446  906  2   0  906
447  908  2   10  898
448  908  4   0  0  0  908
449  906  2   0  906
450  908  4   0  0  0  908
451  906  4   0  0  0  906
452  906  3   0  0  906
453  908  2   247  661
454  904  2   0  904
455  908  2   0  908
456  908  3   0  0  908
457  908  3   0  0  908
458  908  2   2  906
459  900  2   0  900
460  906  2   0  906
461  900  2   0  900
462  906  2   0  906
463  906  2   0  906

[pop]=7
1  16512  3   0  1  16511
2  16508  4   0  0  0  16508
3  16512  2   0  16512
4  16478  3   1  3  16474
5  16510  2   1  16509
6  16455  3   0  2  16453
7  16448  2   0  16448
8  16430  2   0  16430
9  16508  2   0  16508
10  16506  2   0  16506
11  14604  2   0  14604
12  16412  3   1  1  16410
13  16444  2   0  16444
14  16508  2   0  16508
15  16248  2   0  16248
16  14648  2   0  14648
17  15940  2   0  15940
18  14526  2   75  14451
19  16506  2   4  16502
20  16169  3   1  1  16167
21  16157  3   0  0  16157
22  16366  2   0  16366
23  14970  2   0  14970
24  16456  3   1  0  16455
25  16410  2   2  16408
26  14253  3   0  1  14252
27  16510  4   0  1  0  16509
28  16326  3   0  0  16326
29  16449  3   0  0  16449
30  16480  2   0  16480
31  16512  2   0  16512
32  16506  2   164  16342
33  16508  3   5  0  16503
34  16482  2   11  16471
35  14574  5   0  0  1  0  14573
36  16493  3   0  0  16493
37  16458  3   0  0  16458
38  16458  3   0  0  16458
39  16441  3   0  0  16441
40  16510  4   0  0  1972  14538
41  16498  3   0  0  16498
42  16494  2   0  16494
43  16466  3   0  2  16464
44  16510  3   0  0  16510
45  16502  2   0  16502
46  16510  2   0  16510
47  16290  3   0  0  16290
48  14332  5   0  0  0  0  14332
49  16510  2   0  16510
50  16510  2   1  16509
51  16302  2   0  16302
52  16510  3   0  0  16510
53  16482  2   0  16482
54  16496  2   0  16496
55  16512  2   10  16502
56  16486  2   0  16486
57  16512  2   0  16512
58  16483  3   0  0  16483
59  16512  3   0  6  16506
60  14992  2   0  14992
61  16499  3   1  2  16496
62  16496  2   0  16496
63  16512  2   84  16428
64  15216  2   0  15216
65  16510  3   0  0  16510
66  16484  2   1  16483
67  16502  2   0  16502
68  16510  2   1  16509
69  16494  2   0  16494
70  16512  3   2  110  16400
71  16328  2   0  16328
72  15584  2   0  15584
73  16490  3   0  1  16489
74  16512  2   2  16510
75  16326  2   0  16326
76  16512  2   0  16512
77  15774  2   0  15774
78  16510  2   4  16506
79  16512  2   0  16512
80  16301  4   0  0  0  16301
81  16502  2   1  16501
82  16502  2   0  16502
83  16512  4   0  0  0  16512
84  16504  3   1  0  16503
85  16512  4   0  0  0  16512
86  16419  3   0  0  16419
87  16502  2   0  16502
88  16156  3   0  0  16156
89  16490  2   34  16456
90  16504  2   3  16501
91  16489  3   1  0  16488
92  16348  3   1  2  16345
93  16512  2   1  16511
94  15576  2   0  15576
95  16454  3   1  114  16339
96  16478  4   0  0  0  16478
97  16262  2   2  16260
98  16510  2   6  16504
99  16412  2   0  16412
100  16504  2   2  16502
101  15964  2   2  15962
102  16440  2   0  16440
103  16505  3   1  0  16504
104  16440  2   0  16440
105  16336  2   0  16336
106  16062  2   2  16060
107  15892  2   0  15892
108  16512  2   0  16512
109  16350  2   0  16350
110  16504  2   0  16504
111  16512  3   1  0  16511
112  16510  2   0  16510
113  16090  2   0  16090
114  16512  4   495  0  0  16017
115  16041  3   0  0  16041
116  16512  3   0  0  16512
117  14241  4   1  0  0  14240
118  16502  2   0  16502
119  16512  3   0  0  16512
120  13700  2   0  13700
121  16510  2   0  16510
122  16202  3   0  0  16202
123  13978  2   0  13978
124  16094  2   0  16094
125  16498  3   1  0  16497
126  16498  2   1  16497
127  16512  2   0  16512
128  16512  2   0  16512
129  16298  2   0  16298
130  13392  2   0  13392
131  16494  2   27  16467
132  16512  3   0  0  16512
133  15949  3   0  0  15949
134  16512  2   0  16512
135  15722  2   0  15722
136  16358  2   133  16225
137  16512  3   0  0  16512
138  16508  4   0  0  3  16505
139  16368  4   0  0  0  16368
140  16406  3   0  0  16406
141  16508  4   1  3  0  16504
142  16512  2   0  16512
143  11468  2   0  11468
144  16490  2   0  16490
145  14292  2   0  14292
146  16506  3   1  0  16505
147  16440  2   0  16440
148  16510  3   0  0  16510
149  13632  3   0  0  13632
150  16458  2   9  16449
151  16450  3   2  22  16426
152  10982  2   0  10982
153  16458  2   0  16458
154  16434  4   0  0  0  16434
155  16384  3   0  0  16384
156  16398  2   0  16398
157  16354  2   0  16354
158  10102  2   0  10102
159  16512  2   3  16509
160  16470  3   2  1  16467
161  16512  3   0  0  16512
162  11436  2   0  11436
163  16268  2   0  16268
164  9772  2   0  9772
165  16454  3   0  0  16454
166  16474  3   0  0  16474
167  16382  2   0  16382
168  11303  3   0  0  11303
169  16512  2   0  16512
170  16512  3   0  0  16512
171  16240  2   1  16239
172  9693  3   1  1  9691
173  16482  2   0  16482
174  16235  3   0  0  16235
175  16512  2   1  16511
176  16470  2   2  16468
177  16510  2   0  16510
178  16512  3   0  0  16512
179  16512  2   0  16512
180  15482  3   0  1  15481
181  16512  4   0  0  0  16512
182  16492  2   0  16492
183  16510  4   0  0  22  16488
184  16508  3   0  0  16508
185  15778  2   1  15777
186  14916  2   4  14912
187  16512  2   0  16512
188  16492  2   0  16492
189  15712  2   1  15711
190  16459  3   0  0  16459
191  16493  3   0  0  16493
192  16496  2   6  16490
193  16492  2   0  16492
194  14290  3   0  1  14289
195  16512  3   0  0  16512
196  16498  2   0  16498
197  16512  4   0  0  0  16512
198  13965  3   0  0  13965
199  13832  2   0  13832
200  16512  5   0  0  0  1  16511
201  16422  2   1  16421
202  16498  3   0  2  16496
203  13367  3   0  17  13350
204  16499  3   0  0  16499
205  13190  2   1  13189
206  16510  2   228  16282
207  16512  7   0  0  0  0  0  0  16512
208  16512  3   1  0  16511
209  16512  2   1  16511
210  12392  2   0  12392
211  16510  2   0  16510
212  16502  2   2  16500
213  12931  3   0  1  12930
214  11906  2   0  11906
215  16480  2   0  16480
216  13996  3   0  0  13996
217  11560  3   2  0  11558
218  16512  2   1  16511
219  16512  2   0  16512
220  16512  2   0  16512
221  16512  2   1  16511
222  9684  3   0  1  9683
223  16511  3   1  9479  7031
224  16510  2   1  16509
225  16512  2   10  16502
226  16512  2   0  16512
227  16507  3   14  0  16493
228  16077  3   0  2  16075
229  16510  2   0  16510
230  16512  2   6  16506
231  8245  3   0  0  8245
232  16450  3   1  0  16449
233  16510  2   0  16510
234  16510  2   0  16510
235  16424  2   5  16419
236  16512  3   0  0  16512
237  16512  2   0  16512
238  16351  3   0  1  16350
239  16512  2   0  16512
240  16510  3   0  0  16510
241  16508  3   0  0  16508
242  16512  2   0  16512
243  16512  2   0  16512
244  16216  2   2  16214
245  16512  2   0  16512
246  16512  3   5  0  16507
247  9372  2   1  9371
248  16506  3   2  0  16504
249  16512  2   1  16511
250  16512  2   0  16512
251  12874  3   0  0  12874
252  16471  3   0  0  16471
253  13270  3   0  0  13270
254  16512  3   0  0  16512
255  16510  2   0  16510
256  16476  2   1  16475
257  16500  3   0  0  16500
258  13784  3   0  3  13781
259  16486  2   0  16486
260  16492  2   0  16492
261  16512  4   0  1  0  16511
262  16490  2   0  16490
263  16512  3   0  0  16512
264  12828  2   7  12821
265  16500  3   1  0  16499
266  16509  3   0  0  16509
267  8070  2   0  8070
268  16512  2   0  16512
269  16078  2   0  16078
270  16490  2   0  16490
271  16512  3   0  1  16511
272  16512  3   1  0  16511
273  16054  2   14  16040
274  16512  2   1  16511
275  16512  2   0  16512
276  16498  3   0  0  16498
277  16486  2   0  16486
278  16486  2   0  16486
279  16486  3   0  0  16486
280  16482  3   0  0  16482
281  7962  2   10  7952
282  16512  2   0  16512
283  15223  3   0  0  15223
284  16486  2   0  16486
285  16512  2   6  16506
286  16484  2   0  16484
287  16512  3   1  1  16510
288  16512  3   0  0  16512
289  16512  3   0  22  16490
290  8170  2   0  8170
291  16484  3   1  0  16483
292  16508  2   0  16508
293  13619  3   1  8  13610
294  16510  2   4  16506
295  16486  2   2  16484
296  16512  3   0  0  16512
297  15749  3   0  0  15749
298  16480  3   0  0  16480
299  13362  3   0  0  13362
300  16510  2   0  16510
301  16512  4   0  4  0  16508
302  16512  2   2  16510
303  16478  2   3  16475
304  16504  3   0  0  16504
305  16509  3   0  1  16508
306  16512  2   0  16512
307  16508  3   1  0  16507
308  16510  3   0  0  16510
309  16512  3   0  0  16512
310  16510  3   1  0  16509
311  16504  3   3  1  16500
312  16512  2   1  16511
313  16510  2   0  16510
314  16508  2   0  16508
315  16507  4   1  0  0  16506
316  16512  2   2  16510
317  16508  3   2  0  16506
318  15662  2   0  15662
319  16508  3   0  11  16497
320  16512  4   0  0  0  16512
321  16512  2   27  16485
322  16511  3   0  0  16511
323  16442  2   0  16442
324  16511  3   2  1  16508
325  16510  2   0  16510
326  16512  4   1  1  0  16510
327  7914  2   0  7914
328  15388  2   2  15386
329  16510  2   0  16510
330  16512  2   7  16505
331  16490  2   0  16490
332  16512  2   0  16512
333  16512  2   0  16512
334  16512  2   0  16512
335  16512  4   2  0  0  16510
336  16512  3   4  0  16508
337  16510  2   2  16508
338  16512  3   0  0  16512
339  16508  2   0  16508
340  16510  5   0  0  0  0  16510
341  16510  3   0  0  16510
342  16512  3   1  2  16509
343  16512  2   0  16512
344  16510  2   0  16510
345  16512  3   1  0  16511
346  16508  2   0  16508
347  16132  2   0  16132
348  16510  2   0  16510
349  16512  3   0  0  16512
350  16234  2   2  16232
351  16512  3   0  0  16512
352  16510  3   0  0  16510
353  16512  4   0  0  0  16512
354  16510  3   0  0  16510
355  16506  3   0  1  16505
356  16512  3   0  0  16512
357  16397  4   0  1  0  16396
358  16511  3   0  3  16508
359  16504  2   0  16504
360  16512  3   1  1  16510
361  16512  3   0  0  16512
362  16512  2   0  16512
363  16460  3   2  0  16458
364  16504  2   1  16503
365  16512  2   0  16512
366  16460  2   0  16460
367  16512  2   1  16511
368  16510  5   1  0  1  0  16508
369  16498  3   0  0  16498
370  16512  2   1  16511
371  16486  5   0  0  0  2  16484
372  16509  4   0  1  0  16508
373  16488  2   0  16488
374  16498  3   0  0  16498
375  16512  4   0  0  0  16512
376  16512  2   0  16512
377  16494  3   0  0  16494
378  16378  2   0  16378
379  16512  3   2  0  16510
380  16494  2   0  16494
381  16486  2   0  16486
382  16512  2   0  16512
383  16512  2   0  16512
384  16512  4   0  3  0  16509
385  16510  2   1280  15230
386  16109  3   0  1  16108
387  16474  2   0  16474
388  16484  2   0  16484
389  16512  3   0  0  16512
390  16502  2   0  16502
391  16476  3   0  0  16476
392  16512  2   0  16512
393  16512  3   0  1  16511
394  16486  2   9  16477
395  16468  3   0  0  16468
396  16509  3   2  0  16507
397  16510  2   0  16510
398  16507  3   0  0  16507
399  16510  2   0  16510
400  16450  3   2  1  16447
401  16510  2   8  16502
402  16502  2   6  16496
403  16510  3   0  0  16510
404  16512  2   0  16512
405  16427  3   0  0  16427
406  16510  3   0  0  16510
407  16512  2   1  16511
408  16511  3   1  0  16510
409  16512  2   0  16512
410  16504  2   0  16504
411  16511  4   0  0  0  16511
412  16510  3   0  0  16510
413  16512  3   0  0  16512
414  16502  2   0  16502
415  16512  3   0  0  16512
416  9092  2   6  9086
417  16510  3   0  1  16509
418  16502  2   0  16502
419  16512  3   1  0  16511
420  16209  4   0  0  0  16209
421  16500  3   45  1  16454
422  16510  2   0  16510
423  16493  3   0  0  16493
424  16512  3   0  2  16510
425  16351  3   1  1  16349
426  16074  4   0  0  1427  14647
427  16510  2   0  16510
428  16512  2   0  16512
429  16512  2   0  16512
430  15808  3   2  1  15805
431  16494  2   0  16494
432  16512  2   3  16509
433  16512  4   0  2  0  16510
434  9320  2   2  9318
435  16512  2   2  16510
436  16512  4   0  0  0  16512
437  16510  2   0  16510
438  16512  3   0  1  16511
439  16512  2   5  16507
440  16512  3   0  0  16512
441  16510  4   0  0  153  16357
442  16510  2   0  16510
443  16512  2   0  16512
444  16512  3   1  0  16511
445  16512  3   1  1  16510
446  16512  2   0  16512
447  16468  2   55  16413
448  16512  4   0  0  0  16512
449  16512  2   6  16506
450  16468  4   13  0  1  16454
451  16512  4   0  1  0  16511
452  16512  3   1  0  16511
453  16512  2   4798  11714
454  16344  2   2  16342
455  16512  2   2  16510
456  16496  3   0  0  16496
457  16512  3   1  0  16511
458  16462  2   87  16375
459  16512  2   0  16512
460  16512  2   2  16510
461  16512  2   2  16510
462  16510  2   0  16510
463  16510  2   0  16510

