[loci]=375

[populations]=7

[pop]=1
1  9164  4   0  0  0  9164
2  9162  2   0  9162
3  10054  3   11  2  10041
4  10398  2   0  10398
5  9666  3   0  0  9666
6  10352  2   0  10352
7  6701  2   0  6701
8  10058  3   0  0  10058
9  10398  2   0  10398
10  9414  2   63  9351
11  4916  3   2  0  4914
12  10060  2   0  10060
13  10400  3   2  0  10398
14  9892  4   0  0  0  9892
15  10358  3   0  0  10358
16  10406  2   2  10404
17  9394  2   0  9394
18  4868  3   0  0  4868
19  10398  2   18  10380
20  10406  2   5  10401
21  10392  3   0  0  10392
22  10066  2   0  10066
23  10026  3   0  0  10026
24  10365  3   0  0  10365
25  10396  3   0  1  10395
26  10080  2   0  10080
27  9641  3   0  0  9641
28  10393  3   0  0  10393
29  10396  4   0  0  0  10396
30  4486  2   0  4486
31  10074  3   0  0  10074
32  10210  3   0  0  10210
33  10403  3   0  1  10402
34  10406  2   0  10406
35  10396  2   0  10396
36  10406  2   0  10406
37  10380  3   4  0  10376
38  10398  2   1  10397
39  10274  2   0  10274
40  10290  3   0  3  10287
41  9953  3   121  1  9831
42  10398  2   0  10398
43  10384  3   1  1  10382
44  9160  4   0  0  1  9159
45  10155  4   0  0  0  10155
46  10076  4   0  0  11  10065
47  10094  2   0  10094
48  10342  3   1  1  10340
49  10392  2   91  10301
50  10406  2   3  10403
51  10392  2   0  10392
52  10270  2   0  10270
53  10394  3   0  0  10394
54  10404  2   0  10404
55  10291  3   0  0  10291
56  2564  2   0  2564
57  10104  2   0  10104
58  10300  2   0  10300
59  10406  3   0  0  10406
60  10327  3   0  3019  7308
61  10404  2   0  10404
62  10406  2   0  10406
63  10406  2   0  10406
64  9146  2   0  9146
65  10404  2   1  10403
66  10404  2   0  10404
67  10404  2   0  10404
68  10406  3   0  0  10406
69  10348  2   0  10348
70  10406  2   0  10406
71  10246  2   1  10245
72  10094  3   1  2  10091
73  10376  2   2  10374
74  10394  2   0  10394
75  10404  4   0  1  4  10399
76  10244  2   0  10244
77  10356  3   0  0  10356
78  9142  2   0  9142
79  10406  2   0  10406
80  10356  2   0  10356
81  10088  2   0  10088
82  10084  2   0  10084
83  10384  2   0  10384
84  10406  2   0  10406
85  10404  2   0  10404
86  10052  2   0  10052
87  10406  3   0  0  10406
88  10366  2   2  10364
89  10190  2   7  10183
90  10386  3   0  0  10386
91  10406  3   0  0  10406
92  10406  2   0  10406
93  10402  4   0  0  1  10401
94  10172  2   0  10172
95  10402  3   2  0  10400
96  8884  2   0  8884
97  10388  2   0  10388
98  10404  2   0  10404
99  10388  2   21  10367
100  10406  2   0  10406
101  10398  2   329  10069
102  9922  2   1  9921
103  10394  2   0  10394
104  10396  2   0  10396
105  10406  2   0  10406
106  10386  3   0  0  10386
107  10120  3   0  0  10120
108  10384  2   0  10384
109  8400  3   0  0  8400
110  10396  2   0  10396
111  10406  4   0  2  1  10403
112  10404  2   0  10404
113  10022  2   0  10022
114  10367  3   0  1  10366
115  10390  3   0  0  10390
116  10406  3   0  2  10404
117  10400  3   0  0  10400
118  10080  2   0  10080
119  10038  3   59  0  9979
120  10398  2   0  10398
121  10084  2   431  9653
122  10398  2   0  10398
123  10406  3   0  0  10406
124  10387  3   0  9  10378
125  10368  2   0  10368
126  10405  4   0  0  3935  6470
127  10134  2   0  10134
128  10386  3   1  3  10382
129  10404  2   78  10326
130  9986  2   0  9986
131  10404  2   0  10404
132  10160  2   47  10113
133  10406  2   0  10406
134  10404  2   0  10404
135  9046  2   0  9046
136  10170  3   1  0  10169
137  10292  2   0  10292
138  10402  3   1  0  10401
139  9829  3   0  0  9829
140  10182  2   0  10182
141  10404  2   1  10403
142  10406  2   2  10404
143  10400  3   0  0  10400
144  10398  2   87  10311
145  10402  2   0  10402
146  10404  2   34  10370
147  10330  2   0  10330
148  10396  2   6  10390
149  10400  2   34  10366
150  10344  2   0  10344
151  10402  3   0  0  10402
152  10340  3   0  0  10340
153  10406  2   401  10005
154  10208  3   0  0  10208
155  10402  2   236  10166
156  10330  2   0  10330
157  10212  2   1  10211
158  10362  2   1  10361
159  10292  2   0  10292
160  9092  2   1  9091
161  10209  3   3  0  10206
162  10402  2   0  10402
163  10038  2   0  10038
164  10348  2   0  10348
165  8492  2   0  8492
166  10398  2   0  10398
167  10219  3   0  0  10219
168  10402  2   0  10402
169  10406  2   0  10406
170  10404  3   0  0  10404
171  10091  4   0  0  0  10091
172  10226  3   0  0  10226
173  10398  2   0  10398
174  7778  2   0  7778
175  10386  3   0  0  10386
176  10406  4   1  1  1  10403
177  10372  2   0  10372
178  10230  3   0  1  10229
179  10406  4   0  0  0  10406
180  10406  2   0  10406
181  10234  3   0  4  10230
182  10402  2   1  10401
183  10399  3   0  0  10399
184  10368  2   0  10368
185  10233  3   0  2  10231
186  10406  3   0  0  10406
187  10236  2   0  10236
188  10402  2   2  10400
189  10360  2   0  10360
190  10158  2   0  10158
191  10232  2   1  10231
192  10400  2   1  10399
193  8584  3   0  0  8584
194  10399  4   1  0  52  10346
195  10406  3   0  6  10400
196  10342  2   0  10342
197  10222  3   2  0  10220
198  8697  3   0  0  8697
199  10402  3   0  0  10402
200  10406  3   0  0  10406
201  10229  3   0  0  10229
202  10259  3   0  0  10259
203  10213  4   0  0  0  10213
204  8724  2   1  8723
205  10306  2   0  10306
206  10212  2   0  10212
207  8858  2   0  8858
208  10211  3   0  0  10211
209  10400  2   2  10398
210  9141  3   0  0  9141
211  10369  3   0  0  10369
212  10396  3   1  3  10392
213  8907  3   1  0  8906
214  10406  3   0  0  10406
215  10252  4   0  0  0  10252
216  10195  4   0  0  0  10195
217  10252  2   0  10252
218  10406  3   0  0  10406
219  8963  3   9  2  8952
220  10402  2   0  10402
221  10406  2   0  10406
222  10406  2   1  10405
223  10239  3   0  0  10239
224  10406  2   0  10406
225  10234  2   1090  9144
226  10400  3   1  0  10399
227  10404  2   0  10404
228  10406  3   0  0  10406
229  10208  2   0  10208
230  10404  2   0  10404
231  10381  3   0  0  10381
232  10398  3   0  0  10398
233  10144  2   0  10144
234  10144  3   8  0  10136
235  10382  2   0  10382
236  10396  2   0  10396
237  10406  3   0  0  10406
238  10124  2   0  10124
239  10398  2   20  10378
240  10096  3   0  0  10096
241  10090  2   0  10090
242  10396  2   0  10396
243  10398  2   0  10398
244  10400  3   0  20  10380
245  9982  5   1  0  0  2  9979
246  10069  4   6  0  0  10063
247  9925  3   0  0  9925
248  10041  3   0  0  10041
249  10398  2   2  10396
250  10397  3   0  0  10397
251  10402  3   1  0  10401
252  9820  2   0  9820
253  10318  3   0  0  10318
254  10010  2   0  10010
255  8507  2   0  8507
256  9764  2   2  9762
257  10404  2   0  10404
258  10400  3   0  2  10398
259  9767  5   10  0  0  0  9757
260  10404  3   0  0  10404
261  10168  3   0  0  10168
262  10400  3   0  0  10400
263  10398  3   0  0  10398
264  10400  2   0  10400
265  10404  3   1  0  10403
266  10394  2   0  10394
267  10402  2   0  10402
268  10400  3   0  0  10400
269  9772  2   0  9772
270  9332  3   0  0  9332
271  10382  2   0  10382
272  10130  2   0  10130
273  10291  3   0  0  10291
274  9966  2   0  9966
275  10402  2   0  10402
276  10346  2   0  10346
277  10402  2   0  10402
278  10310  2   0  10310
279  9820  2   0  9820
280  10398  2   0  10398
281  10306  3   0  0  10306
282  10321  3   0  23  10298
283  10288  2   0  10288
284  10086  2   8  10078
285  10402  2   0  10402
286  8463  2   0  8463
287  9854  2   1  9853
288  10392  2   0  10392
289  10318  2   1  10317
290  9279  3   1  0  9278
291  10400  2   0  10400
292  10312  2   1  10311
293  10400  2   0  10400
294  10396  2   55  10341
295  10316  2   1  10315
296  10268  2   0  10268
297  9856  2   0  9856
298  10022  2   1  10021
299  10402  2   0  10402
300  8433  2   3  8430
301  8429  2   4  8425
302  10384  2   0  10384
303  10273  3   0  0  10273
304  10304  2   16  10288
305  10402  2   0  10402
306  10012  2   0  10012
307  10279  3   0  0  10279
308  10282  3   2  0  10280
309  7574  2   0  7574
310  10256  3   0  0  10256
311  10384  2   4  10380
312  10402  2   0  10402
313  9861  4   1  0  0  9860
314  10396  3   0  1  10395
315  10378  4   0  0  0  10378
316  10404  3   0  1  10403
317  10263  4   0  0  0  10263
318  10280  2   1  10279
319  10280  3   0  1  10279
320  10206  2   2  10204
321  10296  3   1  3  10292
322  10392  2   0  10392
323  10293  3   0  0  10293
324  8515  3   0  1  8514
325  10332  2   0  10332
326  10400  5   1  0  1  0  10398
327  10130  2   1  10129
328  9906  2   0  9906
329  10330  2   0  10330
330  6904  2   2  6902
331  10392  3   1  0  10391
332  10276  2   0  10276
333  10404  2   0  10404
334  10406  3   0  0  10406
335  10213  3   0  0  10213
336  9930  2   0  9930
337  10356  2   0  10356
338  10256  2   0  10256
339  10294  3   0  0  10294
340  10350  2   0  10350
341  10199  4   0  0  45  10154
342  8515  2   0  8515
343  10344  3   0  0  10344
344  6414  2   1  6413
345  10406  2   0  10406
346  9972  3   0  0  9972
347  10384  2   0  10384
348  10384  3   4  36  10344
349  10406  3   0  0  10406
350  10331  3   0  2  10329
351  10332  3   0  0  10332
352  8724  2   0  8724
353  10236  3   0  0  10236
354  10332  2   1  10331
355  9479  4   1  0  0  9478
356  10205  3   0  0  10205
357  10332  2   8  10324
358  9434  2   96  9338
359  10404  4   0  1  2  10401
360  8810  2   2  8808
361  10404  3   3  0  10401
362  10358  2   0  10358
363  10280  2   0  10280
364  10396  2   0  10396
365  10176  3   0  0  10176
366  8850  2   1  8849
367  10397  4   0  14  5  10378
368  10352  2   0  10352
369  9389  3   0  0  9389
370  8941  3   0  1  8940
371  10089  3   4  0  10085
372  10336  2   1  10335
373  9362  2   0  9362
374  10404  2   0  10404
375  10406  2   0  10406

[pop]=2
1  11050  4   1  0  1  11048
2  11460  2   0  11460
3  11467  3   1  5  11461
4  11550  2   0  11550
5  10412  3   0  0  10412
6  11536  2   0  11536
7  7733  2   0  7733
8  11468  3   1  0  11467
9  11486  2   0  11486
10  11220  2   1  11219
11  3234  3   0  0  3234
12  11468  2   0  11468
13  11548  3   0  0  11548
14  10857  4   0  0  0  10857
15  11540  3   0  0  11540
16  11540  2   0  11540
17  11218  2   0  11218
18  3182  3   0  0  3182
19  11484  2   60  11424
20  11578  2   0  11578
21  11558  3   1  0  11557
22  11474  2   0  11474
23  11135  3   0  0  11135
24  11545  3   0  2  11543
25  11560  3   0  0  11560
26  11484  2   4  11480
27  11325  3   2  1  11322
28  11562  3   0  0  11562
29  11561  4   0  0  3  11558
30  2690  2   8  2682
31  11482  3   0  0  11482
32  11377  3   0  2  11375
33  11578  3   0  0  11578
34  11578  2   0  11578
35  11562  2   2  11560
36  11578  2   0  11578
37  11556  3   1  0  11555
38  11566  2   0  11566
39  11570  2   2  11568
40  11465  3   0  5  11460
41  11410  3   211  0  11199
42  11568  2   0  11568
43  11558  3   0  0  11558
44  11460  4   0  0  3  11457
45  11473  4   0  0  0  11473
46  11498  4   0  1  2  11495
47  11498  2   32  11466
48  11495  3   0  0  11495
49  11574  2   5  11569
50  11484  2   3  11481
51  11574  2   0  11574
52  11518  2   0  11518
53  11557  3   0  1  11556
54  11578  2   0  11578
55  11526  3   0  0  11526
56  576  2   0  576
57  11498  2   0  11498
58  11524  2   0  11524
59  11578  3   0  0  11578
60  11525  3   0  2094  9431
61  11578  2   1  11577
62  11578  2   0  11578
63  11518  2   0  11518
64  11458  2   0  11458
65  11578  2   1  11577
66  11570  2   3  11567
67  11568  2   0  11568
68  11578  3   0  0  11578
69  11552  2   1  11551
70  11578  2   0  11578
71  11562  2   0  11562
72  11504  3   0  0  11504
73  11514  2   0  11514
74  11576  2   0  11576
75  11578  4   0  0  2  11576
76  11562  2   5  11557
77  11556  3   0  0  11556
78  11448  2   0  11448
79  11520  2   1  11519
80  11558  2   0  11558
81  11504  2   0  11504
82  11504  2   0  11504
83  11518  2   0  11518
84  11578  2   0  11578
85  11490  2   1  11489
86  11502  2   0  11502
87  11578  3   0  0  11578
88  11560  2   0  11560
89  11528  2   494  11034
90  11512  3   0  0  11512
91  11578  3   0  0  11578
92  11578  2   0  11578
93  11478  4   0  0  1  11477
94  11516  2   0  11516
95  11473  3   0  0  11473
96  11396  2   0  11396
97  11536  2   0  11536
98  11576  2   0  11576
99  11534  2   0  11534
100  11578  2   0  11578
101  11548  2   17  11531
102  11146  2   0  11146
103  11542  2   1  11541
104  11544  2   0  11544
105  11578  2   0  11578
106  11576  3   0  0  11576
107  11448  3   0  0  11448
108  11574  2   0  11574
109  9234  3   0  0  9234
110  11534  2   0  11534
111  11551  4   0  0  0  11551
112  11576  2   0  11576
113  11500  2   1  11499
114  11565  3   1  0  11564
115  11538  3   1  0  11537
116  11552  3   0  0  11552
117  11574  3   0  0  11574
118  11404  2   0  11404
119  11503  3   5  0  11498
120  11446  2   2  11444
121  11510  2   40  11470
122  11438  2   0  11438
123  11554  3   0  0  11554
124  11510  3   0  9  11501
125  11558  2   0  11558
126  11516  4   0  0  6991  4525
127  11520  2   2  11518
128  11560  3   4  0  11556
129  11542  2   2  11540
130  11304  2   0  11304
131  11578  2   2  11576
132  11524  2   0  11524
133  11574  2   1  11573
134  11578  2   1  11577
135  11432  2   2  11430
136  11526  3   1  0  11525
137  11458  2   0  11458
138  11545  3   0  0  11545
139  11091  3   0  0  11091
140  11530  2   0  11530
141  11544  2   0  11544
142  11570  2   0  11570
143  11570  3   0  0  11570
144  11570  2   9  11561
145  11578  2   1  11577
146  11546  2   5  11541
147  11500  2   0  11500
148  11568  2   0  11568
149  11572  2   95  11477
150  11508  2   2  11506
151  11574  3   0  1  11573
152  11548  3   0  0  11548
153  11554  2   23  11531
154  11538  3   0  0  11538
155  11574  2   51  11523
156  11572  2   0  11572
157  11538  2   2  11536
158  11518  2   6  11512
159  11564  2   1  11563
160  11440  2   0  11440
161  11538  3   0  0  11538
162  11578  2   5  11573
163  11546  2   2  11544
164  11530  2   0  11530
165  9307  2   0  9307
166  11578  2   0  11578
167  11541  3   0  0  11541
168  11578  2   0  11578
169  11542  2   0  11542
170  11544  3   0  0  11544
171  11563  4   0  0  2  11561
172  11542  3   1  0  11541
173  11578  2   0  11578
174  7540  2   2  7538
175  11577  3   0  0  11577
176  11543  4   0  0  0  11543
177  11534  2   0  11534
178  11544  3   0  0  11544
179  11542  4   0  2  0  11540
180  11576  2   3  11573
181  11544  3   0  0  11544
182  11578  2   1  11577
183  11578  3   1  0  11577
184  11536  2   0  11536
185  11543  3   0  0  11543
186  11544  3   2  9  11533
187  11544  2   0  11544
188  11578  2   0  11578
189  11544  2   1  11543
190  11348  2   0  11348
191  11544  2   0  11544
192  11578  2   0  11578
193  9096  3   0  0  9096
194  11575  4   1  0  1  11573
195  11576  3   0  3  11573
196  11518  2   0  11518
197  11544  3   0  0  11544
198  9285  3   0  0  9285
199  11574  3   0  0  11574
200  11538  3   0  0  11538
201  11388  3   0  0  11388
202  11574  3   0  0  11574
203  11544  4   0  0  0  11544
204  9354  2   0  9354
205  11508  2   0  11508
206  11544  2   1  11543
207  9542  2   0  9542
208  11544  3   0  0  11544
209  11578  2   0  11578
210  11452  3   0  0  11452
211  11560  3   0  0  11560
212  11576  3   0  0  11576
213  9641  3   0  0  9641
214  11578  3   0  0  11578
215  11415  4   1  0  0  11414
216  11540  4   0  0  0  11540
217  11422  2   0  11422
218  11527  3   1  0  11526
219  9771  3   0  0  9771
220  11576  2   0  11576
221  11528  2   0  11528
222  11576  2   1  11575
223  11401  3   0  1  11400
224  11576  2   0  11576
225  11388  2   114  11274
226  11576  3   2  0  11574
227  11568  2   0  11568
228  11576  3   0  1  11575
229  11388  2   2  11386
230  11568  2   0  11568
231  11558  3   0  0  11558
232  11576  3   0  0  11576
233  11314  2   1  11313
234  11524  3   0  3  11521
235  11556  2   0  11556
236  11576  2   1  11575
237  11574  3   0  0  11574
238  11524  2   0  11524
239  11576  2   1  11575
240  11281  3   1  0  11280
241  11510  2   0  11510
242  11576  2   0  11576
243  11576  2   0  11576
244  11578  3   0  2  11576
245  11166  5   0  0  0  0  11166
246  11508  4   52  4  1  11451
247  11114  3   0  0  11114
248  11505  3   0  0  11505
249  11576  2   0  11576
250  11578  3   1  0  11577
251  11576  3   0  0  11576
252  11054  2   1  11053
253  11498  3   1  1  11496
254  11500  2   0  11500
255  9316  2   0  9316
256  11504  2   0  11504
257  11570  2   3  11567
258  11578  3   1  13  11564
259  11006  5   20  0  0  0  10986
260  11571  3   0  3  11568
261  11472  3   0  0  11472
262  11578  3   1  0  11577
263  11564  3   0  0  11564
264  11576  2   0  11576
265  11572  3   0  0  11572
266  11578  2   0  11578
267  11562  2   0  11562
268  11576  3   0  0  11576
269  11522  2   0  11522
270  9916  3   0  0  9916
271  11574  2   0  11574
272  11474  2   0  11474
273  11534  3   0  0  11534
274  11400  2   0  11400
275  11572  2   0  11572
276  11528  2   0  11528
277  11568  2   0  11568
278  11540  2   2  11538
279  11540  2   0  11540
280  11578  2   2  11576
281  11542  3   2  0  11540
282  11578  3   0  82  11496
283  11498  2   0  11498
284  11450  2   7  11443
285  11572  2   0  11572
286  9286  2   0  9286
287  10918  2   0  10918
288  11572  2   4  11568
289  11528  2   6  11522
290  10376  3   0  0  10376
291  11578  2   0  11578
292  11544  2   0  11544
293  11578  2   0  11578
294  11564  2   1  11563
295  11548  2   0  11548
296  11494  2   0  11494
297  11542  2   1  11541
298  11414  2   0  11414
299  11570  2   0  11570
300  9274  2   0  9274
301  9274  2   0  9274
302  11576  2   0  11576
303  11546  3   0  0  11546
304  11550  2   0  11550
305  11574  2   1  11573
306  11412  2   0  11412
307  11526  3   0  0  11526
308  11504  3   0  0  11504
309  8162  2   2  8160
310  11526  3   0  2  11524
311  11574  2   0  11574
312  11572  2   1  11571
313  11542  4   0  0  0  11542
314  11564  3   0  0  11564
315  11568  4   0  0  0  11568
316  11573  3   0  0  11573
317  11545  4   0  0  0  11545
318  11502  2   8  11494
319  11502  3   0  0  11502
320  11422  2   0  11422
321  11548  3   0  0  11548
322  11566  2   0  11566
323  11544  3   0  0  11544
324  9324  3   0  0  9324
325  11562  2   0  11562
326  11566  5   0  1  0  0  11565
327  11498  2   0  11498
328  11552  2   0  11552
329  11560  2   1  11559
330  7408  2   1  7407
331  11554  3   0  0  11554
332  11540  2   0  11540
333  11572  2   0  11572
334  11570  3   0  0  11570
335  11533  3   0  0  11533
336  11558  2   0  11558
337  11574  2   0  11574
338  11452  2   0  11452
339  11556  3   0  0  11556
340  11572  2   0  11572
341  11529  4   0  0  4  11525
342  9324  2   0  9324
343  11574  3   0  0  11574
344  6902  2   0  6902
345  11570  2   0  11570
346  11449  3   0  0  11449
347  11560  2   0  11560
348  11571  3   0  141  11430
349  11572  3   0  0  11572
350  11561  3   0  2  11559
351  11562  3   0  0  11562
352  8638  2   0  8638
353  11572  3   0  0  11572
354  11562  2   1  11561
355  11486  4   0  2  0  11484
356  11470  3   1  1  11468
357  11564  2   0  11564
358  11478  2   1  11477
359  11566  4   1  0  0  11565
360  8918  2   0  8918
361  11570  3   0  0  11570
362  11356  2   0  11356
363  11574  2   0  11574
364  11574  2   3  11571
365  11446  3   0  0  11446
366  8998  2   0  8998
367  11574  4   0  0  0  11574
368  11512  2   0  11512
369  11473  3   0  0  11473
370  9202  3   0  0  9202
371  11353  3   2  0  11351
372  11566  2   0  11566
373  11468  2   0  11468
374  11566  2   1  11565
375  11578  2   0  11578

[pop]=3
1  8284  4   0  0  0  8284
2  8518  2   0  8518
3  8568  3   0  0  8568
4  8648  2   0  8648
5  8165  3   0  0  8165
6  8646  2   0  8646
7  5559  2   0  5559
8  8572  3   0  0  8572
9  8652  2   0  8652
10  8408  2   0  8408
11  2414  3   0  0  2414
12  8574  2   0  8574
13  8648  3   0  0  8648
14  8365  4   0  7  0  8358
15  8648  3   0  0  8648
16  8654  2   1  8653
17  8416  2   5  8411
18  2354  3   0  2  2352
19  8652  2   0  8652
20  8654  2   0  8654
21  8652  3   0  0  8652
22  8574  2   1  8573
23  8476  3   0  0  8476
24  8649  3   0  0  8649
25  8651  3   0  0  8651
26  8574  2   0  8574
27  8498  3   0  0  8498
28  8654  3   1  0  8653
29  8654  4   0  4  0  8650
30  1952  2   0  1952
31  8574  3   0  0  8574
32  8583  3   0  1  8582
33  8654  3   0  0  8654
34  8654  2   0  8654
35  8654  2   56  8598
36  8654  2   0  8654
37  8651  3   1  0  8650
38  8654  2   0  8654
39  8644  2   0  8644
40  8636  3   0  0  8636
41  8551  3   2  0  8549
42  8654  2   4  8650
43  8650  3   0  1  8649
44  8518  4   0  0  0  8518
45  8591  4   0  0  0  8591
46  8581  4   0  0  3  8578
47  8582  2   0  8582
48  8617  3   0  0  8617
49  8648  2   0  8648
50  8650  2   0  8650
51  8648  2   0  8648
52  8614  2   0  8614
53  8650  3   0  0  8650
54  8654  2   0  8654
55  8614  3   0  16  8598
56  704  2   0  704
57  8586  2   0  8586
58  8620  2   0  8620
59  8654  3   0  0  8654
60  8606  3   0  3539  5067
61  8654  2   0  8654
62  8654  2   0  8654
63  8654  2   0  8654
64  8516  2   0  8516
65  8654  2   0  8654
66  8654  2   0  8654
67  8654  2   0  8654
68  8654  3   1  0  8653
69  8642  2   0  8642
70  8654  2   0  8654
71  8618  2   0  8618
72  8593  3   0  0  8593
73  8634  2   0  8634
74  8648  2   0  8648
75  8654  4   0  0  0  8654
76  8616  2   0  8616
77  8642  3   0  0  8642
78  8514  2   0  8514
79  8654  2   0  8654
80  8642  2   0  8642
81  8596  2   0  8596
82  8598  2   0  8598
83  8634  2   0  8634
84  8654  2   1  8653
85  8650  2   0  8650
86  8598  2   29  8569
87  8654  3   0  0  8654
88  8646  2   0  8646
89  8582  2   257  8325
90  8646  3   0  6  8640
91  8654  3   0  0  8654
92  8654  2   0  8654
93  8650  4   0  0  0  8650
94  8574  2   0  8574
95  8650  3   0  0  8650
96  8482  2   0  8482
97  8648  2   0  8648
98  8654  2   0  8654
99  8650  2   0  8650
100  8654  2   0  8654
101  8654  2   0  8654
102  8532  2   0  8532
103  8650  2   0  8650
104  8650  2   0  8650
105  8652  2   0  8652
106  8648  3   0  0  8648
107  8526  3   0  0  8526
108  8648  2   0  8648
109  6592  3   0  0  6592
110  8654  2   0  8654
111  8650  4   0  0  0  8650
112  8654  2   0  8654
113  8554  2   0  8554
114  8646  3   0  0  8646
115  8644  3   0  0  8644
116  8650  3   0  0  8650
117  8654  3   0  0  8654
118  8492  2   0  8492
119  8563  3   0  2  8561
120  8648  2   0  8648
121  8566  2   0  8566
122  8648  2   0  8648
123  8650  3   0  0  8650
124  8642  3   0  0  8642
125  8646  2   1  8645
126  8653  4   0  0  3842  4811
127  8570  2   0  8570
128  8646  3   0  0  8646
129  8654  2   0  8654
130  8432  2   0  8432
131  8654  2   0  8654
132  8574  2   0  8574
133  8654  2   0  8654
134  8654  2   1  8653
135  8498  2   0  8498
136  8576  3   0  0  8576
137  8622  2   0  8622
138  8654  3   0  0  8654
139  8325  3   1  0  8324
140  8584  2   0  8584
141  8654  2   0  8654
142  8654  2   0  8654
143  8652  3   0  0  8652
144  8650  2   1  8649
145  8654  2   0  8654
146  8654  2   0  8654
147  8636  2   0  8636
148  8652  2   0  8652
149  8650  2   0  8650
150  8638  2   0  8638
151  8650  3   1  46  8603
152  8646  3   0  0  8646
153  8650  2   0  8650
154  8588  3   0  3  8585
155  8650  2   22  8628
156  8654  2   0  8654
157  8588  2   0  8588
158  8638  2   0  8638
159  8648  2   39  8609
160  8508  2   0  8508
161  8588  3   0  1  8587
162  8650  2   0  8650
163  8620  2   0  8620
164  8640  2   0  8640
165  6627  2   0  6627
166  8654  2   0  8654
167  8596  3   0  0  8596
168  8650  2   0  8650
169  8652  2   0  8652
170  8638  3   0  0  8638
171  8635  4   0  0  0  8635
172  8596  3   0  0  8596
173  8654  2   0  8654
174  6686  2   1  6685
175  8652  3   0  0  8652
176  8652  4   0  0  0  8652
177  8650  2   0  8650
178  8600  3   0  0  8600
179  8652  4   1  0  0  8651
180  8654  2   0  8654
181  8600  3   0  0  8600
182  8650  2   0  8650
183  8654  3   0  1  8653
184  8650  2   6  8644
185  8600  3   0  2  8598
186  8652  3   0  0  8652
187  8600  2   1  8599
188  8650  2   0  8650
189  8648  2   1  8647
190  8526  2   0  8526
191  8600  2   0  8600
192  8654  2   0  8654
193  7559  3   0  0  7559
194  8654  4   0  9  0  8645
195  8654  3   0  1  8653
196  8648  2   0  8648
197  8594  3   0  0  8594
198  7659  3   1  0  7658
199  8653  3   0  0  8653
200  8652  3   0  0  8652
201  8568  3   0  0  8568
202  8652  3   1  0  8651
203  8594  4   0  0  0  8594
204  7692  2   0  7692
205  8640  2   0  8640
206  8592  2   0  8592
207  7812  2   0  7812
208  8592  3   0  0  8592
209  8654  2   0  8654
210  8520  3   0  0  8520
211  8642  3   0  0  8642
212  8646  3   0  2  8644
213  7858  3   0  0  7858
214  8654  3   0  0  8654
215  8575  4   0  0  1  8574
216  8594  4   0  0  0  8594
217  8574  2   0  8574
218  8648  3   0  0  8648
219  7926  3   1  0  7925
220  8652  2   0  8652
221  8648  2   0  8648
222  8654  2   0  8654
223  8554  3   0  0  8554
224  8654  2   0  8654
225  8540  2   0  8540
226  8652  3   0  0  8652
227  8650  2   0  8650
228  8654  3   0  1  8653
229  8540  2   0  8540
230  8652  2   0  8652
231  8644  3   1  0  8643
232  8650  3   0  0  8650
233  8490  2   0  8490
234  8579  3   0  0  8579
235  8646  2   0  8646
236  8650  2   0  8650
237  8654  3   0  0  8654
238  8580  2   1  8579
239  8650  2   0  8650
240  8446  3   0  1  8445
241  8574  2   0  8574
242  8648  2   0  8648
243  8650  2   0  8650
244  8654  3   0  0  8654
245  8318  5   1  1  1  0  8315
246  8573  4   0  0  0  8573
247  8269  3   7  1  8261
248  8569  3   1  0  8568
249  8650  2   0  8650
250  8654  3   0  0  8654
251  8654  3   1  1  8652
252  8178  2   0  8178
253  8554  3   0  0  8554
254  8550  2   0  8550
255  6634  2   0  6634
256  8612  2   0  8612
257  8652  2   1  8651
258  8654  3   0  0  8654
259  8116  5   0  9  0  0  8107
260  8652  3   0  0  8652
261  8614  3   0  0  8614
262  8654  3   0  0  8654
263  8651  3   0  0  8651
264  8650  2   0  8650
265  8652  3   0  0  8652
266  8650  2   0  8650
267  8652  2   0  8652
268  8648  3   0  0  8648
269  8622  2   0  8622
270  7668  3   0  1  7667
271  8654  2   0  8654
272  8612  2   1  8611
273  8634  3   0  0  8634
274  8636  2   1  8635
275  8652  2   0  8652
276  8586  2   0  8586
277  8652  2   0  8652
278  8636  2   0  8636
279  8634  2   0  8634
280  8654  2   0  8654
281  8636  3   0  0  8636
282  8654  3   0  0  8654
283  8626  2   1  8625
284  8606  2   0  8606
285  8654  2   0  8654
286  6632  2   11  6621
287  8272  2   0  8272
288  8652  2   0  8652
289  8636  2   0  8636
290  8100  3   0  0  8100
291  8654  2   0  8654
292  8634  2   0  8634
293  8652  2   0  8652
294  8648  2   0  8648
295  8634  2   0  8634
296  8640  2   0  8640
297  8636  2   0  8636
298  8636  2   0  8636
299  8654  2   0  8654
300  6627  2   0  6627
301  6628  2   0  6628
302  8648  2   0  8648
303  8636  3   0  1  8635
304  8632  2   0  8632
305  8652  2   0  8652
306  8638  2   0  8638
307  8604  3   1  0  8603
308  8642  3   0  1  8641
309  6596  2   0  6596
310  8600  3   0  10  8590
311  8650  2   0  8650
312  8652  2   0  8652
313  8635  4   0  0  1  8634
314  8651  3   0  0  8651
315  8646  4   0  0  0  8646
316  8652  3   0  0  8652
317  8637  4   0  1  3  8633
318  8644  2   0  8644
319  8644  3   0  0  8644
320  8600  2   0  8600
321  8624  3   0  0  8624
322  8654  2   0  8654
323  8626  3   0  0  8626
324  6638  3   0  0  6638
325  8642  2   1  8641
326  8652  5   0  0  0  0  8652
327  8578  2   0  8578
328  8628  2   2  8626
329  8642  2   45  8597
330  5806  2   0  5806
331  8652  3   0  0  8652
332  8620  2   0  8620
333  8654  2   0  8654
334  8654  3   0  0  8654
335  8638  3   0  0  8638
336  8630  2   3  8627
337  8652  2   0  8652
338  8614  2   3  8611
339  8638  3   0  0  8638
340  8652  2   0  8652
341  8638  4   0  0  0  8638
342  6638  2   0  6638
343  8652  3   0  0  8652
344  5172  2   0  5172
345  8654  2   0  8654
346  8541  3   0  0  8541
347  8642  2   0  8642
348  8640  3   0  2  8638
349  8654  3   0  4  8650
350  8639  3   0  0  8639
351  8640  3   0  0  8640
352  7252  2   0  7252
353  8650  3   0  0  8650
354  8640  2   0  8640
355  8575  4   0  1  0  8574
356  8639  3   0  0  8639
357  8640  2   0  8640
358  8570  2   0  8570
359  8654  4   0  0  0  8654
360  7344  2   0  7344
361  8651  3   0  0  8651
362  8640  2   0  8640
363  8652  2   0  8652
364  8644  2   0  8644
365  8630  3   0  7  8623
366  7364  2   0  7364
367  8644  4   0  0  0  8644
368  8636  2   1  8635
369  8565  3   0  0  8565
370  7457  3   0  0  7457
371  8581  3   0  0  8581
372  8640  2   1  8639
373  8566  2   3  8563
374  8650  2   0  8650
375  8654  2   0  8654

[pop]=4
1  5856  4   0  0  0  5856
2  6610  2   0  6610
3  6509  3   0  0  6509
4  6602  2   0  6602
5  6053  3   0  0  6053
6  6520  2   0  6520
7  2381  2   0  2381
8  6514  3   0  0  6514
9  6590  2   0  6590
10  6098  2   0  6098
11  2936  3   0  0  2936
12  6508  2   0  6508
13  6600  3   0  0  6600
14  6243  4   0  0  0  6243
15  6541  3   0  0  6541
16  6614  2   0  6614
17  6104  2   0  6104
18  2902  3   0  1  2901
19  6590  2   8  6582
20  6614  2   0  6614
21  6610  3   0  0  6610
22  6502  2   0  6502
23  6355  3   0  0  6355
24  6561  3   0  0  6561
25  6608  3   0  0  6608
26  6516  2   0  6516
27  6224  3   0  0  6224
28  6606  3   0  0  6606
29  6605  4   0  0  0  6605
30  2574  2   0  2574
31  6514  3   0  0  6514
32  6502  3   1  0  6501
33  6614  3   0  0  6614
34  6614  2   0  6614
35  6604  2   0  6604
36  6614  2   0  6614
37  6579  3   0  13  6566
38  6606  2   0  6606
39  6612  2   0  6612
40  6566  3   0  0  6566
41  6367  3   720  0  5647
42  6606  2   0  6606
43  6587  3   0  0  6587
44  6610  4   0  1  0  6609
45  6487  4   0  0  0  6487
46  6513  4   0  0  0  6513
47  6514  2   0  6514
48  6595  3   0  0  6595
49  6604  2   0  6604
50  6588  2   0  6588
51  6606  2   0  6606
52  6564  2   0  6564
53  6604  3   0  0  6604
54  6614  2   0  6614
55  6569  3   0  0  6569
56  1060  2   0  1060
57  6510  2   0  6510
58  6578  2   0  6578
59  6614  3   0  0  6614
60  6583  3   0  1665  4918
61  6614  2   0  6614
62  6614  2   0  6614
63  6612  2   15  6597
64  6610  2   0  6610
65  6614  2   0  6614
66  6612  2   0  6612
67  6610  2   0  6610
68  6614  3   0  0  6614
69  6602  2   0  6602
70  6614  2   0  6614
71  6604  2   6  6598
72  6503  3   0  0  6503
73  6610  2   0  6610
74  6614  2   0  6614
75  6614  4   0  0  12  6602
76  6602  2   0  6602
77  6602  3   0  0  6602
78  6610  2   0  6610
79  6612  2   0  6612
80  6602  2   0  6602
81  6486  2   0  6486
82  6482  2   0  6482
83  6612  2   0  6612
84  6614  2   0  6614
85  6584  2   0  6584
86  6474  2   0  6474
87  6614  3   0  0  6614
88  6604  2   0  6604
89  6590  2   39  6551
90  6606  3   0  0  6606
91  6614  3   0  0  6614
92  6614  2   0  6614
93  6582  4   0  0  0  6582
94  6588  2   0  6588
95  6582  3   0  0  6582
96  6550  2   0  6550
97  6610  2   0  6610
98  6614  2   0  6614
99  6610  2   0  6610
100  6614  2   0  6614
101  6606  2   2  6604
102  6410  2   0  6410
103  6610  2   0  6610
104  6610  2   0  6610
105  6614  2   0  6614
106  6608  3   0  0  6608
107  6570  3   0  0  6570
108  6608  2   0  6608
109  4376  3   0  0  4376
110  6606  2   0  6606
111  6612  4   0  0  0  6612
112  6614  2   0  6614
113  6600  2   0  6600
114  6602  3   0  0  6602
115  6610  3   0  0  6610
116  6612  3   0  0  6612
117  6614  3   0  0  6614
118  6562  2   1  6561
119  6602  3   0  0  6602
120  6578  2   0  6578
121  6604  2   0  6604
122  6582  2   0  6582
123  6612  3   0  0  6612
124  6594  3   0  38  6556
125  6600  2   0  6600
126  6610  4   0  0  4034  2576
127  6612  2   0  6612
128  6580  3   1  0  6579
129  6614  2   0  6614
130  6532  2   0  6532
131  6614  2   0  6614
132  6612  2   0  6612
133  6612  2   0  6612
134  6614  2   0  6614
135  6588  2   0  6588
136  6612  3   0  0  6612
137  6582  2   0  6582
138  6614  3   0  0  6614
139  6475  3   0  0  6475
140  6612  2   0  6612
141  6614  2   0  6614
142  6614  2   0  6614
143  6610  3   0  0  6610
144  6598  2   0  6598
145  6614  2   0  6614
146  6608  2   0  6608
147  6596  2   0  6596
148  6608  2   0  6608
149  6600  2   140  6460
150  6594  2   0  6594
151  6600  3   0  0  6600
152  6564  3   0  0  6564
153  6614  2   4  6610
154  6612  3   0  0  6612
155  6602  2   0  6602
156  6604  2   0  6604
157  6612  2   0  6612
158  6606  2   0  6606
159  6612  2   0  6612
160  6602  2   0  6602
161  6614  3   0  0  6614
162  6604  2   0  6604
163  6606  2   0  6606
164  6602  2   0  6602
165  4519  2   0  4519
166  6614  2   0  6614
167  6614  3   0  1  6613
168  6606  2   0  6606
169  6614  2   0  6614
170  6612  3   0  0  6612
171  6610  4   0  0  0  6610
172  6614  3   0  0  6614
173  6614  2   0  6614
174  5150  2   0  5150
175  6606  3   0  0  6606
176  6614  4   0  0  0  6614
177  6606  2   0  6606
178  6614  3   0  2  6612
179  6614  4   0  0  0  6614
180  6614  2   0  6614
181  6614  3   0  0  6614
182  6614  2   47  6567
183  6614  3   0  0  6614
184  6604  2   0  6604
185  6614  3   0  0  6614
186  6614  3   0  0  6614
187  6614  2   0  6614
188  6612  2   0  6612
189  6606  2   0  6606
190  6484  2   0  6484
191  6614  2   0  6614
192  6614  2   0  6614
193  5802  3   0  0  5802
194  6610  4   0  0  0  6610
195  6614  3   0  1  6613
196  6598  2   6  6592
197  6612  3   0  0  6612
198  5881  3   0  0  5881
199  6612  3   0  0  6612
200  6614  3   0  0  6614
201  6522  3   0  0  6522
202  6613  3   0  0  6613
203  6612  4   0  0  0  6612
204  5896  2   0  5896
205  6582  2   0  6582
206  6612  2   0  6612
207  5986  2   0  5986
208  6612  3   0  0  6612
209  6614  2   0  6614
210  6612  3   0  0  6612
211  6612  3   0  1  6611
212  6614  3   0  0  6614
213  6023  3   0  0  6023
214  6612  3   0  0  6612
215  6542  4   0  0  0  6542
216  6612  4   0  0  0  6612
217  6544  2   0  6544
218  6614  3   0  0  6614
219  6070  3   0  0  6070
220  6612  2   0  6612
221  6614  2   1  6613
222  6614  2   0  6614
223  6538  3   0  0  6538
224  6614  2   0  6614
225  6524  2   286  6238
226  6610  3   0  0  6610
227  6612  2   0  6612
228  6614  3   0  0  6614
229  6524  2   0  6524
230  6612  2   0  6612
231  6612  3   0  0  6612
232  6608  3   0  0  6608
233  6496  2   0  6496
234  6612  3   0  0  6612
235  6612  2   0  6612
236  6608  2   0  6608
237  6614  3   0  0  6614
238  6612  2   4  6608
239  6602  2   0  6602
240  6453  3   12  0  6441
241  6612  2   0  6612
242  6614  2   0  6614
243  6600  2   0  6600
244  6614  3   0  0  6614
245  6382  5   0  0  0  0  6382
246  6607  4   15  0  0  6592
247  6358  3   0  0  6358
248  6606  3   0  0  6606
249  6586  2   0  6586
250  6612  3   0  0  6612
251  6614  3   0  0  6614
252  6340  2   0  6340
253  6596  3   0  0  6596
254  6606  2   0  6606
255  4521  2   0  4521
256  6608  2   0  6608
257  6612  2   0  6612
258  6614  3   0  0  6614
259  6317  5   0  0  0  0  6317
260  6612  3   0  0  6612
261  6592  3   0  0  6592
262  6614  3   0  0  6614
263  6614  3   0  0  6614
264  6578  2   0  6578
265  6612  3   0  0  6612
266  6610  2   0  6610
267  6614  2   0  6614
268  6574  3   0  0  6574
269  6614  2   0  6614
270  5898  3   0  0  5898
271  6614  2   0  6614
272  6590  2   0  6590
273  6596  3   0  0  6596
274  6568  2   0  6568
275  6612  2   0  6612
276  6604  2   0  6604
277  6614  2   0  6614
278  6600  2   0  6600
279  6614  2   0  6614
280  6610  2   0  6610
281  6600  3   0  0  6600
282  6614  3   0  8  6606
283  6324  2   0  6324
284  6586  2   7  6579
285  6614  2   63  6551
286  4523  2   0  4523
287  6202  2   0  6202
288  6614  2   0  6614
289  6430  2   0  6430
290  5366  3   0  0  5366
291  6610  2   0  6610
292  6606  2   0  6606
293  6614  2   0  6614
294  6612  2   0  6612
295  6606  2   0  6606
296  6592  2   0  6592
297  6614  2   1  6613
298  6580  2   0  6580
299  6614  2   0  6614
300  4504  2   0  4504
301  4504  2   0  4504
302  6610  2   0  6610
303  6591  3   0  0  6591
304  6610  2   0  6610
305  6614  2   1  6613
306  6570  2   0  6570
307  6572  3   0  0  6572
308  6594  3   0  0  6594
309  3586  2   0  3586
310  6564  3   0  0  6564
311  6610  2   0  6610
312  6614  2   0  6614
313  6614  4   0  1  0  6613
314  6604  3   0  0  6604
315  6614  4   0  0  0  6614
316  6614  3   0  0  6614
317  6596  4   0  0  0  6596
318  6594  2   0  6594
319  6594  3   0  0  6594
320  6428  2   0  6428
321  6604  3   0  0  6604
322  6614  2   0  6614
323  6602  3   0  0  6602
324  4530  3   0  0  4530
325  6612  2   0  6612
326  6604  5   0  0  0  0  6604
327  6550  2   0  6550
328  6604  2   0  6604
329  6612  2   0  6612
330  3008  2   0  3008
331  6612  3   0  0  6612
332  6600  2   0  6600
333  6614  2   0  6614
334  6614  3   0  1  6613
335  6593  3   0  0  6593
336  6606  2   0  6606
337  6612  2   0  6612
338  6468  2   0  6468
339  6603  3   0  0  6603
340  6612  2   0  6612
341  6594  4   0  0  0  6594
342  4530  2   0  4530
343  6612  3   0  0  6612
344  2564  2   0  2564
345  6612  2   0  6612
346  6531  3   0  0  6531
347  6614  2   0  6614
348  6612  3   0  275  6337
349  6614  3   0  0  6614
350  6614  3   0  0  6614
351  6614  3   0  0  6614
352  4666  2   2  4664
353  6612  3   0  0  6612
354  6614  2   0  6614
355  6586  4   0  0  0  6586
356  6589  3   0  0  6589
357  6612  2   0  6612
358  6586  2   0  6586
359  6609  4   0  0  1  6608
360  4784  2   0  4784
361  6612  3   0  0  6612
362  6554  2   0  6554
363  6612  2   0  6612
364  6614  2   0  6614
365  6588  3   0  0  6588
366  4826  2   0  4826
367  6614  4   0  0  0  6614
368  6584  2   0  6584
369  6587  3   0  0  6587
370  4935  3   0  0  4935
371  6564  3   0  0  6564
372  6614  2   0  6614
373  6584  2   0  6584
374  6612  2   0  6612
375  6614  2   0  6614

[pop]=5
1  62207  4   2  1  0  62204
2  63274  2   2  63272
3  64692  3   1  0  64691
4  66660  2   0  66660
5  63779  3   1  1  63777
6  66460  2   1  66459
7  35791  2   3  35788
8  64730  3   2  1  64727
9  66668  2   10  66658
10  63338  2   1  63337
11  21700  3   0  0  21700
12  64736  2   5  64731
13  66662  3   0  1  66661
14  64887  4   3  6  3  64875
15  66493  3   2  0  66491
16  66716  2   1  66715
17  63286  2   0  63286
18  21488  3   1  0  21487
19  66672  2   622  66050
20  66738  2   0  66738
21  66308  3   0  6  66302
22  64754  2   2  64752
23  65555  3   0  0  65555
24  66535  3   2  0  66533
25  66358  3   1  0  66357
26  64830  2   0  64830
27  64109  3   1  0  64108
28  66398  3   0  1  66397
29  66443  4   2  0  10  66431
30  19112  2   0  19112
31  64847  3   2  1  64844
32  66170  3   0  0  66170
33  66657  3   0  0  66657
34  66738  2   0  66738
35  66450  2   1  66449
36  66722  2   2  66720
37  66567  3   15  5  66547
38  66586  2   0  66586
39  66528  2   0  66528
40  66453  3   0  7  66446
41  65006  3   5781  0  59225
42  66646  2   0  66646
43  66587  3   4  0  66583
44  63248  4   1  1  0  63246
45  65644  4   1  0  1  65642
46  64954  4   1  4  1  64948
47  64988  2   0  64988
48  66213  3   1  0  66212
49  66616  2   4  66612
50  66622  2   0  66622
51  66622  2   1  66621
52  66074  2   2  66072
53  66681  3   1  0  66680
54  66698  2   2  66696
55  66174  3   0  1  66173
56  8876  2   2  8874
57  65050  2   2  65048
58  66254  2   1  66253
59  66738  3   1  1  66736
60  66315  3   1  13155  53159
61  66732  2   1  66731
62  66738  2   0  66738
63  66718  2   6  66712
64  63128  2   26  63102
65  66732  2   2  66730
66  66730  2   4  66726
67  66720  2   2  66718
68  66738  3   1  0  66737
69  66442  2   1  66441
70  66738  2   0  66738
71  66454  2   165  66289
72  65097  3   0  0  65097
73  66548  2   0  66548
74  66632  2   5  66627
75  66730  4   1  0  89  66640
76  66446  2   0  66446
77  66496  3   1  1  66494
78  63028  2   0  63028
79  66724  2   0  66724
80  66514  2   2  66512
81  65044  2   10  65034
82  65038  2   2  65036
83  66586  2   2  66584
84  66738  2   1  66737
85  66624  2   1  66623
86  64992  2   0  64992
87  66718  3   2  1  66715
88  66548  2   0  66548
89  66234  2   41  66193
90  66608  3   3  0  66605
91  66713  3   10  0  66703
92  66738  2   2  66736
93  66600  4   1  0  0  66599
94  66150  2   4  66146
95  66594  3   2  0  66592
96  62558  2   15  62543
97  66644  2   2  66642
98  66716  2   1  66715
99  66648  2   0  66648
100  66698  2   2  66696
101  66682  2   13  66669
102  65034  2   1  65033
103  66658  2   26  66632
104  66666  2   4  66662
105  66738  2   2  66736
106  66568  3   1  8  66559
107  65732  3   2  1  65729
108  66560  2   2  66558
109  46950  3   2  1  46947
110  66670  2   0  66670
111  66700  4   2  9  0  66689
112  66718  2   2  66716
113  64938  2   1  64937
114  66564  3   0  0  66564
115  66654  3   0  1  66653
116  66703  3   0  2  66701
117  66710  3   1  2  66707
118  65396  2   1  65395
119  65011  3   1  2  65008
120  66530  2   0  66530
121  65072  2   32  65040
122  66512  2   3  66509
123  66702  3   1  0  66701
124  66550  3   1  418  66131
125  66566  2   0  66566
126  66725  4   0  1  44245  22479
127  65256  2   1  65255
128  66588  3   50  1  66537
129  66702  2   0  66702
130  64584  2   2  64582
131  66736  2   0  66736
132  65336  2   0  65336
133  66636  2   0  66636
134  66736  2   1  66735
135  62978  2   1  62977
136  65360  3   2  0  65358
137  66024  2   8  66016
138  66715  3   0  5  66710
139  63180  3   0  3  63177
140  65450  2   2  65448
141  66716  2   1  66715
142  66716  2   0  66716
143  66486  3   0  0  66486
144  66676  2   4  66672
145  66730  2   2  66728
146  66716  2   2  66714
147  66280  2   2  66278
148  66438  2   0  66438
149  66684  2   1364  65320
150  66328  2   0  66328
151  66683  3   2  1  66680
152  66525  3   3  2  66520
153  66702  2   71  66631
154  65502  3   1  0  65501
155  66692  2   184  66508
156  66702  2   2  66700
157  65516  2   0  65516
158  66548  2   164  66384
159  66550  2   3  66547
160  63096  2   0  63096
161  65515  3   1  0  65514
162  66690  2   1  66689
163  65990  2   0  65990
164  65686  2   6  65680
165  47683  2   4  47679
166  66706  2   0  66706
167  65547  3   2  0  65545
168  66698  2   5  66693
169  66728  2   3  66725
170  66672  3   1  2  66669
171  66243  4   1  1  0  66241
172  65556  3   0  1  65555
173  66712  2   7  66705
174  52512  2   1  52511
175  66714  3   3  2  66709
176  66729  4   0  0  1  66728
177  66476  2   2  66474
178  65554  3   1  12  65541
179  66729  4   0  0  1  66728
180  66730  2   1  66729
181  65554  3   0  1  65553
182  66696  2   19  66677
183  66721  3   0  0  66721
184  66452  2   0  66452
185  65554  3   0  12  65542
186  66728  3   0  0  66728
187  65538  2   0  65538
188  66694  2   0  66694
189  66580  2   0  66580
190  64922  2   2  64920
191  65526  2   10  65516
192  66720  2   2  66718
193  58443  3   1  3  58439
194  66715  4   2  2  1  66710
195  66732  3   1  2  66729
196  66330  2   0  66330
197  65480  3   0  1  65479
198  59212  3   0  2  59210
199  66717  3   2  3  66712
200  66728  3   10  0  66718
201  65281  3   3  0  65278
202  66651  3   0  1  66650
203  65460  4   2  1  0  65457
204  59398  2   1  59397
205  66186  2   0  66186
206  65428  2   17  65411
207  60278  2   2  60276
208  65406  3   3  2  65401
209  66724  2   17  66707
210  63314  3   1  0  63313
211  66693  3   0  0  66693
212  66691  3   0  44  66647
213  60543  3   20  2  60521
214  66722  3   1  1  66720
215  65408  4   0  1  0  65407
216  65365  4   1  2  2  65360
217  65426  2   0  65426
218  66696  3   5  2  66689
219  60968  3   0  0  60968
220  66682  2   4  66678
221  66690  2   1  66689
222  66732  2   0  66732
223  65336  3   0  0  65336
224  66732  2   6  66726
225  65192  2   897  64295
226  66680  3   1  0  66679
227  66698  2   1  66697
228  66732  3   1  0  66731
229  65168  2   0  65168
230  66698  2   0  66698
231  66692  3   0  4  66688
232  66672  3   1  2  66669
233  64792  2   1  64791
234  65141  3   0  1  65140
235  66684  2   0  66684
236  66670  2   1  66669
237  66730  3   1  0  66729
238  65110  2   1  65109
239  66656  2   1  66655
240  64508  3   107  0  64401
241  64968  2   3  64965
242  66706  2   1  66705
243  66648  2   0  66648
244  66726  3   1  0  66725
245  63847  5   0  0  2  0  63845
246  64845  4   447  4  3  64391
247  63563  3   0  0  63563
248  64762  3   0  1  64761
249  66634  2   11  66623
250  66720  3   0  1  66719
251  66714  3   5  1  66708
252  63120  2   3  63117
253  66398  3   0  0  66398
254  64648  2   30  64618
255  47957  2   8  47949
256  66196  2   0  66196
257  66686  2   2  66684
258  66723  3   0  53  66670
259  62831  5   40  0  1  0  62790
260  66686  3   1  0  66685
261  66428  3   8  1  66419
262  66721  3   0  1  66720
263  66695  3   4  2  66689
264  66606  2   7  66599
265  66684  3   0  2  66682
266  66628  2   5  66623
267  66704  2   1  66703
268  66604  3   0  0  66604
269  66310  2   5  66305
270  60668  3   0  0  60668
271  66734  2   0  66734
272  66440  2   0  66440
273  65857  3   0  0  65857
274  66284  2   2  66282
275  66658  2   1  66657
276  66532  2   3  66529
277  66724  2   0  66724
278  65914  2   0  65914
279  66392  2   2  66390
280  66672  2   8  66664
281  65922  3   3  0  65919
282  66686  3   0  950  65736
283  66066  2   1  66065
284  66336  2   131  66205
285  66724  2   71  66653
286  47877  2   0  47877
287  64222  2   3  64219
288  66734  2   13  66721
289  66244  2   121  66123
290  61980  3   0  1  61979
291  66686  2   1  66685
292  65944  2   0  65944
293  66728  2   3  66725
294  66530  2   2  66528
295  65954  2   0  65954
296  66452  2   2  66450
297  66470  2   13  66457
298  66352  2   1  66351
299  66734  2   0  66734
300  47801  2   0  47801
301  47785  2   0  47785
302  66722  2   0  66722
303  66438  3   1  0  66437
304  65950  2   0  65950
305  66734  2   15  66719
306  66318  2   2  66316
307  65440  3   0  0  65440
308  66470  3   0  0  66470
309  47280  2   1  47279
310  65286  3   13  1  65272
311  66720  2   0  66720
312  66734  2   1  66733
313  66487  4   0  0  0  66487
314  66574  3   2  1  66571
315  66699  4   5  1  3  66690
316  66738  3   1  0  66737
317  66431  4   1  0  0  66430
318  66486  2   51  66435
319  66484  3   1  0  66483
320  65996  2   2  65994
321  65896  3   0  0  65896
322  66674  2   0  66674
323  65891  3   0  1  65890
324  47994  3   0  0  47994
325  66166  2   1  66165
326  66633  5   2  0  2  4  66625
327  64550  2   4  64546
328  66606  2   0  66606
329  66176  2   0  66176
330  41908  2   3  41905
331  66640  3   1  1  66638
332  65836  2   2  65834
333  66738  2   0  66738
334  66734  3   0  0  66734
335  66355  3   3  1  66351
336  66628  2   0  66628
337  66712  2   2  66710
338  66208  2   0  66208
339  66607  3   1  0  66606
340  66704  2   0  66704
341  66301  4   1  1  4  66295
342  47996  2   0  47996
343  66702  3   1  1  66700
344  38040  2   0  38040
345  66734  2   0  66734
346  63693  3   1  5  63687
347  66118  2   2  66116
348  66575  3   1  2138  64436
349  66736  3   0  0  66736
350  66195  3   0  2  66193
351  66193  3   4  10  66179
352  56650  2   0  56650
353  66684  3   3  1  66680
354  66202  2   6  66196
355  64331  4   0  5  1  64325
356  66279  3   0  1  66278
357  66218  2   0  66218
358  64198  2   1  64197
359  66706  4   0  0  12  66694
360  57114  2   0  57114
361  66730  3   0  0  66730
362  66410  2   0  66410
363  66688  2   0  66688
364  66480  2   4  66476
365  66186  3   1  0  66185
366  57290  2   1  57289
367  66517  4   0  2  2  66513
368  66316  2   1  66315
369  64033  3   1  0  64032
370  57760  3   1  0  57759
371  65647  3   0  1  65646
372  66242  2   2  66240
373  63952  2   0  63952
374  66724  2   1  66723
375  66738  2   5  66733

[pop]=6
1  823  4   0  0  0  823
2  872  2   0  872
3  872  3   0  0  872
4  908  2   0  908
5  859  3   0  0  859
6  898  2   0  898
7  449  2   0  449
8  874  3   0  0  874
9  902  2   0  902
10  858  2   0  858
11  350  3   0  0  350
12  874  2   0  874
13  908  3   0  0  908
14  869  4   0  0  0  869
15  901  3   0  0  901
16  908  2   0  908
17  856  2   0  856
18  342  3   0  0  342
19  902  2   9  893
20  908  2   0  908
21  891  3   0  0  891
22  872  2   0  872
23  876  3   0  0  876
24  901  3   0  0  901
25  893  3   0  0  893
26  874  2   0  874
27  864  3   0  0  864
28  894  3   0  0  894
29  897  4   0  0  0  897
30  316  2   0  316
31  876  3   0  0  876
32  894  3   0  0  894
33  908  3   0  0  908
34  908  2   0  908
35  898  2   0  898
36  908  2   0  908
37  904  3   0  0  904
38  906  2   0  906
39  900  2   0  900
40  900  3   0  0  900
41  875  3   51  0  824
42  906  2   0  906
43  904  3   0  0  904
44  872  4   0  0  0  872
45  893  4   0  0  0  893
46  873  4   0  0  0  873
47  876  2   0  876
48  902  3   0  0  902
49  904  2   0  904
50  908  2   0  908
51  904  2   0  904
52  900  2   0  900
53  906  3   0  0  906
54  908  2   0  908
55  902  3   0  0  902
56  170  2   0  170
57  874  2   0  874
58  902  2   0  902
59  908  3   0  0  908
60  902  3   0  196  706
61  908  2   0  908
62  908  2   0  908
63  908  2   0  908
64  868  2   0  868
65  908  2   0  908
66  908  2   0  908
67  908  2   0  908
68  908  3   0  0  908
69  902  2   0  902
70  908  2   0  908
71  900  2   2  898
72  874  3   0  0  874
73  904  2   0  904
74  906  2   0  906
75  908  4   0  0  2  906
76  900  2   0  900
77  902  3   0  0  902
78  866  2   0  866
79  908  2   0  908
80  902  2   0  902
81  876  2   0  876
82  876  2   0  876
83  904  2   0  904
84  908  2   0  908
85  906  2   0  906
86  876  2   0  876
87  908  3   0  0  908
88  904  2   0  904
89  896  2   5  891
90  904  3   0  0  904
91  908  3   0  0  908
92  908  2   0  908
93  906  4   0  0  0  906
94  896  2   0  896
95  906  3   0  0  906
96  858  2   0  858
97  904  2   0  904
98  908  2   0  908
99  904  2   0  904
100  908  2   0  908
101  908  2   3  905
102  872  2   0  872
103  904  2   1  903
104  904  2   0  904
105  908  2   0  908
106  904  3   0  0  904
107  890  3   0  0  890
108  904  2   0  904
109  610  3   0  0  610
110  908  2   0  908
111  904  4   0  0  0  904
112  908  2   0  908
113  890  2   0  890
114  906  3   0  0  906
115  906  3   0  0  906
116  904  3   0  0  904
117  908  3   0  0  908
118  890  2   0  890
119  890  3   0  0  890
120  906  2   0  906
121  890  2   3  887
122  906  2   0  906
123  904  3   0  0  904
124  908  3   0  5  903
125  906  2   0  906
126  908  4   0  0  573  335
127  892  2   0  892
128  906  3   0  0  906
129  908  2   0  908
130  880  2   0  880
131  908  2   0  908
132  890  2   0  890
133  906  2   0  906
134  908  2   0  908
135  866  2   0  866
136  890  3   0  0  890
137  892  2   0  892
138  908  3   0  0  908
139  864  3   0  0  864
140  890  2   0  890
141  908  2   0  908
142  906  2   0  906
143  904  3   0  0  904
144  906  2   3  903
145  908  2   0  908
146  908  2   0  908
147  894  2   0  894
148  904  2   0  904
149  906  2   20  886
150  894  2   0  894
151  906  3   0  2  904
152  903  3   0  0  903
153  906  2   1  905
154  894  3   0  0  894
155  906  2   8  898
156  908  2   0  908
157  892  2   0  892
158  906  2   6  900
159  902  2   0  902
160  868  2   0  868
161  892  3   0  0  892
162  906  2   0  906
163  882  2   0  882
164  872  2   0  872
165  628  2   0  628
166  908  2   0  908
167  892  3   0  0  892
168  906  2   0  906
169  908  2   0  908
170  902  3   0  0  902
171  889  4   0  0  0  889
172  892  3   0  0  892
173  908  2   0  908
174  664  2   0  664
175  908  3   0  0  908
176  908  4   0  0  0  908
177  896  2   0  896
178  892  3   0  0  892
179  908  4   0  0  0  908
180  906  2   0  906
181  893  3   0  0  893
182  906  2   1  905
183  908  3   0  0  908
184  896  2   0  896
185  894  3   0  0  894
186  908  3   0  0  908
187  894  2   0  894
188  906  2   0  906
189  906  2   0  906
190  880  2   0  880
191  894  2   0  894
192  908  2   0  908
193  754  3   0  0  754
194  908  4   0  0  0  908
195  906  3   0  0  906
196  896  2   0  896
197  892  3   0  0  892
198  760  3   0  0  760
199  908  3   0  0  908
200  908  3   0  0  908
201  889  3   0  0  889
202  908  3   0  0  908
203  892  4   0  0  0  892
204  762  2   0  762
205  894  2   0  894
206  890  2   0  890
207  780  2   0  780
208  892  3   0  0  892
209  908  2   0  908
210  873  3   0  0  873
211  908  3   0  0  908
212  904  3   0  1  903
213  796  3   0  0  796
214  908  3   0  0  908
215  894  4   0  0  0  894
216  891  4   0  0  0  891
217  894  2   0  894
218  908  3   0  0  908
219  810  3   0  0  810
220  906  2   0  906
221  908  2   0  908
222  906  2   0  906
223  896  3   0  0  896
224  906  2   0  906
225  894  2   16  878
226  906  3   0  0  906
227  908  2   0  908
228  906  3   0  0  906
229  894  2   0  894
230  908  2   1  907
231  908  3   0  0  908
232  906  3   0  0  906
233  884  2   0  884
234  890  3   0  0  890
235  908  2   0  908
236  906  2   0  906
237  906  3   0  0  906
238  890  2   0  890
239  904  2   0  904
240  883  3   0  0  883
241  892  2   0  892
242  906  2   0  906
243  904  2   0  904
244  908  3   0  0  908
245  875  5   0  0  0  0  875
246  888  4   8  0  0  880
247  875  3   0  0  875
248  888  3   0  0  888
249  904  2   0  904
250  906  3   0  0  906
251  906  3   0  0  906
252  870  2   0  870
253  904  3   0  0  904
254  884  2   0  884
255  632  2   0  632
256  898  2   0  898
257  908  2   0  908
258  908  3   0  1  907
259  869  5   0  0  0  0  869
260  908  3   0  0  908
261  900  3   0  0  900
262  906  3   0  0  906
263  908  3   0  0  908
264  902  2   0  902
265  908  3   0  0  908
266  906  2   0  906
267  908  2   0  908
268  902  3   0  0  902
269  898  2   0  898
270  814  3   0  0  814
271  908  2   0  908
272  900  2   1  899
273  896  3   0  0  896
274  898  2   0  898
275  908  2   0  908
276  908  2   0  908
277  908  2   1  907
278  896  2   0  896
279  900  2   0  900
280  908  2   0  908
281  896  3   0  0  896
282  908  3   0  16  892
283  884  2   0  884
284  904  2   1  903
285  908  2   3  905
286  630  2   0  630
287  856  2   0  856
288  908  2   0  908
289  892  2   0  892
290  782  3   0  0  782
291  908  2   1  907
292  896  2   0  896
293  908  2   0  908
294  902  2   0  902
295  896  2   0  896
296  898  2   0  898
297  904  2   0  904
298  904  2   0  904
299  908  2   0  908
300  630  2   0  630
301  629  2   0  629
302  908  2   1  907
303  908  3   0  0  908
304  894  2   0  894
305  908  2   0  908
306  904  2   0  904
307  876  3   0  0  876
308  900  3   0  0  900
309  616  2   0  616
310  870  3   1  0  869
311  908  2   0  908
312  908  2   0  908
313  904  4   0  0  0  904
314  901  3   0  0  901
315  908  4   1  0  0  907
316  908  3   0  0  908
317  908  4   0  0  0  908
318  900  2   3  897
319  898  3   0  0  898
320  890  2   0  890
321  890  3   0  0  890
322  906  2   0  906
323  890  3   0  0  890
324  633  3   0  0  633
325  900  2   0  900
326  904  5   0  0  0  0  904
327  846  2   0  846
328  900  2   0  900
329  900  2   0  900
330  556  2   0  556
331  906  3   0  0  906
332  890  2   0  890
333  908  2   0  908
334  906  3   0  0  906
335  901  3   0  0  901
336  900  2   0  900
337  908  2   0  908
338  892  2   0  892
339  908  3   0  0  908
340  908  2   0  908
341  895  4   0  0  0  895
342  633  2   0  633
343  908  3   0  0  908
344  518  2   0  518
345  908  2   0  908
346  826  3   0  0  826
347  888  2   0  888
348  908  3   0  19  889
349  906  3   0  0  906
350  902  3   0  0  902
351  902  3   0  0  902
352  656  2   0  656
353  902  3   0  0  902
354  902  2   0  902
355  888  4   0  2  0  886
356  886  3   0  0  886
357  902  2   0  902
358  888  2   0  888
359  908  4   0  0  0  908
360  660  2   0  660
361  908  3   0  0  908
362  900  2   0  900
363  904  2   0  904
364  902  2   0  902
365  884  3   0  0  884
366  658  2   0  658
367  904  4   0  0  0  904
368  906  2   0  906
369  887  3   0  0  887
370  674  3   0  0  674
371  883  3   0  0  883
372  902  2   0  902
373  888  2   0  888
374  908  2   0  908
375  906  2   0  906

[pop]=7
1  16141  4   0  1  1  16139
2  16144  2   0  16144
3  16493  3   0  0  16493
4  16500  2   5  16495
5  15954  3   36  1  15917
6  16506  2   2  16504
7  7898  2   0  7898
8  16492  3   5  0  16487
9  16508  2   0  16508
10  16302  2   1  16301
11  3150  3   0  0  3150
12  16492  2   0  16492
13  16500  3   0  0  16500
14  16129  4   0  0  0  16129
15  16503  3   0  1  16502
16  16506  2   0  16506
17  16300  2   0  16300
18  3238  3   0  0  3238
19  16508  2   211  16297
20  16512  2   0  16512
21  15558  3   0  0  15558
22  16494  2   0  16494
23  16265  3   2  1  16262
24  16506  3   0  0  16506
25  15699  3   0  0  15699
26  16494  2   0  16494
27  16386  3   0  12  16374
28  15843  3   2  3  15838
29  15935  4   1  1  1  15932
30  3264  2   0  3264
31  16494  3   0  0  16494
32  16401  3   0  0  16401
33  16417  3   1  0  16416
34  16512  2   3  16509
35  15962  2   2  15960
36  16506  2   0  16506
37  16508  3   2  0  16506
38  16286  2   1  16285
39  16346  2   0  16346
40  16474  3   1  0  16473
41  16457  3   145  1  16311
42  16408  2   0  16408
43  16511  3   2  1  16508
44  16119  4   0  0  0  16119
45  16480  4   0  2  0  16478
46  16497  4   0  0  0  16497
47  16498  2   0  16498
48  16448  3   0  0  16448
49  16512  2   0  16512
50  16512  2   0  16512
51  16512  2   1  16511
52  16494  2   0  16494
53  16489  3   0  0  16489
54  16506  2   0  16506
55  16502  3   1  0  16501
56  2316  2   0  2316
57  16498  2   0  16498
58  16508  2   1  16507
59  16512  3   0  0  16512
60  16508  3   0  4970  11538
61  16510  2   0  16510
62  16512  2   3  16509
63  16510  2   0  16510
64  15948  2   0  15948
65  16510  2   0  16510
66  16510  2   0  16510
67  16508  2   0  16508
68  16512  3   0  5  16507
69  16510  2   0  16510
70  16512  2   9  16503
71  16466  2   0  16466
72  16502  3   0  5  16497
73  16478  2   0  16478
74  16512  2   0  16512
75  16510  4   0  0  0  16510
76  16468  2   0  16468
77  16510  3   0  0  16510
78  15692  2   3  15689
79  16510  2   1  16509
80  16510  2   1  16509
81  16502  2   0  16502
82  16502  2   0  16502
83  16484  2   0  16484
84  16512  2   0  16512
85  16510  2   0  16510
86  16502  2   0  16502
87  16512  3   0  0  16512
88  16510  2   0  16510
89  16448  2   14  16434
90  16420  3   0  0  16420
91  16508  3   0  1  16507
92  16512  2   0  16512
93  16510  4   0  2  0  16508
94  16446  2   0  16446
95  16507  3   15  1  16491
96  16220  2   0  16220
97  16466  2   0  16466
98  16494  2   1  16493
99  16460  2   0  16460
100  16498  2   0  16498
101  16498  2   39  16459
102  15762  2   0  15762
103  16470  2   101  16369
104  16474  2   0  16474
105  16512  2   0  16512
106  16506  3   0  0  16506
107  16390  3   3  0  16387
108  16504  2   3  16501
109  9809  3   0  0  9809
110  16496  2   2  16494
111  16497  4   0  0  0  16497
112  16496  2   1  16495
113  16480  2   0  16480
114  16510  3   0  0  16510
115  16496  3   0  0  16496
116  16502  3   45  0  16457
117  16488  3   0  0  16488
118  16324  2   0  16324
119  16480  3   1  0  16479
120  16484  2   0  16484
121  16480  2   3  16477
122  16476  2   0  16476
123  16502  3   0  1  16501
124  16484  3   0  29  16455
125  16512  2   36  16476
126  16509  4   1  0  11468  5040
127  16492  2   0  16492
128  16502  3   23  2  16477
129  16510  2   0  16510
130  16224  2   0  16224
131  16512  2   0  16512
132  16494  2   0  16494
133  16426  2   1  16425
134  16512  2   0  16512
135  16252  2   0  16252
136  16496  3   0  9  16487
137  16262  2   0  16262
138  16510  3   0  0  16510
139  16065  3   0  0  16065
140  16500  2   0  16500
141  16510  2   0  16510
142  16508  2   0  16508
143  16130  3   1  1  16128
144  16510  2   484  16026
145  16512  2   0  16512
146  16510  2   0  16510
147  16388  2   4  16384
148  15950  2   0  15950
149  16510  2   425  16085
150  16394  2   0  16394
151  16510  3   0  7  16503
152  16492  3   0  0  16492
153  16504  2   2  16502
154  16502  3   0  0  16502
155  16510  2   13  16497
156  16512  2   2  16510
157  16504  2   1  16503
158  16490  2   100  16390
159  16328  2   0  16328
160  16258  2   1  16257
161  16504  3   0  0  16504
162  16512  2   0  16512
163  14930  2   0  14930
164  13806  2   0  13806
165  10054  2   0  10054
166  16512  2   2  16510
167  16504  3   0  0  16504
168  16512  2   0  16512
169  16510  2   0  16510
170  16472  3   0  0  16472
171  15550  4   0  0  0  15550
172  16504  3   0  0  16504
173  16512  2   0  16512
174  11174  2   1  11173
175  16512  3   0  0  16512
176  16510  4   0  0  0  16510
177  16450  2   0  16450
178  16502  3   0  0  16502
179  16510  4   0  0  0  16510
180  16512  2   0  16512
181  16502  3   1  0  16501
182  16512  2   1  16511
183  16512  3   0  0  16512
184  16428  2   0  16428
185  16502  3   2  0  16500
186  16510  3   0  0  16510
187  16502  2   1  16501
188  16512  2   0  16512
189  16480  2   0  16480
190  15876  2   0  15876
191  16502  2   1  16501
192  16512  2   1  16511
193  12866  3   0  0  12866
194  16512  4   3  0  1  16508
195  16512  3   0  2  16510
196  16404  2   0  16404
197  16502  3   0  0  16502
198  13124  3   0  0  13124
199  16512  3   0  0  16512
200  16510  3   2  1  16507
201  16051  3   0  2  16049
202  16384  3   0  0  16384
203  16502  4   0  0  1  16501
204  13176  2   0  13176
205  16354  2   13  16341
206  16502  2   0  16502
207  13480  2   0  13480
208  16502  3   1  0  16501
209  16512  2   0  16512
210  16266  3   0  1  16265
211  16500  3   1  0  16499
212  16508  3   0  82  16426
213  13606  3   18  0  13588
214  16512  3   0  0  16512
215  16115  4   0  0  0  16115
216  16501  4   0  0  0  16501
217  16104  2   2  16102
218  16512  3   0  0  16512
219  13770  3   0  0  13770
220  16512  2   0  16512
221  16512  2   0  16512
222  16512  2   0  16512
223  16092  3   1  0  16091
224  16512  2   0  16512
225  16046  2   260  15786
226  16510  3   0  1  16509
227  16506  2   1  16505
228  16512  3   0  0  16512
229  16030  2   0  16030
230  16506  2   16  16490
231  16501  3   0  0  16501
232  16510  3   0  1  16509
233  15930  2   1  15929
234  16495  3   0  0  16495
235  16500  2   11  16489
236  16512  2   0  16512
237  16512  3   0  1  16511
238  16494  2   0  16494
239  16512  2   0  16512
240  15834  3   0  0  15834
241  16484  2   2  16482
242  16512  2   1  16511
243  16512  2   2  16510
244  16512  3   0  1  16511
245  15614  5   0  0  1  0  15613
246  16484  4   130  0  0  16354
247  15529  3   1  0  15528
248  16484  3   0  0  16484
249  16512  2   0  16512
250  16510  3   0  0  16510
251  16510  3   0  0  16510
252  15406  2   0  15406
253  16430  3   0  0  16430
254  16480  2   0  16480
255  10108  2   0  10108
256  16456  2   1  16455
257  16490  2   0  16490
258  16512  3   0  5  16507
259  15337  5   0  0  0  3  15334
260  16490  3   0  0  16490
261  16466  3   0  0  16466
262  16512  3   0  0  16512
263  16509  3   0  3  16506
264  16504  2   0  16504
265  16486  3   1  0  16485
266  16446  2   0  16446
267  16508  2   9  16499
268  16506  3   1  1  16504
269  16472  2   0  16472
270  15448  3   3  0  15445
271  16500  2   5  16495
272  16466  2   0  16466
273  16501  3   5  1  16495
274  16492  2   0  16492
275  16424  2   2  16422
276  16474  2   0  16474
277  16510  2   3  16507
278  16508  2   0  16508
279  16478  2   0  16478
280  16498  2   0  16498
281  16508  3   1  1  16506
282  16480  3   1  46  16433
283  16298  2   0  16298
284  16424  2   0  16424
285  16510  2   0  16510
286  10079  2   0  10079
287  15936  2   0  15936
288  16508  2   1  16507
289  16372  2   3  16369
290  14448  3   1  0  14447
291  16504  2   0  16504
292  16508  2   1  16507
293  16510  2   0  16510
294  16172  2   0  16172
295  16506  2   1  16505
296  16410  2   0  16410
297  16486  2   3  16483
298  16494  2   0  16494
299  16510  2   5  16505
300  10055  2   0  10055
301  10055  2   0  10055
302  16510  2   6  16504
303  16475  3   0  0  16475
304  16506  2   0  16506
305  16510  2   0  16510
306  16496  2   0  16496
307  14881  3   0  1  14880
308  16440  3   0  0  16440
309  12632  2   0  12632
310  14518  3   0  1  14517
311  16510  2   0  16510
312  16508  2   0  16508
313  16488  4   0  0  0  16488
314  16354  3   0  0  16354
315  16507  4   0  0  0  16507
316  16510  3   0  0  16510
317  16469  4   0  0  0  16469
318  16434  2   12  16422
319  16433  3   0  0  16433
320  16344  2   0  16344
321  16504  3   0  1  16503
322  16496  2   2  16494
323  16504  3   1  0  16503
324  10125  3   1  0  10124
325  16492  2   0  16492
326  16481  5   0  0  0  0  16481
327  13384  2   0  13384
328  16494  2   0  16494
329  16502  2   1  16501
330  11910  2   0  11910
331  16468  3   4  0  16464
332  16504  2   0  16504
333  16510  2   2  16508
334  16512  3   1  0  16511
335  16312  3   0  1  16311
336  16498  2   0  16498
337  16508  2   0  16508
338  16394  2   0  16394
339  16504  3   1  1  16502
340  16508  2   2  16506
341  16241  4   0  0  0  16241
342  10125  2   2  10123
343  16507  3   0  0  16507
344  11412  2   28  11384
345  16508  2   6  16502
346  12216  3   0  0  12216
347  15202  2   0  15202
348  16473  3   0  337  16136
349  16512  3   1  0  16511
350  16500  3   5  2  16493
351  16503  3   0  3  16500
352  8694  2   0  8694
353  16510  3   0  0  16510
354  16510  2   2  16508
355  16451  4   0  98  0  16353
356  16293  3   0  0  16293
357  16512  2   0  16512
358  16440  2   1  16439
359  16502  4   0  0  0  16502
360  8716  2   0  8716
361  16510  3   0  1  16509
362  16460  2   11  16449
363  16510  2   12  16498
364  15986  2   0  15986
365  16250  3   0  0  16250
366  8720  2   0  8720
367  16057  4   1  0  2  16054
368  16378  2   0  16378
369  16425  3   0  1  16424
370  8679  3   0  0  8679
371  15902  3   0  0  15902
372  16512  2   0  16512
373  16408  2   0  16408
374  16510  2   140  16370
375  16512  2   13  16499

