[loci]=336

[populations]=7

[pop]=1
1  3024  2   0  3024
2  9699  4   0  0  0  9699
3  10406  3   1  0  10405
4  1356  2   0  1356
5  9760  3   0  0  9760
6  10406  2   0  10406
7  5430  2   15  5415
8  9142  5   31  0  0  0  9111
9  9772  2   1  9771
10  252  2   0  252
11  5476  2   4  5472
12  8740  3   0  0  8740
13  9774  2   11  9763
14  6822  2   0  6822
15  10406  3   0  0  10406
16  5486  2   0  5486
17  268  2   1  267
18  10404  2   0  10404
19  8550  3   0  0  8550
20  5542  2   0  5542
21  10404  2   0  10404
22  6864  2   0  6864
23  10404  2   0  10404
24  6906  2   17  6889
25  10406  2   0  10406
26  10406  2   1  10405
27  10170  2   0  10170
28  8010  2   0  8010
29  10406  2   0  10406
30  8840  3   1  0  8839
31  10406  2   0  10406
32  7664  2   0  7664
33  10334  2   0  10334
34  9800  4   1  1  0  9798
35  10342  3   0  0  10342
36  9792  2   1  9791
37  1154  2   1  1153
38  8514  2   0  8514
39  10396  2   0  10396
40  10406  3   0  1  10405
41  9792  2   0  9792
42  10250  3   0  0  10250
43  7266  3   0  0  7266
44  10368  2   0  10368
45  9794  3   1  1  9792
46  10352  3   1  0  10351
47  8514  3   3  0  8511
48  10406  2   0  10406
49  9800  2   925  8875
50  10384  2   50  10334
51  9796  2   0  9796
52  9800  3   0  0  9800
53  10388  2   3  10385
54  560  2   0  560
55  10406  3   0  0  10406
56  9800  2   0  9800
57  10302  2   0  10302
58  9800  2   0  9800
59  10406  3   0  0  10406
60  817  3   0  2  815
61  5600  2   0  5600
62  8515  2   1  8514
63  5374  2   0  5374
64  9802  2   0  9802
65  10336  2   0  10336
66  9800  2   0  9800
67  10342  5   0  0  0  2  10340
68  10378  3   0  0  10378
69  9802  2   5  9797
70  9800  2   391  9409
71  9800  2   0  9800
72  9715  4   1  2  0  9712
73  9804  2   0  9804
74  8332  3   0  0  8332
75  9523  3   0  1  9522
76  9800  3   0  0  9800
77  354  2   0  354
78  1208  2   0  1208
79  9800  2   0  9800
80  4942  2   0  4942
81  10028  2   0  10028
82  5064  2   47  5017
83  9842  2   0  9842
84  5168  2   0  5168
85  9848  3   0  0  9848
86  10392  2   0  10392
87  10150  2   0  10150
88  10406  2   0  10406
89  5488  3   0  1  5487
90  10168  2   0  10168
91  9800  4   0  0  0  9800
92  8409  2   0  8409
93  9800  2   0  9800
94  9800  2   0  9800
95  10226  3   0  0  10226
96  10240  2   0  10240
97  8425  4   0  0  0  8425
98  10406  3   0  0  10406
99  9800  3   1  0  9799
100  6318  2   873  5445
101  6218  2   133  6085
102  6180  4   0  0  0  6180
103  150  2   0  150
104  6082  2   0  6082
105  10364  2   0  10364
106  1005  3   0  0  1005
107  10394  3   0  0  10394
108  10370  2   0  10370
109  10392  2   0  10392
110  10356  2   2  10354
111  10384  2   0  10384
112  9800  2   0  9800
113  10366  2   0  10366
114  169  3   0  14  155
115  9801  3   0  0  9801
116  8408  3   0  0  8408
117  9802  3   1  0  9801
118  8408  2   3  8405
119  6064  2   118  5946
120  10364  3   0  0  10364
121  220  2   145  75
122  8404  2   2  8402
123  10238  4   0  1  0  10237
124  10404  2   0  10404
125  1340  2   0  1340
126  9802  2   0  9802
127  10404  3   0  0  10404
128  10224  6   0  0  1  0  0  10223
129  8387  2   0  8387
130  10320  2   96  10224
131  5964  3   0  4  5960
132  10388  3   0  2  10386
133  10306  3   0  1  10305
134  5903  3   5  0  5898
135  10189  3   1  0  10188
136  10154  2   2  10152
137  8377  2   0  8377
138  10346  2   0  10346
139  5935  3   0  0  5935
140  10097  3   0  0  10097
141  10391  3   0  0  10391
142  9800  3   0  0  9800
143  9800  3   0  1  9799
144  10394  3   0  0  10394
145  9821  4   0  0  0  9821
146  10400  2   0  10400
147  10398  2   0  10398
148  5852  2   0  5852
149  9734  2   0  9734
150  10400  2   0  10400
151  2888  2   0  2888
152  5808  3   0  0  5808
153  10361  3   0  0  10361
154  8374  2   1  8373
155  10396  2   1  10395
156  5841  4   5  0  0  5836
157  9407  3   0  1  9406
158  3374  2   0  3374
159  10378  2   0  10378
160  6182  3   0  0  6182
161  8932  2   0  8932
162  3935  3   1  0  3934
163  8316  2   0  8316
164  5792  2   0  5792
165  4516  3   1  0  4515
166  10386  3   0  2  10384
167  10328  2   2  10326
168  10401  3   0  0  10401
169  10328  3   0  1  10327
170  9690  2   0  9690
171  10402  5   0  0  0  0  10402
172  10326  3   0  0  10326
173  6062  3   873  0  5189
174  9750  2   2  9748
175  8254  2   1  8253
176  10385  3   0  0  10385
177  5532  3   0  3  5529
178  8922  2   1  8921
179  10360  2   0  10360
180  3066  2   13  3053
181  5370  2   0  5370
182  9150  2   3  9147
183  10364  2   0  10364
184  10332  2   0  10332
185  9800  3   0  0  9800
186  10384  2   16  10368
187  9800  2   12  9788
188  10400  2   1  10399
189  10400  2   0  10400
190  8150  2   0  8150
191  10361  3   0  0  10361
192  10338  3   1  0  10337
193  10384  3   0  0  10384
194  10354  2   1886  8468
195  4721  3   3  0  4718
196  10387  3   0  0  10387
197  9969  3   0  0  9969
198  8010  2   0  8010
199  10390  2   0  10390
200  9706  2   0  9706
201  10387  3   0  0  10387
202  1748  3   0  0  1748
203  9896  2   0  9896
204  10390  2   7  10383
205  3922  2   3  3919
206  9756  2   0  9756
207  1404  4   1  0  0  1403
208  10376  3   0  0  10376
209  10318  3   0  0  10318
210  10316  3   0  0  10316
211  10323  3   0  0  10323
212  9640  2   3  9637
213  10386  2   0  10386
214  10382  2   0  10382
215  10336  3   0  42  10294
216  10372  4   0  0  0  10372
217  10402  5   0  0  2  0  10400
218  10406  3   0  0  10406
219  10389  3   2  0  10387
220  10094  3   1  0  10093
221  10406  2   0  10406
222  10385  3   1  0  10384
223  10346  2   2  10344
224  10402  3   0  0  10402
225  10386  2   1  10385
226  10348  3   0  34  10314
227  10406  2   2  10404
228  10346  2   0  10346
229  8358  2   0  8358
230  10396  2   0  10396
231  10394  2   2  10392
232  10406  3   0  0  10406
233  10080  2   0  10080
234  10396  2   0  10396
235  5546  2   0  5546
236  10340  2   0  10340
237  9762  3   7  0  9755
238  10402  2   1  10401
239  9800  3   0  0  9800
240  10072  2   0  10072
241  10396  3   0  0  10396
242  10346  2   0  10346
243  9800  3   0  0  9800
244  8338  3   0  0  8338
245  10076  2   6  10070
246  10402  2   0  10402
247  5754  2   2  5752
248  10406  2   10  10396
249  10334  3   0  42  10292
250  10074  2   0  10074
251  9766  2   1  9765
252  10396  3   0  0  10396
253  10356  2   0  10356
254  9766  2   0  9766
255  10402  2   0  10402
256  10406  2   0  10406
257  9800  2   2  9798
258  10396  2   0  10396
259  10406  3   0  1  10405
260  10354  3   0  1  10353
261  10394  3   0  0  10394
262  9765  3   0  0  9765
263  10402  2   1  10401
264  10398  2   0  10398
265  9764  3   0  0  9764
266  9800  2   0  9800
267  9764  2   0  9764
268  6058  2   1  6057
269  9762  2   2  9760
270  6079  4   0  1  107  5971
271  10304  2   0  10304
272  10044  3   0  1  10043
273  10396  2   0  10396
274  10400  3   1  0  10399
275  10406  2   0  10406
276  10300  4   0  7  0  10293
277  10404  2   2  10402
278  10039  4   0  0  0  10039
279  10394  2   0  10394
280  9800  2   0  9800
281  10402  3   0  0  10402
282  10406  3   4  0  10402
283  10040  3   0  0  10040
284  10284  5   1  0  0  1  10282
285  9800  3   0  0  9800
286  9726  2   0  9726
287  10380  2   0  10380
288  10402  2   0  10402
289  6056  2   0  6056
290  10380  2   0  10380
291  10402  2   0  10402
292  10404  2   1  10403
293  10262  2   0  10262
294  10372  2   533  9839
295  10257  4   0  1  4  10252
296  9714  2   1  9713
297  10402  3   0  0  10402
298  10404  2   69  10335
299  9800  2   0  9800
300  9795  3   0  1  9794
301  10404  2   0  10404
302  10402  3   0  0  10402
303  10231  3   2  1  10228
304  8206  2   0  8206
305  9796  2   0  9796
306  9796  6   0  0  0  4  0  9792
307  10376  4   0  0  0  10376
308  10069  3   0  0  10069
309  8221  2   3  8218
310  10404  4   0  0  1  10403
311  10172  3   0  0  10172
312  9800  2   1  9799
313  9990  3   0  0  9990
314  10402  2   1  10401
315  8226  2   1  8225
316  9797  3   1  0  9796
317  10402  2   0  10402
318  10044  3   0  0  10044
319  10164  3   0  0  10164
320  8219  2   0  8219
321  10404  2   0  10404
322  10398  2   1  10397
323  9972  3   0  0  9972
324  10260  2   0  10260
325  10024  2   0  10024
326  9800  2   0  9800
327  10398  3   0  0  10398
328  8224  2   0  8224
329  10398  3   0  0  10398
330  10114  2   0  10114
331  10020  3   0  0  10020
332  10402  2   0  10402
333  10394  2   0  10394
334  10050  2   0  10050
335  10030  3   1  0  10029
336  10160  2   12  10148

[pop]=2
1  552  2   0  552
2  11556  4   0  0  0  11556
3  11578  3   0  1  11577
4  190  2   0  190
5  11566  3   5  0  11561
6  11578  2   0  11578
7  3318  2   24  3294
8  11204  5   1  0  1  0  11202
9  11570  2   0  11570
10  44  2   0  44
11  3412  2   0  3412
12  11134  3   0  0  11134
13  11570  2   2  11568
14  7052  2   0  7052
15  11578  3   0  0  11578
16  3432  2   0  3432
17  44  2   0  44
18  11576  2   1  11575
19  11100  3   0  0  11100
20  3520  2   1  3519
21  11576  2   0  11576
22  7110  2   0  7110
23  11576  2   1  11575
24  7167  2   1  7166
25  11578  2   0  11578
26  11578  2   5  11573
27  11554  2   0  11554
28  10904  2   0  10904
29  11578  2   0  11578
30  10928  3   0  0  10928
31  11578  2   0  11578
32  10610  2   0  10610
33  11464  2   2  11462
34  11576  4   0  0  0  11576
35  11483  3   0  0  11483
36  11576  2   0  11576
37  164  2   0  164
38  9318  2   0  9318
39  11578  2   0  11578
40  11578  3   0  8  11570
41  11576  2   0  11576
42  11556  3   0  0  11556
43  10116  3   0  0  10116
44  11516  2   1  11515
45  11576  3   0  0  11576
46  11538  3   0  0  11538
47  9318  3   0  0  9318
48  11576  2   0  11576
49  11576  2   1442  10134
50  11534  2   4  11530
51  11576  2   0  11576
52  11576  3   1  0  11575
53  11542  2   0  11542
54  114  2   1  113
55  11576  3   0  0  11576
56  11576  2   2  11574
57  11564  2   0  11564
58  11576  2   0  11576
59  11576  3   1  4  11571
60  101  3   0  0  101
61  7994  2   2  7992
62  9320  2   0  9320
63  7526  2   0  7526
64  11576  2   0  11576
65  11564  2   0  11564
66  11576  2   0  11576
67  11530  5   0  0  0  0  11530
68  11578  3   0  0  11578
69  11576  2   2  11574
70  11576  2   15  11561
71  11576  2   0  11576
72  10996  4   1  1  0  10994
73  11074  2   1  11073
74  9086  3   0  0  9086
75  10705  3   0  0  10705
76  11576  3   0  0  11576
77  74  2   0  74
78  446  2   5  441
79  11576  2   3  11573
80  2918  2   0  2918
81  11248  2   0  11248
82  3172  2   78  3094
83  11108  2   0  11108
84  3254  2   1  3253
85  11104  3   0  0  11104
86  11572  2   2  11570
87  11342  2   0  11342
88  11574  2   0  11574
89  3681  3   0  2  3679
90  11366  2   0  11366
91  11576  4   0  0  0  11576
92  9201  2   0  9201
93  11576  2   0  11576
94  11576  2   1  11575
95  11399  3   0  0  11399
96  11452  2   1  11451
97  9221  4   0  0  0  9221
98  11570  3   0  0  11570
99  11576  3   9  0  11567
100  4564  2   292  4272
101  4478  2   9  4469
102  4494  4   0  0  0  4494
103  66  2   0  66
104  4422  2   0  4422
105  11570  2   0  11570
106  246  3   1  0  245
107  11565  3   0  0  11565
108  11568  2   0  11568
109  11564  2   0  11564
110  11540  2   0  11540
111  11568  2   0  11568
112  11576  2   0  11576
113  11566  2   1  11565
114  71  3   0  20  51
115  11576  3   0  1  11575
116  9218  3   0  0  9218
117  11576  3   0  0  11576
118  9215  2   0  9215
119  4582  2   9  4573
120  11543  3   1  0  11542
121  78  2   60  18
122  9208  2   4  9204
123  11411  4   0  0  0  11411
124  11570  2   2  11568
125  396  2   0  396
126  11576  2   0  11576
127  11569  3   0  0  11569
128  11391  6   0  1  0  0  0  11390
129  9200  2   0  9200
130  11538  2   4  11534
131  4574  3   0  2  4572
132  11560  3   0  0  11560
133  11533  3   0  0  11533
134  4500  3   0  0  4500
135  11351  3   0  0  11351
136  11330  2   0  11330
137  9189  2   0  9189
138  11572  2   0  11572
139  4588  3   0  1  4587
140  11299  3   0  1  11298
141  11563  3   0  0  11563
142  11576  3   0  0  11576
143  11576  3   0  0  11576
144  11562  3   0  0  11562
145  11196  4   0  0  0  11196
146  11568  2   0  11568
147  11568  2   0  11568
148  4618  2   0  4618
149  10862  2   0  10862
150  11568  2   0  11568
151  1846  2   0  1846
152  4625  3   0  1  4624
153  11564  3   1  1  11562
154  9764  2   0  9764
155  11566  2   0  11566
156  4623  4   50  0  0  4573
157  10350  3   1  1  10348
158  2412  2   3  2409
159  11576  2   0  11576
160  8220  3   0  0  8220
161  9512  2   0  9512
162  3115  3   0  0  3115
163  9136  2   0  9136
164  4624  2   1  4623
165  6296  3   0  0  6296
166  11578  3   1  0  11577
167  11558  2   0  11558
168  11568  3   0  1  11567
169  11558  3   0  0  11558
170  11306  2   0  11306
171  11568  5   1  0  0  0  11567
172  11559  3   0  0  11559
173  4546  3   37  0  4509
174  11334  2   0  11334
175  9072  2   0  9072
176  11564  3   0  0  11564
177  4432  3   0  0  4432
178  10176  2   2  10174
179  11576  2   2  11574
180  3512  2   0  3512
181  4238  2   0  4238
182  10402  2   1  10401
183  11576  2   0  11576
184  11562  2   0  11562
185  11574  3   0  1  11573
186  11564  2   5  11559
187  11574  2   1  11573
188  11578  2   0  11578
189  11578  2   0  11578
190  8894  2   3  8891
191  11555  3   1  0  11554
192  11562  3   0  0  11562
193  11564  3   0  0  11564
194  11542  2   3336  8206
195  3347  3   0  0  3347
196  11562  3   2  0  11560
197  11445  3   0  0  11445
198  8709  2   0  8709
199  11566  2   0  11566
200  10854  2   0  10854
201  11578  3   1  0  11577
202  1410  3   0  0  1410
203  11434  2   1  11433
204  11566  2   0  11566
205  2374  2   12  2362
206  10904  2   1  10903
207  950  4   0  0  0  950
208  11522  3   0  1  11521
209  11556  3   0  0  11556
210  11555  3   0  0  11555
211  11561  3   0  0  11561
212  11332  2   0  11332
213  11564  2   0  11564
214  11536  2   0  11536
215  11564  3   0  0  11564
216  11486  4   0  0  1  11485
217  11578  5   0  0  0  5  11573
218  11576  3   0  0  11576
219  11568  3   0  5  11563
220  11578  3   0  0  11578
221  11576  2   0  11576
222  11570  3   0  1  11569
223  11560  2   0  11560
224  11578  3   0  0  11578
225  11570  2   0  11570
226  11520  3   0  3  11517
227  11578  2   0  11578
228  11560  2   0  11560
229  9177  2   2  9175
230  11522  2   0  11522
231  11570  2   3  11567
232  11578  3   0  0  11578
233  11578  2   0  11578
234  11570  2   0  11570
235  3454  2   7  3447
236  11560  2   0  11560
237  11564  3   0  0  11564
238  11528  2   0  11528
239  11576  3   0  0  11576
240  11578  2   0  11578
241  11572  3   0  0  11572
242  11576  2   1  11575
243  11576  3   0  0  11576
244  9155  3   0  0  9155
245  11578  2   0  11578
246  11528  2   0  11528
247  3690  2   0  3690
248  11578  2   12  11566
249  11558  3   0  1  11557
250  11578  2   2  11576
251  11566  2   0  11566
252  11574  3   0  0  11574
253  11576  2   0  11576
254  11562  2   0  11562
255  11528  2   0  11528
256  11578  2   0  11578
257  11576  2   1  11575
258  11576  2   0  11576
259  11576  3   0  1  11575
260  11576  3   0  0  11576
261  11558  3   0  1  11557
262  11562  3   0  23  11539
263  11526  2   0  11526
264  11576  2   0  11576
265  11560  3   1  0  11559
266  11576  2   0  11576
267  11560  2   2  11558
268  4164  2   0  4164
269  11562  2   3  11559
270  4164  4   0  0  9  4155
271  11546  2   0  11546
272  11577  3   1  0  11576
273  11510  2   0  11510
274  11576  3   4  0  11572
275  11574  2   5  11569
276  11545  4   0  2  1  11542
277  11566  2   0  11566
278  11576  4   0  0  0  11576
279  11508  2   0  11508
280  11572  2   4  11568
281  11576  3   0  0  11576
282  11575  3   0  18  11557
283  11578  3   0  1  11577
284  11538  5   0  0  0  1  11537
285  11572  3   0  1  11571
286  11542  2   0  11542
287  11492  2   0  11492
288  11576  2   0  11576
289  4048  2   0  4048
290  11484  2   3  11481
291  11576  2   0  11576
292  11564  2   2  11562
293  11534  2   0  11534
294  11470  2   15  11455
295  11529  4   0  0  0  11529
296  11538  2   1  11537
297  11576  3   0  0  11576
298  11568  2   1  11567
299  11570  2   1  11569
300  11572  3   1  0  11571
301  11576  2   0  11576
302  11565  3   0  0  11565
303  11523  3   0  0  11523
304  9096  2   0  9096
305  11572  2   0  11572
306  11573  6   0  1  0  0  0  11572
307  11568  4   0  0  27  11541
308  11459  3   0  0  11459
309  9106  2   0  9106
310  11576  4   1  0  0  11575
311  11503  3   0  0  11503
312  11568  2   2  11566
313  11578  3   0  0  11578
314  11552  2   0  11552
315  9119  2   0  9119
316  11574  3   1  0  11573
317  11548  2   0  11548
318  11455  3   0  1  11454
319  11495  3   1  0  11494
320  9104  2   4  9100
321  11578  2   0  11578
322  11554  2   0  11554
323  11578  3   0  0  11578
324  11360  2   0  11360
325  11444  2   1  11443
326  11556  2   0  11556
327  11550  3   0  0  11550
328  9114  2   0  9114
329  11526  3   0  0  11526
330  11456  2   0  11456
331  11428  3   0  0  11428
332  11578  2   0  11578
333  11520  2   0  11520
334  11396  2   0  11396
335  11441  3   0  0  11441
336  11296  2   1  11295

[pop]=3
1  820  2   0  820
2  8617  4   1  0  0  8616
3  8654  3   0  0  8654
4  256  2   8  248
5  8625  3   0  0  8625
6  8654  2   2  8652
7  4128  2   4  4124
8  8148  5   0  1  0  0  8147
9  8626  2   1  8625
10  116  2   0  116
11  4186  2   0  4186
12  8130  3   0  0  8130
13  8626  2   0  8626
14  4925  2   0  4925
15  8654  3   0  0  8654
16  4202  2   0  4202
17  112  2   0  112
18  8654  2   0  8654
19  8115  3   0  0  8115
20  4246  2   2  4244
21  8654  2   0  8654
22  4973  2   3  4970
23  8654  2   0  8654
24  5007  2   0  5007
25  8654  2   1  8653
26  8654  2   0  8654
27  8646  2   0  8646
28  8004  2   0  8004
29  8654  2   0  8654
30  8156  3   0  0  8156
31  8654  2   0  8654
32  7814  2   6  7808
33  8604  2   0  8604
34  8626  4   0  0  1  8625
35  8614  3   0  0  8614
36  8626  2   0  8626
37  194  2   0  194
38  6637  2   0  6637
39  8654  2   0  8654
40  8654  3   0  0  8654
41  8626  2   6  8620
42  8650  3   1  0  8649
43  7492  3   1  0  7491
44  8626  2   0  8626
45  8626  3   0  1  8625
46  8640  3   0  0  8640
47  6637  3   0  0  6637
48  8654  2   0  8654
49  8626  2   11  8615
50  8634  2   0  8634
51  8626  2   0  8626
52  8626  3   3  0  8623
53  8638  2   0  8638
54  146  2   0  146
55  8654  3   0  0  8654
56  8626  2   0  8626
57  8650  2   13  8637
58  8626  2   2  8624
59  8654  3   0  0  8654
60  154  3   4  0  150
61  6206  2   0  6206
62  6638  2   0  6638
63  5962  2   0  5962
64  8626  2   0  8626
65  8650  2   0  8650
66  8626  2   0  8626
67  8632  5   0  0  0  0  8632
68  8653  3   0  0  8653
69  8626  2   0  8626
70  8626  2   0  8626
71  8626  2   0  8626
72  8476  4   0  0  0  8476
73  8514  2   0  8514
74  6532  3   0  0  6532
75  8103  3   0  0  8103
76  8626  3   0  0  8626
77  110  2   0  110
78  790  2   0  790
79  8626  2   0  8626
80  3542  2   0  3542
81  8578  2   25  8553
82  3674  2   9  3665
83  8388  2   6  8382
84  3804  2   0  3804
85  8390  3   0  0  8390
86  8648  2   0  8648
87  8606  2   0  8606
88  8654  2   0  8654
89  4119  3   0  0  4119
90  8612  2   0  8612
91  8626  4   0  0  0  8626
92  6589  2   0  6589
93  8626  2   1  8625
94  8626  2   0  8626
95  8619  3   0  0  8619
96  8600  2   0  8600
97  6595  4   0  2  0  6593
98  8654  3   0  1  8653
99  8626  3   3  1  8622
100  4594  2   107  4487
101  4606  2   0  4606
102  4614  4   0  0  0  4614
103  96  2   0  96
104  4562  2   1  4561
105  8650  2   0  8650
106  327  3   0  0  327
107  8644  3   0  0  8644
108  8650  2   0  8650
109  8644  2   0  8644
110  8632  2   0  8632
111  8640  2   2  8638
112  8626  2   0  8626
113  8650  2   0  8650
114  109  3   0  10  99
115  8626  3   0  0  8626
116  6591  3   14  0  6577
117  8626  3   0  0  8626
118  6594  2   0  6594
119  4520  2   0  4520
120  8632  3   0  0  8632
121  180  2   162  18
122  6592  2   0  6592
123  8626  4   0  0  0  8626
124  8654  2   0  8654
125  476  2   0  476
126  8626  2   3  8623
127  8654  3   0  0  8654
128  8621  6   0  1  0  0  0  8620
129  6589  2   8  6581
130  8616  2   0  8616
131  4530  3   0  0  4530
132  8646  3   0  0  8646
133  8612  3   0  0  8612
134  4453  3   0  0  4453
135  8616  3   0  0  8616
136  8610  2   0  8610
137  6575  2   0  6575
138  8632  2   0  8632
139  4539  3   0  0  4539
140  8588  3   0  0  8588
141  8647  3   0  0  8647
142  8626  3   13  0  8613
143  8626  3   1  0  8625
144  8648  3   0  0  8648
145  8315  4   0  23  0  8292
146  8654  2   0  8654
147  8648  2   0  8648
148  4520  2   0  4520
149  8376  2   0  8376
150  8644  2   0  8644
151  1860  2   1  1859
152  4548  3   0  0  4548
153  8648  3   1  0  8647
154  7470  2   0  7470
155  8652  2   0  8652
156  4535  4   3  0  0  4532
157  8112  3   0  0  8112
158  2304  2   0  2304
159  8646  2   0  8646
160  6455  3   0  0  6455
161  7648  2   0  7648
162  2919  3   0  0  2919
163  6549  2   0  6549
164  4510  2   0  4510
165  5322  3   0  0  5322
166  8648  3   1  0  8647
167  8614  2   0  8614
168  8648  3   0  0  8648
169  8616  3   0  2  8614
170  8502  2   0  8502
171  8648  5   0  0  0  0  8648
172  8617  3   0  0  8617
173  4406  3   1  0  4405
174  8544  2   0  8544
175  6507  2   0  6507
176  8654  3   1  0  8653
177  4298  3   0  0  4298
178  7848  2   0  7848
179  8654  2   0  8654
180  3648  2   0  3648
181  4156  2   0  4156
182  8048  2   0  8048
183  8654  2   2  8652
184  8618  2   2  8616
185  8626  3   1  0  8625
186  8654  2   0  8654
187  8626  2   0  8626
188  8650  2   0  8650
189  8650  2   0  8650
190  6389  2   0  6389
191  8635  3   0  0  8635
192  8622  3   0  0  8622
193  8654  3   0  0  8654
194  8630  2   925  7705
195  3463  3   0  0  3463
196  8654  3   0  0  8654
197  8638  3   0  1  8637
198  6246  2   2  6244
199  8654  2   0  8654
200  8364  2   0  8364
201  8654  3   0  0  8654
202  1727  3   0  0  1727
203  8624  2   0  8624
204  8654  2   0  8654
205  2478  2   0  2478
206  8390  2   0  8390
207  1268  4   0  0  0  1268
208  8639  3   0  0  8639
209  8622  3   0  0  8622
210  8621  3   0  0  8621
211  8619  3   0  0  8619
212  8562  2   0  8562
213  8648  2   0  8648
214  8642  2   5  8637
215  8618  3   0  0  8618
216  8648  4   0  0  0  8648
217  8654  5   0  0  0  0  8654
218  8654  3   0  2  8652
219  8650  3   0  2  8648
220  8650  3   1  0  8649
221  8654  2   0  8654
222  8634  3   0  0  8634
223  8618  2   0  8618
224  8654  3   0  0  8654
225  8632  2   0  8632
226  8647  3   0  0  8647
227  8654  2   0  8654
228  8620  2   46  8574
229  6556  2   0  6556
230  8650  2   0  8650
231  8652  2   1  8651
232  8654  3   0  0  8654
233  8650  2   0  8650
234  8652  2   0  8652
235  4434  2   0  4434
236  8614  2   0  8614
237  8622  3   0  0  8622
238  8652  2   0  8652
239  8626  3   1  0  8625
240  8650  2   0  8650
241  8652  3   0  0  8652
242  8654  2   0  8654
243  8626  3   0  0  8626
244  6534  3   0  0  6534
245  8650  2   0  8650
246  8652  2   0  8652
247  4656  2   0  4656
248  8654  2   0  8654
249  8613  3   0  0  8613
250  8650  2   0  8650
251  8622  2   0  8622
252  8652  3   0  0  8652
253  8654  2   0  8654
254  8622  2   0  8622
255  8652  2   0  8652
256  8654  2   0  8654
257  8626  2   0  8626
258  8652  2   0  8652
259  8654  3   0  0  8654
260  8654  3   1  0  8653
261  8650  3   1  0  8649
262  8622  3   0  0  8622
263  8652  2   0  8652
264  8652  2   3  8649
265  8622  3   0  0  8622
266  8626  2   0  8626
267  8622  2   11  8611
268  5096  2   0  5096
269  8622  2   0  8622
270  5093  4   0  0  0  5093
271  8616  2   0  8616
272  8652  3   0  0  8652
273  8652  2   2  8650
274  8652  3   0  1  8651
275  8654  2   0  8654
276  8616  4   0  0  0  8616
277  8650  2   0  8650
278  8652  4   0  0  0  8652
279  8650  2   0  8650
280  8626  2   0  8626
281  8652  3   1  0  8651
282  8654  3   0  0  8654
283  8652  3   0  0  8652
284  8616  5   0  0  0  0  8616
285  8626  3   0  0  8626
286  8618  2   0  8618
287  8648  2   0  8648
288  8652  2   0  8652
289  5100  2   13  5087
290  8648  2   0  8648
291  8652  2   0  8652
292  8654  2   0  8654
293  8610  2   0  8610
294  8648  2   0  8648
295  8615  4   0  0  0  8615
296  8618  2   0  8618
297  8652  3   2  2  8648
298  8650  2   0  8650
299  8626  2   0  8626
300  8614  3   0  0  8614
301  8652  2   0  8652
302  8652  3   0  0  8652
303  8616  3   0  0  8616
304  6537  2   0  6537
305  8614  2   0  8614
306  8614  6   0  0  0  0  0  8614
307  8639  4   0  0  1  8638
308  8590  3   0  0  8590
309  6546  2   0  6546
310  8652  4   0  0  1  8651
311  8613  3   0  0  8613
312  8626  2   0  8626
313  8650  3   0  0  8650
314  8654  2   0  8654
315  6542  2   0  6542
316  8616  3   0  0  8616
317  8654  2   0  8654
318  8581  3   0  0  8581
319  8610  3   0  0  8610
320  6537  2   0  6537
321  8652  2   1  8651
322  8650  2   0  8650
323  8650  3   0  0  8650
324  8624  2   6  8618
325  8582  2   0  8582
326  8614  2   13  8601
327  8652  3   0  0  8652
328  6529  2   2  6527
329  8652  3   0  0  8652
330  8612  2   0  8612
331  8631  3   0  0  8631
332  8652  2   0  8652
333  8650  2   0  8650
334  8604  2   0  8604
335  8637  3   0  1  8636
336  8618  2   0  8618

[pop]=4
1  116  2   0  116
2  6614  4   0  0  0  6614
3  6614  3   0  0  6614
4  12  2   0  12
5  6614  3   0  0  6614
6  6614  2   0  6614
7  3128  2   34  3094
8  6392  5   0  0  0  0  6392
9  6614  2   0  6614
10  0  2   0  0
11  3140  2   0  3140
12  6252  3   0  0  6252
13  6614  2   0  6614
14  2771  2   0  2771
15  6614  3   0  0  6614
16  3136  2   0  3136
17  0  2   0  0
18  6614  2   0  6614
19  6182  3   0  0  6182
20  3168  2   0  3168
21  6614  2   0  6614
22  2794  2   0  2794
23  6614  2   0  6614
24  2814  2   0  2814
25  6614  2   0  6614
26  6614  2   0  6614
27  6614  2   0  6614
28  5840  2   0  5840
29  6614  2   0  6614
30  5688  3   0  0  5688
31  6614  2   0  6614
32  5584  2   0  5584
33  6602  2   0  6602
34  6614  4   0  0  0  6614
35  6605  3   0  0  6605
36  6614  2   0  6614
37  6  2   0  6
38  4526  2   0  4526
39  6614  2   0  6614
40  6614  3   0  1  6613
41  6614  2   0  6614
42  6614  3   0  0  6614
43  5196  3   0  0  5196
44  6608  2   0  6608
45  6614  3   0  1  6613
46  6586  3   0  0  6586
47  4526  3   0  0  4526
48  6612  2   1  6611
49  6612  2   1932  4680
50  6612  2   0  6612
51  6614  2   0  6614
52  6614  3   0  0  6614
53  6614  2   0  6614
54  4  2   0  4
55  6614  3   0  0  6614
56  6614  2   0  6614
57  6614  2   0  6614
58  6614  2   0  6614
59  6614  3   0  0  6614
60  2  3   0  0  2
61  3902  2   0  3902
62  4523  2   0  4523
63  3688  2   0  3688
64  6614  2   0  6614
65  6614  2   0  6614
66  6614  2   0  6614
67  6572  5   0  0  11  0  6561
68  6614  3   0  0  6614
69  6614  2   0  6614
70  6614  2   0  6614
71  6614  2   0  6614
72  6190  4   0  0  0  6190
73  6250  2   0  6250
74  3972  3   0  0  3972
75  5614  3   0  0  5614
76  6614  3   0  0  6614
77  0  2   0  0
78  424  2   0  424
79  6614  2   0  6614
80  2780  2   0  2780
81  6400  2   0  6400
82  2938  2   117  2821
83  5878  2   0  5878
84  2986  2   0  2986
85  5882  3   0  0  5882
86  6614  2   1  6613
87  6442  2   0  6442
88  6608  2   15  6593
89  3294  3   0  0  3294
90  6458  2   0  6458
91  6614  4   0  0  0  6614
92  4172  2   0  4172
93  6614  2   0  6614
94  6614  2   0  6614
95  6495  3   0  0  6495
96  6276  2   0  6276
97  4214  4   0  0  0  4214
98  6614  3   0  0  6614
99  6614  3   3  0  6611
100  3858  2   515  3343
101  3698  2   0  3698
102  3706  4   0  0  0  3706
103  0  2   0  0
104  3626  2   0  3626
105  6614  2   0  6614
106  169  3   0  0  169
107  6614  3   0  0  6614
108  6614  2   0  6614
109  6614  2   0  6614
110  6498  2   0  6498
111  6614  2   0  6614
112  6614  2   1  6613
113  6614  2   0  6614
114  2  3   0  1  1
115  6614  3   0  0  6614
116  4252  3   0  0  4252
117  6614  3   0  0  6614
118  4250  2   0  4250
119  3596  2   0  3596
120  6512  3   0  0  6512
121  6  2   3  3
122  4249  2   0  4249
123  6502  4   0  0  0  6502
124  6614  2   0  6614
125  280  2   0  280
126  6614  2   0  6614
127  6614  3   0  0  6614
128  6489  6   0  0  0  0  0  6489
129  4261  2   0  4261
130  6600  2   0  6600
131  3611  3   0  0  3611
132  6546  3   0  0  6546
133  6598  3   0  0  6598
134  3577  3   0  0  3577
135  6439  3   0  0  6439
136  6424  2   0  6424
137  4264  2   0  4264
138  6610  2   0  6610
139  3634  3   0  0  3634
140  6377  3   22  0  6355
141  6560  3   0  0  6560
142  6614  3   0  0  6614
143  6614  3   0  0  6614
144  6579  3   0  4  6575
145  6313  4   0  0  0  6313
146  6614  2   0  6614
147  6584  2   0  6584
148  3664  2   0  3664
149  6064  2   0  6064
150  6586  2   0  6586
151  1386  2   0  1386
152  3655  3   0  0  3655
153  6614  3   0  0  6614
154  5364  2   0  5364
155  6614  2   0  6614
156  3672  4   1  1  0  3670
157  5765  3   0  1  5764
158  1632  2   0  1632
159  6612  2   0  6612
160  4050  3   0  0  4050
161  5356  2   0  5356
162  2079  3   0  33  2046
163  4245  2   0  4245
164  3678  2   0  3678
165  2466  3   0  0  2466
166  6614  3   0  0  6614
167  6594  2   0  6594
168  6601  3   0  0  6601
169  6596  3   0  0  6596
170  6476  2   0  6476
171  6602  5   0  0  1  0  6601
172  6597  3   0  0  6597
173  3644  3   0  0  3644
174  6498  2   0  6498
175  4174  2   0  4174
176  6614  3   0  0  6614
177  3602  3   0  0  3602
178  4738  2   2  4736
179  6614  2   0  6614
180  1060  2   0  1060
181  3498  2   0  3498
182  4898  2   0  4898
183  6614  2   0  6614
184  6602  2   0  6602
185  6614  3   0  0  6614
186  6614  2   0  6614
187  6614  2   0  6614
188  6614  2   0  6614
189  6614  2   1  6613
190  4071  2   0  4071
191  6606  3   0  0  6606
192  6602  3   0  0  6602
193  6614  3   0  0  6614
194  6606  2   803  5803
195  3049  3   0  0  3049
196  6614  3   0  0  6614
197  6573  3   3  0  6570
198  3969  2   0  3969
199  6614  2   0  6614
200  5334  2   0  5334
201  6614  3   0  0  6614
202  373  3   0  0  373
203  6558  2   0  6558
204  6614  2   0  6614
205  2484  2   0  2484
206  5392  2   0  5392
207  222  4   4  2  0  216
208  6554  3   0  0  6554
209  6600  3   1  1  6598
210  6600  3   0  0  6600
211  6607  3   0  0  6607
212  6522  2   0  6522
213  6608  2   0  6608
214  6558  2   0  6558
215  6614  3   0  0  6614
216  6614  4   0  0  0  6614
217  6614  5   0  0  0  0  6614
218  6614  3   0  0  6614
219  6608  3   0  0  6608
220  6614  3   0  0  6614
221  6614  2   0  6614
222  6612  3   0  0  6612
223  6614  2   0  6614
224  6614  3   0  1  6613
225  6612  2   0  6612
226  6509  3   0  0  6509
227  6614  2   0  6614
228  6614  2   0  6614
229  4442  2   0  4442
230  6614  2   0  6614
231  6612  2   43  6569
232  6614  3   0  0  6614
233  6614  2   0  6614
234  6612  2   0  6612
235  1506  2   0  1506
236  6614  2   0  6614
237  6614  3   0  0  6614
238  6614  2   0  6614
239  6614  3   0  0  6614
240  6614  2   0  6614
241  6614  3   0  0  6614
242  6614  2   0  6614
243  6614  3   0  0  6614
244  4296  3   0  0  4296
245  6614  2   0  6614
246  6614  2   0  6614
247  1650  2   0  1650
248  6614  2   36  6578
249  6611  3   0  0  6611
250  6614  2   0  6614
251  6614  2   6  6608
252  6614  3   0  0  6614
253  6614  2   0  6614
254  6614  2   1  6613
255  6614  2   0  6614
256  6614  2   0  6614
257  6614  2   0  6614
258  6614  2   0  6614
259  6614  3   0  0  6614
260  6614  3   0  0  6614
261  6614  3   0  0  6614
262  6614  3   0  0  6614
263  6614  2   0  6614
264  6614  2   0  6614
265  6614  3   0  0  6614
266  6614  2   0  6614
267  6614  2   0  6614
268  1838  2   2  1836
269  6614  2   2  6612
270  1841  4   0  1  0  1840
271  6602  2   0  6602
272  6614  3   0  0  6614
273  6614  2   0  6614
274  6614  3   0  0  6614
275  6614  2   0  6614
276  6600  4   0  9  0  6591
277  6614  2   0  6614
278  6614  4   0  0  0  6614
279  6614  2   0  6614
280  6614  2   0  6614
281  6614  3   0  0  6614
282  6614  3   0  0  6614
283  6614  3   0  0  6614
284  6592  5   0  0  0  0  6592
285  6614  3   0  0  6614
286  6612  2   0  6612
287  6612  2   0  6612
288  6614  2   0  6614
289  1820  2   0  1820
290  6612  2   0  6612
291  6614  2   0  6614
292  6614  2   0  6614
293  6564  2   0  6564
294  6610  2   0  6610
295  6551  4   0  0  0  6551
296  6612  2   0  6612
297  6614  3   0  0  6614
298  6614  2   0  6614
299  6614  2   0  6614
300  6614  3   0  0  6614
301  6614  2   0  6614
302  6614  3   0  0  6614
303  6526  3   0  0  6526
304  4194  2   0  4194
305  6614  2   0  6614
306  6614  6   0  0  0  153  0  6461
307  6614  4   0  0  0  6614
308  6499  3   0  0  6499
309  4191  2   0  4191
310  6614  4   0  1  0  6613
311  6445  3   0  0  6445
312  6614  2   0  6614
313  6614  3   0  0  6614
314  6614  2   0  6614
315  4182  2   0  4182
316  6614  3   0  1  6613
317  6614  2   0  6614
318  6455  3   0  0  6455
319  6414  3   0  0  6414
320  4169  2   0  4169
321  6614  2   0  6614
322  6614  2   0  6614
323  6614  3   0  0  6614
324  6578  2   0  6578
325  6446  2   0  6446
326  6614  2   0  6614
327  6612  3   0  0  6612
328  4158  2   0  4158
329  6612  3   0  0  6612
330  6362  2   0  6362
331  6604  3   0  0  6604
332  6614  2   0  6614
333  6610  2   5  6605
334  6314  2   0  6314
335  6605  3   0  0  6605
336  6568  2   0  6568

[pop]=5
1  10036  2   3  10033
2  66510  4   0  0  3  66507
3  66730  3   1  0  66729
4  3956  2   0  3956
5  66639  3   5  1  66633
6  66736  2   0  66736
7  30292  2   663  29629
8  61942  5   0  0  4  1  61937
9  66664  2   0  66664
10  1162  2   2  1160
11  30404  2   0  30404
12  61178  3   0  1  61177
13  66670  2   0  66670
14  33625  2   5  33620
15  66738  3   1  1  66736
16  30464  2   2  30462
17  1088  2   0  1088
18  66728  2   2  66726
19  60754  3   0  0  60754
20  30826  2   0  30826
21  66728  2   2  66726
22  33895  2   1  33894
23  66732  2   2  66730
24  34163  2   0  34163
25  66738  2   1  66737
26  66736  2   15  66721
27  66558  2   0  66558
28  59100  2   2  59098
29  66736  2   5  66731
30  60686  3   0  1  60685
31  66734  2   3  66731
32  57450  2   1  57449
33  66238  2   0  66238
34  66740  4   0  0  0  66740
35  66327  3   1  1  66325
36  66732  2   1  66731
37  3610  2   4  3606
38  47945  2   1  47944
39  66734  2   6  66728
40  66738  3   0  13  66725
41  66732  2   1  66731
42  66602  3   0  1  66601
43  54904  3   0  5  54899
44  66452  2   2  66450
45  66730  3   2  25  66703
46  66242  3   0  1  66241
47  47950  3   0  1  47949
48  66740  2   2  66738
49  66734  2   23101  43633
50  66556  2   3  66553
51  66734  2   13  66721
52  66740  3   0  1  66739
53  66588  2   0  66588
54  2802  2   16  2786
55  66739  3   0  1  66738
56  66738  2   0  66738
57  66630  2   0  66630
58  66740  2   0  66740
59  66740  3   0  9  66731
60  2994  3   0  0  2994
61  45118  2   0  45118
62  47949  2   3  47946
63  43386  2   2  43384
64  66736  2   3  66733
65  66644  2   3  66641
66  66740  2   1  66739
67  66104  5   1  1  2  0  66100
68  66721  3   1  3  66717
69  66736  2   1  66735
70  66740  2   3  66737
71  66740  2   0  66740
72  64171  4   4  3  0  64164
73  64498  2   1  64497
74  46263  3   1  3  46259
75  61717  3   0  0  61717
76  66740  3   12  0  66728
77  2012  2   0  2012
78  6462  2   0  6462
79  66740  2   3  66737
80  29040  2   0  29040
81  65344  2   1  65343
82  31694  2   1853  29841
83  63408  2   2  63406
84  31850  2   0  31850
85  63430  3   0  1  63429
86  66662  2   30  66632
87  65714  2   2  65712
88  66730  2   9  66721
89  34120  3   3  0  34117
90  65762  2   2  65760
91  66740  4   0  2  1  66737
92  47218  2   5  47213
93  66740  2   5  66735
94  66740  2   2  66738
95  65947  3   0  1  65946
96  65628  2   0  65628
97  47338  4   1  0  2  47335
98  66734  3   1  0  66733
99  66740  3   67  0  66673
100  39032  2   3283  35749
101  38502  2   16  38486
102  38576  4   1  3  1  38571
103  1614  2   0  1614
104  38298  2   3  38295
105  66664  2   2  66662
106  4941  3   2  0  4939
107  66689  3   0  3  66686
108  66668  2   0  66668
109  66684  2   2  66682
110  66372  2   0  66372
111  66604  2   0  66604
112  66740  2   6  66734
113  66656  2   1  66655
114  1800  3   0  690  1110
115  66740  3   1  0  66739
116  47274  3   0  0  47274
117  66740  3   4  9  66727
118  47261  2   0  47261
119  38432  2   15  38417
120  66431  3   0  12  66419
121  2186  2   1799  387
122  47230  2   0  47230
123  65981  4   1  0  1  65979
124  66726  2   9  66717
125  6634  2   1  6633
126  66740  2   0  66740
127  66717  3   0  0  66717
128  65972  6   0  0  0  0  1  65971
129  47178  2   1  47177
130  66348  2   10  66338
131  38277  3   1  0  38276
132  66528  3   1  0  66527
133  66313  3   1  0  66312
134  37880  3   4  0  37876
135  65805  3   0  1  65804
136  65716  2   0  65716
137  47081  2   3  47078
138  66516  2   4  66512
139  38049  3   2  0  38047
140  65545  3   1  0  65544
141  66549  3   2  1  66546
142  66737  3   0  1  66736
143  66736  3   2  0  66734
144  66546  3   2  1  66543
145  64184  4   0  1  3  64180
146  66684  2   0  66684
147  66548  2   21  66527
148  37806  2   3  37803
149  64002  2   2  64000
150  66536  2   2  66534
151  18896  2   2  18894
152  37850  3   2  2  37846
153  66618  3   0  0  66618
154  56142  2   1  56141
155  66664  2   0  66664
156  37739  4   363  0  2  37374
157  62269  3   3  2  62264
158  22784  2   32  22752
159  66674  2   2  66672
160  45874  3   2  2  45870
161  59376  2   1  59375
162  27178  3   0  21  27157
163  46641  2   0  46641
164  37608  2   1  37607
165  34666  3   0  9  34657
166  66704  3   0  1  66703
167  66056  2   0  66056
168  66521  3   0  0  66521
169  66070  3   0  1  66069
170  64122  2   2  64120
171  66492  5   1  2  2  1  66486
172  66077  3   1  1  66075
173  36862  3   14  1  36847
174  64502  2   0  64502
175  46099  2   1  46098
176  66671  3   0  1  66670
177  36248  3   2  1  36245
178  59052  2   16  59036
179  66614  2   0  66614
180  23314  2   0  23314
181  34860  2   2  34858
182  60316  2   1  60315
183  66614  2   0  66614
184  66214  2   0  66214
185  66738  3   0  0  66738
186  66680  2   0  66680
187  66738  2   0  66738
188  66724  2   1  66723
189  66722  2   2  66720
190  44842  2   0  44842
191  65667  3   1  4  65662
192  66220  3   0  1  66219
193  66687  3   0  2  66685
194  65536  2   7609  57927
195  30005  3   0  0  30005
196  66684  3   0  0  66684
197  65829  3   0  0  65829
198  43665  2   0  43665
199  66684  2   1  66683
200  63200  2   4  63196
201  66614  3   4  1  66609
202  12357  3   1  1  12355
203  65544  2   1  65543
204  66684  2   0  66684
205  24094  2   127  23967
206  63438  2   0  63438
207  9616  4   45  0  2  9569
208  66474  3   2  0  66472
209  66168  3   0  0  66168
210  66143  3   1  1  66141
211  66183  3   3  1  66179
212  64590  2   3  64587
213  66672  2   2  66670
214  66542  2   0  66542
215  66242  3   0  0  66242
216  66473  4   1  1  0  66471
217  66710  5   1  1  1  0  66707
218  66672  3   1  0  66671
219  66682  3   1  4  66677
220  66675  3   0  1  66674
221  66688  2   4  66684
222  66670  3   0  1  66669
223  66272  2   0  66272
224  66689  3   1  1  66687
225  66678  2   0  66678
226  66399  3   0  14  66385
227  66698  2   0  66698
228  66266  2   9  66257
229  46948  2   0  46948
230  66656  2   2  66654
231  66686  2   29  66657
232  66716  3   1  1  66714
233  66684  2   0  66684
234  66714  2   2  66712
235  27690  2   81  27609
236  66250  2   2  66248
237  66636  3   0  2  66634
238  66668  2   2  66666
239  66738  3   0  1  66737
240  66684  2   2  66682
241  66710  3   4  1  66705
242  66722  2   1  66721
243  66738  3   3  0  66735
244  46620  3   2  1  46617
245  66686  2   0  66686
246  66682  2   5  66677
247  29162  2   0  29162
248  66734  2   373  66361
249  66239  3   1  8  66230
250  66692  2   0  66692
251  66650  2   2  66648
252  66706  3   1  1  66704
253  66728  2   2  66726
254  66652  2   1  66651
255  66684  2   0  66684
256  66736  2   2  66734
257  66738  2   1  66737
258  66722  2   1  66721
259  66736  3   1  1  66734
260  66728  3   0  0  66728
261  66698  3   0  2  66696
262  66663  3   0  0  66663
263  66682  2   1  66681
264  66720  2   13  66707
265  66662  3   5  1  66656
266  66738  2   16  66722
267  66664  2   2  66662
268  31688  2   1  31687
269  66666  2   38  66628
270  31805  4   5  2  52  31746
271  66070  2   2  66068
272  66672  3   2  0  66670
273  66664  2   0  66664
274  66719  3   25  4  66690
275  66734  2   7  66727
276  66051  4   2  253  0  65796
277  66716  2   3  66713
278  66668  4   2  0  1  66665
279  66658  2   0  66658
280  66738  2   0  66738
281  66718  3   0  1  66717
282  66732  3   0  0  66732
283  66665  3   0  0  66665
284  65990  5   0  0  1  6  65983
285  66738  3   1  3  66734
286  66564  2   2  66562
287  66622  2   2  66620
288  66714  2   3  66711
289  31498  2   0  31498
290  66620  2   0  66620
291  66714  2   3  66711
292  66734  2   0  66734
293  65908  2   0  65908
294  66562  2   27  66535
295  65863  4   1  0  0  65862
296  66550  2   0  66550
297  66711  3   0  0  66711
298  66718  2   0  66718
299  66734  2   18  66716
300  66562  3   0  0  66562
301  66706  2   3  66703
302  66731  3   1  1  66729
303  65787  3   0  0  65787
304  45855  2   2  45853
305  66580  2   1  66579
306  66607  6   1  0  1  156  1  66448
307  66151  4   0  1  2  66148
308  65832  3   2  2  65828
309  45951  2   0  45951
310  66702  4   0  0  1  66701
311  65598  3   1  1  65596
312  66722  2   0  66722
313  66632  3   0  1  66631
314  66710  2   1  66709
315  46089  2   2  46087
316  66640  3   1  3  66636
317  66694  2   2  66692
318  65765  3   0  0  65765
319  65544  3   0  1  65543
320  46091  2   0  46091
321  66682  2   0  66682
322  66694  2   4  66690
323  66628  3   4  0  66624
324  65832  2   0  65832
325  65742  2   1  65741
326  66710  2   0  66710
327  66690  3   2  1  66687
328  46114  2   0  46114
329  66655  3   4  9  66642
330  65356  2   0  65356
331  66261  3   1  1  66259
332  66642  2   2  66640
333  66634  2   0  66634
334  65058  2   2  65056
335  66320  3   0  0  66320
336  65418  2   0  65418

[pop]=6
1  206  2   0  206
2  894  4   0  0  0  894
3  908  3   0  0  908
4  134  2   0  134
5  894  3   0  0  894
6  908  2   0  908
7  492  2   5  487
8  828  5   0  0  0  0  828
9  894  2   0  894
10  48  2   0  48
11  496  2   0  496
12  808  3   0  0  808
13  896  2   0  896
14  426  2   0  426
15  908  3   0  0  908
16  500  2   0  500
17  44  2   0  44
18  908  2   0  908
19  803  3   0  0  803
20  506  2   0  506
21  908  2   0  908
22  423  2   0  423
23  908  2   0  908
24  426  2   0  426
25  908  2   0  908
26  908  2   0  908
27  904  2   0  904
28  768  2   0  768
29  908  2   0  908
30  806  3   0  0  806
31  908  2   0  908
32  744  2   0  744
33  900  2   0  900
34  898  4   0  0  0  898
35  902  3   0  0  902
36  898  2   0  898
37  130  2   0  130
38  632  2   0  632
39  908  2   0  908
40  908  3   0  0  908
41  898  2   0  898
42  906  3   0  0  906
43  697  3   0  0  697
44  904  2   0  904
45  898  3   0  0  898
46  894  3   0  0  894
47  632  3   0  0  632
48  908  2   0  908
49  898  2   215  683
50  904  2   0  904
51  898  2   0  898
52  898  3   0  0  898
53  904  2   0  904
54  118  2   0  118
55  908  3   0  0  908
56  898  2   0  898
57  906  2   0  906
58  898  2   0  898
59  908  3   0  0  908
60  123  3   0  0  123
61  568  2   0  568
62  633  2   0  633
63  546  2   0  546
64  898  2   0  898
65  906  2   0  906
66  898  2   1  897
67  886  5   0  0  0  0  886
68  907  3   0  0  907
69  898  2   0  898
70  898  2   0  898
71  898  2   0  898
72  855  4   0  0  0  855
73  860  2   0  860
74  578  3   0  0  578
75  804  3   0  0  804
76  898  3   0  0  898
77  100  2   0  100
78  160  2   0  160
79  898  2   0  898
80  452  2   0  452
81  874  2   0  874
82  482  2   17  465
83  826  2   0  826
84  486  2   0  486
85  826  3   0  0  826
86  906  2   0  906
87  880  2   0  880
88  908  2   0  908
89  507  3   0  0  507
90  888  2   0  888
91  898  4   0  0  0  898
92  598  2   0  598
93  898  2   0  898
94  898  2   0  898
95  894  3   0  0  894
96  870  2   0  870
97  607  4   0  0  0  607
98  908  3   0  0  908
99  898  3   5  0  893
100  562  2   52  510
101  554  2   1  553
102  558  4   0  0  0  558
103  76  2   0  76
104  548  2   0  548
105  904  2   0  904
106  150  3   0  0  150
107  906  3   0  0  906
108  904  2   1  903
109  906  2   0  906
110  896  2   0  896
111  902  2   0  902
112  898  2   0  898
113  904  2   0  904
114  84  3   0  23  61
115  898  3   0  0  898
116  604  3   0  0  604
117  898  3   0  0  898
118  606  2   0  606
119  534  2   1  533
120  899  3   0  0  899
121  102  2   82  20
122  605  2   0  605
123  894  4   0  0  0  894
124  908  2   0  908
125  172  2   0  172
126  898  2   0  898
127  908  3   0  0  908
128  893  6   0  0  0  0  0  893
129  606  2   0  606
130  896  2   0  896
131  557  3   0  0  557
132  902  3   0  0  902
133  896  3   0  0  896
134  554  3   0  0  554
135  888  3   0  0  888
136  884  2   0  884
137  608  2   0  608
138  900  2   0  900
139  550  3   0  0  550
140  883  3   1  0  882
141  902  3   0  0  902
142  898  3   0  0  898
143  898  3   0  0  898
144  904  3   0  0  904
145  859  4   0  0  0  859
146  908  2   0  908
147  904  2   0  904
148  546  2   0  546
149  862  2   0  862
150  904  2   0  904
151  316  2   0  316
152  544  3   0  0  544
153  904  3   0  0  904
154  756  2   0  756
155  908  2   0  908
156  536  4   6  0  0  530
157  835  3   0  0  835
158  344  2   0  344
159  908  2   0  908
160  606  3   0  0  606
161  790  2   0  790
162  385  3   0  0  385
163  596  2   0  596
164  544  2   0  544
165  452  3   0  0  452
166  908  3   0  0  908
167  894  2   0  894
168  906  3   0  0  906
169  894  3   0  0  894
170  896  2   0  896
171  906  5   0  0  0  0  906
172  894  3   0  0  894
173  526  3   6  0  520
174  898  2   0  898
175  586  2   0  586
176  908  3   0  0  908
177  514  3   0  0  514
178  746  2   0  746
179  906  2   0  906
180  302  2   1  301
181  500  2   0  500
182  764  2   0  764
183  906  2   0  906
184  898  2   0  898
185  898  3   0  0  898
186  908  2   0  908
187  898  2   0  898
188  908  2   0  908
189  908  2   0  908
190  573  2   0  573
191  863  3   0  0  863
192  900  3   0  0  900
193  908  3   0  0  908
194  860  2   131  729
195  439  3   0  0  439
196  908  3   0  0  908
197  900  3   0  0  900
198  562  2   0  562
199  908  2   0  908
200  824  2   0  824
201  906  3   0  0  906
202  208  3   0  0  208
203  898  2   0  898
204  908  2   0  908
205  370  2   1  369
206  834  2   0  834
207  188  4   2  0  0  186
208  902  3   0  0  902
209  898  3   0  0  898
210  900  3   0  0  900
211  900  3   0  0  900
212  894  2   0  894
213  906  2   0  906
214  906  2   0  906
215  900  3   0  0  900
216  899  4   0  0  0  899
217  908  5   0  0  0  0  908
218  904  3   0  0  904
219  906  3   0  0  906
220  908  3   0  0  908
221  906  2   0  906
222  906  3   0  0  906
223  900  2   0  900
224  906  3   0  0  906
225  906  2   0  906
226  894  3   0  0  894
227  906  2   0  906
228  900  2   1  899
229  614  2   0  614
230  904  2   0  904
231  906  2   2  904
232  906  3   0  0  906
233  908  2   0  908
234  906  2   0  906
235  378  2   1  377
236  900  2   0  900
237  894  3   0  0  894
238  906  2   0  906
239  898  3   0  0  898
240  906  2   0  906
241  906  3   0  0  906
242  908  2   0  908
243  898  3   0  0  898
244  598  3   0  0  598
245  906  2   0  906
246  906  2   0  906
247  386  2   0  386
248  906  2   4  902
249  899  3   0  1  898
250  906  2   0  906
251  894  2   0  894
252  906  3   0  0  906
253  908  2   0  908
254  894  2   0  894
255  906  2   0  906
256  908  2   0  908
257  898  2   0  898
258  906  2   0  906
259  908  3   0  0  908
260  908  3   0  0  908
261  904  3   0  0  904
262  894  3   0  0  894
263  908  2   0  908
264  906  2   0  906
265  894  3   0  0  894
266  898  2   0  898
267  894  2   0  894
268  426  2   0  426
269  894  2   0  894
270  427  4   0  0  1  426
271  898  2   0  898
272  904  3   0  0  904
273  906  2   0  906
274  906  3   0  0  906
275  908  2   0  908
276  897  4   0  1  0  896
277  906  2   0  906
278  904  4   0  0  0  904
279  906  2   0  906
280  896  2   0  896
281  908  3   0  0  908
282  908  3   0  0  908
283  904  3   0  0  904
284  896  5   0  0  0  0  896
285  896  3   0  0  896
286  892  2   0  892
287  904  2   0  904
288  908  2   1  907
289  428  2   0  428
290  904  2   0  904
291  908  2   0  908
292  908  2   0  908
293  896  2   0  896
294  902  2   2  900
295  896  4   0  0  0  896
296  892  2   1  891
297  908  3   0  0  908
298  904  2   0  904
299  896  2   0  896
300  891  3   0  0  891
301  908  2   0  908
302  908  3   0  0  908
303  894  3   0  0  894
304  567  2   0  567
305  892  2   0  892
306  895  6   0  0  0  10  0  885
307  888  4   0  0  0  888
308  885  3   0  0  885
309  571  2   0  571
310  908  4   0  0  0  908
311  879  3   0  0  879
312  896  2   0  896
313  904  3   0  0  904
314  906  2   0  906
315  582  2   0  582
316  897  3   1  0  896
317  904  2   0  904
318  882  3   0  0  882
319  880  3   0  0  880
320  583  2   0  583
321  908  2   0  908
322  904  2   0  904
323  904  3   0  0  904
324  892  2   0  892
325  882  2   0  882
326  896  2   0  896
327  904  3   0  0  904
328  582  2   0  582
329  902  3   0  0  902
330  876  2   0  876
331  893  3   0  0  893
332  908  2   0  908
333  902  2   0  902
334  874  2   0  874
335  892  3   0  0  892
336  892  2   0  892

[pop]=7
1  7956  2   0  7956
2  16490  4   0  1  0  16489
3  16512  3   0  0  16512
4  6910  2   4  6906
5  16498  3   0  0  16498
6  16512  2   0  16512
7  9680  2   22  9658
8  16286  5   0  0  0  0  16286
9  16502  2   1  16501
10  3452  2   0  3452
11  9776  2   0  9776
12  16188  3   1  0  16187
13  16502  2   3  16499
14  7062  2   0  7062
15  16511  3   0  0  16511
16  9782  2   0  9782
17  3238  2   1  3237
18  16512  2   0  16512
19  16132  3   2  3  16127
20  9838  2   0  9838
21  16512  2   0  16512
22  7116  2   3  7113
23  16512  2   0  16512
24  7165  2   0  7165
25  16512  2   0  16512
26  16512  2   0  16512
27  16482  2   4  16478
28  15904  2   0  15904
29  16512  2   0  16512
30  15606  3   0  0  15606
31  16512  2   0  16512
32  15624  2   0  15624
33  16296  2   0  16296
34  16510  4   0  0  0  16510
35  16341  3   0  0  16341
36  16510  2   0  16510
37  7260  2   2  7258
38  10044  2   7  10037
39  16510  2   0  16510
40  16512  3   3  0  16509
41  16512  2   0  16512
42  16488  3   0  0  16488
43  15203  3   0  0  15203
44  16402  2   3  16399
45  16512  3   0  1  16511
46  15822  3   0  0  15822
47  10057  3   0  0  10057
48  16512  2   0  16512
49  16510  2   2750  13760
50  16464  2   0  16464
51  16512  2   0  16512
52  16510  3   0  0  16510
53  16478  2   2  16476
54  7052  2   18  7034
55  16512  3   1  0  16511
56  16512  2   0  16512
57  16492  2   0  16492
58  16512  2   0  16512
59  16512  3   0  0  16512
60  7016  3   21  1  6994
61  13850  2   0  13850
62  10048  2   0  10048
63  13592  2   0  13592
64  16512  2   0  16512
65  16494  2   0  16494
66  16512  2   0  16512
67  15511  5   0  0  0  0  15511
68  16510  3   0  0  16510
69  16512  2   0  16512
70  16512  2   0  16512
71  16512  2   2  16510
72  15611  4   0  0  1  15610
73  15698  2   0  15698
74  9070  3   0  0  9070
75  13396  3   5  0  13391
76  16512  3   0  1  16511
77  5796  2   3  5793
78  7902  2   0  7902
79  16512  2   2  16510
80  9682  2   3  9679
81  15984  2   8  15976
82  9880  2   192  9688
83  14216  2   0  14216
84  9904  2   1  9903
85  14194  3   1  0  14193
86  16506  2   0  16506
87  16142  2   0  16142
88  16512  2   0  16512
89  10170  3   0  0  10170
90  16184  2   0  16184
91  16512  4   70  0  0  16442
92  9506  2   1  9505
93  16512  2   0  16512
94  16512  2   0  16512
95  16246  3   1  0  16245
96  15588  2   66  15522
97  9582  4   2  0  0  9580
98  16512  3   0  0  16512
99  16512  3   511  0  16001
100  11320  2   1581  9739
101  10960  2   1  10959
102  10988  4   0  0  0  10988
103  5256  2   2  5254
104  10960  2   4  10956
105  16496  2   0  16496
106  7654  3   0  6  7648
107  16504  3   1  0  16503
108  16496  2   1  16495
109  16502  2   0  16502
110  16304  2   0  16304
111  16508  2   0  16508
112  16512  2   0  16512
113  16494  2   0  16494
114  5541  3   1  1543  3997
115  16512  3   2  0  16510
116  9589  3   1  9  9579
117  16512  3   0  0  16512
118  9593  2   0  9593
119  10934  2   3  10931
120  16355  3   0  0  16355
121  6548  2   5905  643
122  9580  2   0  9580
123  16277  4   0  0  0  16277
124  16512  2   0  16512
125  8110  2   1  8109
126  16512  2   0  16512
127  16510  3   1  1  16508
128  16254  6   1  0  0  1  1  16251
129  9587  2   0  9587
130  16488  2   0  16488
131  10976  3   0  0  10976
132  16416  3   0  0  16416
133  16483  3   0  0  16483
134  10930  3   0  11  10919
135  16164  3   0  0  16164
136  16122  2   0  16122
137  9565  2   0  9565
138  16194  2   0  16194
139  10932  3   0  0  10932
140  16028  3   0  0  16028
141  16420  3   0  1  16419
142  16512  3   0  0  16512
143  16512  3   0  0  16512
144  16419  3   1  1  16417
145  15917  4   1  3  0  15913
146  16506  2   2  16504
147  16406  2   0  16406
148  10888  2   0  10888
149  15556  2   0  15556
150  16400  2   1  16399
151  10184  2   0  10184
152  10897  3   0  0  10897
153  16488  3   0  0  16488
154  14614  2   0  14614
155  16494  2   37  16457
156  10888  4   62  0  1  10825
157  15209  3   0  1  15208
158  10730  2   23  10707
159  16488  2   0  16488
160  13231  3   0  0  13231
161  14734  2   9  14725
162  11370  3   3  0  11367
163  9483  2   2  9481
164  10860  2   0  10860
165  11746  3   0  0  11746
166  16504  3   0  1  16503
167  16508  2   0  16508
168  16272  3   1  52  16219
169  16510  3   1  0  16509
170  16162  2   0  16162
171  16222  5   1  0  0  0  16221
172  16510  3   0  0  16510
173  10754  3   4  0  10750
174  16216  2   0  16216
175  9382  2   0  9382
176  16492  3   0  0  16492
177  10682  3   1  0  10681
178  15134  2   13  15121
179  16510  2   0  16510
180  9862  2   0  9862
181  10500  2   0  10500
182  15346  2   1  15345
183  16510  2   0  16510
184  16512  2   0  16512
185  16512  3   0  0  16512
186  16494  2   0  16494
187  16512  2   0  16512
188  16510  2   0  16510
189  16508  2   0  16508
190  9159  2   0  9159
191  14470  3   0  0  14470
192  16512  3   0  1  16511
193  16494  3   1  2  16491
194  14160  2   2706  11454
195  9870  3   0  2  9868
196  16496  3   0  6  16490
197  16439  3   0  0  16439
198  8896  2   0  8896
199  16496  2   1  16495
200  15872  2   0  15872
201  16510  3   0  0  16510
202  8023  3   0  0  8023
203  16422  2   0  16422
204  16494  2   0  16494
205  9038  2   7  9031
206  15920  2   15  15905
207  7538  4   23  0  0  7515
208  16456  3   0  0  16456
209  16512  3   0  0  16512
210  16508  3   0  0  16508
211  16503  3   2  0  16501
212  16280  2   0  16280
213  16512  2   0  16512
214  16474  2   0  16474
215  16498  3   6  0  16492
216  16344  4   0  0  0  16344
217  16512  5   0  0  0  0  16512
218  16505  3   0  0  16505
219  16512  3   0  9  16503
220  16512  3   0  0  16512
221  16508  2   1  16507
222  16508  3   0  0  16508
223  16510  2   0  16510
224  16510  3   0  1  16509
225  16508  2   1  16507
226  16454  3   1  1  16452
227  16512  2   0  16512
228  16510  2   8  16502
229  9666  2   0  9666
230  16454  2   0  16454
231  16512  2   89  16423
232  16510  3   0  1  16509
233  16512  2   5  16507
234  16512  2   0  16512
235  9952  2   45  9907
236  16508  2   2  16506
237  16500  3   0  0  16500
238  16472  2   0  16472
239  16512  3   0  0  16512
240  16512  2   0  16512
241  16512  3   0  1  16511
242  16512  2   0  16512
243  16512  3   0  1  16511
244  9152  3   0  0  9152
245  16512  2   0  16512
246  16480  2   0  16480
247  10058  2   0  10058
248  16512  2   0  16512
249  16508  3   0  0  16508
250  16512  2   0  16512
251  16502  2   0  16502
252  16512  3   0  0  16512
253  16512  2   0  16512
254  16504  2   0  16504
255  16484  2   3  16481
256  16512  2   0  16512
257  16512  2   0  16512
258  16512  2   1  16511
259  16512  3   0  0  16512
260  16512  3   0  0  16512
261  16494  3   0  0  16494
262  16504  3   1  0  16503
263  16486  2   0  16486
264  16512  2   1  16511
265  16504  3   0  0  16504
266  16512  2   1  16511
267  16504  2   0  16504
268  10412  2   0  10412
269  16504  2   0  16504
270  10427  4   0  0  1  10426
271  16504  2   0  16504
272  16511  3   1  0  16510
273  16470  2   0  16470
274  16512  3   0  0  16512
275  16512  2   0  16512
276  16504  4   0  35  0  16469
277  16502  2   2  16500
278  16512  4   0  1  0  16511
279  16462  2   17  16445
280  16512  2   5  16507
281  16512  3   0  0  16512
282  16512  3   0  0  16512
283  16512  3   1  0  16511
284  16502  5   0  2  0  0  16500
285  16512  3   0  5  16507
286  16500  2   0  16500
287  16444  2   0  16444
288  16512  2   0  16512
289  10388  2   0  10388
290  16438  2   0  16438
291  16512  2   0  16512
292  16512  2   0  16512
293  16502  2   6  16496
294  16420  2   1  16419
295  16499  4   0  0  0  16499
296  16490  2   172  16318
297  16512  3   0  0  16512
298  16510  2   1  16509
299  16512  2   0  16512
300  16248  3   0  1  16247
301  16512  2   9  16503
302  16510  3   0  0  16510
303  16498  3   0  0  16498
304  7100  2   0  7100
305  16288  2   1  16287
306  16364  6   1  0  1  22  0  16340
307  15247  4   1  0  0  15246
308  16404  3   0  0  16404
309  7433  2   0  7433
310  16512  4   0  0  0  16512
311  16482  3   0  0  16482
312  16510  2   0  16510
313  16512  3   1  0  16511
314  16510  2   0  16510
315  7878  2   0  7878
316  16421  3   4  0  16417
317  16506  2   0  16506
318  16399  3   1  2  16396
319  16474  3   0  0  16474
320  8076  2   0  8076
321  16512  2   1  16511
322  16496  2   4  16492
323  16512  3   0  1  16511
324  16250  2   0  16250
325  16396  2   0  16396
326  16508  2   0  16508
327  16492  3   0  0  16492
328  8398  2   0  8398
329  16500  3   0  0  16500
330  16442  2   4  16438
331  16335  3   0  0  16335
332  16500  2   0  16500
333  16500  2   0  16500
334  16394  2   0  16394
335  16341  3   0  0  16341
336  16158  2   0  16158

