[loci]=208

[populations]=7

[pop]=1
1  10406  2   0  10406
2  10406  2   6072  4334
3  10314  2   2  10312
4  10406  2   3  10403
5  9003  3   0  352  8651
6  10292  2   0  10292
7  10406  2   1  10405
8  10406  4   0  0  1  10405
9  10046  3   0  0  10046
10  10397  3   0  1  10396
11  10406  3   0  0  10406
12  10406  2   0  10406
13  10098  2   0  10098
14  10098  2   0  10098
15  5976  3   0  2  5974
16  9454  2   1  9453
17  10282  2   6  10276
18  10398  2   0  10398
19  10406  2   0  10406
20  10398  3   0  0  10398
21  10131  4   0  0  0  10131
22  10406  2   0  10406
23  10114  3   0  0  10114
24  10114  3   0  0  10114
25  10405  3   0  0  10405
26  10160  2   0  10160
27  10133  3   0  0  10133
28  10133  3   0  0  10133
29  10406  2   3  10403
30  10404  2   0  10404
31  10224  2   25  10199
32  10172  3   1  0  10171
33  10056  3   0  0  10056
34  10196  3   0  0  10196
35  10314  2   0  10314
36  10198  2   1  10197
37  10232  2   0  10232
38  10204  2   1  10203
39  10171  3   0  0  10171
40  10171  3   0  0  10171
41  10354  3   0  0  10354
42  10206  2   0  10206
43  10398  2   3  10395
44  10215  3   0  0  10215
45  10398  2   0  10398
46  10261  3   0  1  10260
47  6868  2   0  6868
48  10277  3   0  0  10277
49  10398  3   3  1042  9353
50  10406  3   1  11  10394
51  10398  2   0  10398
52  10404  2   0  10404
53  10316  4   0  0  0  10316
54  10406  4   0  0  0  10406
55  10383  3   0  0  10383
56  10398  3   1  1  10396
57  10288  2   4  10284
58  10334  3   0  0  10334
59  6952  3   0  3  6949
60  10384  2   1  10383
61  6952  3   0  0  6952
62  10224  3   0  1389  8835
63  10336  4   0  0  0  10336
64  10402  2   18  10384
65  10224  2   0  10224
66  10398  2   0  10398
67  10404  3   1  0  10403
68  10316  2   0  10316
69  10202  4   0  0  1  10201
70  10193  5   7  0  0  3  10183
71  10193  5   7  0  0  3  10183
72  10318  2   0  10318
73  10202  2   0  10202
74  10170  2   0  10170
75  10170  2   0  10170
76  10360  2   0  10360
77  10396  3   0  1  10395
78  10150  2   8  10142
79  10368  2   0  10368
80  7252  2   0  7252
81  10024  2   0  10024
82  10024  2   0  10024
83  10378  2   0  10378
84  10101  3   0  0  10101
85  7381  3   0  0  7381
86  10380  2   0  10380
87  10110  2   3  10107
88  10406  2   0  10406
89  10354  2   0  10354
90  10378  2   39  10339
91  10406  3   0  0  10406
92  10404  3   0  976  9428
93  10380  2   0  10380
94  10406  2   0  10406
95  7406  2   2  7404
96  7400  2   0  7400
97  10398  2   0  10398
98  9777  4   0  11  0  9766
99  10162  3   0  2  10160
100  10397  3   0  0  10397
101  10167  3   1  0  10166
102  10190  3   0  0  10190
103  7352  3   0  0  7352
104  10406  3   0  0  10406
105  9676  2   0  9676
106  7291  3   1  1  7289
107  10354  2   1  10353
108  10406  2   0  10406
109  9651  3   1  0  9650
110  10406  3   0  0  10406
111  9521  3   0  0  9521
112  7252  2   29  7223
113  9298  3   0  1  9297
114  10380  2   4  10376
115  10406  2   2  10404
116  9158  3   3  1  9154
117  10248  2   1  10247
118  9019  4   3  0  2  9014
119  10254  2   0  10254
120  10406  2   0  10406
121  10406  2   0  10406
122  10265  4   1  1  0  10263
123  10406  2   0  10406
124  6826  2   0  6826
125  10386  2   0  10386
126  10406  3   0  0  10406
127  8734  3   0  0  8734
128  10406  2   0  10406
129  8614  2   1  8613
130  6648  3   0  1  6647
131  10406  3   0  0  10406
132  10406  2   0  10406
133  10406  2   2  10404
134  8382  2   1  8381
135  10298  2   0  10298
136  6474  2   0  6474
137  10374  2   0  10374
138  10020  2   0  10020
139  10020  2   0  10020
140  10355  4   0  0  2  10353
141  10318  2   0  10318
142  10406  2   0  10406
143  10406  5   1  0  0  0  10405
144  10066  2   38  10028
145  10066  2   38  10028
146  7714  2   0  7714
147  10406  2   0  10406
148  10400  3   1  2  10397
149  1220  3   0  43  1177
150  6700  2   0  6700
151  10400  3   0  1  10399
152  10406  2   0  10406
153  10406  3   0  0  10406
154  6640  2   0  6640
155  10296  2   1223  9073
156  10406  3   0  0  10406
157  6390  3   1  1  6388
158  10356  2   1  10355
159  10400  3   1  1  10398
160  10406  2   0  10406
161  6346  3   2  0  6344
162  858  2   0  858
163  10286  2   2  10284
164  10406  2   0  10406
165  10288  2   0  10288
166  10406  2   0  10406
167  10406  2   2  10404
168  10358  3   0  0  10358
169  10406  2   1  10405
170  10366  3   1  1  10364
171  10288  2   0  10288
172  5218  3   0  0  5218
173  10406  2   1  10405
174  4992  2   14  4978
175  4916  2   0  4916
176  10310  3   0  0  10310
177  10405  4   0  0  0  10405
178  4702  3   0  2  4700
179  10370  3   38  0  10332
180  10398  3   0  1  10397
181  10406  2   0  10406
182  10369  3   0  0  10369
183  10037  3   1  1  10035
184  10037  3   1  1  10035
185  10284  3   0  0  10284
186  10390  2   0  10390
187  10057  3   1  10066  -10
188  10057  3   1  10066  -10
189  10264  2   1  10263
190  10406  2   0  10406
191  4251  3   0  0  4251
192  10375  3   0  4  10371
193  10406  3   0  0  10406
194  10406  2   103  10303
195  10377  3   0  0  10377
196  9842  2   0  9842
197  9842  2   0  9842
198  10361  3   0  0  10361
199  10380  2   0  10380
200  10406  3   1  0  10405
201  3458  3   0  2  3456
202  9692  3   1  0  9691
203  9692  3   1  0  9691
204  3122  5   0  4  0  1  3117
205  10236  2   1  10235
206  3053  4   0  1  0  3052
207  10360  2   0  10360
208  10299  3   0  0  10299

[pop]=2
1  11574  2   2  11572
2  11570  2   4352  7218
3  11562  2   0  11562
4  11578  2   0  11578
5  11250  3   0  106  11144
6  11560  2   0  11560
7  11578  2   0  11578
8  11578  4   0  1  0  11577
9  11440  3   0  0  11440
10  11571  3   1  0  11570
11  11576  3   0  1  11575
12  11578  2   0  11578
13  11560  2   4  11556
14  11560  2   4  11556
15  8130  3   0  1  8129
16  11348  2   0  11348
17  11558  2   0  11558
18  11574  2   0  11574
19  11578  2   0  11578
20  11574  3   0  0  11574
21  11480  4   0  1  0  11479
22  11578  2   3  11575
23  11565  3   0  0  11565
24  11565  3   0  0  11565
25  11578  3   0  0  11578
26  11498  2   0  11498
27  11566  3   0  0  11566
28  11566  3   0  0  11566
29  11578  2   0  11578
30  11578  2   0  11578
31  11540  2   78  11462
32  11504  3   0  0  11504
33  11496  3   0  2  11494
34  11516  3   6  0  11510
35  11570  2   0  11570
36  11516  2   5  11511
37  11502  2   0  11502
38  11514  2   0  11514
39  11566  3   0  0  11566
40  11566  3   0  0  11566
41  11570  3   0  0  11570
42  11516  2   1  11515
43  11572  2   0  11572
44  11518  3   0  0  11518
45  11570  2   0  11570
46  11518  3   0  0  11518
47  9410  2   0  9410
48  11524  3   0  0  11524
49  11563  3   0  159  11404
50  11576  3   0  0  11576
51  11564  2   3  11561
52  11578  2   0  11578
53  11532  4   0  0  0  11532
54  11576  4   2  0  0  11574
55  11527  3   0  0  11527
56  11566  3   0  0  11566
57  11546  2   0  11546
58  11540  3   0  7  11533
59  9579  3   0  1  9578
60  11534  2   0  11534
61  9600  3   0  0  9600
62  11516  3   0  65  11451
63  11541  4   1  0  0  11540
64  11578  2   65  11513
65  11514  2   0  11514
66  11566  2   0  11566
67  11576  3   0  4  11572
68  11556  2   3  11553
69  11509  4   0  0  1  11508
70  11558  5   2  0  0  0  11556
71  11558  5   2  0  0  0  11556
72  11556  2   2  11554
73  11508  2   0  11508
74  11554  2   0  11554
75  11554  2   0  11554
76  11554  2   0  11554
77  11548  3   1  0  11547
78  11492  2   0  11492
79  11556  2   0  11556
80  10110  2   0  10110
81  11536  2   0  11536
82  11536  2   0  11536
83  11564  2   0  11564
84  11472  3   0  0  11472
85  10304  3   0  0  10304
86  11564  2   0  11564
87  11454  2   6  11448
88  11578  2   0  11578
89  11558  2   0  11558
90  11562  2   3  11559
91  11578  3   0  0  11578
92  11577  3   0  1478  10099
93  11562  2   0  11562
94  11578  2   0  11578
95  10484  2   0  10484
96  10496  2   76  10420
97  11538  2   2  11536
98  11077  4   0  1  1  11075
99  11490  3   0  0  11490
100  11536  3   0  0  11536
101  11490  3   0  1  11489
102  11508  3   5  0  11503
103  10491  3   3  0  10488
104  11578  3   0  1  11577
105  10972  2   0  10972
106  10464  3   0  0  10464
107  11544  2   1  11543
108  11570  2   0  11570
109  10940  3   0  0  10940
110  11578  3   0  0  11578
111  10786  3   0  0  10786
112  10438  2   0  10438
113  10546  3   0  3  10543
114  11560  2   1  11559
115  11578  2   0  11578
116  10310  3   0  0  10310
117  11528  2   2  11526
118  10149  4   0  0  0  10149
119  11532  2   0  11532
120  11578  2   0  11578
121  11576  2   1  11575
122  11535  4   0  0  0  11535
123  11578  2   0  11578
124  10250  2   0  10250
125  11576  2   1  11575
126  11576  3   0  0  11576
127  9632  3   0  3  9629
128  11578  2   0  11578
129  9402  2   1  9401
130  10147  3   0  0  10147
131  11578  3   0  0  11578
132  11578  2   2  11576
133  11576  2   0  11576
134  8842  2   0  8842
135  11544  2   0  11544
136  10026  2   0  10026
137  11544  2   0  11544
138  11492  2   0  11492
139  11492  2   0  11492
140  11578  4   0  0  0  11578
141  11550  2   13  11537
142  11578  2   0  11578
143  11576  5   0  0  0  0  11576
144  11492  2   2  11490
145  11492  2   2  11490
146  7528  2   0  7528
147  11578  2   0  11578
148  11568  3   0  0  11568
149  1640  3   0  5  1635
150  5754  2   0  5754
151  11574  3   0  0  11574
152  11578  2   0  11578
153  11578  3   0  0  11578
154  5646  2   0  5646
155  11576  2   65  11511
156  11578  3   0  0  11578
157  5287  3   0  0  5287
158  11554  2   0  11554
159  11574  3   0  0  11574
160  11578  2   0  11578
161  5202  3   1  0  5201
162  1092  2   0  1092
163  11576  2   0  11576
164  11578  2   1  11577
165  11576  2   0  11576
166  11578  2   0  11578
167  11574  2   0  11574
168  11550  3   0  0  11550
169  11572  2   0  11572
170  11554  3   0  0  11554
171  11578  2   1  11577
172  3607  3   1  0  3606
173  11568  2   0  11568
174  3300  2   0  3300
175  3172  2   9  3163
176  11543  3   0  0  11543
177  11578  4   4  0  0  11574
178  2860  3   0  0  2860
179  11556  3   3  0  11553
180  11569  3   0  0  11569
181  11564  2   0  11564
182  11554  3   0  1  11553
183  11480  3   0  0  11480
184  11480  3   0  0  11480
185  11577  3   0  3  11574
186  11568  2   0  11568
187  11481  3   0  11476  5
188  11481  3   0  11476  5
189  11524  2   0  11524
190  11562  2   0  11562
191  2235  3   0  1  2234
192  11566  3   0  0  11566
193  11554  3   2  0  11552
194  11558  2   11  11547
195  11557  3   0  0  11557
196  11282  2   0  11282
197  11282  2   0  11282
198  11560  3   0  0  11560
199  11554  2   0  11554
200  11537  3   0  0  11537
201  1211  3   0  2  1209
202  10968  3   0  0  10968
203  10968  3   0  0  10968
204  867  5   1  48  0  0  818
205  11564  2   3  11561
206  750  4   0  0  0  750
207  11552  2   0  11552
208  11517  3   0  0  11517

[pop]=3
1  8654  2   0  8654
2  8636  2   4825  3811
3  8644  2   0  8644
4  8652  2   0  8652
5  8322  3   0  296  8026
6  8642  2   2  8640
7  8650  2   0  8650
8  8653  4   0  2  0  8651
9  8548  3   0  0  8548
10  8652  3   0  0  8652
11  8654  3   0  0  8654
12  8650  2   0  8650
13  8630  2   2  8628
14  8630  2   2  8628
15  6425  3   0  0  6425
16  8456  2   0  8456
17  8628  2   0  8628
18  8654  2   0  8654
19  8648  2   0  8648
20  8654  3   0  1  8653
21  8583  4   0  0  0  8583
22  8648  2   0  8648
23  8630  3   1  0  8629
24  8630  3   1  0  8629
25  8649  3   0  0  8649
26  8584  2   0  8584
27  8632  3   0  0  8632
28  8632  3   0  0  8632
29  8654  2   0  8654
30  8650  2   1  8649
31  8622  2   0  8622
32  8586  3   0  0  8586
33  8578  3   0  0  8578
34  8595  3   0  5  8590
35  8644  2   0  8644
36  8594  2   0  8594
37  8598  2   0  8598
38  8596  2   0  8596
39  8632  3   0  2  8630
40  8632  3   0  2  8630
41  8646  3   0  0  8646
42  8598  2   0  8598
43  8654  2   0  8654
44  8598  3   0  0  8598
45  8654  2   0  8654
46  8606  3   2  0  8604
47  7182  2   0  7182
48  8616  3   1  0  8615
49  8654  3   0  19  8635
50  8654  3   0  0  8654
51  8654  2   0  8654
52  8654  2   0  8654
53  8628  4   0  0  0  8628
54  8654  4   0  1  0  8653
55  8585  3   2  1  8582
56  8654  3   0  0  8654
57  8636  2   0  8636
58  8638  3   0  0  8638
59  7281  3   0  0  7281
60  8596  2   0  8596
61  7282  3   0  0  7282
62  8606  3   5  0  8601
63  8641  4   0  0  0  8641
64  8654  2   0  8654
65  8606  2   3  8603
66  8654  2   3  8651
67  8654  3   0  0  8654
68  8640  2   0  8640
69  8603  4   0  0  0  8603
70  8630  5   0  2  1  0  8627
71  8630  5   0  2  1  0  8627
72  8640  2   0  8640
73  8608  2   0  8608
74  8628  2   0  8628
75  8628  2   0  8628
76  8648  2   0  8648
77  8612  3   0  0  8612
78  8592  2   0  8592
79  8648  2   0  8648
80  7626  2   0  7626
81  8624  2   2  8622
82  8624  2   2  8622
83  8648  2   0  8648
84  8592  3   0  0  8592
85  7758  3   0  0  7758
86  8648  2   0  8648
87  8608  2   0  8608
88  8654  2   0  8654
89  8648  2   0  8648
90  8648  2   0  8648
91  8654  3   0  0  8654
92  8654  3   0  2079  6575
93  8648  2   0  8648
94  8654  2   0  8654
95  7864  2   0  7864
96  7858  2   0  7858
97  8608  2   0  8608
98  8406  4   0  1  0  8405
99  8626  3   0  3  8623
100  8609  3   0  0  8609
101  8628  3   0  0  8628
102  8629  3   0  0  8629
103  7877  3   0  0  7877
104  8654  3   0  0  8654
105  8356  2   2  8354
106  7850  3   6  0  7844
107  8632  2   0  8632
108  8652  2   0  8652
109  8335  3   0  3  8332
110  8654  3   0  0  8654
111  8253  3   0  0  8253
112  7842  2   0  7842
113  8138  3   0  1  8137
114  8648  2   0  8648
115  8654  2   0  8654
116  7984  3   47  0  7937
117  8634  2   1  8633
118  7870  4   2  1  1  7866
119  8636  2   0  8636
120  8654  2   3  8651
121  8654  2   0  8654
122  8636  4   0  0  10  8626
123  8654  2   5  8649
124  7618  2   0  7618
125  8654  2   0  8654
126  8654  3   0  0  8654
127  7534  3   0  4  7530
128  8654  2   3  8651
129  7390  2   0  7390
130  7498  3   0  0  7498
131  8654  3   0  15  8639
132  8652  2   0  8652
133  8654  2   0  8654
134  7018  2   0  7018
135  8636  2   0  8636
136  7378  2   0  7378
137  8642  2   0  8642
138  8594  2   3  8591
139  8594  2   3  8591
140  8654  4   0  0  0  8654
141  8638  2   0  8638
142  8654  2   0  8654
143  8654  5   0  0  0  0  8654
144  8594  2   0  8594
145  8594  2   0  8594
146  6066  2   0  6066
147  8652  2   0  8652
148  8639  3   2  1  8636
149  1222  3   4  0  1218
150  4900  2   0  4900
151  8640  3   0  0  8640
152  8654  2   0  8654
153  8652  3   3  0  8649
154  4814  2   3  4811
155  8652  2   0  8652
156  8654  3   0  0  8654
157  4552  3   0  0  4552
158  8646  2   0  8646
159  8640  3   0  0  8640
160  8654  2   0  8654
161  4486  3   2  0  4484
162  828  2   0  828
163  8652  2   0  8652
164  8654  2   0  8654
165  8652  2   0  8652
166  8654  2   0  8654
167  8652  2   0  8652
168  8644  3   0  0  8644
169  8648  2   0  8648
170  8642  3   0  0  8642
171  8652  2   1  8651
172  3220  3   0  0  3220
173  8648  2   1  8647
174  2952  2   1  2951
175  2922  2   0  2922
176  8643  3   0  0  8643
177  8654  4   0  0  0  8654
178  2668  3   0  0  2668
179  8646  3   0  1  8645
180  8630  3   0  2  8628
181  8646  2   0  8646
182  8647  3   0  0  8647
183  8586  3   2  0  8584
184  8586  3   2  0  8584
185  8650  3   0  0  8650
186  8646  2   0  8646
187  8590  3   0  8594  -4
188  8590  3   0  8594  -4
189  8638  2   0  8638
190  8644  2   4  8640
191  2147  3   0  0  2147
192  8646  3   0  0  8646
193  8645  3   1  0  8644
194  8644  2   0  8644
195  8646  3   0  0  8646
196  8456  2   0  8456
197  8456  2   0  8456
198  8640  3   0  0  8640
199  8648  2   1  8647
200  8636  3   0  0  8636
201  1386  3   0  0  1386
202  8268  3   0  0  8268
203  8268  3   0  0  8268
204  1074  5   0  5  0  0  1069
205  8642  2   0  8642
206  995  4   0  1  1  993
207  8648  2   0  8648
208  8607  3   0  0  8607

[pop]=4
1  6614  2   0  6614
2  6612  2   1522  5090
3  6612  2   0  6612
4  6614  2   0  6614
5  6459  3   0  45  6414
6  6614  2   0  6614
7  6614  2   7  6607
8  6614  4   3  0  0  6611
9  6588  3   0  0  6588
10  6567  3   0  0  6567
11  6614  3   0  0  6614
12  6614  2   0  6614
13  6610  2   0  6610
14  6610  2   0  6610
15  3607  3   0  0  3607
16  6570  2   0  6570
17  6614  2   0  6614
18  6568  2   0  6568
19  6614  2   0  6614
20  6568  3   0  0  6568
21  6581  4   0  0  0  6581
22  6612  2   0  6612
23  6611  3   0  0  6611
24  6611  3   0  0  6611
25  6613  3   0  0  6613
26  6580  2   0  6580
27  6612  3   0  0  6612
28  6612  3   0  0  6612
29  6614  2   0  6614
30  6614  2   0  6614
31  6614  2   51  6563
32  6580  3   0  0  6580
33  6606  3   0  0  6606
34  6582  3   0  0  6582
35  6612  2   0  6612
36  6584  2   10  6574
37  6614  2   0  6614
38  6578  2   0  6578
39  6612  3   0  0  6612
40  6612  3   0  0  6612
41  6614  3   0  0  6614
42  6578  2   0  6578
43  6566  2   0  6566
44  6577  3   1  0  6576
45  6560  2   0  6560
46  6614  3   0  0  6614
47  4288  2   0  4288
48  6614  3   0  0  6614
49  6555  3   0  20  6535
50  6614  3   0  0  6614
51  6556  2   0  6556
52  6614  2   0  6614
53  6614  4   0  0  0  6614
54  6614  4   0  0  0  6614
55  6605  3   0  0  6605
56  6556  3   0  0  6556
57  6612  2   0  6612
58  6614  3   0  0  6614
59  4328  3   1  0  4327
60  6604  2   0  6604
61  4330  3   0  0  4330
62  6538  3   0  0  6538
63  6614  4   0  0  0  6614
64  6614  2   16  6598
65  6538  2   0  6538
66  6536  2   0  6536
67  6614  3   0  0  6614
68  6614  2   0  6614
69  6513  4   0  0  0  6513
70  6612  5   0  0  0  0  6612
71  6612  5   0  0  0  0  6612
72  6614  2   0  6614
73  6504  2   0  6504
74  6612  2   0  6612
75  6612  2   0  6612
76  6614  2   0  6614
77  6609  3   0  0  6609
78  6472  2   0  6472
79  6614  2   0  6614
80  4558  2   0  4558
81  6610  2   0  6610
82  6610  2   0  6610
83  6614  2   0  6614
84  6422  3   0  0  6422
85  4662  3   0  0  4662
86  6614  2   0  6614
87  6444  2   0  6444
88  6614  2   0  6614
89  6614  2   0  6614
90  6614  2   0  6614
91  6614  3   0  0  6614
92  6614  3   0  1519  5095
93  6614  2   0  6614
94  6614  2   0  6614
95  4772  2   0  4772
96  4776  2   0  4776
97  6612  2   0  6612
98  5253  4   0  0  0  5253
99  6503  3   0  0  6503
100  6611  3   3  0  6608
101  6507  3   0  0  6507
102  6526  3   0  0  6526
103  4756  3   0  0  4756
104  6614  3   0  0  6614
105  5114  2   0  5114
106  4728  3   0  0  4728
107  6614  2   0  6614
108  6614  2   0  6614
109  5094  3   0  0  5094
110  6614  3   6  0  6608
111  4977  3   0  0  4977
112  4662  2   0  4662
113  4835  3   1  0  4834
114  6612  2   6  6606
115  6614  2   0  6614
116  4666  3   0  0  4666
117  6562  2   0  6562
118  4544  4   0  0  0  4544
119  6556  2   4  6552
120  6614  2   0  6614
121  6614  2   0  6614
122  6568  4   0  0  0  6568
123  6614  2   0  6614
124  4448  2   0  4448
125  6614  2   0  6614
126  6614  3   0  0  6614
127  4288  3   0  0  4288
128  6614  2   0  6614
129  4218  2   0  4218
130  4322  3   0  0  4322
131  6614  3   0  0  6614
132  6614  2   0  6614
133  6614  2   0  6614
134  4024  2   0  4024
135  6586  2   0  6586
136  4202  2   0  4202
137  6614  2   0  6614
138  6610  2   0  6610
139  6610  2   0  6610
140  6614  4   0  0  0  6614
141  6594  2   0  6594
142  6614  2   0  6614
143  6614  5   0  0  0  0  6614
144  6610  2   0  6610
145  6610  2   0  6610
146  3544  2   0  3544
147  6614  2   0  6614
148  6614  3   0  0  6614
149  562  3   0  0  562
150  3002  2   0  3002
151  6614  3   0  0  6614
152  6614  2   0  6614
153  6614  3   0  0  6614
154  2964  2   0  2964
155  6614  2   0  6614
156  6614  3   0  0  6614
157  2782  3   0  0  2782
158  6594  2   0  6594
159  6614  3   0  0  6614
160  6614  2   0  6614
161  2712  3   70  0  2642
162  426  2   5  421
163  6614  2   0  6614
164  6614  2   0  6614
165  6614  2   2  6612
166  6614  2   0  6614
167  6614  2   0  6614
168  6606  3   0  0  6606
169  6614  2   0  6614
170  6608  3   0  0  6608
171  6614  2   0  6614
172  1940  3   0  0  1940
173  6614  2   1  6613
174  1772  2   0  1772
175  1734  2   0  1734
176  6576  3   0  0  6576
177  6614  4   0  0  0  6614
178  1602  3   0  0  1602
179  6608  3   0  0  6608
180  6614  3   0  0  6614
181  6614  2   0  6614
182  6608  3   0  0  6608
183  6604  3   0  0  6604
184  6604  3   0  0  6604
185  6614  3   0  0  6614
186  6614  2   0  6614
187  6606  3   0  6605  1
188  6606  3   0  6605  1
189  6554  2   0  6554
190  6614  2   2  6612
191  1305  3   0  0  1305
192  6614  3   0  0  6614
193  6614  3   0  0  6614
194  6614  2   0  6614
195  6609  3   2  0  6607
196  6348  2   0  6348
197  6348  2   0  6348
198  6614  3   0  0  6614
199  6610  2   0  6610
200  6607  3   0  0  6607
201  731  3   0  5  726
202  6170  3   0  0  6170
203  6170  3   0  0  6170
204  442  5   0  0  0  0  442
205  6614  2   0  6614
206  361  4   0  0  0  361
207  6610  2   0  6610
208  6610  3   0  0  6610

[pop]=5
1  66732  2   0  66732
2  66724  2   17050  49674
3  66026  2   0  66026
4  66732  2   0  66732
5  62045  3   0  849  61196
6  65944  2   0  65944
7  66730  2   40  66690
8  66733  4   2  2  0  66729
9  63422  3   1  0  63421
10  66694  3   0  0  66694
11  66736  3   0  2  66734
12  66722  2   2  66720
13  65896  2   0  65896
14  65896  2   0  65896
15  45251  3   1  1  45249
16  63716  2   0  63716
17  65974  2   0  65974
18  66696  2   2  66694
19  66712  2   2  66710
20  66699  3   1  1  66697
21  64077  4   2  2  0  64073
22  66710  2   3  66707
23  66021  3   1  1  66019
24  66021  3   1  1  66019
25  66706  3   1  1  66704
26  64458  2   2  64456
27  66077  3   1  1  66075
28  66077  3   1  1  66075
29  66734  2   0  66734
30  66702  2   0  66702
31  65692  2   837  64855
32  64562  3   4  0  64558
33  65412  3   2  0  65410
34  65013  3   0  0  65013
35  66532  2   49  66483
36  65064  2   204  64860
37  64450  2   0  64450
38  65138  2   0  65138
39  66249  3   0  1  66248
40  66249  3   0  1  66248
41  66577  3   1  1  66575
42  65154  2   1  65153
43  66708  2   0  66708
44  65220  3   4  0  65216
45  66706  2   4  66702
46  64642  3   1  0  64641
47  51376  2   2  51374
48  64751  3   6  0  64745
49  66700  3   1  644  66055
50  66740  3   0  0  66740
51  66698  2   0  66698
52  66736  2   0  66736
53  65186  4   2  0  1  65183
54  66739  4   0  0  11  66728
55  66572  3   0  1  66571
56  66694  3   0  0  66694
57  66186  2   0  66186
58  65386  3   8  0  65378
59  51961  3   0  45  51916
60  66610  2   17  66593
61  51918  3   3  1  51914
62  65246  3   0  75  65171
63  65450  4   0  1  2  65447
64  66704  2   728  65976
65  65242  2   2  65240
66  66692  2   0  66692
67  66736  3   0  7  66729
68  66334  2   1  66333
69  65108  4   1  3  1  65103
70  66442  5   1  0  0  0  66441
71  66442  5   1  0  0  0  66441
72  66328  2   0  66328
73  65128  2   2  65126
74  66424  2   2  66422
75  66424  2   2  66422
76  65794  2   2  65792
77  66675  3   1  1  66673
78  64912  2   4  64908
79  65862  2   0  65862
80  54238  2   2  54236
81  66354  2   0  66354
82  66354  2   0  66354
83  66002  2   0  66002
84  64545  3   0  1  64544
85  55000  3   3  1  54996
86  66020  2   3  66017
87  65676  2   16  65660
88  66740  2   5  66735
89  66504  2   2  66502
90  66028  2   0  66028
91  66731  3   0  1  66730
92  66734  3   0  16615  50119
93  66030  2   8  66022
94  66730  2   3  66727
95  55764  2   0  55764
96  55752  2   1  55751
97  66636  2   0  66636
98  63423  4   2  0  0  63421
99  66026  3   3  0  66023
100  66626  3   1  0  66625
101  66038  3   2  0  66036
102  66098  3   1  1  66096
103  55662  3   0  3  55659
104  66740  3   1  0  66739
105  63078  2   0  63078
106  55504  3   0  0  55504
107  65644  2   17  65627
108  66496  2   0  66496
109  62938  3   1  0  62937
110  66736  3   3  0  66733
111  62322  3   1  2  62319
112  55248  2   0  55248
113  61292  3   1  2  61289
114  66592  2   75  66517
115  66740  2   2  66738
116  60430  3   1  0  60429
117  66286  2   15  66271
118  59650  4   3  0  7  59640
119  66298  2   1  66297
120  66740  2   0  66740
121  66654  2   0  66654
122  66317  4   0  0  0  66317
123  66740  2   1  66739
124  53664  2   2  53662
125  66736  2   19  66717
126  66668  3   0  1  66667
127  57548  3   1  3  57544
128  66740  2   2  66738
129  56714  2   4  56710
130  52931  3   2  2  52927
131  66738  3   0  0  66738
132  66732  2   0  66732
133  66684  2   0  66684
134  54634  2   1  54633
135  66418  2   8  66410
136  52132  2   2  52130
137  65720  2   2  65718
138  66076  2   0  66076
139  66076  2   0  66076
140  66733  4   2  0  0  66731
141  66456  2   1  66455
142  66728  2   2  66726
143  66709  5   0  1  1  1  66706
144  66042  2   0  66042
145  66042  2   0  66042
146  49178  2   0  49178
147  66732  2   1  66731
148  66352  3   2  0  66350
149  11292  3   0  1  11291
150  41030  2   12  41018
151  66551  3   15  0  66536
152  66712  2   3  66709
153  66738  3   0  1  66737
154  40564  2   1  40563
155  66704  2   24  66680
156  66716  3   0  1  66715
157  38543  3   4  2  38537
158  66554  2   3  66551
159  66592  3   0  0  66592
160  66668  2   0  66668
161  38116  3   155  0  37961
162  8212  2   1  8211
163  66704  2   11  66693
164  66652  2   1  66651
165  66700  2   43  66657
166  66594  2   0  66594
167  66718  2   0  66718
168  66546  3   4  2  66540
169  66710  2   0  66710
170  66548  3   1  0  66547
171  66662  2   5  66657
172  29931  3   0  1  29930
173  66702  2   6  66696
174  28188  2   0  28188
175  27590  2   0  27590
176  66457  3   1  1  66455
177  66738  4   15  1  1  66721
178  25952  3   1  1  25950
179  66582  3   0  0  66582
180  66606  3   3  0  66603
181  66688  2   5  66683
182  66585  3   1  0  66584
183  65835  3   1  1  65833
184  65835  3   1  1  65833
185  66595  3   1  7  66587
186  66166  2   5  66161
187  65881  3   1  65686  194
188  65881  3   1  65686  194
189  66358  2   2  66356
190  66674  2   4  66670
191  22355  3   1  0  22354
192  66021  3   1  0  66020
193  66659  3   1  0  66658
194  66652  2   1  66651
195  66572  3   0  1  66571
196  64506  2   3  64503
197  64506  2   3  64503
198  65787  3   1  1  65785
199  66568  2   0  66568
200  66578  3   0  1  66577
201  15633  3   5  35  15593
202  63045  3   0  1  63044
203  63045  3   0  1  63044
204  12528  5   0  2  0  0  12526
205  66100  2   43  66057
206  11816  4   0  0  0  11816
207  66546  2   3  66543
208  65063  3   1  6  65056

[pop]=6
1  908  2   0  908
2  908  2   280  628
3  884  2   0  884
4  906  2   0  906
5  795  3   0  7  788
6  878  2   0  878
7  906  2   1  905
8  908  4   0  0  0  908
9  806  3   0  1  805
10  902  3   0  0  902
11  908  3   0  0  908
12  906  2   0  906
13  902  2   0  902
14  902  2   0  902
15  535  3   0  0  535
16  856  2   0  856
17  892  2   0  892
18  902  2   0  902
19  906  2   0  906
20  902  3   0  0  902
21  829  4   0  1  0  828
22  906  2   0  906
23  903  3   0  0  903
24  903  3   0  0  903
25  906  3   0  0  906
26  858  2   0  858
27  905  3   1  0  904
28  905  3   1  0  904
29  908  2   0  908
30  906  2   0  906
31  884  2   13  871
32  862  3   0  0  862
33  884  3   0  0  884
34  870  3   0  0  870
35  902  2   0  902
36  874  2   1  873
37  804  2   0  804
38  878  2   0  878
39  906  3   0  0  906
40  906  3   0  0  906
41  902  3   0  0  902
42  876  2   0  876
43  902  2   0  902
44  877  3   0  0  877
45  902  2   0  902
46  816  3   0  0  816
47  640  2   0  640
48  823  3   0  0  823
49  902  3   0  10  892
50  908  3   0  0  908
51  902  2   0  902
52  908  2   0  908
53  844  4   0  1  0  843
54  908  4   0  0  0  908
55  907  3   0  0  907
56  902  3   0  0  902
57  900  2   0  900
58  856  3   0  0  856
59  651  3   0  0  651
60  908  2   0  908
61  648  3   0  0  648
62  876  3   0  6  870
63  859  4   0  0  0  859
64  906  2   5  901
65  876  2   0  876
66  902  2   0  902
67  908  3   0  0  908
68  900  2   0  900
69  872  4   0  0  0  872
70  906  5   0  0  0  0  906
71  906  5   0  0  0  0  906
72  902  2   0  902
73  872  2   0  872
74  906  2   0  906
75  906  2   0  906
76  872  2   0  872
77  908  3   0  0  908
78  860  2   0  860
79  872  2   0  872
80  676  2   0  676
81  906  2   0  906
82  906  2   0  906
83  878  2   0  878
84  851  3   0  0  851
85  703  3   0  0  703
86  880  2   0  880
87  880  2   0  880
88  908  2   0  908
89  904  2   0  904
90  880  2   0  880
91  906  3   0  0  906
92  908  3   0  228  680
93  880  2   0  880
94  906  2   0  906
95  712  2   0  712
96  712  2   0  712
97  906  2   0  906
98  814  4   0  0  0  814
99  896  3   0  0  896
100  906  3   0  0  906
101  899  3   0  0  899
102  899  3   0  0  899
103  711  3   0  0  711
104  908  3   0  0  908
105  812  2   0  812
106  706  3   0  0  706
107  866  2   1  865
108  902  2   0  902
109  813  3   0  0  813
110  906  3   0  0  906
111  807  3   0  0  807
112  702  2   0  702
113  793  3   0  0  793
114  906  2   0  906
115  908  2   0  908
116  776  3   1  0  775
117  898  2   0  898
118  763  4   0  0  0  763
119  898  2   0  898
120  908  2   0  908
121  908  2   1  907
122  900  4   0  0  0  900
123  908  2   0  908
124  692  2   0  692
125  908  2   0  908
126  908  3   0  0  908
127  716  3   0  0  716
128  908  2   0  908
129  702  2   0  702
130  684  3   0  0  684
131  908  3   0  0  908
132  906  2   0  906
133  908  2   0  908
134  688  2   0  688
135  900  2   0  900
136  664  2   0  664
137  882  2   0  882
138  898  2   0  898
139  898  2   0  898
140  907  4   0  0  0  907
141  900  2   0  900
142  908  2   0  908
143  908  5   0  0  0  0  908
144  898  2   0  898
145  898  2   0  898
146  618  2   0  618
147  908  2   0  908
148  901  3   0  0  901
149  224  3   0  0  224
150  540  2   0  540
151  906  3   0  0  906
152  908  2   0  908
153  908  3   0  0  908
154  538  2   0  538
155  906  2   4  902
156  908  3   0  0  908
157  505  3   0  0  505
158  904  2   0  904
159  906  3   0  0  906
160  908  2   0  908
161  502  3   3  0  499
162  208  2   0  208
163  906  2   0  906
164  908  2   0  908
165  906  2   0  906
166  908  2   0  908
167  908  2   0  908
168  902  3   0  0  902
169  908  2   0  908
170  902  3   0  0  902
171  906  2   0  906
172  414  3   0  0  414
173  908  2   0  908
174  402  2   0  402
175  398  2   1  397
176  904  3   0  0  904
177  908  4   0  0  0  908
178  380  3   0  0  380
179  902  3   0  0  902
180  904  3   0  0  904
181  908  2   0  908
182  902  3   0  0  902
183  894  3   0  0  894
184  894  3   0  0  894
185  904  3   0  0  904
186  884  2   0  884
187  893  3   0  892  1
188  893  3   0  892  1
189  898  2   0  898
190  908  2   0  908
191  350  3   0  0  350
192  878  3   0  0  878
193  908  3   0  0  908
194  908  2   1  907
195  900  3   0  0  900
196  866  2   0  866
197  866  2   0  866
198  870  3   0  0  870
199  900  2   0  900
200  908  3   0  0  908
201  293  3   0  0  293
202  841  3   0  0  841
203  841  3   0  0  841
204  258  5   0  4  0  0  254
205  898  2   0  898
206  249  4   0  0  0  249
207  900  2   0  900
208  844  3   0  0  844

[pop]=7
1  16512  2   0  16512
2  16512  2   6755  9757
3  15488  2   0  15488
4  16510  2   0  16510
5  12558  3   1  127  12430
6  15334  2   0  15334
7  16510  2   0  16510
8  16510  4   1  0  0  16509
9  11394  3   1  0  11393
10  16512  3   0  0  16512
11  16512  3   4  0  16508
12  16510  2   0  16510
13  16222  2   1  16221
14  16222  2   1  16221
15  11384  3   0  0  11384
16  14066  2   1  14065
17  16238  2   0  16238
18  16512  2   0  16512
19  16510  2   0  16510
20  16512  3   0  0  16512
21  13319  4   1  0  1  13317
22  16510  2   0  16510
23  16335  3   0  1  16334
24  16335  3   0  1  16334
25  16510  3   0  0  16510
26  14404  2   0  14404
27  16367  3   0  1  16366
28  16367  3   0  1  16366
29  16510  2   0  16510
30  16508  2   3  16505
31  15636  2   8  15628
32  14658  3   0  1  14657
33  15954  3   0  0  15954
34  15484  3   0  0  15484
35  16494  2   0  16494
36  15570  2   5  15565
37  10418  2   3  10415
38  15754  2   1  15753
39  16453  3   1  1  16451
40  16453  3   1  1  16451
41  16510  3   0  0  16510
42  15796  2   0  15796
43  16512  2   0  16512
44  15905  3   0  1  15904
45  16512  2   0  16512
46  10944  3   0  0  10944
47  13610  2   0  13610
48  11212  3   0  1  11211
49  16510  3   1  182  16327
50  16512  3   0  0  16512
51  16510  2   0  16510
52  16510  2   5  16505
53  12504  4   0  0  0  12504
54  16512  4   0  0  0  16512
55  16461  3   0  0  16461
56  16510  3   0  0  16510
57  16468  2   0  16468
58  13018  3   0  0  13018
59  13842  3   0  0  13842
60  16476  2   0  16476
61  13848  3   0  0  13848
62  16026  3   1  2  16023
63  13206  4   0  0  0  13206
64  16512  2   122  16390
65  16034  2   0  16034
66  16510  2   0  16510
67  16510  3   0  1  16509
68  16492  2   0  16492
69  15853  4   0  0  2  15851
70  16508  5   0  0  0  0  16508
71  16508  5   0  0  0  0  16508
72  16498  2   0  16498
73  15792  2   0  15792
74  16506  2   0  16506
75  16506  2   0  16506
76  14170  2   0  14170
77  16492  3   0  0  16492
78  15532  2   0  15532
79  14368  2   3  14365
80  14498  2   0  14498
81  16496  2   0  16496
82  16496  2   0  16496
83  14776  2   16  14760
84  14765  3   1  0  14764
85  14658  3   0  0  14658
86  14800  2   0  14800
87  16048  2   0  16048
88  16512  2   1  16511
89  16512  2   0  16512
90  14832  2   0  14832
91  16512  3   2  0  16510
92  16510  3   1  5560  10949
93  14836  2   0  14836
94  16512  2   0  16512
95  14706  2   0  14706
96  14702  2   0  14702
97  16486  2   0  16486
98  15287  4   1  1  0  15285
99  16297  3   0  4  16293
100  16479  3   0  1  16478
101  16308  3   0  0  16308
102  16371  3   2  0  16369
103  14681  3   0  0  14681
104  16512  3   0  1  16511
105  15474  2   1  15473
106  14611  3   0  0  14611
107  13794  2   154  13640
108  16092  2   9  16083
109  15458  3   0  6  15452
110  16510  3   0  2  16508
111  15338  3   0  0  15338
112  14514  2   0  14514
113  15141  3   0  1  15140
114  16512  2   0  16512
115  16512  2   1  16511
116  15002  3   0  1  15001
117  16474  2   0  16474
118  14906  4   3  0  2  14901
119  16490  2   0  16490
120  16512  2   0  16512
121  16478  2   16  16462
122  16493  4   0  2  0  16491
123  16512  2   0  16512
124  14078  2   0  14078
125  16510  2   0  16510
126  16492  3   1  0  16491
127  14618  3   0  0  14618
128  16512  2   0  16512
129  14492  2   0  14492
130  13908  3   1  0  13907
131  16512  3   1  0  16511
132  16510  2   0  16510
133  16504  2   0  16504
134  14230  2   0  14230
135  16502  2   0  16502
136  13730  2   0  13730
137  14190  2   0  14190
138  16430  2   0  16430
139  16430  2   0  16430
140  16510  4   0  2  4  16504
141  16510  2   0  16510
142  16512  2   0  16512
143  16508  5   0  0  0  0  16508
144  16426  2   0  16426
145  16426  2   0  16426
146  13490  2   2  13488
147  16510  2   1  16509
148  15808  3   0  0  15808
149  8288  3   0  0  8288
150  12274  2   0  12274
151  16281  3   0  0  16281
152  16508  2   0  16508
153  16510  3   0  0  16510
154  12214  2   0  12214
155  16510  2   3  16507
156  16508  3   1  12  16495
157  11892  3   0  0  11892
158  16510  2   0  16510
159  16376  3   0  0  16376
160  16418  2   2  16416
161  11838  3   0  1  11837
162  7946  2   0  7946
163  16510  2   0  16510
164  16388  2   0  16388
165  16510  2   0  16510
166  16330  2   2  16328
167  16508  2   0  16508
168  16510  3   0  0  16510
169  16506  2   1  16505
170  16510  3   0  0  16510
171  16496  2   0  16496
172  10689  3   0  0  10689
173  16506  2   0  16506
174  10432  2   1  10431
175  10362  2   0  10362
176  16494  3   0  0  16494
177  16510  4   0  0  0  16510
178  10117  3   1  5  10111
179  16511  3   0  0  16511
180  16500  3   1  0  16499
181  16502  2   0  16502
182  16506  3   0  0  16506
183  16401  3   0  0  16401
184  16401  3   0  0  16401
185  16364  3   0  0  16364
186  15208  2   0  15208
187  16405  3   1  16404  0
188  16405  3   1  16404  0
189  16476  2   0  16476
190  16500  2   0  16500
191  9614  3   0  0  9614
192  14929  3   0  0  14929
193  16496  3   0  1  16495
194  16496  2   1  16495
195  16492  3   0  0  16492
196  15834  2   0  15834
197  15834  2   0  15834
198  14376  3   0  0  14376
199  16490  2   2  16488
200  16463  3   0  0  16463
201  8790  3   0  0  8790
202  15175  3   0  0  15175
203  15175  3   0  0  15175
204  8399  5   1  11  1  0  8386
205  15234  2   3  15231
206  8317  4   1  0  0  8316
207  16474  2   0  16474
208  12331  3   0  1  12330

