[loci]=157

[populations]=7

[pop]=1
1  10402  2   8  10394
2  9928  2   0  9928
3  9476  3   0  3  9473
4  8504  2   0  8504
5  8185  2   0  8185
6  10401  3   0  9879  522
7  10014  2   26  9988
8  9232  2   0  9232
9  9396  3   0  0  9396
10  10406  2   0  10406
11  10390  2   0  10390
12  10402  2   0  10402
13  10406  2   0  10406
14  10092  2   6  10086
15  9986  2   0  9986
16  10400  2   0  10400
17  10392  3   1  0  10391
18  9972  2   0  9972
19  10406  4   9  0  0  10397
20  10401  3   1  0  10400
21  9858  2   0  9858
22  10406  2   0  10406
23  10156  2   0  10156
24  9935  4   0  0  0  9935
25  10400  2   1  10399
26  10190  2   0  10190
27  9211  4   0  1  1  9209
28  10406  3   0  0  10406
29  10398  2   0  10398
30  10402  3   1  35  10366
31  10398  2   0  10398
32  8690  2   11  8679
33  8415  2   0  8415
34  10400  3   0  0  10400
35  9842  2   0  9842
36  9078  3   0  0  9078
37  10400  3   0  0  10400
38  10396  3   0  0  10396
39  10400  2   0  10400
40  10348  3   0  8360  1988
41  9872  2   0  9872
42  9843  4   0  1  1  9841
43  8126  3   42  0  8084
44  8966  2   1  8965
45  8964  2   0  8964
46  8460  2   0  8460
47  7913  2   3  7910
48  8461  3   0  0  8461
49  10399  3   1  0  10398
50  10398  3   1  0  10397
51  5260  3   0  0  5260
52  9850  2   0  9850
53  8469  2   0  8469
54  8591  3   0  0  8591
55  8560  3   0  0  8560
56  8479  2   0  8479
57  10406  3   0  0  10406
58  6170  3   0  0  6170
59  10396  2   0  10396
60  9850  3   0  2  9848
61  10406  4   0  0  0  10406
62  9830  2   0  9830
63  10390  2   0  10390
64  10393  3   0  0  10393
65  10398  2   0  10398
66  10298  2   0  10298
67  10406  2   3  10403
68  10406  3   0  0  10406
69  10406  2   0  10406
70  9750  2   0  9750
71  7058  2   0  7058
72  7492  2   0  7492
73  10282  2   0  10282
74  10390  2   0  10390
75  9818  2   0  9818
76  10398  2   0  10398
77  10299  3   0  3  10296
78  10384  2   0  10384
79  8036  2   0  8036
80  10398  4   0  0  1  10397
81  10406  2   4  10402
82  10406  3   0  5  10401
83  10396  2   0  10396
84  8490  3   1  0  8489
85  8516  3   0  0  8516
86  10390  2   0  10390
87  9878  2   0  9878
88  10396  3   1  0  10395
89  10398  2   2  10396
90  10406  4   0  1  0  10405
91  10392  2   0  10392
92  8514  3   0  0  8514
93  10346  3   0  0  10346
94  10404  3   0  0  10404
95  10406  3   0  0  10406
96  10391  3   0  0  10391
97  9920  2   0  9920
98  10404  3   0  1  10403
99  8516  2   0  8516
100  10346  3   7  0  10339
101  10406  2   0  10406
102  9938  3   1  0  9937
103  10386  2   0  10386
104  9934  3   1  0  9933
105  10398  3   0  3  10395
106  10394  2   6  10388
107  8514  3   0  0  8514
108  10383  3   0  0  10383
109  10406  2   6  10400
110  10398  3   0  0  10398
111  9922  4   0  1  0  9921
112  10398  3   0  0  10398
113  9920  2   15  9905
114  10400  2   2  10398
115  9884  2   0  9884
116  10406  2   0  10406
117  10401  4   0  0  0  10401
118  9866  2   0  9866
119  10404  2   0  10404
120  10378  2   0  10378
121  10310  2   0  10310
122  10398  2   0  10398
123  9817  3   0  462  9355
124  10398  3   0  0  10398
125  10398  2   0  10398
126  10398  2   0  10398
127  10404  2   0  10404
128  10396  3   0  419  9977
129  10406  2   0  10406
130  10344  2   1  10343
131  9642  2   0  9642
132  8475  2   0  8475
133  10359  3   0  0  10359
134  10310  2   0  10310
135  10400  2   0  10400
136  10406  2   0  10406
137  10246  2   0  10246
138  10320  3   0  0  10320
139  10268  2   0  10268
140  10318  2   2  10316
141  10404  3   0  1  10403
142  10260  2   2  10258
143  10309  3   4  0  10305
144  9166  2   0  9166
145  7360  2   10  7350
146  10296  2   0  10296
147  10402  2   512  9890
148  10314  2   0  10314
149  10294  4   0  0  0  10294
150  7435  2   2  7433
151  9678  3   0  1  9677
152  10402  3   0  2  10400
153  8464  2   5  8459
154  10300  2   1  10299
155  10178  2   0  10178
156  8514  2   9  8505
157  10362  3   0  0  10362

[pop]=2
1  11572  2   11  11561
2  11556  2   3  11553
3  11405  3   0  9  11396
4  9319  2   0  9319
5  9265  2   0  9265
6  11568  3   0  10240  1328
7  11526  2   1649  9877
8  11104  2   0  11104
9  11398  3   0  0  11398
10  11558  2   0  11558
11  11568  2   0  11568
12  11572  2   0  11572
13  11578  2   2  11576
14  11566  2   5  11561
15  11524  2   10  11514
16  11576  2   2  11574
17  11568  3   0  1  11567
18  11526  2   4  11522
19  11578  4   1  0  1  11576
20  11575  3   0  1  11574
21  11564  2   0  11564
22  11578  2   0  11578
23  11576  2   0  11576
24  11523  4   0  0  0  11523
25  11574  2   0  11574
26  11576  2   0  11576
27  11355  4   0  0  0  11355
28  11578  3   1  1  11576
29  11558  2   0  11558
30  11572  3   0  0  11572
31  11558  2   0  11558
32  10654  2   1  10653
33  9315  2   0  9315
34  11564  3   0  0  11564
35  11564  2   0  11564
36  11336  3   0  0  11336
37  11572  3   0  0  11572
38  11550  3   0  0  11550
39  11562  2   0  11562
40  11571  3   0  7163  4408
41  11528  2   0  11528
42  11563  4   0  0  2  11561
43  9844  3   0  0  9844
44  11314  2   0  11314
45  11302  2   0  11302
46  9319  2   11  9308
47  9240  2   0  9240
48  9320  3   1  1  9318
49  11572  3   0  0  11572
50  11561  3   0  0  11561
51  4048  3   0  0  4048
52  11566  2   0  11566
53  9322  2   0  9322
54  11253  3   0  3  11250
55  11248  3   0  1  11247
56  9322  2   0  9322
57  11556  3   0  0  11556
58  6070  3   0  0  6070
59  11556  2   0  11556
60  11567  3   0  0  11567
61  11558  4   0  0  0  11558
62  11516  2   0  11516
63  11572  2   0  11572
64  11578  3   0  0  11578
65  11572  2   0  11572
66  11446  2   0  11446
67  11564  2   0  11564
68  11578  3   0  0  11578
69  11578  2   0  11578
70  11176  2   0  11176
71  7850  2   0  7850
72  8700  2   0  8700
73  11418  2   0  11418
74  11572  2   9  11563
75  11250  2   0  11250
76  11572  2   0  11572
77  11441  3   0  0  11441
78  11566  2   0  11566
79  9496  2   0  9496
80  11571  4   0  0  0  11571
81  11564  2   0  11564
82  11578  3   1  0  11577
83  11578  2   3  11575
84  9322  3   0  0  9322
85  9320  3   0  0  9320
86  11572  2   0  11572
87  11312  2   5  11307
88  11578  3   0  0  11578
89  11572  2   0  11572
90  11578  4   0  0  0  11578
91  11572  2   0  11572
92  9322  3   0  0  9322
93  11494  3   1  0  11493
94  11568  3   0  0  11568
95  11571  3   0  1  11570
96  11569  3   0  0  11569
97  11366  2   0  11366
98  11578  3   0  0  11578
99  9320  2   5  9315
100  11508  3   0  0  11508
101  11574  2   0  11574
102  11378  3   0  2  11376
103  11556  2   0  11556
104  11376  3   0  0  11376
105  11572  3   0  2  11570
106  11572  2   0  11572
107  9311  3   0  0  9311
108  11550  3   0  0  11550
109  11578  2   9  11569
110  11577  3   0  0  11577
111  11365  4   1  0  0  11364
112  11572  3   0  0  11572
113  11354  2   0  11354
114  11562  2   0  11562
115  11328  2   0  11328
116  11578  2   0  11578
117  11578  4   0  0  0  11578
118  11308  2   27  11281
119  11578  2   0  11578
120  11572  2   0  11572
121  11578  2   0  11578
122  11578  2   0  11578
123  11227  3   0  36  11191
124  11578  3   0  0  11578
125  11578  2   0  11578
126  11570  2   0  11570
127  11572  2   0  11572
128  11572  3   0  16  11556
129  11578  2   1  11577
130  11570  2   0  11570
131  11070  2   1  11069
132  9205  2   0  9205
133  11537  3   0  1  11536
134  11578  2   0  11578
135  11578  2   0  11578
136  11578  2   0  11578
137  11342  2   0  11342
138  11578  3   0  0  11578
139  11572  2   0  11572
140  11578  2   0  11578
141  11572  3   0  0  11572
142  11570  2   0  11570
143  11578  3   0  0  11578
144  10398  2   0  10398
145  8641  2   0  8641
146  11578  2   0  11578
147  11578  2   19  11559
148  11538  2   0  11538
149  11578  4   0  0  0  11578
150  8742  2   1  8741
151  10838  3   0  0  10838
152  11578  3   0  0  11578
153  9319  2   0  9319
154  11538  2   0  11538
155  11572  2   0  11572
156  9321  2   0  9321
157  11444  3   0  0  11444

[pop]=3
1  8644  2   0  8644
2  8648  2   0  8648
3  8472  3   2  0  8470
4  6633  2   0  6633
5  6505  2   0  6505
6  8642  3   0  7801  841
7  8642  2   475  8167
8  8458  2   0  8458
9  8456  3   0  0  8456
10  8654  2   17  8637
11  8652  2   3  8649
12  8644  2   0  8644
13  8654  2   0  8654
14  8652  2   1  8651
15  8644  2   0  8644
16  8654  2   0  8654
17  8652  3   0  0  8652
18  8644  2   0  8644
19  8654  4   0  0  0  8654
20  8652  3   0  0  8652
21  8622  2   0  8622
22  8654  2   0  8654
23  8652  2   19  8633
24  8644  4   0  0  18  8626
25  8654  2   0  8654
26  8652  2   4  8648
27  8401  4   1  0  1  8399
28  8654  3   0  0  8654
29  8636  2   0  8636
30  8644  3   0  4  8640
31  8636  2   0  8636
32  8258  2   0  8258
33  6630  2   0  6630
34  8652  3   0  0  8652
35  8618  2   0  8618
36  8368  3   0  1  8367
37  8643  3   1  0  8642
38  8634  3   0  0  8634
39  8652  2   0  8652
40  8648  3   2  4380  4266
41  8640  2   0  8640
42  8618  4   0  0  0  8618
43  7734  3   0  1  7733
44  8324  2   3  8321
45  8318  2   2  8316
46  6635  2   0  6635
47  6483  2   0  6483
48  6635  3   0  0  6635
49  8642  3   0  0  8642
50  8652  3   0  0  8652
51  3335  3   0  2  3333
52  8620  2   0  8620
53  6638  2   0  6638
54  8269  3   0  0  8269
55  8256  3   0  0  8256
56  6638  2   0  6638
57  8654  3   0  0  8654
58  4688  3   0  0  4688
59  8652  2   0  8652
60  8620  3   0  0  8620
61  8654  4   0  0  0  8654
62  8614  2   0  8614
63  8654  2   0  8654
64  8654  3   0  2  8652
65  8642  2   0  8642
66  8568  2   0  8568
67  8654  2   0  8654
68  8654  3   0  0  8654
69  8654  2   0  8654
70  8450  2   0  8450
71  6072  2   0  6072
72  6606  2   0  6606
73  8576  2   0  8576
74  8654  2   0  8654
75  8474  2   0  8474
76  8644  2   0  8644
77  8589  3   1  4  8584
78  8652  2   3  8649
79  7172  2   0  7172
80  8644  4   0  0  0  8644
81  8654  2   0  8654
82  8654  3   0  0  8654
83  8654  2   0  8654
84  6638  3   0  0  6638
85  6636  3   0  2  6634
86  8654  2   0  8654
87  8508  2   0  8508
88  8654  3   0  1  8653
89  8644  2   0  8644
90  8654  4   3  0  0  8651
91  8654  2   0  8654
92  6636  3   0  0  6636
93  8619  3   0  0  8619
94  8654  3   0  0  8654
95  8654  3   0  0  8654
96  8654  3   0  0  8654
97  8536  2   0  8536
98  8654  3   0  0  8654
99  6637  2   0  6637
100  8624  3   0  0  8624
101  8654  2   15  8639
102  8534  3   0  0  8534
103  8652  2   0  8652
104  8528  3   0  0  8528
105  8644  3   0  0  8644
106  8644  2   0  8644
107  6634  3   0  8  6626
108  8652  3   2  0  8650
109  8654  2   0  8654
110  8654  3   0  0  8654
111  8516  4   0  0  0  8516
112  8643  3   0  0  8643
113  8514  2   0  8514
114  8654  2   0  8654
115  8504  2   0  8504
116  8654  2   0  8654
117  8654  4   7  0  0  8647
118  8500  2   3  8497
119  8654  2   0  8654
120  8654  2   1  8653
121  8652  2   2  8650
122  8654  2   1  8653
123  8447  3   0  0  8447
124  8654  3   5  0  8649
125  8654  2   0  8654
126  8652  2   0  8652
127  8644  2   0  8644
128  8654  3   1  0  8653
129  8654  2   0  8654
130  8654  2   11  8643
131  8358  2   0  8358
132  6578  2   30  6548
133  8652  3   0  0  8652
134  8650  2   0  8650
135  8652  2   0  8652
136  8654  2   0  8654
137  8518  2   0  8518
138  8648  3   0  0  8648
139  8652  2   0  8652
140  8648  2   0  8648
141  8644  3   0  0  8644
142  8650  2   0  8650
143  8647  3   0  1  8646
144  7988  2   0  7988
145  6149  2   0  6149
146  8646  2   0  8646
147  8654  2   0  8654
148  8652  2   0  8652
149  8643  4   0  0  0  8643
150  6216  2   0  6216
151  8326  3   0  0  8326
152  8654  3   0  0  8654
153  6628  2   0  6628
154  8652  2   0  8652
155  8642  2   0  8642
156  6638  2   0  6638
157  8636  3   0  1  8635

[pop]=4
1  6602  2   23  6579
2  6614  2   0  6614
3  6514  3   0  4  6510
4  4530  2   0  4530
5  4514  2   0  4514
6  6598  3   0  5385  1213
7  6610  2   29  6581
8  6068  2   0  6068
9  6520  3   1  0  6519
10  6614  2   0  6614
11  6614  2   0  6614
12  6602  2   0  6602
13  6614  2   0  6614
14  6614  2   5  6609
15  6612  2   0  6612
16  6614  2   0  6614
17  6614  3   0  0  6614
18  6612  2   0  6612
19  6614  4   1  0  0  6613
20  6614  3   0  0  6614
21  6610  2   0  6610
22  6614  2   0  6614
23  6614  2   0  6614
24  6612  4   0  0  0  6612
25  6614  2   0  6614
26  6614  2   0  6614
27  6543  4   0  0  0  6543
28  6614  3   0  0  6614
29  6602  2   0  6602
30  6602  3   0  0  6602
31  6602  2   0  6602
32  5518  2   0  5518
33  4529  2   0  4529
34  6614  3   0  0  6614
35  6610  2   0  6610
36  6546  3   0  0  6546
37  6602  3   0  0  6602
38  6602  3   0  0  6602
39  6614  2   0  6614
40  6614  3   0  3303  3311
41  6612  2   0  6612
42  6610  4   0  0  4  6606
43  4948  3   0  0  4948
44  6538  2   0  6538
45  6532  2   0  6532
46  4529  2   0  4529
47  4506  2   0  4506
48  4529  3   0  0  4529
49  6602  3   0  0  6602
50  6614  3   0  0  6614
51  2128  3   0  0  2128
52  6610  2   0  6610
53  4530  2   0  4530
54  6480  3   0  0  6480
55  6476  3   0  0  6476
56  4530  2   0  4530
57  6614  3   0  0  6614
58  2790  3   0  0  2790
59  6614  2   0  6614
60  6610  3   0  0  6610
61  6614  4   0  0  0  6614
62  6606  2   0  6606
63  6614  2   0  6614
64  6614  3   0  0  6614
65  6602  2   0  6602
66  6570  2   0  6570
67  6614  2   0  6614
68  6614  3   0  0  6614
69  6614  2   0  6614
70  5968  2   0  5968
71  3438  2   0  3438
72  3804  2   0  3804
73  6462  2   0  6462
74  6614  2   0  6614
75  6038  2   0  6038
76  6602  2   0  6602
77  6473  3   1  0  6472
78  6614  2   0  6614
79  4304  2   0  4304
80  6602  4   0  0  0  6602
81  6614  2   0  6614
82  6614  3   0  0  6614
83  6614  2   0  6614
84  4530  3   0  0  4530
85  4530  3   0  0  4530
86  6614  2   0  6614
87  6096  2   0  6096
88  6614  3   0  0  6614
89  6600  2   0  6600
90  6614  4   0  0  0  6614
91  6614  2   0  6614
92  4530  3   0  0  4530
93  6520  3   1  0  6519
94  6614  3   0  0  6614
95  6614  3   0  0  6614
96  6614  3   0  0  6614
97  6142  2   0  6142
98  6614  3   0  0  6614
99  4530  2   0  4530
100  6526  3   0  0  6526
101  6614  2   0  6614
102  6152  3   0  0  6152
103  6614  2   0  6614
104  6128  3   0  0  6128
105  6602  3   0  11  6591
106  6602  2   0  6602
107  4529  3   0  0  4529
108  6614  3   0  0  6614
109  6614  2   0  6614
110  6614  3   0  1  6613
111  6078  4   0  0  0  6078
112  6602  3   0  0  6602
113  6068  2   0  6068
114  6614  2   0  6614
115  6034  2   0  6034
116  6614  2   0  6614
117  6614  4   0  0  0  6614
118  6008  2   0  6008
119  6614  2   0  6614
120  6614  2   0  6614
121  6614  2   0  6614
122  6614  2   0  6614
123  5873  3   0  0  5873
124  6614  3   0  0  6614
125  6614  2   0  6614
126  6614  2   0  6614
127  6602  2   0  6602
128  6614  3   0  0  6614
129  6614  2   0  6614
130  6614  2   0  6614
131  5756  2   0  5756
132  4503  2   0  4503
133  6614  3   0  0  6614
134  6614  2   0  6614
135  6614  2   0  6614
136  6614  2   0  6614
137  6436  2   0  6436
138  6614  3   0  3  6611
139  6614  2   0  6614
140  6614  2   0  6614
141  6601  3   0  0  6601
142  6614  2   0  6614
143  6612  3   0  0  6612
144  5344  2   0  5344
145  4008  2   0  4008
146  6608  2   0  6608
147  6614  2   0  6614
148  6614  2   0  6614
149  6607  4   0  0  0  6607
150  4082  2   0  4082
151  6360  3   0  0  6360
152  6614  3   0  0  6614
153  4529  2   0  4529
154  6614  2   0  6614
155  6612  2   0  6612
156  4530  2   0  4530
157  6570  3   0  0  6570

[pop]=5
1  66646  2   303  66343
2  65980  2   2  65978
3  61960  3   2  71  61887
4  47966  2   11  47955
5  47519  2   2  47517
6  66619  3   1  49904  16714
7  66598  2   47  66551
8  63020  2   2  63018
9  61660  3   0  2  61658
10  66734  2   0  66734
11  66728  2   0  66728
12  66638  2   10  66628
13  66734  2   0  66734
14  66302  2   266  66036
15  66584  2   0  66584
16  66704  2   1  66703
17  66734  3   0  0  66734
18  66564  2   2  66562
19  66732  4   4  2  4  66722
20  66705  3   0  0  66705
21  66512  2   0  66512
22  66732  2   2  66730
23  66400  2   0  66400
24  66539  4   1  4  0  66534
25  66708  2   1  66707
26  66438  2   0  66438
27  60679  4   0  0  0  60679
28  66734  3   1  2  66731
29  66488  2   0  66488
30  66635  3   2  0  66633
31  66480  2   7  66473
32  59440  2   0  59440
33  47626  2   2  47624
34  66734  3   0  1  66733
35  66446  2   2  66444
36  60220  3   1  0  60219
37  66632  3   0  1  66631
38  66352  3   3  1  66348
39  66734  2   0  66734
40  66594  3   0  37178  29416
41  66490  2   0  66490
42  66436  4   1  0  39  66396
43  54908  3   0  0  54908
44  59956  2   6  59950
45  59940  2   0  59940
46  47678  2   0  47678
47  47267  2   0  47267
48  47682  3   0  0  47682
49  66630  3   2  2  66626
50  66730  3   0  1  66729
51  32952  3   1  0  32951
52  66416  2   1  66415
53  47698  2   0  47698
54  59174  3   1  13  59160
55  59134  3   40  0  59094
56  47716  2   2  47714
57  66735  3   0  1  66734
58  41268  3   1  0  41267
59  66728  2   0  66728
60  66401  3   1  0  66400
61  66737  4   0  1  2  66734
62  66294  2   0  66294
63  66686  2   2  66684
64  66727  3   1  0  66726
65  66638  2   2  66636
66  65138  2   0  65138
67  66740  2   0  66740
68  66734  3   1  1  66732
69  66728  2   2  66726
70  63484  2   2  63482
71  47926  2   0  47926
72  51032  2   2  51030
73  65342  2   0  65342
74  66680  2   1  66679
75  63828  2   0  63828
76  66640  2   0  66640
77  65534  3   23  1  65510
78  66718  2   0  66718
79  54802  2   3  54799
80  66636  4   0  0  0  66636
81  66738  2   0  66738
82  66736  3   0  2  66734
83  66734  2   0  66734
84  47782  3   0  0  47782
85  47992  3   1  0  47991
86  66678  2   2  66676
87  64130  2   1  64129
88  66734  3   0  0  66734
89  66644  2   2  66642
90  66736  4   0  0  0  66736
91  66672  2   1  66671
92  47986  3   1  1  47984
93  65955  3   1  1  65953
94  66738  3   0  1  66737
95  66722  3   1  0  66721
96  66669  3   1  1  66667
97  64340  2   1  64339
98  66740  3   1  0  66739
99  47986  2   0  47986
100  66071  3   1  7  66063
101  66724  2   0  66724
102  64372  3   0  2  64370
103  66710  2   2  66708
104  64310  3   0  1  64309
105  66646  3   1  118  66527
106  66646  2   15  66631
107  47952  3   1  0  47951
108  66715  3   0  1  66714
109  66740  2   76  66664
110  66726  3   0  0  66726
111  64180  4   0  3  2  64175
112  66653  3   1  0  66652
113  64126  2   0  64126
114  66734  2   0  66734
115  63988  2   2  63986
116  66738  2   0  66738
117  66729  4   0  1  1  66727
118  63876  2   7  63869
119  66740  2   3  66737
120  66680  2   0  66680
121  66708  2   1  66707
122  66728  2   1  66727
123  63371  3   3  31  63337
124  66730  3   0  15  66715
125  66712  2   1  66711
126  66738  2   1  66737
127  66658  2   2  66656
128  66740  3   0  7  66733
129  66740  2   2  66738
130  66678  2   3  66675
131  62516  2   0  62516
132  47441  2   0  47441
133  66706  3   1  0  66705
134  66722  2   4  66718
135  66732  2   3  66729
136  66740  2   3  66737
137  64592  2   5  64587
138  66723  3   1  79  66643
139  66670  2   3  66667
140  66720  2   1  66719
141  66658  3   1  0  66657
142  66672  2   0  66672
143  66723  3   2  0  66721
144  59550  2   0  59550
145  39490  2   0  39490
146  66716  2   6  66710
147  66732  2   6  66726
148  66704  2   2  66702
149  66715  4   2  10  1  66702
150  40268  2   0  40268
151  61484  3   1  0  61483
152  66732  3   1  0  66731
153  47929  2   47  47882
154  66702  2   0  66702
155  66658  2   5  66653
156  47991  2   0  47991
157  66430  3   7  0  66423

[pop]=6
1  908  2   3  905
2  888  2   0  888
3  785  3   0  1  784
4  632  2   0  632
5  626  2   0  626
6  908  3   0  709  199
7  906  2   7  899
8  808  2   0  808
9  782  3   0  0  782
10  908  2   0  908
11  908  2   0  908
12  908  2   0  908
13  908  2   0  908
14  896  2   2  894
15  906  2   0  906
16  908  2   0  908
17  908  3   0  0  908
18  904  2   0  904
19  908  4   0  0  0  908
20  908  3   0  0  908
21  900  2   0  900
22  908  2   0  908
23  898  2   0  898
24  904  4   0  0  0  904
25  908  2   0  908
26  900  2   0  900
27  749  4   0  0  0  749
28  908  3   0  0  908
29  902  2   0  902
30  908  3   0  0  908
31  902  2   0  902
32  712  2   0  712
33  632  2   0  632
34  908  3   0  0  908
35  900  2   0  900
36  744  3   0  0  744
37  908  3   0  0  908
38  898  3   0  0  898
39  908  2   0  908
40  904  3   0  511  393
41  904  2   0  904
42  899  4   0  0  0  899
43  628  3   1  0  627
44  738  2   0  738
45  736  2   0  736
46  632  2   0  632
47  622  2   0  622
48  632  3   0  0  632
49  907  3   0  0  907
50  908  3   0  0  908
51  456  3   0  0  456
52  900  2   0  900
53  632  2   0  632
54  727  3   0  0  727
55  726  3   1  0  725
56  632  2   0  632
57  908  3   0  0  908
58  546  3   0  0  546
59  908  2   0  908
60  897  3   0  0  897
61  908  4   0  0  0  908
62  898  2   0  898
63  908  2   0  908
64  906  3   0  0  906
65  908  2   0  908
66  864  2   0  864
67  908  2   0  908
68  908  3   0  0  908
69  908  2   0  908
70  832  2   0  832
71  614  2   0  614
72  650  2   0  650
73  898  2   0  898
74  908  2   0  908
75  826  2   0  826
76  908  2   0  908
77  900  3   0  0  900
78  908  2   0  908
79  718  2   0  718
80  908  4   0  0  0  908
81  908  2   0  908
82  908  3   0  0  908
83  906  2   3  903
84  632  3   0  0  632
85  631  3   0  0  631
86  908  2   0  908
87  838  2   0  838
88  906  3   0  0  906
89  908  2   0  908
90  908  4   0  0  0  908
91  908  2   0  908
92  632  3   0  0  632
93  902  3   1  0  901
94  908  3   0  0  908
95  908  3   0  0  908
96  908  3   0  0  908
97  836  2   0  836
98  906  3   0  0  906
99  631  2   0  631
100  902  3   0  0  902
101  908  2   0  908
102  836  3   0  0  836
103  908  2   0  908
104  836  3   0  0  836
105  906  3   0  2  904
106  908  2   0  908
107  630  3   0  0  630
108  907  3   0  0  907
109  908  2   2  906
110  906  3   0  0  906
111  833  4   0  0  0  833
112  908  3   0  0  908
113  832  2   0  832
114  908  2   0  908
115  832  2   0  832
116  908  2   0  908
117  906  4   0  0  0  906
118  828  2   0  828
119  906  2   0  906
120  908  2   0  908
121  906  2   0  906
122  906  2   0  906
123  815  3   0  2  813
124  906  3   0  0  906
125  908  2   0  908
126  908  2   0  908
127  908  2   0  908
128  908  3   0  1  907
129  908  2   0  908
130  908  2   0  908
131  792  2   0  792
132  624  2   0  624
133  908  3   0  0  908
134  906  2   0  906
135  906  2   0  906
136  908  2   0  908
137  892  2   0  892
138  906  3   0  0  906
139  908  2   0  908
140  906  2   0  906
141  908  3   0  0  908
142  908  2   0  908
143  906  3   0  0  906
144  742  2   0  742
145  534  2   0  534
146  906  2   0  906
147  906  2   0  906
148  908  2   0  908
149  906  4   0  0  0  906
150  547  2   0  547
151  870  3   0  0  870
152  906  3   0  0  906
153  633  2   0  633
154  908  2   0  908
155  908  2   0  908
156  633  2   0  633
157  902  3   0  0  902

[pop]=7
1  16490  2   15  16475
2  15068  2   2  15066
3  12266  3   0  2  12264
4  10116  2   0  10116
5  10093  2   0  10093
6  16502  3   1  13282  3219
7  16456  2   28  16428
8  14406  2   0  14406
9  11632  3   0  0  11632
10  16512  2   13  16499
11  16512  2   0  16512
12  16490  2   0  16490
13  16512  2   0  16512
14  15814  2   37  15777
15  16418  2   0  16418
16  16512  2   0  16512
17  16512  3   0  1  16511
18  16384  2   0  16384
19  16512  4   2  0  0  16510
20  16512  3   0  0  16512
21  16376  2   7  16369
22  16510  2   0  16510
23  16094  2   0  16094
24  16323  4   0  0  0  16323
25  16512  2   0  16512
26  16180  2   0  16180
27  10075  4   1  30  0  10044
28  16511  3   0  26  16485
29  16388  2   3  16385
30  16479  3   2  0  16477
31  16372  2   0  16372
32  11444  2   0  11444
33  10105  2   0  10105
34  16512  3   1  0  16511
35  16256  2   0  16256
36  9516  3   0  0  9516
37  16488  3   0  0  16488
38  16181  3   0  0  16181
39  16512  2   5  16507
40  16394  3   4  8940  7450
41  16202  2   3  16199
42  16219  4   0  0  0  16219
43  9538  3   0  0  9538
44  9222  2   2  9220
45  9190  2   0  9190
46  10118  2   0  10118
47  10084  2   0  10084
48  10119  3   0  0  10119
49  16487  3   0  0  16487
50  16512  3   0  0  16512
51  10328  3   0  4  10324
52  16152  2   1  16151
53  10119  2   7  10112
54  8899  3   0  0  8899
55  8886  3   0  0  8886
56  10119  2   0  10119
57  16512  3   1  0  16511
58  11226  3   0  1  11225
59  16512  2   3  16509
60  16063  3   0  0  16063
61  16512  4   2  1  0  16509
62  15858  2   6  15852
63  16508  2   0  16508
64  16510  3   0  0  16510
65  16498  2   21  16477
66  14320  2   6  14314
67  16512  2   0  16512
68  16512  3   0  0  16512
69  16512  2   1  16511
70  15570  2   0  15570
71  12088  2   2  12086
72  12608  2   0  12608
73  16244  2   5  16239
74  16508  2   0  16508
75  15716  2   2  15714
76  16498  2   5  16493
77  16265  3   0  0  16265
78  16512  2   0  16512
79  13320  2   1  13319
80  16499  4   1  1  0  16497
81  16510  2   3  16507
82  16512  3   0  1  16511
83  16510  2   2  16508
84  10117  3   0  1  10116
85  10114  3   0  0  10114
86  16504  2   0  16504
87  15814  2   0  15814
88  16510  3   0  0  16510
89  16500  2   0  16500
90  16510  4   0  0  1  16509
91  16506  2   1  16505
92  10116  3   0  0  10116
93  16341  3   0  0  16341
94  16509  3   1  0  16508
95  16511  3   0  0  16511
96  16505  3   0  0  16505
97  15866  2   1  15865
98  16512  3   0  0  16512
99  10111  2   0  10111
100  16357  3   0  0  16357
101  16508  2   0  16508
102  15860  3   0  0  15860
103  16512  2   4  16508
104  15782  3   0  0  15782
105  16502  3   0  0  16502
106  16502  2   0  16502
107  10087  3   0  0  10087
108  16511  3   0  0  16511
109  16512  2   68  16444
110  16512  3   1  0  16511
111  15625  4   0  0  2  15623
112  16502  3   1  2  16499
113  15548  2   0  15548
114  16508  2   0  16508
115  15388  2   0  15388
116  16512  2   5  16507
117  16512  4   1  0  0  16511
118  15268  2   0  15268
119  16512  2   0  16512
120  16506  2   1  16505
121  16506  2   0  16506
122  16512  2   0  16512
123  14805  3   0  0  14805
124  16510  3   1  0  16509
125  16508  2   7  16501
126  16512  2   1  16511
127  16502  2   0  16502
128  16512  3   0  1  16511
129  16510  2   0  16510
130  16504  2   0  16504
131  14128  2   10  14118
132  9888  2   0  9888
133  16512  3   0  0  16512
134  16510  2   0  16510
135  16510  2   0  16510
136  16510  2   1  16509
137  15824  2   0  15824
138  16510  3   0  0  16510
139  16506  2   0  16506
140  16510  2   0  16510
141  16502  3   0  0  16502
142  16508  2   0  16508
143  16510  3   0  0  16510
144  12938  2   8  12930
145  7878  2   0  7878
146  16512  2   0  16512
147  16508  2   1  16507
148  16512  2   0  16512
149  16510  4   0  0  0  16510
150  8049  2   0  8049
151  15416  3   0  0  15416
152  16510  3   0  0  16510
153  10114  2   0  10114
154  16512  2   1  16511
155  16506  2   0  16506
156  10121  2   0  10121
157  16452  3   0  0  16452

