[loci]=377

[populations]=7

[pop]=1
1  10230  2   2167  8063
2  6752  2   0  6752
3  10402  3   0  0  10402
4  8277  3   0  0  8277
5  8184  3   0  0  8184
6  8940  3   0  1  8939
7  9794  2   0  9794
8  10402  2   0  10402
9  10400  2   0  10400
10  10333  3   0  8  10325
11  10384  2   0  10384
12  10064  3   0  0  10064
13  8981  3   2  1  8978
14  614  2   8  606
15  10406  2   0  10406
16  10402  3   0  0  10402
17  9082  2   1  9081
18  9886  3   0  0  9886
19  10396  3   0  0  10396
20  10396  2   0  10396
21  8338  2   0  8338
22  7540  2   0  7540
23  10368  2   0  10368
24  8094  3   6  0  8088
25  9944  2   0  9944
26  9796  4   0  0  1  9795
27  10404  3   0  0  10404
28  10395  3   0  1  10394
29  10404  2   0  10404
30  4958  2   0  4958
31  7734  3   0  0  7734
32  8918  2   1  8917
33  10198  4   1  0  0  10197
34  9230  4   6  1  0  9223
35  7281  3   0  0  7281
36  10234  4   0  0  0  10234
37  10388  2   279  10109
38  7856  3   0  0  7856
39  9372  2   0  9372
40  9372  2   0  9372
41  7472  3   0  1  7471
42  10062  2   1  10061
43  10406  2   138  10268
44  9594  2   0  9594
45  7943  4   0  0  1  7942
46  10406  3   0  0  10406
47  10392  2   0  10392
48  10406  3   0  0  10406
49  10286  4   0  5  0  10281
50  9584  3   0  0  9584
51  10061  4   0  0  0  10061
52  10104  2   0  10104
53  10098  3   0  0  10098
54  10110  2   0  10110
55  9648  2   0  9648
56  7498  2   0  7498
57  10388  3   0  0  10388
58  10060  3   0  0  10060
59  10406  2   34  10372
60  10322  2   0  10322
61  8171  3   0  0  8171
62  8198  2   1  8197
63  10156  2   0  10156
64  10376  2   0  10376
65  10386  3   0  0  10386
66  10058  2   0  10058
67  10402  3   0  3  10399
68  10386  2   0  10386
69  10341  3   2  0  10339
70  8285  3   0  1  8284
71  10040  3   0  0  10040
72  8226  2   0  8226
73  8548  2   55  8493
74  10385  3   0  0  10385
75  5044  3   0  0  5044
76  8282  2   0  8282
77  9832  2   0  9832
78  9676  2   0  9676
79  10182  2   1  10181
80  10406  2   0  10406
81  10385  3   0  1  10384
82  8450  2   0  8450
83  9728  2   0  9728
84  9680  3   0  1  9679
85  10288  2   0  10288
86  10190  5   1  0  0  0  10189
87  10276  3   0  0  10276
88  9798  3   0  0  9798
89  10406  2   0  10406
90  5018  2   129  4889
91  9684  2   534  9150
92  9684  2   534  9150
93  9746  2   0  9746
94  10282  2   1  10281
95  9988  2   0  9988
96  9730  2   0  9730
97  10402  2   0  10402
98  10381  3   1  2  10378
99  8500  2   0  8500
100  7714  2   1  7713
101  4866  2   1  4865
102  9694  2   0  9694
103  9694  2   0  9694
104  10234  2   1  10233
105  10298  2   0  10298
106  9956  3   0  1  9955
107  10294  3   0  0  10294
108  10382  2   1  10381
109  8009  3   0  0  8009
110  10382  2   7  10375
111  7720  2   2  7718
112  4727  3   0  0  4727
113  9860  3   0  138  9722
114  9650  2   0  9650
115  10384  2   1  10383
116  8722  2   3  8719
117  9082  2   3  9079
118  10309  4   0  0  0  10309
119  10402  3   0  0  10402
120  10398  2   0  10398
121  8716  3   0  0  8716
122  10383  3   0  0  10383
123  10378  3   0  2  10376
124  4499  3   0  0  4499
125  7794  2   0  7794
126  9790  2   0  9790
127  9820  2   0  9820
128  9580  2   0  9580
129  10304  2   1  10303
130  10402  2   0  10402
131  10402  2   0  10402
132  10382  2   1  10381
133  10376  2   0  10376
134  7766  2   0  7766
135  8580  2   0  8580
136  10402  2   0  10402
137  9004  2   0  9004
138  10381  4   0  0  0  10381
139  7290  5   0  0  0  0  7290
140  10248  2   0  10248
141  10331  3   0  6  10325
142  9867  3   0  0  9867
143  4256  3   0  0  4256
144  10382  3   1  0  10381
145  10390  4   0  0  0  10390
146  10374  2   2  10372
147  4146  3   0  0  4146
148  9824  2   0  9824
149  9911  3   1  0  9910
150  10276  3   0  0  10276
151  10392  3   0  0  10392
152  10269  4   0  0  0  10269
153  9938  2   3  9935
154  9346  2   0  9346
155  10398  3   0  1  10397
156  9798  2   0  9798
157  10382  3   0  0  10382
158  10374  2   0  10374
159  8646  3   0  0  8646
160  10382  2   0  10382
161  10402  2   0  10402
162  10394  3   0  76  10318
163  5452  2   0  5452
164  9988  3   0  0  9988
165  9816  2   0  9816
166  7228  3   0  0  7228
167  9042  3   0  256  8786
168  8654  2   0  8654
169  3672  2   0  3672
170  5248  3   0  0  5248
171  9992  2   0  9992
172  9820  2   0  9820
173  9960  2   0  9960
174  10286  2   2  10284
175  10406  2   2  10404
176  10396  2   0  10396
177  10380  3   0  0  10380
178  10394  3   1  0  10393
179  3642  2   0  3642
180  9766  2   0  9766
181  9766  2   0  9766
182  10396  2   0  10396
183  10380  3   0  0  10380
184  10380  4   0  0  4  10376
185  7300  2   103  7197
186  9826  2   0  9826
187  8588  2   8  8580
188  10325  3   0  0  10325
189  9428  2   2  9426
190  10208  3   1  1  10206
191  10402  2   0  10402
192  3710  2   0  3710
193  6593  3   0  1  6592
194  10282  2   0  10282
195  10366  2   5  10361
196  9972  3   0  0  9972
197  10326  2   0  10326
198  10406  3   0  0  10406
199  9798  2   0  9798
200  8978  2   0  8978
201  10256  2   1  10255
202  8047  3   0  0  8047
203  10282  3   0  0  10282
204  9846  2   0  9846
205  10376  2   1  10375
206  9121  3   0  0  9121
207  10386  2   0  10386
208  10406  2   0  10406
209  10376  3   0  0  10376
210  8870  3   0  6  8864
211  9900  2   0  9900
212  10368  3   0  0  10368
213  9446  2   0  9446
214  9896  2   0  9896
215  9845  3   0  0  9845
216  10310  3   0  0  10310
217  8508  2   1  8507
218  10302  2   0  10302
219  10372  2   0  10372
220  10189  3   0  0  10189
221  8870  2   0  8870
222  10292  2   0  10292
223  9922  2   2  9920
224  10373  3   0  53  10320
225  9216  2   0  9216
226  8382  2   1  8381
227  10372  2   0  10372
228  10400  2   0  10400
229  9494  2   1  9493
230  9830  2   0  9830
231  10382  3   0  0  10382
232  10294  2   0  10294
233  10390  2   8  10382
234  10374  2   0  10374
235  10358  2   0  10358
236  9570  2   0  9570
237  9847  3   0  0  9847
238  10372  2   0  10372
239  10404  2   0  10404
240  10023  3   0  0  10023
241  10400  2   0  10400
242  10054  2   0  10054
243  9696  2   0  9696
244  10372  3   0  1  10371
245  9832  3   0  0  9832
246  10326  3   0  1  10325
247  9976  2   9  9967
248  10382  2   0  10382
249  10038  3   0  12  10026
250  10136  2   0  10136
251  10128  2   0  10128
252  10372  3   0  0  10372
253  3938  3   0  0  3938
254  9848  2   0  9848
255  9764  2   0  9764
256  9764  2   0  9764
257  10320  2   1  10319
258  7904  2   1  7903
259  10024  4   4  0  1  10019
260  10155  3   0  0  10155
261  9038  2   1  9037
262  10372  3   0  0  10372
263  10340  3   168  0  10172
264  9726  3   0  0  9726
265  9850  2   0  9850
266  10376  2   1  10375
267  10026  2   18  10008
268  10318  2   0  10318
269  10316  3   0  0  10316
270  9288  5   0  0  0  0  9288
271  10370  2   37  10333
272  10310  3   0  0  10310
273  9778  3   0  0  9778
274  10324  2   0  10324
275  10376  3   0  0  10376
276  10356  3   1  0  10355
277  9283  3   0  0  9283
278  10390  3   0  0  10390
279  9754  2   0  9754
280  10373  3   0  0  10373
281  9718  2   0  9718
282  8996  2   933  8063
283  10326  2   0  10326
284  10406  2   0  10406
285  10366  2   0  10366
286  10372  3   0  0  10372
287  10374  3   0  0  10374
288  6994  3   0  0  6994
289  10000  3   0  0  10000
290  4292  2   0  4292
291  8814  2   6  8808
292  10362  2   38  10324
293  10336  2   2  10334
294  10404  3   0  2  10402
295  9988  2   9  9979
296  8696  4   104  0  0  8592
297  10322  2   0  10322
298  9800  3   0  0  9800
299  10376  3   0  0  10376
300  10392  2   0  10392
301  6551  3   0  0  6551
302  10318  2   0  10318
303  8654  2   0  8654
304  10372  2   40  10332
305  10168  2   2  10166
306  9794  2   0  9794
307  10374  2   0  10374
308  10270  2   0  10270
309  9954  2   0  9954
310  10316  2   2  10314
311  10366  2   0  10366
312  9974  2   0  9974
313  10400  2   0  10400
314  10406  2   0  10406
315  10378  2   0  10378
316  10216  2   0  10216
317  10320  2   26  10294
318  10280  3   0  0  10280
319  9878  2   3  9875
320  9976  2   0  9976
321  10282  2   1572  8710
322  10040  3   0  0  10040
323  10404  2   0  10404
324  10404  2   10  10394
325  10378  2   0  10378
326  9912  3   0  0  9912
327  10298  3   4  0  10294
328  9960  4   0  0  0  9960
329  9327  3   0  0  9327
330  10378  3   0  0  10378
331  10022  2   0  10022
332  9518  2   0  9518
333  9948  3   0  0  9948
334  10377  3   0  1  10376
335  10114  2   0  10114
336  8376  3   0  0  8376
337  3492  2   0  3492
338  9923  3   0  1  9922
339  10336  3   0  3  10333
340  10374  2   1  10373
341  10388  2   1  10387
342  9922  2   147  9775
343  10403  3   0  6743  3660
344  10382  2   3  10379
345  9874  2   72  9802
346  9890  2   0  9890
347  10400  2   0  10400
348  9800  2   0  9800
349  10284  3   0  1  10283
350  10402  2   0  10402
351  10358  2   1  10357
352  10326  2   0  10326
353  3782  3   1  1  3780
354  10398  2   0  10398
355  10384  2   0  10384
356  9968  2   2  9966
357  10366  2   0  10366
358  10402  2   0  10402
359  9910  3   1  0  9909
360  10372  3   0  0  10372
361  10392  3   4  0  10388
362  9963  4   0  0  0  9963
363  10392  2   9  10383
364  9800  3   1  0  9799
365  10367  3   0  0  10367
366  10404  3   0  1  10403
367  9994  2   0  9994
368  10316  2   0  10316
369  10406  3   0  0  10406
370  10394  3   0  0  10394
371  10292  3   0  0  10292
372  10401  4   0  0  0  10401
373  10396  2   0  10396
374  9868  3   0  0  9868
375  9750  2   0  9750
376  9672  2   0  9672
377  10388  2   0  10388

[pop]=2
1  11576  2   326  11250
2  8084  2   0  8084
3  11575  3   1  0  11574
4  11240  3   0  0  11240
5  8954  3   0  0  8954
6  10174  3   0  0  10174
7  11574  2   0  11574
8  11574  2   0  11574
9  11564  2   0  11564
10  11562  3   0  0  11562
11  11558  2   1  11557
12  11462  3   0  0  11462
13  10234  3   0  0  10234
14  848  2   257  591
15  11566  2   1  11565
16  11564  3   0  0  11564
17  10312  2   0  10312
18  11534  3   0  0  11534
19  11564  3   0  0  11564
20  11576  2   0  11576
21  11294  2   0  11294
22  8408  2   3  8405
23  11554  2   8  11546
24  11094  3   1  0  11093
25  11534  2   2  11532
26  11571  4   0  0  1  11570
27  11574  3   0  0  11574
28  11560  3   0  0  11560
29  11578  2   0  11578
30  2642  2   0  2642
31  8712  3   12  0  8700
32  10138  2   0  10138
33  11548  4   0  0  0  11548
34  10450  4   0  0  0  10450
35  8881  3   0  0  8881
36  11544  4   0  0  0  11544
37  11572  2   16  11556
38  8955  3   0  0  8955
39  11248  2   0  11248
40  11248  2   0  11248
41  4669  3   0  0  4669
42  11444  2   29  11415
43  11572  2   4  11568
44  11422  2   0  11422
45  9119  4   0  0  0  9119
46  11572  3   0  0  11572
47  11558  2   0  11558
48  11578  3   0  0  11578
49  11553  4   0  3  0  11550
50  11416  3   0  0  11416
51  11439  4   2  0  0  11437
52  11304  2   0  11304
53  11476  3   0  0  11476
54  11554  2   4  11550
55  11040  2   0  11040
56  9388  2   1  9387
57  11558  3   0  0  11558
58  11310  3   0  0  11310
59  11578  2   2  11576
60  11556  2   1  11555
61  9476  3   0  0  9476
62  11114  2   10  11104
63  11556  2   0  11556
64  11576  2   0  11576
65  11560  3   0  0  11560
66  11292  2   0  11292
67  11578  3   0  0  11578
68  11558  2   0  11558
69  11560  3   0  0  11560
70  9598  3   0  0  9598
71  11407  3   1  0  11406
72  11120  2   0  11120
73  10134  2   2  10132
74  11560  3   0  0  11560
75  2759  3   2  0  2757
76  9538  2   0  9538
77  11554  2   0  11554
78  10950  2   0  10950
79  11506  2   0  11506
80  11576  2   0  11576
81  11561  3   0  0  11561
82  11454  2   0  11454
83  11006  2   0  11006
84  10967  3   0  0  10967
85  11406  2   0  11406
86  11506  5   0  0  1  0  11505
87  11558  3   0  1  11557
88  11576  3   0  0  11576
89  11578  2   0  11578
90  2568  2   5  2563
91  11518  2   24  11494
92  11518  2   24  11494
93  11016  2   0  11016
94  11560  2   1  11559
95  11334  2   0  11334
96  11002  2   1  11001
97  11578  2   1  11577
98  11556  3   0  1  11555
99  11462  2   0  11462
100  7980  2   0  7980
101  2498  2   0  2498
102  11522  2   0  11522
103  11522  2   0  11522
104  11444  2   0  11444
105  11560  2   0  11560
106  11290  3   2  2  11286
107  11554  3   1  0  11553
108  11552  2   0  11552
109  9050  3   1  0  9049
110  11560  2   0  11560
111  7926  2   0  7926
112  2339  3   0  0  2339
113  11531  3   0  356  11175
114  11002  2   0  11002
115  11562  2   3  11559
116  11498  2   0  11498
117  10498  2   0  10498
118  11543  4   0  0  0  11543
119  11578  3   1  0  11577
120  11576  2   0  11576
121  10911  3   0  0  10911
122  11562  3   1  0  11561
123  11576  3   0  12  11564
124  2067  3   0  1  2066
125  5950  2   0  5950
126  11080  2   7  11073
127  11110  2   0  11110
128  10910  2   2  10908
129  11536  2   0  11536
130  11578  2   0  11578
131  11576  2   0  11576
132  11576  2   0  11576
133  11558  2   0  11558
134  5930  2   2  5928
135  11170  2   0  11170
136  11578  2   0  11578
137  11148  2   0  11148
138  11562  4   1  0  0  11561
139  7628  5   0  0  0  0  7628
140  11482  2   1  11481
141  11558  3   0  0  11558
142  11171  3   0  0  11171
143  1712  3   0  0  1712
144  11558  3   0  2  11556
145  11578  4   1  0  0  11577
146  11564  2   0  11564
147  1562  3   0  0  1562
148  11558  2   0  11558
149  11211  3   0  0  11211
150  11524  3   0  0  11524
151  11578  3   0  0  11578
152  11495  4   0  0  0  11495
153  11250  2   0  11250
154  10780  2   2  10778
155  11575  3   0  0  11575
156  11576  2   0  11576
157  11563  3   0  0  11563
158  11564  2   0  11564
159  11150  3   0  1  11149
160  11560  2   0  11560
161  11576  2   44  11532
162  11578  3   0  0  11578
163  4048  2   0  4048
164  11541  3   0  0  11541
165  11556  2   0  11556
166  5120  3   0  1  5119
167  9612  3   11  502  9099
168  11144  2   0  11144
169  1112  2   0  1112
170  3628  3   0  52  3576
171  11540  2   0  11540
172  11556  2   0  11556
173  11268  2   0  11268
174  11536  2   0  11536
175  11578  2   0  11578
176  11574  2   2  11572
177  11564  3   0  0  11564
178  11578  3   0  0  11578
179  1042  2   0  1042
180  11554  2   0  11554
181  11554  2   0  11554
182  11574  2   0  11574
183  11564  3   0  1  11563
184  11565  4   0  0  1  11564
185  6970  2   5  6965
186  11558  2   0  11558
187  11120  2   2  11118
188  11469  3   0  0  11469
189  10956  2   2  10954
190  11501  3   0  2  11499
191  11578  2   0  11578
192  1346  2   0  1346
193  4150  3   0  0  4150
194  11516  2   1  11515
195  11562  2   0  11562
196  11319  3   0  0  11319
197  11464  2   0  11464
198  11578  3   0  0  11578
199  11574  2   2  11572
200  10848  2   0  10848
201  11540  2   5  11535
202  7613  3   2  3  7608
203  11558  3   0  0  11558
204  11540  2   2  11538
205  11560  2   0  11560
206  11009  3   1  0  11008
207  11572  2   0  11572
208  11578  2   1  11577
209  11569  3   0  0  11569
210  11507  3   0  0  11507
211  11576  2   0  11576
212  11542  3   0  0  11542
213  11452  2   0  11452
214  11518  2   2  11516
215  11558  3   0  0  11558
216  11494  3   2  0  11492
217  11044  2   0  11044
218  11438  2   1  11437
219  11546  2   0  11546
220  11461  3   0  0  11461
221  11506  2   0  11506
222  11544  2   0  11544
223  11576  2   0  11576
224  11561  3   0  124  11437
225  10208  2   0  10208
226  10974  2   0  10974
227  11544  2   2  11542
228  11576  2   0  11576
229  11258  2   2  11256
230  11558  2   0  11558
231  11572  3   0  0  11572
232  11566  2   0  11566
233  11572  2   0  11572
234  11570  2   0  11570
235  11574  2   0  11574
236  11462  2   0  11462
237  11558  3   0  0  11558
238  11562  2   0  11562
239  11578  2   0  11578
240  11411  3   0  0  11411
241  11578  2   6  11572
242  11538  2   0  11538
243  11494  2   0  11494
244  11570  3   0  0  11570
245  11557  3   0  0  11557
246  11524  3   0  1  11523
247  11576  2   17  11559
248  11568  2   0  11568
249  11424  3   0  1  11423
250  11470  2   0  11470
251  11474  2   0  11474
252  11569  3   1  0  11568
253  1840  3   1  0  1839
254  11560  2   0  11560
255  11548  2   0  11548
256  11548  2   0  11548
257  11526  2   1  11525
258  10572  2   0  10572
259  11423  4   2  0  0  11421
260  11479  3   1  0  11478
261  10852  2   1  10851
262  11568  3   0  3  11565
263  11574  3   6  0  11568
264  11422  3   0  1  11421
265  11560  2   0  11560
266  11562  2   1  11561
267  11436  2   0  11436
268  11568  2   1  11567
269  11568  3   0  0  11568
270  11486  5   1  0  0  0  11485
271  11566  2   0  11566
272  11540  3   0  2  11538
273  11440  3   0  0  11440
274  11544  2   0  11544
275  11544  3   0  0  11544
276  11442  3   0  0  11442
277  11491  3   0  0  11491
278  11435  3   0  0  11435
279  11486  2   0  11486
280  11564  3   1  1  11562
281  11104  2   0  11104
282  10852  2   53  10799
283  11546  2   0  11546
284  11578  2   0  11578
285  11548  2   0  11548
286  11574  3   0  0  11574
287  11568  3   0  0  11568
288  9680  3   0  0  9680
289  11467  3   0  0  11467
290  3244  2   0  3244
291  10836  2   1  10835
292  11546  2   0  11546
293  11554  2   0  11554
294  11578  3   0  0  11578
295  11474  2   0  11474
296  10815  4   40  1  0  10774
297  11568  2   1  11567
298  11575  3   0  0  11575
299  11574  3   1  0  11573
300  11440  2   16  11424
301  8964  3   0  16  8948
302  11522  2   0  11522
303  10818  2   0  10818
304  11548  2   2  11546
305  11540  2   0  11540
306  11542  2   0  11542
307  11574  2   0  11574
308  11572  2   0  11572
309  11542  2   0  11542
310  11540  2   0  11540
311  11568  2   3  11565
312  11472  2   0  11472
313  11574  2   0  11574
314  11578  2   0  11578
315  11574  2   0  11574
316  11552  2   0  11552
317  11538  2   1  11537
318  11524  3   0  0  11524
319  11310  2   2  11308
320  11468  2   0  11468
321  11522  2   78  11444
322  11405  3   0  0  11405
323  11576  2   1  11575
324  11578  2   0  11578
325  11576  2   0  11576
326  11502  3   0  0  11502
327  11556  3   0  1  11555
328  11486  4   3  0  0  11483
329  11520  3   0  0  11520
330  11576  3   1  0  11575
331  11516  2   0  11516
332  11444  2   0  11444
333  11483  3   0  0  11483
334  11576  3   0  0  11576
335  11560  2   0  11560
336  10716  3   0  0  10716
337  1504  2   0  1504
338  11508  3   0  0  11508
339  11558  3   0  0  11558
340  11562  2   0  11562
341  11574  2   0  11574
342  11476  2   3  11473
343  11573  3   0  6117  5456
344  11550  2   0  11550
345  11572  2   3  11569
346  11476  2   1  11475
347  11578  2   0  11578
348  11574  2   0  11574
349  11550  3   0  0  11550
350  11466  2   0  11466
351  11558  2   1  11557
352  11578  2   0  11578
353  3301  3   0  0  3301
354  11576  2   6  11570
355  11560  2   0  11560
356  11364  2   0  11364
357  11578  2   0  11578
358  11468  2   0  11468
359  11507  3   0  0  11507
360  11564  3   0  0  11564
361  11574  3   0  0  11574
362  11359  4   1  0  0  11358
363  11492  2   0  11492
364  11576  3   1  0  11575
365  11578  3   0  0  11578
366  11574  3   0  0  11574
367  11458  2   0  11458
368  11566  2   0  11566
369  11578  3   0  0  11578
370  11574  3   0  1  11573
371  11544  3   0  0  11544
372  11574  4   0  7  0  11567
373  11564  2   2  11562
374  11496  3   0  1  11495
375  11386  2   1  11385
376  11426  2   0  11426
377  11568  2   0  11568

[pop]=3
1  8650  2   253  8397
2  6538  2   0  6538
3  8654  3   0  0  8654
4  8144  3   0  0  8144
5  7232  3   0  0  7232
6  7879  3   0  0  7879
7  8626  2   0  8626
8  8654  2   13  8641
9  8650  2   0  8650
10  8648  3   2  0  8646
11  8644  2   0  8644
12  8590  3   0  0  8590
13  7896  3   0  0  7896
14  1010  2   229  781
15  8650  2   0  8650
16  8650  3   0  0  8650
17  7950  2   0  7950
18  8642  3   0  0  8642
19  8650  3   0  46  8604
20  8652  2   1  8651
21  8228  2   68  8160
22  6978  2   0  6978
23  8634  2   0  8634
24  8282  3   0  0  8282
25  8644  2   0  8644
26  8626  4   1  0  0  8625
27  8654  3   0  0  8654
28  8648  3   2  2  8644
29  8654  2   0  8654
30  3520  2   0  3520
31  7148  3   0  0  7148
32  7952  2   1  7951
33  8630  4   0  0  0  8630
34  8035  4   1  1  0  8033
35  7096  3   0  0  7096
36  8567  4   0  0  0  8567
37  8650  2   0  8650
38  7294  3   0  1  7293
39  8212  2   0  8212
40  8212  2   0  8212
41  5378  3   0  0  5378
42  8584  2   0  8584
43  8654  2   0  8654
44  8558  2   0  8558
45  7392  4   0  1  0  7391
46  8654  3   0  36  8618
47  8646  2   0  8646
48  8654  3   0  0  8654
49  8602  4   0  0  0  8602
50  8550  3   1  0  8549
51  8582  4   0  0  0  8582
52  8488  2   0  8488
53  8600  3   0  0  8600
54  8648  2   0  8648
55  8368  2   0  8368
56  7388  2   0  7388
57  8645  3   0  0  8645
58  8459  3   0  0  8459
59  8654  2   0  8654
60  8618  2   0  8618
61  7599  3   1  0  7598
62  8302  2   0  8302
63  8648  2   0  8648
64  8654  2   2  8652
65  8642  3   1  1  8640
66  8460  2   0  8460
67  8654  3   1  0  8653
68  8640  2   0  8640
69  8629  3   0  0  8629
70  7640  3   0  0  7640
71  8578  3   0  0  8578
72  8304  2   0  8304
73  7706  2   0  7706
74  8637  3   0  0  8637
75  3537  3   0  0  3537
76  7638  2   0  7638
77  8616  2   0  8616
78  8308  2   0  8308
79  8614  2   1  8613
80  8654  2   0  8654
81  8638  3   2  0  8636
82  8478  2   0  8478
83  8456  2   2  8454
84  8306  3   0  0  8306
85  8602  2   0  8602
86  8614  5   0  0  0  0  8614
87  8642  3   0  0  8642
88  8626  3   0  0  8626
89  8654  2   0  8654
90  3438  2   3  3435
91  8550  2   0  8550
92  8550  2   0  8550
93  8472  2   1  8471
94  8636  2   0  8636
95  8566  2   1  8565
96  8338  2   0  8338
97  8654  2   0  8654
98  8634  3   0  0  8634
99  8502  2   0  8502
100  6672  2   0  6672
101  3398  2   1  3397
102  8554  2   0  8554
103  8554  2   0  8554
104  8564  2   0  8564
105  8638  2   0  8638
106  8554  3   0  0  8554
107  8640  3   0  0  8640
108  8638  2   0  8638
109  7319  3   0  0  7319
110  8634  2   0  8634
111  6622  2   0  6622
112  3223  3   0  0  3223
113  8608  3   0  3  8605
114  8166  2   1  8165
115  8636  2   1  8635
116  8516  2   0  8516
117  7850  2   0  7850
118  8635  4   0  1  0  8634
119  8654  3   0  0  8654
120  8654  2   0  8654
121  8286  3   0  0  8286
122  8633  3   0  0  8633
123  8648  3   0  2  8646
124  2945  3   0  0  2945
125  5866  2   17  5849
126  8470  2   0  8470
127  8388  2   0  8388
128  8086  2   0  8086
129  8634  2   0  8634
130  8654  2   2  8652
131  8652  2   0  8652
132  8650  2   0  8650
133  8648  2   0  8648
134  5862  2   0  5862
135  8382  2   0  8382
136  8654  2   0  8654
137  8406  2   1  8405
138  8635  4   0  2  1  8632
139  6608  5   0  0  0  0  6608
140  8578  2   1  8577
141  8647  3   0  0  8647
142  8415  3   0  1  8414
143  2573  3   0  0  2573
144  8635  3   0  0  8635
145  8649  4   0  0  0  8649
146  8650  2   0  8650
147  2404  3   0  1  2403
148  8616  2   0  8616
149  8435  3   0  0  8435
150  8628  3   1  0  8627
151  8654  3   0  0  8654
152  8588  4   0  0  0  8588
153  8452  2   0  8452
154  7956  2   0  7956
155  8654  3   0  0  8654
156  8622  2   0  8622
157  8637  3   0  0  8637
158  8652  2   0  8652
159  8378  3   0  0  8378
160  8636  2   3  8633
161  8654  2   0  8654
162  8654  3   0  0  8654
163  4106  2   0  4106
164  8620  3   1  0  8619
165  8614  2   0  8614
166  5553  3   0  0  5553
167  7774  3   0  1793  5981
168  8374  2   0  8374
169  1902  2   0  1902
170  3820  3   0  0  3820
171  8620  2   0  8620
172  8612  2   0  8612
173  8462  2   0  8462
174  8634  2   0  8634
175  8654  2   0  8654
176  8654  2   0  8654
177  8638  3   0  0  8638
178  8654  3   0  0  8654
179  1822  2   0  1822
180  8572  2   0  8572
181  8572  2   0  8572
182  8654  2   0  8654
183  8637  3   0  0  8637
184  8638  4   0  12  6  8620
185  6120  2   0  6120
186  8610  2   0  8610
187  8354  2   0  8354
188  8640  3   0  0  8640
189  8022  2   0  8022
190  8608  3   0  0  8608
191  8654  2   0  8654
192  1880  2   0  1880
193  5093  3   0  0  5093
194  8588  2   1  8587
195  8652  2   2  8650
196  8498  3   0  0  8498
197  8638  2   0  8638
198  8654  3   0  1  8653
199  8616  2   0  8616
200  8224  2   0  8224
201  8614  2   0  8614
202  6229  3   0  0  6229
203  8634  3   0  0  8634
204  8638  2   0  8638
205  8640  2   0  8640
206  8312  3   0  0  8312
207  8652  2   0  8652
208  8654  2   0  8654
209  8642  3   0  0  8642
210  8526  3   0  0  8526
211  8650  2   0  8650
212  8622  3   0  0  8622
213  8558  2   0  8558
214  8600  2   0  8600
215  8611  3   0  0  8611
216  8620  3   0  1  8619
217  8316  2   4  8312
218  8628  2   0  8628
219  8628  2   0  8628
220  8614  3   1  0  8613
221  8524  2   69  8455
222  8616  2   0  8616
223  8650  2   0  8650
224  8651  3   0  109  8542
225  7744  2   0  7744
226  8282  2   0  8282
227  8630  2   0  8630
228  8652  2   0  8652
229  8446  2   0  8446
230  8610  2   2  8608
231  8652  3   0  0  8652
232  8638  2   0  8638
233  8654  2   1  8653
234  8644  2   0  8644
235  8654  2   0  8654
236  8578  2   7  8571
237  8611  3   3  0  8608
238  8652  2   0  8652
239  8654  2   0  8654
240  8540  3   0  0  8540
241  8652  2   0  8652
242  8640  2   0  8640
243  8580  2   0  8580
244  8644  3   1  133  8510
245  8610  3   0  0  8610
246  8632  3   0  1  8631
247  8650  2   0  8650
248  8652  2   0  8652
249  8554  3   0  0  8554
250  8532  2   0  8532
251  8584  2   0  8584
252  8644  3   0  0  8644
253  2400  3   0  0  2400
254  8610  2   0  8610
255  8566  2   0  8566
256  8566  2   0  8566
257  8634  2   0  8634
258  8040  2   0  8040
259  8557  4   0  0  0  8557
260  8539  3   0  0  8539
261  7982  2   0  7982
262  8646  3   0  0  8646
263  8653  3   0  0  8653
264  8520  3   11  0  8509
265  8608  2   0  8608
266  8650  2   0  8650
267  8564  2   1  8563
268  8640  2   0  8640
269  8640  3   0  0  8640
270  8590  5   0  0  1  0  8589
271  8632  2   213  8419
272  8642  3   0  0  8642
273  8528  3   0  0  8528
274  8646  2   0  8646
275  8642  3   0  0  8642
276  8625  3   0  0  8625
277  8596  3   0  0  8596
278  8649  3   0  0  8649
279  8548  2   6  8542
280  8651  3   0  6  8645
281  8270  2   0  8270
282  8008  2   0  8008
283  8646  2   0  8646
284  8654  2   0  8654
285  8644  2   1  8643
286  8650  3   0  0  8650
287  8650  3   1  1  8648
288  7318  3   0  0  7318
289  8565  3   0  0  8565
290  2762  2   5  2757
291  7998  2   0  7998
292  8644  2   0  8644
293  8650  2   0  8650
294  8654  3   3  0  8651
295  8568  2   0  8568
296  7989  4   0  0  0  7989
297  8644  2   0  8644
298  8624  3   0  0  8624
299  8650  3   0  0  8650
300  8654  2   0  8654
301  6833  3   0  0  6833
302  8584  2   5  8579
303  7994  2   0  7994
304  8642  2   0  8642
305  8636  2   0  8636
306  8632  2   5  8627
307  8652  2   0  8652
308  8642  2   69  8573
309  8604  2   0  8604
310  8644  2   0  8644
311  8650  2   0  8650
312  8560  2   1  8559
313  8654  2   1  8653
314  8654  2   7  8647
315  8652  2   3  8649
316  8608  2   0  8608
317  8644  2   0  8644
318  8608  3   0  0  8608
319  8420  2   0  8420
320  8562  2   57  8505
321  8604  2   23  8581
322  8565  3   0  0  8565
323  8652  2   11  8641
324  8654  2   0  8654
325  8654  2   0  8654
326  8566  3   0  0  8566
327  8615  3   0  0  8615
328  8573  4   0  0  0  8573
329  8606  3   0  1  8605
330  8654  3   0  0  8654
331  8612  2   2  8610
332  8506  2   1  8505
333  8573  3   1  0  8572
334  8654  3   0  0  8654
335  8628  2   0  8628
336  7904  3   0  8  7896
337  1926  2   0  1926
338  8566  3   0  0  8566
339  8620  3   0  0  8620
340  8652  2   0  8652
341  8650  2   7  8643
342  8576  2   0  8576
343  8643  3   0  3959  4684
344  8616  2   0  8616
345  8642  2   0  8642
346  8568  2   0  8568
347  8652  2   7  8645
348  8626  2   0  8626
349  8646  3   1  0  8645
350  8654  2   4  8650
351  8622  2   0  8622
352  8650  2   0  8650
353  3305  3   0  0  3305
354  8652  2   0  8652
355  8622  2   0  8622
356  8542  2   0  8542
357  8654  2   0  8654
358  8654  2   0  8654
359  8562  3   1  2  8559
360  8652  3   1  0  8651
361  8650  3   0  0  8650
362  8535  4   0  0  0  8535
363  8644  2   0  8644
364  8626  3   0  0  8626
365  8654  3   0  0  8654
366  8652  3   0  0  8652
367  8540  2   0  8540
368  8640  2   0  8640
369  8654  3   0  0  8654
370  8652  3   0  0  8652
371  8630  3   0  0  8630
372  8654  4   0  0  1  8653
373  8652  2   0  8652
374  8562  3   3  0  8559
375  8500  2   0  8500
376  8554  2   0  8554
377  8630  2   0  8630

[pop]=4
1  6612  2   357  6255
2  4770  2   0  4770
3  6612  3   0  0  6612
4  6469  3   0  0  6469
5  4328  3   0  0  4328
6  4974  3   0  0  4974
7  6612  2   0  6612
8  6614  2   0  6614
9  6608  2   0  6608
10  6611  3   0  0  6611
11  6608  2   0  6608
12  6610  3   0  0  6610
13  5032  3   3  0  5029
14  194  2   48  146
15  6604  2   0  6604
16  6608  3   0  0  6608
17  5086  2   0  5086
18  6612  3   0  0  6612
19  6608  3   0  0  6608
20  6612  2   0  6612
21  6512  2   0  6512
22  3690  2   0  3690
23  6602  2   0  6602
24  6186  3   0  1  6185
25  6612  2   0  6612
26  6611  4   0  0  0  6611
27  6614  3   0  0  6614
28  6610  3   0  1  6609
29  6614  2   0  6614
30  1308  2   0  1308
31  3818  3   0  0  3818
32  4910  2   0  4910
33  6606  4   0  0  0  6606
34  5216  4   0  0  0  5216
35  5159  3   0  0  5159
36  6609  4   0  0  0  6609
37  6612  2   0  6612
38  3935  3   0  0  3935
39  6496  2   7  6489
40  6496  2   7  6489
41  3328  3   0  0  3328
42  6604  2   0  6604
43  6610  2   0  6610
44  6554  2   0  6554
45  4011  4   0  0  0  4011
46  6610  3   0  0  6610
47  6608  2   0  6608
48  6614  3   1  2  6611
49  6611  4   0  55  0  6556
50  6558  3   0  0  6558
51  6604  4   0  0  0  6604
52  6492  2   0  6492
53  6610  3   0  0  6610
54  6612  2   0  6612
55  5740  2   0  5740
56  5312  2   0  5312
57  6607  3   0  0  6607
58  6506  3   0  3  6503
59  6614  2   0  6614
60  6612  2   1  6611
61  4170  3   0  1  4169
62  6176  2   43  6133
63  6612  2   0  6612
64  6614  2   0  6614
65  6608  3   0  0  6608
66  6482  2   0  6482
67  6614  3   0  0  6614
68  6608  2   0  6608
69  6612  3   0  0  6612
70  4234  3   0  1  4233
71  6588  3   0  0  6588
72  6132  2   0  6132
73  6072  2   0  6072
74  6608  3   0  0  6608
75  1327  3   0  0  1327
76  4210  2   0  4210
77  6614  2   0  6614
78  5618  2   0  5618
79  6612  2   0  6612
80  6614  2   0  6614
81  6606  3   0  0  6606
82  6598  2   0  6598
83  5602  2   0  5602
84  5638  3   0  0  5638
85  6564  2   0  6564
86  6612  5   0  0  0  0  6612
87  6612  3   0  0  6612
88  6612  3   0  0  6612
89  6614  2   0  6614
90  1274  2   0  1274
91  6596  2   0  6596
92  6596  2   0  6596
93  5596  2   0  5596
94  6608  2   0  6608
95  6554  2   0  6554
96  5690  2   0  5690
97  6614  2   0  6614
98  6606  3   0  0  6606
99  6606  2   0  6606
100  5314  2   0  5314
101  1210  2   0  1210
102  6596  2   0  6596
103  6596  2   0  6596
104  6584  2   0  6584
105  6608  2   0  6608
106  6526  3   0  0  6526
107  6612  3   0  0  6612
108  6606  2   0  6606
109  3756  3   0  0  3756
110  6604  2   0  6604
111  5282  2   0  5282
112  1149  3   0  0  1149
113  6601  3   0  396  6205
114  6334  2   0  6334
115  6604  2   1  6603
116  6614  2   0  6614
117  6284  2   0  6284
118  6612  4   0  0  0  6612
119  6614  3   0  0  6614
120  6614  2   0  6614
121  6185  3   0  0  6185
122  6604  3   0  0  6604
123  6614  3   0  0  6614
124  1051  3   0  0  1051
125  3716  2   0  3716
126  6420  2   0  6420
127  5820  2   0  5820
128  6288  2   0  6288
129  6612  2   0  6612
130  6614  2   1  6613
131  6610  2   0  6610
132  6614  2   0  6614
133  6614  2   0  6614
134  3700  2   0  3700
135  6222  2   0  6222
136  6614  2   0  6614
137  6334  2   0  6334
138  6604  4   0  0  0  6604
139  2970  5   0  0  0  0  2970
140  6598  2   0  6598
141  6608  3   0  0  6608
142  5864  3   0  0  5864
143  897  3   0  0  897
144  6605  3   0  0  6605
145  6614  4   0  0  0  6614
146  6614  2   0  6614
147  800  3   0  0  800
148  6614  2   0  6614
149  5900  3   0  0  5900
150  6612  3   0  0  6612
151  6614  3   0  0  6614
152  6604  4   0  0  0  6604
153  5930  2   0  5930
154  6402  2   0  6402
155  6614  3   0  0  6614
156  6614  2   0  6614
157  6606  3   0  0  6606
158  6614  2   0  6614
159  6212  3   0  0  6212
160  6606  2   0  6606
161  6614  2   0  6614
162  6614  3   0  0  6614
163  1434  2   0  1434
164  6608  3   0  0  6608
165  6614  2   0  6614
166  3296  3   0  0  3296
167  5896  3   0  22  5874
168  6208  2   0  6208
169  564  2   0  564
170  1298  3   0  0  1298
171  6608  2   0  6608
172  6614  2   0  6614
173  6012  2   0  6012
174  6614  2   0  6614
175  6614  2   0  6614
176  6614  2   0  6614
177  6606  3   0  0  6606
178  6614  3   0  0  6614
179  530  2   0  530
180  6606  2   0  6606
181  6606  2   0  6606
182  6614  2   0  6614
183  6606  3   0  0  6606
184  6606  4   0  0  0  6606
185  4804  2   0  4804
186  6614  2   0  6614
187  6134  2   0  6134
188  6569  3   0  0  6569
189  6430  2   0  6430
190  6612  3   0  0  6612
191  6614  2   0  6614
192  538  2   0  538
193  2747  3   1  0  2746
194  6604  2   0  6604
195  6606  2   0  6606
196  6061  3   0  0  6061
197  6566  2   0  6566
198  6614  3   0  0  6614
199  6612  2   0  6612
200  5596  2   0  5596
201  6604  2   0  6604
202  5380  3   0  0  5380
203  6612  3   0  0  6612
204  6590  2   0  6590
205  6610  2   0  6610
206  5711  3   0  0  5711
207  6614  2   0  6614
208  6614  2   0  6614
209  6610  3   0  0  6610
210  6614  3   0  0  6614
211  6614  2   0  6614
212  6612  3   0  0  6612
213  6610  2   0  6610
214  6610  2   0  6610
215  6613  3   0  0  6613
216  6558  3   0  0  6558
217  6020  2   0  6020
218  6562  2   0  6562
219  6612  2   0  6612
220  6606  3   0  0  6606
221  6614  2   0  6614
222  6604  2   0  6604
223  6614  2   0  6614
224  6603  3   0  124  6479
225  6064  2   0  6064
226  5948  2   0  5948
227  6612  2   0  6612
228  6614  2   0  6614
229  5972  2   0  5972
230  6612  2   0  6612
231  6614  3   0  0  6614
232  6612  2   0  6612
233  6614  2   0  6614
234  6610  2   0  6610
235  6614  2   2  6612
236  6612  2   0  6612
237  6612  3   0  0  6612
238  6608  2   0  6608
239  6614  2   3  6611
240  6184  3   0  0  6184
241  6614  2   0  6614
242  6598  2   0  6598
243  6612  2   0  6612
244  6610  3   0  0  6610
245  6611  3   0  0  6611
246  6588  3   0  0  6588
247  6614  2   143  6471
248  6614  2   0  6614
249  6208  3   2  0  6206
250  6594  2   0  6594
251  6604  2   0  6604
252  6610  3   0  0  6610
253  2587  3   0  0  2587
254  6612  2   0  6612
255  6606  2   0  6606
256  6606  2   0  6606
257  6592  2   0  6592
258  5460  2   0  5460
259  6206  4   0  0  0  6206
260  6595  3   0  0  6595
261  6322  2   0  6322
262  6610  3   0  0  6610
263  6614  3   0  0  6614
264  6182  3   1  0  6181
265  6612  2   0  6612
266  6600  2   0  6600
267  6224  2   0  6224
268  6612  2   0  6612
269  6612  3   0  1  6611
270  6559  5   0  0  0  0  6559
271  6610  2   0  6610
272  6612  3   0  0  6612
273  6207  3   0  0  6207
274  6614  2   0  6614
275  6614  3   0  0  6614
276  6600  3   0  0  6600
277  6566  3   0  0  6566
278  6598  3   0  0  6598
279  6600  2   0  6600
280  6599  3   0  0  6599
281  6384  2   0  6384
282  6322  2   0  6322
283  6614  2   0  6614
284  6614  2   0  6614
285  6614  2   0  6614
286  6612  3   0  0  6612
287  6614  3   0  0  6614
288  4572  3   0  0  4572
289  6223  3   0  0  6223
290  1708  2   0  1708
291  6304  2   0  6304
292  6614  2   0  6614
293  6614  2   0  6614
294  6614  3   0  0  6614
295  6230  2   0  6230
296  6286  4   0  0  0  6286
297  6612  2   0  6612
298  6612  3   0  0  6612
299  6612  3   0  0  6612
300  6606  2   0  6606
301  4149  3   1  0  4148
302  6602  2   0  6602
303  6276  2   0  6276
304  6614  2   0  6614
305  6608  2   0  6608
306  6612  2   0  6612
307  6612  2   0  6612
308  6612  2   0  6612
309  6612  2   0  6612
310  6600  2   0  6600
311  6614  2   0  6614
312  6236  2   0  6236
313  6614  2   0  6614
314  6614  2   0  6614
315  6612  2   0  6612
316  6608  2   0  6608
317  6602  2   0  6602
318  6588  3   0  0  6588
319  6482  2   0  6482
320  6240  2   0  6240
321  6588  2   0  6588
322  6576  3   0  0  6576
323  6614  2   0  6614
324  6614  2   0  6614
325  6612  2   0  6612
326  6322  3   0  0  6322
327  6609  3   0  0  6609
328  6245  4   0  0  1  6244
329  6590  3   0  0  6590
330  6612  3   0  0  6612
331  6612  2   0  6612
332  6584  2   0  6584
333  6243  3   0  0  6243
334  6612  3   0  0  6612
335  6606  2   0  6606
336  6204  3   0  0  6204
337  2330  2   1  2329
338  6321  3   0  0  6321
339  6612  3   0  0  6612
340  6600  2   0  6600
341  6614  2   0  6614
342  6230  2   0  6230
343  6613  3   0  2519  4094
344  6604  2   0  6604
345  6612  2   0  6612
346  6226  2   0  6226
347  6614  2   0  6614
348  6614  2   0  6614
349  6606  3   0  0  6606
350  6612  2   0  6612
351  6612  2   0  6612
352  6614  2   0  6614
353  1681  3   0  0  1681
354  6614  2   0  6614
355  6606  2   0  6606
356  6562  2   0  6562
357  6610  2   0  6610
358  6612  2   0  6612
359  6327  3   0  0  6327
360  6598  3   0  0  6598
361  6614  3   0  0  6614
362  6553  4   0  0  0  6553
363  6612  2   0  6612
364  6614  3   0  0  6614
365  6611  3   0  0  6611
366  6614  3   0  0  6614
367  6558  2   0  6558
368  6612  2   0  6612
369  6614  3   0  43  6571
370  6614  3   0  0  6614
371  6606  3   0  0  6606
372  6614  4   0  2  0  6612
373  6614  2   0  6614
374  6322  3   2  0  6320
375  6276  2   0  6276
376  6180  2   0  6180
377  6614  2   0  6614

[pop]=5
1  66402  2   3492  62910
2  49148  2   2  49146
3  66710  3   0  1  66709
4  60273  3   7  1  60265
5  53714  3   1  0  53713
6  59244  3   1  0  59243
7  66726  2   7  66719
8  66732  2   0  66732
9  66706  2   2  66704
10  66458  3   0  0  66458
11  66544  2   1  66543
12  65706  3   2  1  65703
13  59533  3   16  0  59517
14  5960  2   417  5543
15  66680  2   14  66666
16  66702  3   3  1  66698
17  60012  2   0  60012
18  65414  3   1  0  65413
19  66699  3   1  0  66698
20  66682  2   0  66682
21  60674  2   0  60674
22  49740  2   0  49740
23  66456  2   0  66456
24  61002  3   0  0  61002
25  65642  2   0  65642
26  66727  4   0  1  1  66725
27  66732  3   1  6  66725
28  66691  3   1  3  66687
29  66734  2   0  66734
30  25340  2   0  25340
31  51036  3   0  1  51035
32  59046  2   0  59046
33  66062  4   0  4  1  66057
34  60808  4   0  0  2  60806
35  53062  3   1  1  53060
36  66567  4   2  10  0  66555
37  66648  2   2  66646
38  52189  3   1  0  52188
39  64606  2   27  64579
40  64606  2   27  64579
41  47121  3   3  0  47118
42  65668  2   38  65630
43  66716  2   0  66716
44  65540  2   2  65538
45  53097  4   0  1  0  53096
46  66718  3   1  0  66717
47  66664  2   0  66664
48  66734  3   1  0  66733
49  66638  4   23  59  0  66556
50  65520  3   0  1  65519
51  65645  4   2  1  1  65641
52  63902  2   3  63899
53  66016  3   0  0  66016
54  66194  2   3  66191
55  62750  2   2  62748
56  55046  2   3  55043
57  66669  3   2  1  66666
58  64909  3   1  1  64907
59  66736  2   2  66734
60  66674  2   53  66621
61  55059  3   0  8  55051
62  61154  2   89  61065
63  66298  2   0  66298
64  66670  2   0  66670
65  66670  3   0  0  66670
66  63524  2   2  63522
67  66740  3   0  0  66740
68  66672  2   0  66672
69  66695  3   0  0  66695
70  55749  3   5  13  55731
71  65528  3   2  0  65526
72  61176  2   4  61172
73  59660  2   30  59630
74  66667  3   0  5  66662
75  25772  3   0  1  25771
76  55728  2   0  55728
77  65962  2   3  65959
78  63094  2   3  63091
79  66248  2   2  66246
80  66728  2   1  66727
81  66666  3   0  0  66666
82  61866  2   0  61866
83  63782  2   0  63782
84  63140  3   1  1  63138
85  65964  2   2  65962
86  66252  5   0  0  0  2  66250
87  66432  3   2  0  66430
88  66728  3   1  1  66726
89  66736  2   1  66735
90  24632  2   2  24630
91  66268  2   4  66264
92  66268  2   4  66264
93  63826  2   1  63825
94  66310  2   1  66309
95  65182  2   2  65180
96  63362  2   1  63361
97  66740  2   10  66730
98  66658  3   0  11  66647
99  62266  2   0  62266
100  53482  2   1  53481
101  24242  2   1  24241
102  66336  2   3  66333
103  66336  2   3  66333
104  65922  2   2  65920
105  66340  2   3  66337
106  64968  3   0  4  64964
107  66448  3   0  0  66448
108  66664  2   1  66663
109  53030  3   0  2  53028
110  66660  2   0  66660
111  53358  2   0  53358
112  23114  3   2  0  23112
113  65993  3   0  6165  59828
114  60778  2   1  60777
115  66658  2   75  66583
116  63348  2   0  63348
117  61596  2   0  61596
118  66421  4   3  0  1  66417
119  66738  3   0  2  66736
120  66710  2   3  66707
121  61987  3   1  1  61985
122  66656  3   0  3  66653
123  66730  3   3  67  66660
124  21437  3   1  1  21435
125  50130  2   0  50130
126  64008  2   0  64008
127  63858  2   2  63856
128  60176  2   0  60176
129  66398  2   0  66398
130  66734  2   1  66733
131  66732  2   2  66730
132  66738  2   7  66731
133  66634  2   3  66631
134  50064  2   0  50064
135  61812  2   3  61809
136  66738  2   2  66736
137  63306  2   0  63306
138  66652  4   0  0  1  66651
139  46340  5   0  2  0  3  46335
140  66116  2   0  66116
141  66483  3   1  1  66481
142  64097  3   3  2  64092
143  19147  3   0  0  19147
144  66642  3   17  0  66625
145  66739  4   21  1  1  66716
146  66670  2   0  66670
147  18194  3   2  0  18192
148  65882  2   22  65860
149  64317  3   0  0  64317
150  66476  3   0  1  66475
151  66740  3   1  0  66739
152  66231  4   0  0  1  66230
153  64478  2   0  64478
154  62614  2   2  62612
155  66737  3   0  0  66737
156  66684  2   0  66684
157  66643  3   0  0  66643
158  66680  2   3  66677
159  61922  3   0  0  61922
160  66646  2   0  66646
161  66706  2   0  66706
162  66740  3   1  1  66738
163  28882  2   1  28881
164  66081  3   0  1  66080
165  65844  2   2  65842
166  45884  3   1  0  45883
167  58904  3   29  659  58216
168  61914  2   0  61914
169  14784  2   0  14784
170  26934  3   1  1  26932
171  66090  2   1  66089
172  65828  2   3  65825
173  64738  2   0  64738
174  66530  2   0  66530
175  66706  2   0  66706
176  66732  2   0  66732
177  66654  3   0  0  66654
178  66739  3   4  1  66734
179  14438  2   7  14431
180  66598  2   2  66596
181  66598  2   2  66596
182  66734  2   5  66729
183  66646  3   1  0  66645
184  66640  4   1  0  2  66637
185  49054  2   0  49054
186  65804  2   4  65800
187  61776  2   4  61772
188  66390  3   0  0  66390
189  63212  2   20  63192
190  66205  3   2  0  66203
191  66694  2   1  66693
192  14734  2   2  14732
193  40349  3   0  2  40347
194  66344  2   0  66344
195  66586  2   14  66572
196  64998  3   1  1  64996
197  66382  2   2  66380
198  66734  3   1  0  66733
199  66658  2   0  66658
200  61074  2   4  61070
201  65990  2   8  65982
202  52355  3   1  1  52353
203  66442  3   0  0  66442
204  66382  2   0  66382
205  66628  2   1  66627
206  61775  3   0  7  61768
207  66722  2   2  66720
208  66714  2   2  66712
209  66637  3   1  1  66635
210  63695  3   0  0  63695
211  66270  2   2  66268
212  66622  3   1  2  66619
213  63836  2   2  63834
214  65930  2   0  65930
215  65782  3   7  0  65775
216  65916  3   0  0  65916
217  61386  2   1  61385
218  66212  2   1  66211
219  66632  2   3  66629
220  66391  3   0  1  66390
221  63720  2   0  63720
222  66126  2   0  66126
223  66264  2   4  66260
224  66627  3   1  1701  64925
225  59256  2   0  59256
226  61096  2   1  61095
227  66630  2   0  66630
228  66714  2   0  66714
229  63204  2   1  63203
230  65734  2   0  65734
231  66721  3   1  1  66719
232  66506  2   3  66503
233  66732  2   0  66732
234  66630  2   0  66630
235  66716  2   0  66716
236  64188  2   0  64188
237  65754  3   0  0  65754
238  66630  2   1  66629
239  66738  2   0  66738
240  65467  3   0  0  65467
241  66728  2   0  66728
242  66372  2   3  66369
243  65112  2   2  65110
244  66639  3   0  5  66634
245  65750  3   1  1  65748
246  66222  3   1  2  66219
247  66288  2   356  65932
248  66716  2   0  66716
249  65538  3   0  1  65537
250  66262  2   0  66262
251  65916  2   1  65915
252  66639  3   0  1  66638
253  23568  3   0  2  23566
254  65756  2   0  65756
255  66574  2   4  66570
256  66574  2   4  66570
257  66258  2   2  66256
258  58742  2   2  58740
259  65558  4   0  0  1  65557
260  66315  3   2  0  66313
261  62364  2   3  62361
262  66635  3   3  9  66623
263  66708  3   2  1  66705
264  64168  3   0  1  64167
265  65736  2   2  65734
266  66640  2   6  66634
267  65572  2   3  65569
268  66564  2   0  66564
269  66566  3   1  0  66565
270  64769  5   1  1  0  1  64766
271  66620  2   18  66602
272  66616  3   1  0  66615
273  64349  3   1  3  64345
274  66610  2   2  66608
275  66632  3   0  1  66631
276  66555  3   0  1  66554
277  64806  3   1  1  64804
278  66481  3   1  0  66480
279  65444  2   0  65444
280  66643  3   0  0  66643
281  61704  2   2  61702
282  61922  2   19  61903
283  66606  2   4  66602
284  66738  2   2  66736
285  66632  2   0  66632
286  66648  3   1  1  66646
287  66697  3   0  0  66697
288  53896  3   0  0  53896
289  65663  3   4  0  65659
290  26002  2   0  26002
291  61710  2   0  61710
292  66636  2   0  66636
293  66620  2   0  66620
294  66738  3   0  0  66738
295  65664  2   0  65664
296  61375  4   70  0  1  61304
297  66574  2   3  66571
298  66699  3   1  1  66697
299  66642  3   0  2  66640
300  66534  2   0  66534
301  51154  3   0  2  51152
302  66560  2   0  66560
303  61282  2   2  61280
304  66630  2   1  66629
305  66302  2   0  66302
306  65872  2   0  65872
307  66636  2   2  66634
308  66678  2   0  66678
309  65820  2   0  65820
310  66452  2   0  66452
311  66688  2   0  66688
312  65628  2   2  65626
313  66624  2   1  66623
314  66738  2   0  66738
315  66634  2   0  66634
316  66158  2   2  66156
317  66460  2   0  66460
318  66024  3   1  2  66021
319  62704  2   0  62704
320  65660  2   1  65659
321  66002  2   16  65986
322  65279  3   3  2  65274
323  66730  2   0  66730
324  66738  2   0  66738
325  66636  2   0  66636
326  64784  3   1  1  64782
327  66295  3   0  0  66295
328  65646  4   0  2  5  65639
329  64993  3   1  0  64992
330  66630  3   0  1  66629
331  65740  2   0  65740
332  64688  2   0  64688
333  65629  3   0  1  65628
334  66625  3   1  0  66624
335  66602  2   2  66600
336  59740  3   1  0  59739
337  20072  2   5  20067
338  64790  3   2  0  64788
339  66378  3   1  0  66377
340  66648  2   2  66646
341  66676  2   0  66676
342  65490  2   2  65488
343  66685  3   0  27524  39161
344  66646  2   0  66646
345  66366  2   0  66366
346  65398  2   1  65397
347  66708  2   0  66708
348  66732  2   2  66730
349  66490  3   0  0  66490
350  66678  2   0  66678
351  66424  2   0  66424
352  66358  2   0  66358
353  25949  3   0  0  25949
354  66710  2   1  66709
355  66672  2   0  66672
356  64704  2   0  64704
357  66618  2   0  66618
358  66686  2   5  66681
359  64815  3   0  0  64815
360  66648  3   0  4  66644
361  66690  3   0  1  66689
362  64616  4   0  2  1  64613
363  66674  2   0  66674
364  66736  3   0  0  66736
365  66619  3   0  4  66615
366  66731  3   1  0  66730
367  63808  2   2  63806
368  66558  2   0  66558
369  66736  3   0  22  66714
370  66703  3   0  0  66703
371  66444  3   0  1  66443
372  66736  4   0  22  1  66713
373  66686  2   1  66685
374  64750  3   2  0  64748
375  64442  2   1  64441
376  64716  2   10  64706
377  66694  2   10  66684

[pop]=6
1  902  2   53  849
2  690  2   0  690
3  904  3   0  0  904
4  836  3   0  0  836
5  718  3   0  0  718
6  768  3   0  0  768
7  900  2   0  900
8  908  2   0  908
9  906  2   0  906
10  898  3   0  0  898
11  906  2   0  906
12  889  3   0  0  889
13  772  3   0  0  772
14  146  2   8  138
15  904  2   0  904
16  906  3   0  0  906
17  782  2   0  782
18  860  3   0  0  860
19  904  3   0  0  904
20  904  2   0  904
21  842  2   1  841
22  614  2   0  614
23  908  2   1  907
24  812  3   0  0  812
25  864  2   0  864
26  900  4   0  0  0  900
27  908  3   0  0  908
28  904  3   0  0  904
29  908  2   0  908
30  384  2   0  384
31  628  3   0  0  628
32  774  2   0  774
33  902  4   0  0  0  902
34  791  4   0  0  0  791
35  744  3   0  0  744
36  904  4   0  0  0  904
37  902  2   2  900
38  627  3   0  0  627
39  880  2   0  880
40  880  2   0  880
41  560  3   0  0  560
42  888  2   3  885
43  908  2   0  908
44  880  2   0  880
45  638  4   0  0  0  638
46  908  3   0  0  908
47  904  2   0  904
48  908  3   0  0  908
49  905  4   0  3  0  902
50  882  3   0  0  882
51  888  4   0  0  0  888
52  886  2   0  886
53  886  3   0  0  886
54  890  2   0  890
55  800  2   0  800
56  762  2   0  762
57  904  3   0  0  904
58  886  3   0  0  886
59  908  2   0  908
60  906  2   0  906
61  663  3   0  0  663
62  820  2   3  817
63  894  2   0  894
64  906  2   0  906
65  904  3   0  0  904
66  886  2   0  886
67  904  3   0  0  904
68  904  2   0  904
69  907  3   0  0  907
70  677  3   0  0  677
71  885  3   0  0  885
72  814  2   0  814
73  806  2   0  806
74  904  3   0  0  904
75  370  3   0  0  370
76  682  2   0  682
77  900  2   0  900
78  840  2   0  840
79  896  2   0  896
80  908  2   0  908
81  904  3   0  0  904
82  860  2   0  860
83  842  2   0  842
84  839  3   0  0  839
85  902  2   0  902
86  896  5   0  0  0  0  896
87  900  3   0  0  900
88  898  3   0  0  898
89  908  2   0  908
90  364  2   0  364
91  894  2   1  893
92  894  2   1  893
93  844  2   0  844
94  904  2   0  904
95  884  2   0  884
96  840  2   0  840
97  906  2   0  906
98  904  3   0  0  904
99  856  2   0  856
100  730  2   0  730
101  360  2   0  360
102  894  2   0  894
103  894  2   0  894
104  896  2   0  896
105  904  2   0  904
106  882  3   0  0  882
107  900  3   0  0  900
108  904  2   0  904
109  633  3   0  0  633
110  904  2   0  904
111  726  2   0  726
112  344  3   0  0  344
113  898  3   0  65  833
114  868  2   0  868
115  906  2   1  905
116  866  2   0  866
117  836  2   0  836
118  900  4   0  0  0  900
119  906  3   0  0  906
120  906  2   0  906
121  849  3   0  0  849
122  905  3   0  0  905
123  908  3   0  2  906
124  334  3   0  0  334
125  584  2   0  584
126  876  2   0  876
127  846  2   0  846
128  862  2   0  862
129  898  2   0  898
130  906  2   0  906
131  908  2   0  908
132  908  2   0  908
133  906  2   0  906
134  586  2   0  586
135  820  2   0  820
136  906  2   0  906
137  874  2   0  874
138  905  4   0  0  0  905
139  536  5   0  0  0  0  536
140  900  2   0  900
141  904  3   0  0  904
142  847  3   0  0  847
143  297  3   0  0  297
144  905  3   0  0  905
145  908  4   0  0  0  908
146  906  2   0  906
147  282  3   0  0  282
148  902  2   0  902
149  860  3   0  2  858
150  904  3   0  0  904
151  908  3   0  0  908
152  901  4   0  0  0  901
153  860  2   0  860
154  848  2   0  848
155  906  3   0  0  906
156  898  2   0  898
157  906  3   0  0  906
158  906  2   0  906
159  822  3   0  0  822
160  906  2   0  906
161  908  2   1  907
162  908  3   0  0  908
163  362  2   0  362
164  900  3   0  0  900
165  900  2   0  900
166  529  3   0  0  529
167  810  3   0  32  778
168  822  2   0  822
169  260  2   0  260
170  348  3   0  1  347
171  900  2   0  900
172  900  2   0  900
173  862  2   0  862
174  902  2   0  902
175  908  2   0  908
176  906  2   0  906
177  906  3   0  0  906
178  908  3   0  0  908
179  254  2   0  254
180  898  2   0  898
181  898  2   0  898
182  906  2   0  906
183  906  3   0  0  906
184  906  4   0  0  0  906
185  670  2   0  670
186  900  2   0  900
187  820  2   0  820
188  906  3   0  0  906
189  854  2   0  854
190  897  3   0  0  897
191  908  2   0  908
192  232  2   0  232
193  476  3   0  0  476
194  900  2   0  900
195  904  2   0  904
196  865  3   0  0  865
197  906  2   0  906
198  908  3   0  0  908
199  898  2   0  898
200  790  2   0  790
201  890  2   0  890
202  743  3   0  0  743
203  900  3   0  0  900
204  896  2   0  896
205  908  2   0  908
206  802  3   0  0  802
207  906  2   0  906
208  908  2   0  908
209  908  3   0  0  908
210  872  3   0  0  872
211  904  2   0  904
212  906  3   0  0  906
213  836  2   0  836
214  898  2   0  898
215  900  3   0  0  900
216  887  3   0  0  887
217  808  2   0  808
218  904  2   0  904
219  906  2   0  906
220  904  3   0  0  904
221  872  2   1  871
222  894  2   0  894
223  906  2   0  906
224  904  3   0  20  884
225  704  2   1  703
226  800  2   0  800
227  906  2   0  906
228  908  2   0  908
229  828  2   1  827
230  900  2   0  900
231  906  3   0  0  906
232  900  2   0  900
233  908  2   0  908
234  908  2   0  908
235  908  2   0  908
236  850  2   0  850
237  902  3   0  0  902
238  904  2   0  904
239  908  2   0  908
240  869  3   0  0  869
241  908  2   1  907
242  898  2   0  898
243  840  2   0  840
244  908  3   0  2  906
245  902  3   0  0  902
246  897  3   0  0  897
247  904  2   7  897
248  906  2   0  906
249  872  3   0  0  872
250  896  2   0  896
251  892  2   0  892
252  908  3   0  0  908
253  353  3   0  0  353
254  902  2   0  902
255  898  2   0  898
256  898  2   0  898
257  896  2   0  896
258  760  2   0  760
259  869  4   0  0  0  869
260  899  3   0  0  899
261  832  2   0  832
262  908  3   0  0  908
263  908  3   1  0  907
264  848  3   1  0  847
265  900  2   0  900
266  904  2   0  904
267  872  2   0  872
268  902  2   0  902
269  902  3   0  0  902
270  892  5   0  0  0  0  892
271  908  2   1  907
272  904  3   0  0  904
273  857  3   0  0  857
274  900  2   0  900
275  906  3   1  0  905
276  902  3   0  0  902
277  892  3   0  0  892
278  901  3   0  0  901
279  896  2   0  896
280  903  3   0  0  903
281  750  2   0  750
282  816  2   2  814
283  900  2   0  900
284  908  2   0  908
285  906  2   0  906
286  908  3   0  0  908
287  906  3   0  0  906
288  690  3   0  0  690
289  872  3   0  0  872
290  394  2   0  394
291  816  2   0  816
292  904  2   0  904
293  904  2   0  904
294  908  3   0  0  908
295  872  2   0  872
296  809  4   3  0  0  806
297  902  2   0  902
298  898  3   0  0  898
299  908  3   0  0  908
300  906  2   0  906
301  656  3   0  0  656
302  902  2   0  902
303  806  2   0  806
304  906  2   0  906
305  900  2   0  900
306  872  2   0  872
307  908  2   0  908
308  908  2   0  908
309  904  2   0  904
310  898  2   0  898
311  906  2   0  906
312  872  2   0  872
313  906  2   0  906
314  908  2   0  908
315  908  2   0  908
316  904  2   0  904
317  898  2   0  898
318  892  3   0  0  892
319  778  2   0  778
320  874  2   0  874
321  894  2   5  889
322  887  3   0  0  887
323  908  2   0  908
324  908  2   1  907
325  908  2   0  908
326  868  3   0  0  868
327  908  3   0  0  908
328  874  4   0  0  0  874
329  897  3   0  0  897
330  908  3   0  0  908
331  896  2   0  896
332  890  2   0  890
333  874  3   0  0  874
334  908  3   0  0  908
335  906  2   0  906
336  774  3   0  1  773
337  320  2   0  320
338  868  3   0  0  868
339  908  3   0  0  908
340  900  2   0  900
341  904  2   0  904
342  870  2   0  870
343  908  3   0  409  499
344  906  2   0  906
345  886  2   0  886
346  862  2   0  862
347  908  2   0  908
348  898  2   0  898
349  900  3   0  0  900
350  908  2   0  908
351  908  2   0  908
352  908  2   0  908
353  355  3   0  0  355
354  908  2   0  908
355  906  2   0  906
356  874  2   0  874
357  906  2   0  906
358  908  2   0  908
359  868  3   0  1  867
360  898  3   0  0  898
361  904  3   0  0  904
362  875  4   0  0  0  875
363  908  2   0  908
364  900  3   0  0  900
365  907  3   0  0  907
366  908  3   0  0  908
367  812  2   0  812
368  902  2   0  902
369  908  3   0  1  907
370  904  3   0  0  904
371  898  3   0  0  898
372  908  4   0  0  0  908
373  908  2   0  908
374  870  3   0  0  870
375  856  2   0  856
376  844  2   0  844
377  908  2   0  908

[pop]=7
1  16512  2   304  16208
2  13782  2   0  13782
3  16506  3   0  0  16506
4  16338  3   0  0  16338
5  13584  3   0  2  13582
6  15029  3   0  0  15029
7  16512  2   0  16512
8  16510  2   0  16510
9  16508  2   0  16508
10  16503  3   0  0  16503
11  16484  2   0  16484
12  16377  3   0  0  16377
13  15096  3   3  0  15093
14  7700  2   814  6886
15  16500  2   0  16500
16  16504  3   0  0  16504
17  15170  2   1  15169
18  13994  3   0  3  13991
19  16508  3   0  0  16508
20  16484  2   1  16483
21  16348  2   0  16348
22  12480  2   0  12480
23  16466  2   1  16465
24  15908  3   0  0  15908
25  14378  2   0  14378
26  16510  4   0  0  10  16500
27  16510  3   0  0  16510
28  16510  3   0  0  16510
29  16512  2   2  16510
30  9710  2   4  9706
31  12636  3   0  0  12636
32  14404  2   0  14404
33  16508  4   0  0  0  16508
34  15368  4   0  0  0  15368
35  14389  3   0  1  14388
36  16504  4   0  0  1  16503
37  16466  2   2  16464
38  12835  3   0  3  12832
39  16266  2   0  16266
40  16266  2   0  16266
41  11442  3   0  0  11442
42  16354  2   0  16354
43  16510  2   1  16509
44  16192  2   0  16192
45  12990  4   1  0  0  12989
46  16510  3   0  1  16509
47  16508  2   2  16506
48  16512  3   0  0  16512
49  16506  4   1  5  12  16488
50  16170  3   0  0  16170
51  16351  4   6  0  8  16337
52  15696  2   0  15696
53  16436  3   1  2  16433
54  15774  2   0  15774
55  15216  2   0  15216
56  14756  2   0  14756
57  16509  3   0  0  16509
58  16203  3   0  0  16203
59  16512  2   0  16512
60  16510  2   0  16510
61  13234  3   0  0  13234
62  15936  2   0  15936
63  16098  2   2  16096
64  16512  2   0  16512
65  16504  3   0  0  16504
66  15650  2   0  15650
67  16512  3   0  0  16512
68  16506  2   15  16491
69  16512  3   1  1  16510
70  13352  3   0  0  13352
71  16340  3   0  1  16339
72  15962  2   0  15962
73  15210  2   5  15205
74  16504  3   1  0  16503
75  9762  3   0  0  9762
76  13298  2   2  13296
77  16508  2   0  16508
78  15974  2   0  15974
79  16456  2   17  16439
80  16510  2   1  16509
81  16506  3   0  0  16506
82  16386  2   2  16384
83  15470  2   0  15470
84  16002  3   0  0  16002
85  16176  2   0  16176
86  16458  5   1  1  0  0  16456
87  16446  3   0  0  16446
88  16510  3   0  0  16510
89  16512  2   9  16503
90  9630  2   1  9629
91  16488  2   0  16488
92  16488  2   0  16488
93  15488  2   0  15488
94  16512  2   0  16512
95  16298  2   0  16298
96  16030  2   1  16029
97  16512  2   0  16512
98  16505  3   0  0  16505
99  16406  2   4  16402
100  13548  2   0  13548
101  9566  2   4  9562
102  16488  2   0  16488
103  16488  2   0  16488
104  16388  2   0  16388
105  16512  2   1  16511
106  16256  3   0  0  16256
107  16479  3   0  1  16478
108  16506  2   4  16502
109  12814  3   0  0  12814
110  16506  2   0  16506
111  13492  2   1  13491
112  9420  3   0  1  9419
113  16496  3   2  1111  15383
114  14886  2   0  14886
115  16506  2   1  16505
116  16428  2   0  16428
117  15524  2   0  15524
118  16482  4   0  0  0  16482
119  16512  3   0  0  16512
120  16512  2   0  16512
121  15817  3   1  0  15816
122  16506  3   0  0  16506
123  16512  3   0  2  16510
124  9246  3   0  0  9246
125  11950  2   2  11948
126  16072  2   0  16072
127  16128  2   2  16126
128  14692  2   0  14692
129  16478  2   1  16477
130  16512  2   0  16512
131  16510  2   0  16510
132  16512  2   0  16512
133  16456  2   0  16456
134  11936  2   0  11936
135  16018  2   0  16018
136  16512  2   1  16511
137  16010  2   1  16009
138  16505  4   0  0  0  16505
139  11860  5   1  0  1  0  11858
140  16442  2   0  16442
141  16512  3   0  0  16512
142  16182  3   0  0  16182
143  8998  3   1  1  8996
144  16502  3   0  0  16502
145  16512  4   0  0  0  16512
146  16490  2   0  16490
147  8876  3   0  0  8876
148  16506  2   0  16506
149  16203  3   0  0  16203
150  16478  3   0  0  16478
151  16512  3   0  1  16511
152  16465  4   1  1  0  16463
153  16226  2   0  16226
154  15726  2   0  15726
155  16512  3   1  0  16511
156  16510  2   3  16507
157  16502  3   1  3  16498
158  16500  2   0  16500
159  16024  3   5  0  16019
160  16504  2   0  16504
161  16512  2   0  16512
162  16512  3   0  0  16512
163  9858  2   1  9857
164  16499  3   0  0  16499
165  16508  2   0  16508
166  11567  3   0  0  11567
167  15254  3   2  2149  13103
168  16014  2   2  16012
169  8560  2   4  8556
170  9638  3   0  0  9638
171  16500  2   1  16499
172  16508  2   0  16508
173  16262  2   19  16243
174  16486  2   0  16486
175  16506  2   0  16506
176  16512  2   0  16512
177  16506  3   3  1  16502
178  16512  3   9  0  16503
179  8522  2   0  8522
180  16504  2   0  16504
181  16504  2   0  16504
182  16512  2   0  16512
183  16507  3   0  0  16507
184  16505  4   0  0  0  16505
185  12754  2   0  12754
186  16508  2   0  16508
187  15956  2   0  15956
188  16353  3   2  4  16347
189  15812  2   0  15812
190  16453  3   0  0  16453
191  16512  2   1  16511
192  8426  2   0  8426
193  11101  3   0  0  11101
194  16482  2   0  16482
195  16512  2   0  16512
196  16298  3   0  0  16298
197  16340  2   0  16340
198  16512  3   0  0  16512
199  16510  2   0  16510
200  15610  2   0  15610
201  16346  2   0  16346
202  13750  3   6  0  13744
203  16480  3   1  1  16478
204  16480  2   0  16480
205  16506  2   2  16504
206  15766  3   0  1  15765
207  16512  2   0  16512
208  16484  2   0  16484
209  16505  3   0  0  16505
210  16452  3   1  0  16451
211  16492  2   0  16492
212  16500  3   1  0  16499
213  13332  2   0  13332
214  16500  2   0  16500
215  16503  3   0  1  16502
216  15527  3   0  0  15527
217  15862  2   0  15862
218  16264  2   0  16264
219  16500  2   0  16500
220  16367  3   0  0  16367
221  16446  2   0  16446
222  16460  2   4  16456
223  16504  2   0  16504
224  16512  3   0  163  16349
225  7912  2   21  7891
226  15780  2   0  15780
227  16502  2   0  16502
228  16512  2   2  16510
229  16134  2   316  15818
230  16504  2   0  16504
231  16510  3   0  0  16510
232  16498  2   0  16498
233  16508  2   0  16508
234  16506  2   6  16500
235  16508  2   0  16508
236  14018  2   0  14018
237  16504  3   0  2  16502
238  16512  2   2  16510
239  16512  2   0  16512
240  16334  3   1  1  16332
241  16512  2   306  16206
242  16476  2   0  16476
243  12350  2   0  12350
244  16505  3   0  0  16505
245  16504  3   0  0  16504
246  16233  3   0  0  16233
247  16506  2   22  16484
248  16510  2   2  16508
249  16350  3   0  0  16350
250  16458  2   2  16456
251  16404  2   1  16403
252  16505  3   0  0  16505
253  8849  3   0  0  8849
254  16504  2   3  16501
255  16492  2   0  16492
256  16492  2   0  16492
257  16266  2   0  16266
258  15348  2   0  15348
259  16341  4   0  1  0  16340
260  16464  3   0  1  16463
261  15166  2   0  15166
262  16502  3   0  0  16502
263  16508  3   4  0  16504
264  16356  3   0  0  16356
265  16504  2   0  16504
266  16512  2   0  16512
267  16330  2   0  16330
268  16506  2   6  16500
269  16506  3   0  0  16506
270  16458  5   0  0  0  0  16458
271  16488  2   23  16465
272  16430  3   0  0  16430
273  16390  3   4  0  16386
274  16498  2   0  16498
275  16502  3   0  0  16502
276  16443  3   0  1  16442
277  16474  3   0  0  16474
278  16311  3   0  1  16310
279  16492  2   0  16492
280  16512  3   0  0  16512
281  8660  2   0  8660
282  14178  2   3  14175
283  16496  2   0  16496
284  16512  2   0  16512
285  16496  2   5  16491
286  16508  3   0  0  16508
287  16506  3   0  0  16506
288  14554  3   1  19  14534
289  16314  3   2  2  16310
290  10190  2   0  10190
291  13872  2   0  13872
292  16496  2   0  16496
293  16424  2   0  16424
294  16512  3   0  0  16512
295  16314  2   0  16314
296  13448  4   2  0  0  13446
297  16508  2   0  16508
298  16509  3   0  0  16509
299  16506  3   0  0  16506
300  16430  2   0  16430
301  14099  3   0  0  14099
302  16494  2   0  16494
303  13136  2   0  13136
304  16504  2   0  16504
305  16472  2   0  16472
306  14332  2   0  14332
307  16506  2   0  16506
308  16464  2   11  16453
309  16506  2   3  16503
310  16470  2   0  16470
311  16506  2   0  16506
312  16218  2   0  16218
313  16488  2   0  16488
314  16512  2   0  16512
315  16508  2   0  16508
316  16506  2   0  16506
317  16478  2   0  16478
318  16480  3   0  0  16480
319  9168  2   0  9168
320  16226  2   0  16226
321  16474  2   433  16041
322  15887  3   0  0  15887
323  16512  2   0  16512
324  16512  2   0  16512
325  16510  2   2  16508
326  16471  3   0  1  16470
327  16506  3   0  0  16506
328  16089  4   0  3  1  16085
329  16477  3   0  0  16477
330  16510  3   0  0  16510
331  16342  2   0  16342
332  16410  2   1  16409
333  15983  3   0  0  15983
334  16508  3   0  0  16508
335  16322  2   0  16322
336  10658  3   0  0  10658
337  8336  2   0  8336
338  16479  3   0  0  16479
339  16506  3   0  0  16506
340  16506  2   0  16506
341  16510  2   0  16510
342  15710  2   0  15710
343  16510  3   1  9770  6739
344  16502  2   0  16502
345  15674  2   0  15674
346  15560  2   0  15560
347  16510  2   0  16510
348  16508  2   1  16507
349  16496  3   0  0  16496
350  16506  2   0  16506
351  16506  2   0  16506
352  16512  2   3  16509
353  10767  3   0  0  10767
354  16510  2   0  16510
355  16506  2   4  16502
356  15390  2   0  15390
357  16510  2   2  16508
358  16506  2   0  16506
359  16478  3   0  0  16478
360  16498  3   0  0  16498
361  16512  3   0  0  16512
362  15313  4   0  0  0  15313
363  16506  2   0  16506
364  16510  3   0  1  16509
365  16510  3   1  0  16509
366  16510  3   0  0  16510
367  10428  2   0  10428
368  16504  2   8  16496
369  16512  3   1  0  16511
370  16512  3   1  0  16511
371  16478  3   1  0  16477
372  16512  4   1  45  0  16466
373  16504  2   0  16504
374  16482  3   0  0  16482
375  16342  2   0  16342
376  14408  2   0  14408
377  16506  2   0  16506

