[loci]=58

[populations]=7

[pop]=1
1  10080  2   0  10080
2  10002  2   3  9999
3  10069  3   0  0  10069
4  10404  2   0  10404
5  9666  2   0  9666
6  10404  2   0  10404
7  10380  3   0  1  10379
8  10404  2   0  10404
9  10404  2   0  10404
10  10403  3   124  0  10279
11  9266  4   1  0  0  9265
12  10399  4   4  0  1  10394
13  10314  2   7892  2422
14  9202  3   1  6  9195
15  10396  4   0  1  3  10392
16  10400  2   0  10400
17  10396  3   0  0  10396
18  10368  2   0  10368
19  10398  2   0  10398
20  10348  3   0  804  9544
21  10230  3   0  1  10229
22  10394  2   0  10394
23  9312  2   0  9312
24  9312  2   8  9304
25  8667  3   0  0  8667
26  9352  3   0  0  9352
27  10392  3   1  0  10391
28  9372  2   0  9372
29  10270  4   0  0  1  10269
30  10392  2   1  10391
31  10364  2   973  9391
32  8678  3   0  1  8677
33  9358  3   0  1  9357
34  10404  2   0  10404
35  10388  2   463  9925
36  10370  3   0  0  10370
37  8724  2   0  8724
38  10390  2   1  10389
39  10390  2   0  10390
40  10370  2   0  10370
41  9216  4   0  8  0  9208
42  10390  3   0  0  10390
43  10385  3   0  0  10385
44  10368  2   0  10368
45  9352  2   0  9352
46  10364  2   973  9391
47  8832  3   2  1  8829
48  10389  3   3  1  10385
49  10364  2   0  10364
50  10382  4   0  0  0  10382
51  10368  2   0  10368
52  9273  3   0  6  9267
53  10386  3   1  1  10384
54  10328  2   0  10328
55  10370  2   7  10363
56  8864  3   0  0  8864
57  9367  3   0  1  9366
58  10376  3   0  3  10373

[pop]=2
1  11416  2   0  11416
2  11242  2   0  11242
3  11413  3   0  0  11413
4  11564  2   0  11564
5  10558  2   0  10558
6  11564  2   0  11564
7  11574  3   0  0  11574
8  11566  2   0  11566
9  11576  2   0  11576
10  11566  3   4  0  11562
11  11520  4   0  0  0  11520
12  11575  4   0  0  2  11573
13  11558  2   10437  1121
14  11522  3   0  0  11522
15  11576  4   0  0  1  11575
16  11566  2   0  11566
17  11577  3   0  0  11577
18  11574  2   0  11574
19  11566  2   0  11566
20  11560  3   0  4341  7219
21  11490  3   0  0  11490
22  11566  2   1  11565
23  11528  2   1  11527
24  10444  2   0  10444
25  11466  3   2  0  11464
26  11526  3   0  0  11526
27  11576  3   1  0  11575
28  10540  2   3  10537
29  11520  4   0  0  1  11519
30  11562  2   0  11562
31  11556  2   856  10700
32  11468  3   0  0  11468
33  10519  3   0  0  10519
34  11552  2   0  11552
35  11562  2   41  11521
36  11570  3   0  2  11568
37  11476  2   0  11476
38  11576  2   1  11575
39  11562  2   1  11561
40  11568  2   0  11568
41  11524  4   1  1  0  11522
42  11576  3   0  0  11576
43  11562  3   0  0  11562
44  11566  2   2  11564
45  11526  2   0  11526
46  11562  2   859  10703
47  11478  3   0  0  11478
48  11576  3   0  0  11576
49  11572  2   2  11570
50  11560  4   4  0  1  11555
51  11570  2   0  11570
52  11525  3   0  8  11517
53  11574  3   0  0  11574
54  11536  2   0  11536
55  11570  2   0  11570
56  11484  3   0  0  11484
57  11526  3   0  0  11526
58  11572  3   0  8  11564

[pop]=3
1  8596  2   1  8595
2  8540  2   0  8540
3  8593  3   0  0  8593
4  8654  2   0  8654
5  7968  2   6  7962
6  8654  2   0  8654
7  8648  3   0  0  8648
8  8654  2   0  8654
9  8650  2   0  8650
10  8654  3   0  0  8654
11  8542  4   0  0  0  8542
12  8649  4   0  32  0  8617
13  8618  2   7240  1378
14  8541  3   0  0  8541
15  8647  4   0  5  0  8642
16  8654  2   0  8654
17  8652  3   0  0  8652
18  8646  2   0  8646
19  8652  2   0  8652
20  8635  3   0  402  8233
21  8602  3   1  0  8601
22  8652  2   1  8651
23  8546  2   0  8546
24  7996  2   0  7996
25  8510  3   0  0  8510
26  8548  3   0  0  8548
27  8652  3   0  0  8652
28  8072  2   0  8072
29  8603  4   0  0  0  8603
30  8652  2   0  8652
31  8646  2   734  7912
32  8510  3   0  0  8510
33  8085  3   0  0  8085
34  8654  2   1  8653
35  8648  2   0  8648
36  8648  3   0  0  8648
37  8520  2   1  8519
38  8652  2   0  8652
39  8648  2   0  8648
40  8648  2   0  8648
41  8545  4   0  0  0  8545
42  8652  3   0  0  8652
43  8648  3   1  0  8647
44  8648  2   0  8648
45  8550  2   0  8550
46  8642  2   734  7908
47  8523  3   0  0  8523
48  8650  3   0  0  8650
49  8640  2   0  8640
50  8648  4   0  0  0  8648
51  8648  2   4  8644
52  8549  3   0  0  8549
53  8650  3   0  0  8650
54  8608  2   0  8608
55  8648  2   0  8648
56  8526  3   0  0  8526
57  8547  3   0  0  8547
58  8648  3   0  0  8648

[pop]=4
1  6250  2   0  6250
2  6202  2   0  6202
3  6262  3   2  0  6260
4  6614  2   0  6614
5  6044  2   0  6044
6  6614  2   5  6609
7  6614  3   0  0  6614
8  6614  2   0  6614
9  6614  2   0  6614
10  6614  3   0  0  6614
11  6614  4   0  0  0  6614
12  6613  4   0  0  0  6613
13  6612  2   5039  1573
14  6614  3   0  0  6614
15  6614  4   3  0  0  6611
16  6614  2   7  6607
17  6614  3   0  0  6614
18  6602  2   0  6602
19  6614  2   0  6614
20  6606  3   0  1914  4692
21  6540  3   0  0  6540
22  6614  2   0  6614
23  6614  2   0  6614
24  5474  2   0  5474
25  6614  3   0  0  6614
26  6614  3   0  0  6614
27  6614  3   0  0  6614
28  5544  2   0  5544
29  6580  4   0  0  0  6580
30  6608  2   0  6608
31  6612  2   1046  5566
32  6614  3   0  0  6614
33  5536  3   0  0  5536
34  6606  2   0  6606
35  6600  2   0  6600
36  6614  3   0  0  6614
37  6614  2   0  6614
38  6612  2   0  6612
39  6600  2   0  6600
40  6614  2   0  6614
41  6614  4   0  0  0  6614
42  6611  3   0  1  6610
43  6598  3   0  0  6598
44  6614  2   0  6614
45  6614  2   0  6614
46  6612  2   1046  5566
47  6614  3   0  0  6614
48  6610  3   1  0  6609
49  6614  2   0  6614
50  6594  4   0  21  0  6573
51  6614  2   0  6614
52  6613  3   0  0  6613
53  6608  3   0  0  6608
54  6602  2   0  6602
55  6614  2   0  6614
56  6614  3   6  0  6608
57  6610  3   0  0  6610
58  6608  3   0  0  6608

[pop]=5
1  63980  2   1  63979
2  64622  2   0  64622
3  63969  3   14  1  63954
4  66730  2   0  66730
5  62064  2   0  62064
6  66728  2   31  66697
7  66685  3   1  0  66684
8  66724  2   5  66719
9  66706  2   2  66704
10  66723  3   0  0  66723
11  63684  4   0  0  3  63681
12  66696  4   1  0  5  66690
13  66314  2   57380  8934
14  63607  3   0  3  63604
15  66689  4   2  0  1  66686
16  66716  2   3  66713
17  66663  3   4  0  66659
18  66604  2   3  66601
19  66704  2   3  66701
20  66568  3   1  20627  45940
21  65788  3   0  0  65788
22  66698  2   1  66697
23  63668  2   1  63667
24  60458  2   0  60458
25  63006  3   2  0  63004
26  63732  3   1  0  63731
27  66677  3   8  1  66668
28  60994  2   0  60994
29  66003  4   2  0  1  66000
30  66652  2   4  66648
31  66582  2   13763  52819
32  63025  3   1  0  63024
33  60937  3   0  0  60937
34  66686  2   1  66685
35  66614  2   84  66530
36  66622  3   1  2  66619
37  63074  2   1  63073
38  66686  2   0  66686
39  66612  2   1  66611
40  66626  2   4  66622
41  63536  4   0  10  1  63525
42  66669  3   1  2  66666
43  66605  3   0  1  66604
44  66632  2   1  66631
45  63752  2   1  63751
46  66586  2   13757  52829
47  63186  3   4  0  63182
48  66661  3   12  0  66649
49  66412  2   0  66412
50  66581  4   5  3  0  66573
51  66602  2   0  66602
52  63641  3   1  7  63633
53  66655  3   1  0  66654
54  66178  2   0  66178
55  66602  2   0  66602
56  63227  3   1  1  63225
57  63821  3   0  0  63821
58  66630  3   1  76  66553

[pop]=6
1  798  2   0  798
2  860  2   0  860
3  805  3   0  0  805
4  906  2   0  906
5  840  2   0  840
6  904  2   0  904
7  902  3   0  0  902
8  904  2   0  904
9  908  2   0  908
10  902  3   0  0  902
11  872  4   0  0  0  872
12  908  4   0  0  0  908
13  904  2   745  159
14  869  3   0  0  869
15  908  4   0  0  0  908
16  902  2   0  902
17  908  3   0  0  908
18  902  2   0  902
19  902  2   0  902
20  901  3   0  237  664
21  886  3   0  0  886
22  902  2   0  902
23  870  2   0  870
24  800  2   0  800
25  860  3   0  0  860
26  870  3   0  0  870
27  908  3   0  0  908
28  802  2   0  802
29  891  4   0  0  0  891
30  902  2   0  902
31  904  2   124  780
32  859  3   0  0  859
33  801  3   0  0  801
34  908  2   0  908
35  902  2   1  901
36  904  3   0  0  904
37  866  2   0  866
38  908  2   0  908
39  902  2   0  902
40  904  2   0  904
41  864  4   0  0  0  864
42  908  3   0  0  908
43  902  3   0  0  902
44  904  2   0  904
45  868  2   0  868
46  902  2   124  778
47  869  3   0  0  869
48  908  3   0  0  908
49  904  2   0  904
50  902  4   0  2  0  900
51  904  2   0  904
52  864  3   0  0  864
53  905  3   0  0  905
54  896  2   0  896
55  904  2   0  904
56  870  3   1  0  869
57  866  3   0  0  866
58  908  3   0  1  907

[pop]=7
1  11116  2   0  11116
2  15720  2   0  15720
3  11043  3   0  0  11043
4  16512  2   2  16510
5  15092  2   0  15092
6  16512  2   0  16512
7  16512  3   0  0  16512
8  16512  2   0  16512
9  16512  2   0  16512
10  16512  3   0  4  16508
11  16485  4   0  3  0  16482
12  16512  4   0  0  0  16512
13  16510  2   14228  2282
14  16486  3   0  0  16486
15  16512  4   0  0  0  16512
16  16512  2   0  16512
17  16502  3   1  1  16500
18  16512  2   0  16512
19  16512  2   0  16512
20  16508  3   0  3494  13014
21  16318  3   0  0  16318
22  16512  2   0  16512
23  16492  2   1  16491
24  13990  2   0  13990
25  16105  3   0  1  16104
26  16488  3   0  1  16487
27  16512  3   1  0  16511
28  14030  2   0  14030
29  16389  4   0  1  10  16378
30  16512  2   0  16512
31  16510  2   1801  14709
32  16158  3   0  0  16158
33  13982  3   1  0  13981
34  16510  2   0  16510
35  16512  2   2  16510
36  16512  3   0  0  16512
37  16232  2   0  16232
38  16512  2   0  16512
39  16512  2   1  16511
40  16512  2   0  16512
41  16487  4   0  13  0  16474
42  16512  3   0  0  16512
43  16512  3   0  1  16511
44  16512  2   0  16512
45  16490  2   2  16488
46  16512  2   1805  14707
47  16296  3   0  0  16296
48  16512  3   0  0  16512
49  16288  2   0  16288
50  16511  4   0  0  0  16511
51  16512  2   0  16512
52  16489  3   1  0  16488
53  16511  3   0  0  16511
54  16404  2   3  16401
55  16512  2   0  16512
56  16353  3   0  0  16353
57  16486  3   1  0  16485
58  16512  3   0  19  16493

