[loci]=208

[populations]=7

[pop]=1
1  10406  3   0  0  10406
2  8932  2   6  8926
3  10400  3   0  0  10400
4  10400  2   10  10390
5  10388  2   2  10386
6  9936  2   0  9936
7  10384  2   0  10384
8  10302  2   0  10302
9  10388  4   0  0  0  10388
10  10315  4   0  0  1  10314
11  8834  2   0  8834
12  10196  2   0  10196
13  10389  3   0  0  10389
14  10203  4   0  0  1  10202
15  10394  2   60  10334
16  10404  3   0  0  10404
17  10387  3   1  0  10386
18  10390  2   0  10390
19  10400  2   0  10400
20  10306  2   0  10306
21  10386  5   0  0  0  2  10384
22  10390  2   0  10390
23  10397  3   0  0  10397
24  10386  5   0  0  5  0  10381
25  9613  3   0  0  9613
26  10406  2   0  10406
27  10394  2   0  10394
28  10378  2   0  10378
29  10406  2   0  10406
30  10392  3   1  0  10391
31  10390  3   0  0  10390
32  9488  3   0  0  9488
33  10389  3   3  0  10386
34  9433  3   0  0  9433
35  10396  3   0  0  10396
36  10396  3   1  1  10394
37  10404  2   0  10404
38  10230  2   0  10230
39  10396  2   0  10396
40  10382  2   0  10382
41  9318  3   0  1  9317
42  10396  3   0  0  10396
43  10406  3   1  1  10404
44  10396  2   0  10396
45  10382  4   0  0  0  10382
46  10406  2   0  10406
47  10374  4   0  0  127  10247
48  10406  2   0  10406
49  10392  2   0  10392
50  10406  2   2  10404
51  10380  2   0  10380
52  10235  3   1  0  10234
53  10398  2   0  10398
54  10390  2   0  10390
55  10406  2   2  10404
56  10290  3   0  0  10290
57  10396  2   0  10396
58  10406  2   1  10405
59  10402  2   1  10401
60  10279  3   0  0  10279
61  10406  4   0  0  1  10405
62  10406  2   2  10404
63  10388  2   1  10387
64  10179  4   0  3  0  10176
65  10406  3   0  0  10406
66  10374  2   1  10373
67  10136  3   0  0  10136
68  10402  2   0  10402
69  10098  5   0  1  2  0  10095
70  10402  2   0  10402
71  10396  2   52  10344
72  10007  3   0  0  10007
73  10388  2   0  10388
74  10402  2   0  10402
75  10398  2   1  10397
76  10406  3   3  0  10403
77  10392  2   0  10392
78  10402  2   0  10402
79  10384  2   30  10354
80  10266  4   0  0  0  10266
81  10400  2   1  10399
82  4963  3   0  0  4963
83  10270  2   0  10270
84  10393  3   0  0  10393
85  5210  3   0  0  5210
86  10402  3   0  1  10401
87  10402  3   0  3  10399
88  10392  3   1  0  10391
89  10274  2   0  10274
90  10402  3   0  0  10402
91  10270  2   0  10270
92  6072  5   0  0  0  1  6071
93  10402  2   0  10402
94  10400  2   5  10395
95  10272  2   0  10272
96  10394  2   0  10394
97  10402  2   0  10402
98  10400  2   0  10400
99  10390  2   0  10390
100  6986  3   0  0  6986
101  10392  2   0  10392
102  10291  3   1  0  10290
103  7252  2   0  7252
104  9860  2   0  9860
105  10394  4   0  0  0  10394
106  10406  3   0  0  10406
107  10406  2   0  10406
108  10395  3   0  1  10394
109  10396  2   0  10396
110  7676  2   0  7676
111  8045  4   0  0  0  8045
112  10394  2   0  10394
113  10406  2   0  10406
114  10372  2   0  10372
115  10392  3   0  0  10392
116  10398  3   0  0  10398
117  10333  3   0  0  10333
118  8558  2   0  8558
119  10164  2   2  10162
120  10352  2   3214  7138
121  10336  5   0  1  0  0  10335
122  10394  3   0  185  10209
123  10398  3   0  0  10398
124  10394  2   0  10394
125  10336  3   0  0  10336
126  10398  3   0  0  10398
127  10388  2   0  10388
128  10396  3   0  1  10395
129  10274  3   1  0  10273
130  10298  2   0  10298
131  10406  2   7  10399
132  10380  2   0  10380
133  10406  2   4  10402
134  9414  3   0  0  9414
135  10406  3   1  0  10405
136  10378  3   0  0  10378
137  10396  2   0  10396
138  10406  2   0  10406
139  10390  3   0  0  10390
140  9566  5   0  0  20  1  9545
141  10398  2   0  10398
142  10406  2   433  9973
143  10388  2   0  10388
144  9674  3   8  35  9631
145  10346  2   0  10346
146  10398  2   0  10398
147  9716  3   0  1  9715
148  10347  4   0  0  0  10347
149  10396  3   0  0  10396
150  9835  4   0  0  0  9835
151  10352  3   1  0  10351
152  10054  3   0  0  10054
153  5186  2   0  5186
154  10358  2   0  10358
155  10404  2   274  10130
156  10398  2   0  10398
157  10397  4   0  1  0  10396
158  10356  2   0  10356
159  10394  3   0  0  10394
160  10398  2   0  10398
161  10406  2   0  10406
162  10266  2   0  10266
163  10394  2   0  10394
164  10402  2   252  10150
165  10402  2   0  10402
166  10406  2   1  10405
167  10304  2   0  10304
168  10390  3   1  26  10363
169  10394  2   1  10393
170  10237  3   0  0  10237
171  10402  2   0  10402
172  10402  3   3  1  10398
173  10286  3   13  4  10269
174  10306  2   1  10305
175  10406  2   0  10406
176  10330  3   0  0  10330
177  10403  3   1  1  10401
178  10406  3   0  0  10406
179  10328  2   0  10328
180  10369  3   0  0  10369
181  10374  2   0  10374
182  10404  2   18  10386
183  10406  2   0  10406
184  10374  2   0  10374
185  9018  2   0  9018
186  8586  2   0  8586
187  10374  3   0  0  10374
188  10404  2   1  10403
189  10402  2   0  10402
190  8862  2   0  8862
191  10379  4   0  0  17  10362
192  10023  3   0  0  10023
193  10384  5   0  0  0  0  10384
194  10048  2   0  10048
195  10386  3   0  0  10386
196  10406  2   0  10406
197  10381  3   0  0  10381
198  10364  2   0  10364
199  10406  2   0  10406
200  10390  2   12  10378
201  10406  2   433  9973
202  10264  3   0  0  10264
203  10372  2   1  10371
204  10390  2   0  10390
205  10406  3   0  1  10405
206  10406  2   0  10406
207  10400  2   14  10386
208  10356  3   0  0  10356

[pop]=2
1  11574  3   0  1  11573
2  11292  2   1  11291
3  11544  3   0  0  11544
4  11478  2   3  11475
5  11546  2   12  11534
6  11136  2   0  11136
7  11570  2   0  11570
8  11516  2   0  11516
9  11545  4   1  0  0  11544
10  11517  4   0  0  0  11517
11  11258  2   0  11258
12  11504  2   0  11504
13  11544  3   0  0  11544
14  11505  4   0  0  0  11505
15  11548  2   1  11547
16  11490  3   1  0  11489
17  11574  3   0  0  11574
18  11544  2   0  11544
19  11556  2   0  11556
20  11546  2   0  11546
21  11542  5   0  0  0  0  11542
22  11578  2   1  11577
23  11560  3   0  2  11558
24  11544  5   0  1  0  0  11543
25  10881  3   0  0  10881
26  11494  2   0  11494
27  11570  2   4  11566
28  11556  2   2  11554
29  11498  2   0  11498
30  11578  3   0  0  11578
31  11542  3   0  0  11542
32  10722  3   0  0  10722
33  11536  3   0  0  11536
34  10668  3   0  0  10668
35  11572  3   0  1  11571
36  11572  3   0  2  11570
37  11570  2   0  11570
38  11506  2   0  11506
39  11578  2   0  11578
40  11534  2   0  11534
41  10494  3   0  0  10494
42  11572  3   0  0  11572
43  11578  3   1  0  11577
44  11578  2   36  11542
45  11534  4   0  0  0  11534
46  11578  2   2  11576
47  11521  4   0  0  8  11513
48  11578  2   0  11578
49  11560  2   3  11557
50  11502  2   16  11486
51  11538  2   0  11538
52  11507  3   0  0  11507
53  11578  2   0  11578
54  11556  2   2  11554
55  11578  2   0  11578
56  11469  3   0  0  11469
57  11570  2   0  11570
58  11578  2   2  11576
59  11578  2   3  11575
60  11460  3   0  0  11460
61  11578  4   0  0  48  11530
62  11578  2   0  11578
63  11562  2   0  11562
64  11391  4   0  7  0  11384
65  11578  3   0  0  11578
66  11528  2   2  11526
67  11363  3   0  0  11363
68  11574  2   0  11574
69  11346  5   0  0  0  0  11346
70  11574  2   0  11574
71  11578  2   1  11577
72  11293  3   1  0  11292
73  11568  2   0  11568
74  11574  2   0  11574
75  11578  2   0  11578
76  11578  3   0  0  11578
77  11532  2   0  11532
78  11576  2   0  11576
79  11566  2   2  11564
80  11534  4   3  0  0  11531
81  11574  2   3  11571
82  4845  3   0  0  4845
83  11534  2   1  11533
84  11569  3   0  0  11569
85  5280  3   0  0  5280
86  11578  3   0  1  11577
87  11574  3   0  10  11564
88  11529  3   0  0  11529
89  11534  2   0  11534
90  11578  3   0  0  11578
91  11534  2   6  11528
92  6662  5   0  2  0  0  6660
93  11578  2   0  11578
94  11572  2   0  11572
95  11534  2   0  11534
96  11572  2   0  11572
97  11578  2   1  11577
98  11570  2   0  11570
99  11520  2   0  11520
100  8157  3   0  0  8157
101  11518  2   0  11518
102  11533  3   0  4  11529
103  8504  2   0  8504
104  11450  2   0  11450
105  11573  4   1  0  1  11571
106  11578  3   0  0  11578
107  11504  2   0  11504
108  11569  3   0  0  11569
109  11570  2   0  11570
110  9178  2   0  9178
111  9641  4   0  0  0  9641
112  11574  2   0  11574
113  11578  2   0  11578
114  11540  2   1  11539
115  11514  3   0  2  11512
116  11568  3   0  0  11568
117  11538  3   0  0  11538
118  10236  2   0  10236
119  11520  2   0  11520
120  11524  2   1758  9766
121  11537  5   0  0  0  1  11536
122  11568  3   0  3  11565
123  11576  3   0  0  11576
124  11516  2   0  11516
125  11538  3   0  0  11538
126  11576  3   0  0  11576
127  11514  2   0  11514
128  11568  3   0  0  11568
129  11540  3   0  0  11540
130  11544  2   0  11544
131  11578  2   6  11572
132  11502  2   0  11502
133  11578  2   0  11578
134  10988  3   0  0  10988
135  11578  3   0  0  11578
136  11501  3   0  0  11501
137  11568  2   0  11568
138  11578  2   0  11578
139  11484  3   0  0  11484
140  11108  5   0  0  0  0  11108
141  11576  2   0  11576
142  11578  2   14  11564
143  11484  2   0  11484
144  11162  3   4  4  11154
145  11564  2   0  11564
146  11576  2   0  11576
147  11188  3   0  1  11187
148  11565  4   0  0  3  11562
149  11576  3   0  0  11576
150  11251  4   1  0  2  11248
151  11569  3   0  0  11569
152  11196  3   0  0  11196
153  4092  2   2  4090
154  11538  2   1  11537
155  11576  2   11  11565
156  11576  2   0  11576
157  11576  4   0  1  0  11575
158  11540  2   0  11540
159  11570  3   0  0  11570
160  11574  2   3  11571
161  11578  2   0  11578
162  11380  2   0  11380
163  11570  2   0  11570
164  11576  2   16  11560
165  11576  2   1  11575
166  11576  2   0  11576
167  11424  2   1  11423
168  11569  3   0  1  11568
169  11570  2   0  11570
170  11446  3   0  1  11445
171  11576  2   0  11576
172  11576  3   0  0  11576
173  11462  3   10  0  11452
174  11472  2   0  11472
175  11576  2   0  11576
176  11553  3   0  0  11553
177  11576  3   0  0  11576
178  11578  3   1  0  11577
179  11554  2   0  11554
180  11522  3   0  0  11522
181  11572  2   0  11572
182  11576  2   1  11575
183  11578  2   0  11578
184  11572  2   2  11570
185  11396  2   8  11388
186  9030  2   1  9029
187  11537  3   0  0  11537
188  11576  2   0  11576
189  11576  2   1  11575
190  9390  2   0  9390
191  11541  4   0  0  10  11531
192  11513  3   0  0  11513
193  11551  5   0  0  0  0  11551
194  11524  2   0  11524
195  11560  3   0  0  11560
196  11576  2   0  11576
197  11574  3   0  0  11574
198  11542  2   19  11523
199  11576  2   0  11576
200  11564  2   3  11561
201  11578  2   14  11564
202  11558  3   0  0  11558
203  11564  2   1  11563
204  11562  2   0  11562
205  11578  3   0  10  11568
206  11576  2   0  11576
207  11550  2   25  11525
208  11566  3   0  0  11566

[pop]=3
1  8652  3   0  0  8652
2  7716  2   0  7716
3  8640  3   0  0  8640
4  8630  2   0  8630
5  8644  2   0  8644
6  8462  2   0  8462
7  8646  2   4  8642
8  8630  2   0  8630
9  8643  4   0  0  1  8642
10  8633  4   0  0  0  8633
11  7664  2   0  7664
12  8614  2   0  8614
13  8644  3   0  0  8644
14  8611  4   0  0  0  8611
15  8612  2   0  8612
16  8645  3   0  0  8645
17  8638  3   0  0  8638
18  8642  2   0  8642
19  8650  2   0  8650
20  8646  2   12  8634
21  8642  5   0  0  0  0  8642
22  8642  2   0  8642
23  8615  3   0  0  8615
24  8642  5   0  0  0  0  8642
25  8326  3   0  0  8326
26  8648  2   0  8648
27  8652  2   0  8652
28  8650  2   0  8650
29  8646  2   0  8646
30  8644  3   0  0  8644
31  8640  3   0  0  8640
32  8194  3   0  1  8193
33  8639  3   0  0  8639
34  8158  3   0  0  8158
35  8652  3   2  0  8650
36  8652  3   0  0  8652
37  8650  2   0  8650
38  8616  2   0  8616
39  8644  2   0  8644
40  8640  2   0  8640
41  8040  3   1  0  8039
42  8652  3   0  0  8652
43  8654  3   0  0  8654
44  8646  2   0  8646
45  8640  4   0  0  0  8640
46  8654  2   0  8654
47  8636  4   0  6  0  8630
48  8654  2   0  8654
49  8620  2   0  8620
50  8654  2   0  8654
51  8652  2   0  8652
52  8625  3   0  0  8625
53  8648  2   0  8648
54  8618  2   0  8618
55  8654  2   0  8654
56  8611  3   0  0  8611
57  8652  2   0  8652
58  8654  2   1  8653
59  8646  2   1  8645
60  8605  3   0  0  8605
61  8654  4   0  0  0  8654
62  8654  2   0  8654
63  8648  2   0  8648
64  8559  4   0  0  0  8559
65  8654  3   0  0  8654
66  8610  2   0  8610
67  8546  3   0  0  8546
68  8650  2   1  8649
69  8531  5   0  0  0  0  8531
70  8650  2   3  8647
71  8650  2   0  8650
72  8510  3   0  0  8510
73  8652  2   0  8652
74  8650  2   2  8648
75  8650  2   0  8650
76  8654  3   0  0  8654
77  8652  2   3  8649
78  8650  2   0  8650
79  8652  2   0  8652
80  8634  4   0  0  0  8634
81  8650  2   0  8650
82  3331  3   0  0  3331
83  8634  2   0  8634
84  8648  3   0  0  8648
85  3586  3   0  4  3582
86  8651  3   0  0  8651
87  8650  3   0  0  8650
88  8650  3   0  1  8649
89  8636  2   0  8636
90  8654  3   0  0  8654
91  8634  2   0  8634
92  4622  5   0  0  0  0  4622
93  8654  2   29  8625
94  8650  2   0  8650
95  8636  2   5  8631
96  8648  2   0  8648
97  8654  2   1  8653
98  8650  2   0  8650
99  8650  2   0  8650
100  5709  3   0  0  5709
101  8650  2   18  8632
102  8635  3   0  0  8635
103  6042  2   0  6042
104  8496  2   3  8493
105  8644  4   0  0  0  8644
106  8654  3   0  1  8653
107  8654  2   0  8654
108  8646  3   0  0  8646
109  8648  2   0  8648
110  6584  2   0  6584
111  6953  4   0  0  0  6953
112  8650  2   4  8646
113  8654  2   0  8654
114  8636  2   0  8636
115  8644  3   3  0  8641
116  8646  3   0  1  8645
117  8639  3   1  0  8638
118  7494  2   3  7491
119  8572  2   0  8572
120  8620  2   93  8527
121  8639  5   0  0  1  0  8638
122  8646  3   1  0  8645
123  8650  3   0  0  8650
124  8640  2   0  8640
125  8640  3   0  0  8640
126  8650  3   0  0  8650
127  8636  2   1  8635
128  8646  3   0  0  8646
129  8592  3   0  1  8591
130  8598  2   0  8598
131  8644  2   0  8644
132  8634  2   0  8634
133  8644  2   0  8644
134  8188  3   6  0  8182
135  8654  3   0  0  8654
136  8632  3   1  0  8631
137  8640  2   5  8635
138  8654  2   0  8654
139  8643  3   0  0  8643
140  8318  5   10  1  0  0  8307
141  8650  2   0  8650
142  8654  2   0  8654
143  8644  2   0  8644
144  8374  3   0  3  8371
145  8622  2   0  8622
146  8650  2   0  8650
147  8370  3   0  0  8370
148  8623  4   0  0  0  8623
149  8646  3   0  0  8646
150  8458  4   0  0  0  8458
151  8624  3   0  0  8624
152  8504  3   0  0  8504
153  3858  2   0  3858
154  8642  2   1  8641
155  8636  2   0  8636
156  8650  2   0  8650
157  8654  4   1  0  0  8653
158  8642  2   0  8642
159  8640  3   0  0  8640
160  8648  2   0  8648
161  8654  2   95  8559
162  8590  2   0  8590
163  8640  2   0  8640
164  8650  2   0  8650
165  8650  2   0  8650
166  8654  2   1  8653
167  8606  2   0  8606
168  8637  3   0  0  8637
169  8622  2   0  8622
170  8595  3   0  0  8595
171  8650  2   0  8650
172  8649  3   0  1  8648
173  8600  3   1  0  8599
174  8614  2   10  8604
175  8654  2   1  8653
176  8643  3   0  0  8643
177  8648  3   3  0  8645
178  8654  3   0  0  8654
179  8640  2   1  8639
180  8636  3   0  0  8636
181  8640  2   0  8640
182  8648  2   0  8648
183  8654  2   0  8654
184  8640  2   0  8640
185  7826  2   0  7826
186  7374  2   0  7374
187  8642  3   0  0  8642
188  8648  2   0  8648
189  8648  2   0  8648
190  7582  2   2  7580
191  8645  4   1  0  0  8644
192  8583  3   0  0  8583
193  8650  5   0  0  0  1  8649
194  8596  2   0  8596
195  8650  3   0  0  8650
196  8654  2   0  8654
197  8642  3   0  0  8642
198  8648  2   0  8648
199  8654  2   0  8654
200  8650  2   0  8650
201  8654  2   0  8654
202  8646  3   0  0  8646
203  8624  2   4  8620
204  8648  2   0  8648
205  8654  3   0  0  8654
206  8654  2   0  8654
207  8642  2   0  8642
208  8616  3   0  3  8613

[pop]=4
1  6614  3   0  0  6614
2  6576  2   0  6576
3  6604  3   0  0  6604
4  6606  2   0  6606
5  6612  2   1  6611
6  5826  2   0  5826
7  6614  2   0  6614
8  6594  2   0  6594
9  6611  4   0  0  0  6611
10  6594  4   0  0  0  6594
11  6568  2   0  6568
12  6548  2   0  6548
13  6610  3   0  0  6610
14  6546  4   0  0  0  6546
15  6612  2   0  6612
16  6613  3   0  0  6613
17  6610  3   0  0  6610
18  6612  2   0  6612
19  6606  2   0  6606
20  6612  2   0  6612
21  6612  5   0  0  0  0  6612
22  6612  2   0  6612
23  6614  3   0  0  6614
24  6612  5   0  0  0  0  6612
25  5599  3   0  0  5599
26  6614  2   0  6614
27  6614  2   0  6614
28  6594  2   0  6594
29  6614  2   0  6614
30  6612  3   0  0  6612
31  6608  3   0  1  6607
32  5494  3   0  0  5494
33  6607  3   0  0  6607
34  5451  3   77  0  5374
35  6614  3   0  0  6614
36  6614  3   0  0  6614
37  6608  2   0  6608
38  6546  2   0  6546
39  6612  2   0  6612
40  6604  2   0  6604
41  5342  3   0  0  5342
42  6614  3   0  0  6614
43  6614  3   0  0  6614
44  6610  2   1  6609
45  6599  4   0  0  0  6599
46  6614  2   0  6614
47  6593  4   0  0  0  6593
48  6614  2   0  6614
49  6614  2   0  6614
50  6614  2   0  6614
51  6612  2   0  6612
52  6542  3   0  0  6542
53  6608  2   0  6608
54  6612  2   0  6612
55  6614  2   21  6593
56  6552  3   0  0  6552
57  6614  2   0  6614
58  6614  2   0  6614
59  6608  2   0  6608
60  6541  3   0  0  6541
61  6614  4   0  0  0  6614
62  6614  2   0  6614
63  6602  2   0  6602
64  6479  4   0  0  0  6479
65  6614  3   0  0  6614
66  6606  2   0  6606
67  6454  3   0  0  6454
68  6608  2   0  6608
69  6431  5   0  0  0  0  6431
70  6608  2   0  6608
71  6606  2   0  6606
72  6392  3   0  0  6392
73  6614  2   0  6614
74  6608  2   0  6608
75  6606  2   0  6606
76  6614  3   0  0  6614
77  6612  2   0  6612
78  6602  2   28  6574
79  6614  2   0  6614
80  6530  4   0  0  0  6530
81  6598  2   1  6597
82  2905  3   0  0  2905
83  6534  2   0  6534
84  6607  3   0  1  6606
85  3102  3   0  0  3102
86  6614  3   0  1  6613
87  6610  3   0  0  6610
88  6610  3   0  0  6610
89  6532  2   0  6532
90  6614  3   0  0  6614
91  6528  2   0  6528
92  3772  5   0  0  0  0  3772
93  6614  2   0  6614
94  6610  2   0  6610
95  6534  2   0  6534
96  6608  2   0  6608
97  6614  2   0  6614
98  6610  2   0  6610
99  6610  2   0  6610
100  4383  3   0  0  4383
101  6608  2   0  6608
102  6533  3   0  0  6533
103  4552  2   0  4552
104  6522  2   0  6522
105  6614  4   0  0  0  6614
106  6614  3   0  0  6614
107  6614  2   0  6614
108  6607  3   0  0  6607
109  6602  2   0  6602
110  4868  2   0  4868
111  5163  4   0  0  0  5163
112  6614  2   0  6614
113  6614  2   0  6614
114  6598  2   0  6598
115  6606  3   0  0  6606
116  6607  3   0  0  6607
117  6522  3   0  0  6522
118  5542  2   0  5542
119  6586  2   0  6586
120  6592  2   963  5629
121  6522  5   0  0  0  0  6522
122  6606  3   0  0  6606
123  6614  3   0  3  6611
124  6606  2   0  6606
125  6524  3   0  0  6524
126  6614  3   0  0  6614
127  6604  2   0  6604
128  6608  3   0  0  6608
129  6604  3   0  0  6604
130  6606  2   0  6606
131  6614  2   113  6501
132  6602  2   0  6602
133  6614  2   0  6614
134  6084  3   0  0  6084
135  6614  3   0  0  6614
136  6599  3   0  0  6599
137  6608  2   0  6608
138  6614  2   0  6614
139  6614  3   0  0  6614
140  6192  5   0  0  0  0  6192
141  6614  2   0  6614
142  6614  2   0  6614
143  6614  2   1  6613
144  6230  3   0  0  6230
145  6612  2   0  6612
146  6614  2   0  6614
147  6258  3   0  0  6258
148  6612  4   0  1  0  6611
149  6612  3   0  0  6612
150  6324  4   0  0  0  6324
151  6612  3   0  0  6612
152  6534  3   0  0  6534
153  2818  2   0  2818
154  6540  2   0  6540
155  6614  2   0  6614
156  6614  2   0  6614
157  6614  4   0  0  0  6614
158  6554  2   0  6554
159  6606  3   1  0  6605
160  6612  2   0  6612
161  6614  2   0  6614
162  6564  2   1  6563
163  6608  2   0  6608
164  6614  2   0  6614
165  6614  2   0  6614
166  6614  2   0  6614
167  6578  2   0  6578
168  6608  3   1  0  6607
169  6612  2   1  6611
170  6498  3   0  0  6498
171  6614  2   0  6614
172  6609  3   0  0  6609
173  6530  3   29  0  6501
174  6530  2   0  6530
175  6614  2   0  6614
176  6551  3   0  0  6551
177  6614  3   0  0  6614
178  6614  3   0  0  6614
179  6556  2   0  6556
180  6573  3   0  0  6573
181  6612  2   0  6612
182  6614  2   0  6614
183  6614  2   0  6614
184  6612  2   0  6612
185  6590  2   5  6585
186  5542  2   0  5542
187  6578  3   0  0  6578
188  6614  2   0  6614
189  6612  2   0  6612
190  5756  2   0  5756
191  6579  4   0  0  7  6572
192  6608  3   0  0  6608
193  6589  5   0  0  0  0  6589
194  6610  2   0  6610
195  6591  3   0  0  6591
196  6614  2   2  6612
197  6614  3   0  0  6614
198  6614  2   0  6614
199  6614  2   0  6614
200  6596  2   0  6596
201  6614  2   0  6614
202  6562  3   0  0  6562
203  6612  2   0  6612
204  6594  2   0  6594
205  6614  3   0  0  6614
206  6614  2   0  6614
207  6604  2   6  6598
208  6612  3   0  0  6612

[pop]=5
1  66670  3   2  7  66661
2  66184  2   6  66178
3  66706  3   2  6  66698
4  66484  2   4  66480
5  66626  2   74  66552
6  64620  2   0  64620
7  66714  2   0  66714
8  66036  2   1  66035
9  66626  4   0  1  0  66625
10  66073  4   1  0  0  66072
11  66024  2   3  66021
12  65896  2   2  65894
13  66626  3   1  1  66624
14  65893  4   14  0  0  65879
15  66674  2   0  66674
16  66638  3   0  1  66637
17  66662  3   0  8  66654
18  66618  2   5  66613
19  66718  2   3  66715
20  66362  2   0  66362
21  66600  5   1  2  1  7  66589
22  66678  2   1  66677
23  66703  3   1  0  66702
24  66601  5   1  0  8  5  66587
25  63296  3   3  1  63292
26  66682  2   14  66668
27  66728  2   0  66728
28  66508  2   2  66506
29  66688  2   3  66685
30  66686  3   0  0  66686
31  66596  3   0  9  66587
32  62544  3   1  0  62543
33  66581  3   0  0  66581
34  62352  3   28  1  62323
35  66726  3   1  0  66725
36  66726  3   0  1  66725
37  66724  2   2  66722
38  65966  2   6  65960
39  66690  2   0  66690
40  66538  2   4  66534
41  61642  3   0  0  61642
42  66726  3   1  0  66725
43  66714  3   0  2  66712
44  66692  2   1  66691
45  66526  4   4  1  1  66520
46  66716  2   0  66716
47  66481  4   0  1  3  66477
48  66714  2   0  66714
49  66682  2   76  66606
50  66710  2   119  66591
51  66610  2   5  66605
52  66042  3   0  0  66042
53  66694  2   2  66692
54  66674  2   0  66674
55  66712  2   87  66625
56  66180  3   2  1  66177
57  66724  2   2  66722
58  66708  2   2  66706
59  66690  2   1  66689
60  66128  3   1  0  66127
61  66696  4   2  0  0  66694
62  66680  2   0  66680
63  66604  2   4  66600
64  65763  4   1  9  0  65753
65  66672  3   0  1  66671
66  66572  2   0  66572
67  65600  3   1  0  65599
68  66722  2   2  66720
69  65504  5   1  0  2  1  65500
70  66720  2   0  66720
71  66682  2   12  66670
72  65166  3   0  2  65164
73  66710  2   2  66708
74  66722  2   2  66720
75  66686  2   1  66685
76  66656  3   1  1  66654
77  66656  2   1  66655
78  66684  2   5  66679
79  66710  2   0  66710
80  66209  4   0  0  1  66208
81  66682  2   9  66673
82  32410  3   1  0  32409
83  66218  2   1  66217
84  66581  3   2  0  66579
85  34532  3   1  0  34531
86  66658  3   0  1  66657
87  66716  3   2  95  66619
88  66652  3   0  0  66652
89  66244  2   0  66244
90  66668  3   1  0  66667
91  66262  2   0  66262
92  40950  5   3  1  0  0  40946
93  66688  2   0  66688
94  66716  2   0  66716
95  66260  2   0  66260
96  66578  2   2  66576
97  66692  2   0  66692
98  66720  2   3  66717
99  66656  2   0  66656
100  47370  3   0  0  47370
101  66658  2   0  66658
102  66287  3   8  2  66277
103  49166  2   3  49163
104  65004  2   0  65004
105  66691  4   1  1  1  66688
106  66723  3   4  0  66719
107  66708  2   2  66706
108  66600  3   0  3  66597
109  66606  2   2  66604
110  52290  2   3  52287
111  54726  4   1  4  1  54720
112  66706  2   0  66706
113  66730  2   4  66726
114  66334  2   1  66333
115  66637  3   0  0  66637
116  66610  3   0  0  66610
117  66397  3   0  1  66396
118  58132  2   0  58132
119  65702  2   0  65702
120  66016  2   13732  52284
121  66407  5   1  2  5  3  66396
122  66612  3   0  0  66612
123  66717  3   0  0  66717
124  66634  2   2  66632
125  66412  3   0  1  66411
126  66718  3   1  0  66717
127  66600  2   1  66599
128  66618  3   1  3  66614
129  65924  3   0  0  65924
130  65974  2   6  65968
131  66684  2   329  66355
132  66536  2   2  66534
133  66684  2   0  66684
134  62789  3   0  0  62789
135  66740  3   3  1  66736
136  66514  3   0  1  66513
137  66624  2   29  66595
138  66738  2   2  66736
139  66589  3   1  2  66586
140  63558  5   0  0  0  0  63558
141  66726  2   0  66726
142  66740  2   2  66738
143  66576  2   1  66575
144  63928  3   11  10  63907
145  66268  2   1  66267
146  66728  2   0  66728
147  64038  3   4  48  63986
148  66274  4   0  1  0  66273
149  66626  3   1  1  66624
150  64579  4   1  1  4  64573
151  66296  3   0  0  66296
152  64590  3   1  0  64589
153  27030  2   0  27030
154  66522  2   1  66521
155  66670  2   7  66663
156  66728  2   2  66726
157  66731  4   5  33  1  66692
158  66514  2   3  66511
159  66613  3   41  1  66571
160  66680  2   0  66680
161  66740  2   0  66740
162  65774  2   1  65773
163  66610  2   7  66603
164  66730  2   9  66721
165  66728  2   1  66727
166  66736  2   33  66703
167  66004  2   7  65997
168  66585  3   19  1  66565
169  66626  2   70  66556
170  65960  3   0  0  65960
171  66730  2   1  66729
172  66696  3   0  5  66691
173  66138  3   265  0  65873
174  66218  2   2  66216
175  66736  2   2  66734
176  66524  3   1  3  66520
177  66729  3   10  0  66719
178  66740  3   2  0  66738
179  66528  2   0  66528
180  66515  3   1  1  66513
181  66532  2   0  66532
182  66726  2   0  66726
183  66740  2   7  66733
184  66534  2   0  66534
185  66468  2   16  66452
186  53108  2   1  53107
187  66548  3   0  1  66547
188  66728  2   29  66699
189  66724  2   2  66722
190  55274  2   12  55262
191  66560  4   3  1  10  66546
192  66083  3   1  0  66082
193  66579  5   0  1  1  0  66577
194  66178  2   2  66176
195  66586  3   1  0  66585
196  66740  2   10  66730
197  66589  3   3  0  66586
198  66642  2   0  66642
199  66740  2   2  66738
200  66596  2   0  66596
201  66740  2   2  66738
202  66510  3   2  0  66508
203  66458  2   2  66456
204  66600  2   2  66598
205  66740  3   1  14  66725
206  66740  2   0  66740
207  66660  2   552  66108
208  66424  3   1  0  66423

[pop]=6
1  904  3   0  0  904
2  890  2   0  890
3  908  3   0  0  908
4  904  2   0  904
5  906  2   0  906
6  848  2   0  848
7  906  2   0  906
8  884  2   0  884
9  906  4   0  0  0  906
10  885  4   0  0  0  885
11  884  2   0  884
12  890  2   0  890
13  906  3   0  0  906
14  892  4   0  0  0  892
15  906  2   0  906
16  904  3   0  0  904
17  908  3   0  0  908
18  906  2   0  906
19  906  2   1  905
20  900  2   0  900
21  906  5   0  0  0  0  906
22  908  2   0  908
23  906  3   0  0  906
24  906  5   0  0  0  0  906
25  816  3   0  0  816
26  908  2   1  907
27  906  2   0  906
28  904  2   0  904
29  908  2   0  908
30  908  3   0  0  908
31  906  3   0  0  906
32  806  3   0  0  806
33  906  3   0  0  906
34  801  3   4  0  797
35  906  3   0  0  906
36  906  3   0  0  906
37  908  2   0  908
38  898  2   0  898
39  908  2   0  908
40  906  2   0  906
41  790  3   0  0  790
42  906  3   0  0  906
43  908  3   0  0  908
44  908  2   0  908
45  906  4   0  0  0  906
46  908  2   0  908
47  905  4   0  0  1  904
48  908  2   0  908
49  906  2   0  906
50  908  2   0  908
51  908  2   0  908
52  900  3   0  0  900
53  908  2   0  908
54  906  2   0  906
55  908  2   0  908
56  900  3   0  0  900
57  906  2   0  906
58  908  2   0  908
59  906  2   0  906
60  900  3   0  0  900
61  904  4   0  0  1  903
62  904  2   0  904
63  908  2   0  908
64  895  4   0  0  0  895
65  904  3   0  0  904
66  906  2   0  906
67  894  3   0  0  894
68  906  2   0  906
69  890  5   0  0  0  0  890
70  906  2   0  906
71  906  2   1  905
72  890  3   0  0  890
73  906  2   0  906
74  906  2   0  906
75  906  2   0  906
76  904  3   0  0  904
77  908  2   0  908
78  906  2   0  906
79  906  2   0  906
80  899  4   0  0  0  899
81  906  2   0  906
82  463  3   0  0  463
83  900  2   0  900
84  901  3   0  0  901
85  494  3   0  0  494
86  906  3   0  0  906
87  908  3   0  1  907
88  908  3   0  0  908
89  900  2   0  900
90  906  3   0  0  906
91  902  2   0  902
92  554  5   0  0  0  0  554
93  908  2   0  908
94  908  2   0  908
95  902  2   0  902
96  902  2   0  902
97  908  2   0  908
98  908  2   0  908
99  906  2   0  906
100  636  3   0  0  636
101  906  2   0  906
102  902  3   0  0  902
103  666  2   0  666
104  876  2   0  876
105  908  4   0  0  0  908
106  908  3   0  0  908
107  908  2   0  908
108  902  3   0  0  902
109  902  2   0  902
110  702  2   0  702
111  733  4   0  0  0  733
112  908  2   0  908
113  908  2   0  908
114  898  2   1  897
115  906  3   0  0  906
116  902  3   0  0  902
117  902  3   0  0  902
118  776  2   0  776
119  888  2   0  888
120  884  2   193  691
121  900  5   0  0  0  0  900
122  904  3   0  0  904
123  908  3   0  0  908
124  906  2   0  906
125  902  3   0  0  902
126  908  3   0  0  908
127  906  2   0  906
128  904  3   0  0  904
129  892  3   0  0  892
130  896  2   0  896
131  908  2   8  900
132  906  2   0  906
133  908  2   0  908
134  844  3   0  0  844
135  908  3   0  0  908
136  905  3   0  0  905
137  904  2   0  904
138  908  2   0  908
139  906  3   0  0  906
140  850  5   0  0  0  0  850
141  908  2   0  908
142  908  2   0  908
143  906  2   0  906
144  856  3   1  1  854
145  900  2   0  900
146  908  2   0  908
147  856  3   0  1  855
148  900  4   0  0  0  900
149  904  3   0  0  904
150  868  4   0  0  0  868
151  902  3   0  0  902
152  862  3   0  0  862
153  410  2   0  410
154  902  2   0  902
155  906  2   1  905
156  908  2   0  908
157  908  4   0  0  0  908
158  900  2   0  900
159  904  3   0  0  904
160  908  2   0  908
161  908  2   1  907
162  890  2   0  890
163  904  2   0  904
164  908  2   1  907
165  908  2   1  907
166  908  2   1  907
167  894  2   0  894
168  902  3   0  0  902
169  906  2   0  906
170  893  3   0  0  893
171  908  2   0  908
172  908  3   0  0  908
173  896  3   5  0  891
174  898  2   1  897
175  908  2   0  908
176  902  3   0  0  902
177  908  3   0  0  908
178  908  3   0  0  908
179  902  2   0  902
180  904  3   0  0  904
181  904  2   0  904
182  908  2   0  908
183  908  2   0  908
184  904  2   0  904
185  898  2   0  898
186  758  2   0  758
187  904  3   0  0  904
188  908  2   1  907
189  908  2   0  908
190  780  2   0  780
191  904  4   0  0  1  903
192  889  3   0  0  889
193  902  5   0  0  0  0  902
194  896  2   0  896
195  904  3   0  1  903
196  908  2   0  908
197  904  3   0  0  904
198  908  2   0  908
199  908  2   0  908
200  904  2   0  904
201  908  2   0  908
202  900  3   0  0  900
203  902  2   0  902
204  904  2   0  904
205  908  3   0  0  908
206  908  2   0  908
207  906  2   4  902
208  902  3   2  0  900

[pop]=7
1  16472  3   0  0  16472
2  16030  2   11  16019
3  16504  3   0  5  16499
4  16320  2   1  16319
5  16504  2   1  16503
6  16090  2   8  16082
7  16508  2   1  16507
8  15422  2   1  15421
9  16503  4   0  0  0  16503
10  15451  4   0  1  0  15450
11  15964  2   0  15964
12  16456  2   1  16455
13  16500  3   0  0  16500
14  16459  4   3  11  0  16445
15  16498  2   0  16498
16  16484  3   0  0  16484
17  16508  3   0  0  16508
18  16492  2   0  16492
19  16506  2   9  16497
20  15868  2   0  15868
21  16486  5   0  0  0  4  16482
22  16510  2   0  16510
23  16506  3   0  0  16506
24  16486  5   0  0  1  0  16485
25  15751  3   0  0  15751
26  16494  2   25  16469
27  16510  2   0  16510
28  16356  2   0  16356
29  16502  2   0  16502
30  16510  3   0  1  16509
31  16484  3   1  0  16483
32  15610  3   0  0  15610
33  16467  3   0  1  16466
34  15560  3   0  0  15560
35  16510  3   0  0  16510
36  16510  3   0  1  16509
37  16506  2   0  16506
38  16476  2   0  16476
39  16510  2   3  16507
40  16456  2   0  16456
41  15406  3   0  0  15406
42  16510  3   0  1  16509
43  16508  3   0  0  16508
44  16510  2   2  16508
45  16451  4   1  0  0  16450
46  16508  2   0  16508
47  16438  4   1  0  0  16437
48  16508  2   2  16506
49  16488  2   1  16487
50  16510  2   2  16508
51  16454  2   0  16454
52  16480  3   0  3  16477
53  16510  2   0  16510
54  16482  2   0  16482
55  16504  2   0  16504
56  16370  3   0  0  16370
57  16512  2   0  16512
58  16504  2   0  16504
59  16508  2   0  16508
60  16360  3   0  2  16358
61  16494  4   0  1  0  16493
62  16492  2   0  16492
63  16474  2   0  16474
64  16259  4   10  1  1  16247
65  16488  3   23  0  16465
66  16446  2   1  16445
67  16212  3   0  1  16211
68  16508  2   0  16508
69  16190  5   0  0  0  0  16190
70  16508  2   0  16508
71  16506  2   0  16506
72  16141  3   0  0  16141
73  16506  2   0  16506
74  16508  2   0  16508
75  16500  2   0  16500
76  16441  3   0  0  16441
77  16494  2   0  16494
78  16504  2   0  16504
79  16506  2   0  16506
80  16489  4   0  1  0  16488
81  16502  2   0  16502
82  9787  3   0  2  9785
83  16492  2   1  16491
84  16417  3   0  0  16417
85  10056  3   0  0  10056
86  16408  3   1  3  16404
87  16508  3   0  0  16508
88  16496  3   0  0  16496
89  16492  2   2  16490
90  16430  3   0  1  16429
91  16494  2   0  16494
92  11048  5   0  1  1  0  11046
93  16488  2   0  16488
94  16508  2   0  16508
95  16492  2   0  16492
96  16438  2   0  16438
97  16490  2   0  16490
98  16508  2   0  16508
99  16494  2   2  16492
100  12147  3   2  1  12144
101  16494  2   0  16494
102  16493  3   0  0  16493
103  12440  2   0  12440
104  16352  2   0  16352
105  16512  4   1  0  0  16511
106  16506  3   1  0  16505
107  16510  2   1  16509
108  16459  3   4  1  16454
109  16466  2   0  16466
110  13032  2   0  13032
111  13501  4   0  0  0  13501
112  16512  2   0  16512
113  16508  2   0  16508
114  15664  2   0  15664
115  16494  3   0  0  16494
116  16486  3   1  0  16485
117  16496  3   0  0  16496
118  14164  2   0  14164
119  16494  2   0  16494
120  14570  2   2402  12168
121  16498  5   2  1  1  1  16493
122  16488  3   0  2  16486
123  16512  3   1  0  16511
124  16484  2   0  16484
125  16496  3   1  0  16495
126  16512  3   0  2  16510
127  16468  2   0  16468
128  16498  3   0  0  16498
129  16508  3   0  0  16508
130  16508  2   0  16508
131  16504  2   22  16482
132  16410  2   0  16410
133  16498  2   0  16498
134  15360  3   0  5  15355
135  16512  3   0  0  16512
136  16382  3   0  0  16382
137  16506  2   11  16495
138  16512  2   0  16512
139  16351  3   0  3  16348
140  15534  5   0  0  0  0  15534
141  16512  2   2  16510
142  16512  2   1  16511
143  16344  2   0  16344
144  15674  3   0  0  15674
145  16510  2   2  16508
146  16512  2   5  16507
147  15688  3   0  0  15688
148  16510  4   1  0  0  16509
149  16422  3   0  0  16422
150  15864  4   0  0  0  15864
151  16512  3   0  1  16511
152  14078  3   0  1  14077
153  6714  2   0  6714
154  16500  2   0  16500
155  16488  2   1  16487
156  16512  2   0  16512
157  16508  4   0  0  0  16508
158  16498  2   0  16498
159  16511  3   0  0  16511
160  16492  2   0  16492
161  16512  2   0  16512
162  15328  2   0  15328
163  16512  2   0  16512
164  16512  2   1  16511
165  16512  2   1  16511
166  16510  2   50  16460
167  15614  2   0  15614
168  16512  3   2  2  16508
169  16400  2   0  16400
170  16287  3   4  0  16283
171  16512  2   1  16511
172  16504  3   0  0  16504
173  16326  3   228  0  16098
174  16354  2   1  16353
175  16510  2   2  16508
176  16495  3   2  0  16493
177  16512  3   0  0  16512
178  16512  3   0  3  16509
179  16494  2   2  16492
180  16405  3   0  0  16405
181  16512  2   38  16474
182  16512  2   0  16512
183  16512  2   0  16512
184  16512  2   0  16512
185  16210  2   1  16209
186  13884  2   0  13884
187  16402  3   1  0  16401
188  16512  2   0  16512
189  16512  2   0  16512
190  14276  2   0  14276
191  16404  4   1  0  1  16402
192  15470  3   0  1  15469
193  16406  5   1  0  0  0  16405
194  15706  2   0  15706
195  16402  3   0  0  16402
196  16510  2   1  16509
197  16512  3   0  4  16508
198  16510  2   0  16510
199  16510  2   0  16510
200  16394  2   0  16394
201  16512  2   24  16488
202  16402  3   0  1  16401
203  16512  2   0  16512
204  16386  2   0  16386
205  16512  3   0  1  16511
206  16510  2   2  16508
207  16478  2   61  16417
208  16510  3   0  0  16510

