[loci]=528

[populations]=7

[pop]=1
1  10320  3   0  0  10320
2  10406  2   0  10406
3  10208  2   164  10044
4  10406  2   38  10368
5  10392  5   26  0  0  0  10366
6  1102  3   0  0  1102
7  10406  2   2  10404
8  9836  2   0  9836
9  10406  2   0  10406
10  10136  2   0  10136
11  10180  3   2827  0  7353
12  10138  2   11  10127
13  10406  3   0  1  10405
14  10391  3   0  0  10391
15  10352  2   0  10352
16  10206  3   0  0  10206
17  9750  2   0  9750
18  798  2   7  791
19  9909  3   199  1  9709
20  10406  2   0  10406
21  10186  2   0  10186
22  10136  2   14  10122
23  10405  3   0  0  10405
24  10398  3   1  0  10397
25  10144  2   32  10112
26  9967  3   0  0  9967
27  10358  2   0  10358
28  4134  2   0  4134
29  9946  3   0  0  9946
30  9641  3   1  0  9640
31  10406  2   0  10406
32  9512  3   0  8  9504
33  10368  4   0  0  0  10368
34  10184  3   0  0  10184
35  8082  2   24  8058
36  10242  3   1  0  10241
37  10406  2   0  10406
38  10126  2   0  10126
39  10378  2   0  10378
40  10406  4   0  0  0  10406
41  10406  3   1  0  10405
42  10334  2   0  10334
43  1784  2   0  1784
44  10400  2   0  10400
45  10382  3   0  0  10382
46  10273  3   0  0  10273
47  10070  2   0  10070
48  10259  3   1  1  10257
49  9768  2   0  9768
50  10346  2   3  10343
51  10199  3   1  1  10197
52  10406  2   17  10389
53  10338  2   0  10338
54  10404  3   0  4  10400
55  9572  2   0  9572
56  10357  4   14  0  0  10343
57  5566  2   1921  3645
58  10256  2   0  10256
59  10404  2   2  10402
60  10216  3   0  0  10216
61  10406  2   0  10406
62  10230  3   1  0  10229
63  9770  2   8  9762
64  10406  3   0  0  10406
65  10388  3   7  0  10381
66  10286  2   228  10058
67  9779  3   0  0  9779
68  10404  3   1  0  10403
69  10366  3   0  0  10366
70  10406  3   0  0  10406
71  10282  3   0  0  10282
72  10359  3   0  0  10359
73  3574  2   0  3574
74  5128  2   0  5128
75  10404  2   0  10404
76  10406  3   1  0  10405
77  10406  2   1  10405
78  10405  3   0  0  10405
79  10394  3   0  0  10394
80  10114  2   1  10113
81  10384  2   55  10329
82  10406  2   0  10406
83  10406  3   1  0  10405
84  10354  3   1  0  10353
85  10126  2   0  10126
86  4016  3   0  0  4016
87  10392  3   3  0  10389
88  9820  2   3  9817
89  10406  2   0  10406
90  10406  3   2  0  10404
91  560  2   2  558
92  10398  2   2  10396
93  9788  3   0  1  9787
94  10318  2   14  10304
95  10400  2   1  10399
96  10158  3   0  0  10158
97  10406  4   1  0  0  10405
98  10262  2   1  10261
99  9847  3   0  0  9847
100  10395  3   0  0  10395
101  10406  3   0  0  10406
102  9650  2   0  9650
103  7494  2   0  7494
104  10394  2   0  10394
105  10388  2   0  10388
106  10406  3   0  0  10406
107  10324  2   2  10322
108  10406  3   0  0  10406
109  10406  3   0  0  10406
110  10386  2   0  10386
111  7370  2   0  7370
112  9792  2   1  9791
113  10406  3   0  1  10405
114  10400  3   0  0  10400
115  10406  3   0  0  10406
116  9876  2   0  9876
117  10357  3   0  4  10353
118  10388  2   2  10386
119  10404  2   1  10403
120  10271  4   0  0  4  10267
121  10400  3   0  0  10400
122  10400  2   0  10400
123  10388  2   0  10388
124  10398  2   0  10398
125  4806  2   0  4806
126  10404  2   69  10335
127  10398  3   1  0  10397
128  10356  3   0  0  10356
129  10406  3   0  0  10406
130  10366  2   0  10366
131  10399  4   0  0  0  10399
132  10400  2   392  10008
133  10328  3   0  0  10328
134  10398  2   0  10398
135  10406  2   0  10406
136  646  2   48  598
137  6826  4   1  0  0  6825
138  10326  2   3  10323
139  10400  2   0  10400
140  2074  3   1482  0  592
141  10368  4   1  18  0  10349
142  10366  2   2  10364
143  10406  4   0  222  4  10180
144  10321  3   0  12  10309
145  10134  3   1  0  10133
146  10406  2   0  10406
147  10313  3   0  0  10313
148  10398  2   99  10299
149  10390  3   0  3  10387
150  10398  2   70  10328
151  662  2   34  628
152  9758  2   1  9757
153  10398  3   0  0  10398
154  10304  2   0  10304
155  9808  2   0  9808
156  2905  3   1  0  2904
157  10404  2   2685  7719
158  2122  2   954  1168
159  10277  3   0  0  10277
160  10394  4   0  0  0  10394
161  10398  3   0  0  10398
162  10232  3   0  0  10232
163  10204  2   5  10199
164  10406  2   4  10402
165  10406  3   0  0  10406
166  10378  3   0  2  10376
167  682  2   35  647
168  6241  4   0  0  0  6241
169  10308  2   1  10307
170  10375  3   1  0  10374
171  9966  3   0  0  9966
172  10377  3   0  1  10376
173  10406  3   0  1  10405
174  10393  3   0  1  10392
175  10258  2   76  10182
176  800  2   777  23
177  10406  2   0  10406
178  10402  4   44  0  1  10357
179  10398  2   0  10398
180  10291  3   0  2  10289
181  9806  3   0  0  9806
182  4912  2   0  4912
183  1616  2   0  1616
184  10382  2   0  10382
185  10402  2   0  10402
186  10285  3   0  0  10285
187  10404  3   0  0  10404
188  10406  2   0  10406
189  10406  2   0  10406
190  9776  2   0  9776
191  10400  2   5  10395
192  10400  5   0  0  0  1  10399
193  5779  3   0  0  5779
194  10253  3   0  0  10253
195  10406  3   0  2  10404
196  10241  4   46  0  0  10195
197  10402  3   5014  0  5388
198  10322  2   2844  7478
199  1528  3   0  0  1528
200  10406  2   1  10405
201  10374  2   1  10373
202  10396  3   41  0  10355
203  10400  3   0  0  10400
204  10406  2   2  10404
205  10406  3   0  1  10405
206  10406  2   0  10406
207  10398  3   0  0  10398
208  10272  2   0  10272
209  2658  3   0  0  2658
210  1436  2   0  1436
211  10228  2   5  10223
212  10393  3   9  0  10384
213  10388  3   0  0  10388
214  10406  2   0  10406
215  10406  2   1  10405
216  10248  2   0  10248
217  10272  3   0  0  10272
218  10020  3   0  0  10020
219  10406  4   0  17  0  10389
220  10406  3   0  0  10406
221  10243  3   0  0  10243
222  3988  2   0  3988
223  10214  4   0  0  0  10214
224  10032  2   0  10032
225  10402  3   0  0  10402
226  10406  3   83  0  10323
227  9790  2   0  9790
228  10356  2   0  10356
229  10406  2   0  10406
230  10406  2   2  10404
231  10406  2   0  10406
232  10406  2   0  10406
233  10398  4   0  0  1  10397
234  1224  2   0  1224
235  10406  2   4  10402
236  9626  2   1  9625
237  10398  2   0  10398
238  10402  3   0  0  10402
239  9943  3   1  1  9941
240  9732  2   0  9732
241  10402  2   3  10399
242  10328  3   0  0  10328
243  10406  3   0  0  10406
244  10403  4   0  1  0  10402
245  10406  2   0  10406
246  10294  2   0  10294
247  10402  4   0  0  1  10401
248  10210  2   0  10210
249  9806  2   0  9806
250  10388  3   0  0  10388
251  10406  2   23  10383
252  10396  2   2  10394
253  10402  2   879  9523
254  9796  2   5  9791
255  10402  2   0  10402
256  10404  2   0  10404
257  10366  2   0  10366
258  10406  2   0  10406
259  10360  2   0  10360
260  10402  2   6416  3986
261  10406  2   0  10406
262  9798  2   1  9797
263  9806  4   0  0  0  9806
264  10129  3   0  0  10129
265  10402  2   0  10402
266  4136  2   0  4136
267  9806  3   0  0  9806
268  10132  3   0  0  10132
269  10372  2   0  10372
270  10086  2   3  10083
271  10358  3   0  0  10358
272  10390  3   0  0  10390
273  9800  2   0  9800
274  10398  3   0  0  10398
275  10174  3   0  0  10174
276  10191  4   1  0  0  10190
277  9808  2   2  9806
278  10405  3   1  11  10393
279  10406  2   0  10406
280  10398  2   0  10398
281  10110  3   0  0  10110
282  10406  2   0  10406
283  10406  4   0  567  0  9839
284  10398  2   4  10394
285  3816  2   0  3816
286  10178  2   12  10166
287  10148  3   2901  1  7246
288  10406  3   0  0  10406
289  10406  3   0  2  10404
290  10328  2   0  10328
291  10398  3   0  0  10398
292  10404  2   0  10404
293  10406  3   0  0  10406
294  10367  3   0  0  10367
295  10406  2   0  10406
296  9800  2   0  9800
297  1970  3   1  0  1969
298  10131  3   0  153  9978
299  10406  2   1921  8485
300  10406  2   4  10402
301  9800  3   1  0  9799
302  10398  2   0  10398
303  10406  2   0  10406
304  10270  2   0  10270
305  10156  3   0  1  10155
306  10400  2   0  10400
307  9800  4   1  0  0  9799
308  10404  2   0  10404
309  10166  3   0  0  10166
310  9806  3   0  0  9806
311  10398  2   1823  8575
312  10168  2   0  10168
313  9994  2   0  9994
314  10406  2   1  10405
315  10388  2   1989  8399
316  10162  2   0  10162
317  10402  2   0  10402
318  10406  2   0  10406
319  10396  2   0  10396
320  2794  2   0  2794
321  10320  2   0  10320
322  10386  2   0  10386
323  10380  2   0  10380
324  10174  3   0  0  10174
325  10406  3   0  0  10406
326  2622  2   2  2620
327  10342  3   1  0  10341
328  10322  2   0  10322
329  10406  2   0  10406
330  9800  3   0  0  9800
331  10404  3   0  0  10404
332  2587  3   0  0  2587
333  10192  3   1  0  10191
334  9806  4   0  1  6  9799
335  10404  2   0  10404
336  10356  3   0  0  10356
337  10376  2   7  10369
338  10185  3   0  0  10185
339  10401  3   1  0  10400
340  776  2   2  774
341  10188  2   3  10185
342  10406  2   5  10401
343  10402  2   0  10402
344  10360  3   0  0  10360
345  10396  2   0  10396
346  10196  3   0  0  10196
347  10362  2   0  10362
348  10402  4   0  9  0  10393
349  10400  2   0  10400
350  10406  2   0  10406
351  10199  3   0  0  10199
352  10406  3   21  4  10381
353  10218  2   0  10218
354  10308  2   0  10308
355  10406  2   0  10406
356  3891  4   0  0  0  3891
357  10402  2   0  10402
358  10406  2   1  10405
359  10406  2   1  10405
360  10392  2   0  10392
361  10238  2   0  10238
362  10369  4   1  0  0  10368
363  10370  3   0  0  10370
364  10200  3   4  0  10196
365  10406  2   0  10406
366  10348  2   1  10347
367  10214  3   0  0  10214
368  10406  3   1  0  10405
369  10292  3   0  0  10292
370  10223  3   0  0  10223
371  10348  2   1  10347
372  10402  3   1  0  10401
373  10400  3   0  0  10400
374  10406  3   0  0  10406
375  10402  2   0  10402
376  9802  2   11  9791
377  10224  2   0  10224
378  10194  2   0  10194
379  10402  2   6  10396
380  798  2   718  80
381  10394  2   0  10394
382  10316  3   4  0  10312
383  10220  2   0  10220
384  10360  2   0  10360
385  10406  3   0  0  10406
386  10196  3   1  0  10195
387  10406  2   0  10406
388  10363  3   0  0  10363
389  10326  3   0  1  10325
390  10404  3   0  0  10404
391  10394  2   0  10394
392  10367  3   0  2  10365
393  4510  2   301  4209
394  10346  2   0  10346
395  10406  2   0  10406
396  10362  2   0  10362
397  10404  2   0  10404
398  10396  2   0  10396
399  10406  3   0  0  10406
400  10368  2   0  10368
401  10346  2   0  10346
402  10364  2   0  10364
403  10402  2   0  10402
404  10204  3   0  0  10204
405  10358  2   0  10358
406  10404  2   1549  8855
407  10254  2   0  10254
408  10370  2   1  10369
409  10406  2   0  10406
410  10404  2   0  10404
411  10404  2   0  10404
412  10236  2   5  10231
413  10338  3   0  0  10338
414  10406  2   33  10373
415  10406  2   0  10406
416  10404  2   49  10355
417  10404  2   0  10404
418  10238  2   0  10238
419  10336  2   1  10335
420  4684  2   0  4684
421  10406  2   0  10406
422  10362  2   0  10362
423  10392  3   0  1  10391
424  10152  2   0  10152
425  10406  3   0  0  10406
426  4694  3   0  0  4694
427  10320  2   0  10320
428  10406  2   0  10406
429  10143  4   6  0  0  10137
430  10406  2   0  10406
431  10204  3   0  0  10204
432  10406  3   0  0  10406
433  9802  2   242  9560
434  10406  2   0  10406
435  10394  2   2  10392
436  10406  2   0  10406
437  1184  2   0  1184
438  10404  3   0  2  10402
439  10366  2   0  10366
440  10400  2   0  10400
441  10202  4   0  0  0  10202
442  10356  3   0  0  10356
443  1114  2   0  1114
444  10102  2   0  10102
445  9804  2   0  9804
446  10361  3   0  0  10361
447  10364  3   0  1  10363
448  10406  2   24  10382
449  10396  2   0  10396
450  10392  2   2  10390
451  10406  3   0  2  10404
452  10406  3   0  0  10406
453  9804  2   0  9804
454  10396  2   2  10394
455  10008  3   0  0  10008
456  10404  2   12  10392
457  10384  3   0  3  10381
458  10406  2   0  10406
459  10404  3   0  0  10404
460  10404  3   0  0  10404
461  10396  2   0  10396
462  10406  3   3  0  10403
463  10364  2   0  10364
464  10398  3   0  0  10398
465  5022  3   0  0  5022
466  10404  2   2  10402
467  9962  3   0  0  9962
468  10404  2   0  10404
469  10364  2   1  10363
470  10174  2   2  10172
471  10242  2   2  10240
472  10088  2   0  10088
473  10342  2   0  10342
474  10017  3   1  9  10007
475  10404  3   3  0  10401
476  10402  2   0  10402
477  10348  2   0  10348
478  10135  3   209  0  9926
479  10406  2   0  10406
480  10342  3   0  0  10342
481  10396  2   4  10392
482  10390  3   0  0  10390
483  10402  3   0  1  10401
484  9800  3   0  0  9800
485  10378  2   1  10377
486  10404  3   0  2  10402
487  10402  2   0  10402
488  10406  2   1  10405
489  10366  3   0  0  10366
490  10404  3   0  0  10404
491  10334  2   2  10332
492  10208  2   0  10208
493  10396  2   91  10305
494  10372  2   0  10372
495  10400  3   0  0  10400
496  9796  2   0  9796
497  10402  2   0  10402
498  10364  3   0  0  10364
499  10404  2   0  10404
500  10326  2   0  10326
501  10404  5   0  0  0  0  10404
502  10366  3   0  0  10366
503  10404  2   0  10404
504  10396  3   1446  0  8950
505  10376  3   0  0  10376
506  10092  3   0  0  10092
507  10390  3   0  1  10389
508  10233  3   0  1  10232
509  5268  2   0  5268
510  9796  2   0  9796
511  10094  2   0  10094
512  10404  3   0  0  10404
513  10100  2   0  10100
514  5286  2   0  5286
515  10396  2   1  10395
516  10374  2   0  10374
517  10404  2   0  10404
518  10354  2   0  10354
519  10018  2   0  10018
520  5293  3   0  2  5291
521  10072  2   0  10072
522  10374  4   0  0  0  10374
523  10063  3   223  1  9839
524  10406  2   2  10404
525  10186  2   0  10186
526  10404  2   0  10404
527  10078  3   2  0  10076
528  10378  3   0  1  10377

[pop]=2
1  11554  3   0  0  11554
2  11548  2   0  11548
3  11406  2   10  11396
4  11578  2   2  11576
5  11542  5   7  0  0  0  11535
6  260  3   0  0  260
7  11578  2   0  11578
8  11536  2   0  11536
9  11578  2   0  11578
10  11522  2   2  11520
11  11535  3   6356  0  5179
12  11384  2   0  11384
13  11576  3   0  0  11576
14  11544  3   0  0  11544
15  11548  2   0  11548
16  11551  3   0  0  11551
17  11520  2   2  11518
18  224  2   0  224
19  11543  3   19  0  11524
20  11578  2   0  11578
21  11544  2   0  11544
22  11392  2   1  11391
23  11576  3   0  0  11576
24  11578  3   0  0  11578
25  11560  2   0  11560
26  11548  3   0  0  11548
27  11550  2   1  11549
28  5606  2   0  5606
29  11498  3   0  0  11498
30  11455  3   0  1  11454
31  11576  2   0  11576
32  11397  3   0  1  11396
33  11554  4   0  0  0  11554
34  11562  3   0  0  11562
35  11206  2   136  11070
36  11552  3   0  0  11552
37  11578  2   0  11578
38  11568  2   0  11568
39  11558  2   3  11555
40  11578  4   0  1  0  11577
41  11578  3   0  1  11577
42  11538  2   0  11538
43  1900  2   9  1891
44  11578  2   1  11577
45  11558  3   0  0  11558
46  11567  3   0  0  11567
47  11558  2   0  11558
48  11551  3   0  0  11551
49  11544  2   0  11544
50  11578  2   0  11578
51  11570  3   0  1  11569
52  11578  2   0  11578
53  11422  2   0  11422
54  11562  3   0  0  11562
55  11418  2   0  11418
56  11578  4   0  0  0  11578
57  6690  2   370  6320
58  11570  2   0  11570
59  11578  2   0  11578
60  11560  3   0  27  11533
61  11578  2   1  11577
62  11545  3   0  0  11545
63  11476  2   0  11476
64  11578  3   0  0  11578
65  11560  3   0  0  11560
66  11554  2   10  11544
67  11549  3   0  0  11549
68  11576  3   2  0  11574
69  11541  3   0  0  11541
70  11576  3   0  0  11576
71  11466  3   0  0  11466
72  11425  3   0  0  11425
73  1808  2   0  1808
74  6734  2   0  6734
75  11576  2   0  11576
76  11578  3   0  0  11578
77  11578  2   0  11578
78  11553  3   1  0  11552
79  11556  3   0  1  11555
80  11562  2   0  11562
81  11578  2   114  11464
82  11574  2   3  11571
83  11546  3   0  0  11546
84  11570  3   0  0  11570
85  11562  2   0  11562
86  6264  3   0  0  6264
87  11572  3   0  0  11572
88  11490  2   0  11490
89  11578  2   0  11578
90  11578  3   0  0  11578
91  178  2   0  178
92  11564  2   0  11564
93  11564  3   6  0  11558
94  11468  2   2  11466
95  11578  2   0  11578
96  11564  3   0  0  11564
97  11578  4   0  1  1  11576
98  11548  2   0  11548
99  11491  3   1  0  11490
100  11430  3   0  0  11430
101  11554  3   0  0  11554
102  11444  2   0  11444
103  10550  2   0  10550
104  11574  2   0  11574
105  11574  2   0  11574
106  11578  3   0  0  11578
107  11530  2   0  11530
108  11578  3   0  0  11578
109  11546  3   0  0  11546
110  11572  2   0  11572
111  10288  2   48  10240
112  11566  2   0  11566
113  11577  3   0  0  11577
114  11564  3   0  1  11563
115  11576  3   0  2  11574
116  11500  2   0  11500
117  11482  3   0  0  11482
118  11572  2   1  11571
119  11576  2   0  11576
120  11554  4   0  0  0  11554
121  11578  3   0  0  11578
122  11566  2   0  11566
123  11572  2   0  11572
124  11574  2   0  11574
125  7026  2   0  7026
126  11574  2   111  11463
127  11546  3   0  0  11546
128  11534  3   0  0  11534
129  11578  3   1  0  11577
130  11486  2   0  11486
131  11445  4   1  10  0  11434
132  11574  2   24  11550
133  11524  3   0  0  11524
134  11556  2   0  11556
135  11578  2   0  11578
136  188  2   1  187
137  9381  4   0  0  0  9381
138  11552  2   3  11549
139  11574  2   0  11574
140  374  3   190  0  184
141  11569  4   0  0  0  11569
142  11534  2   0  11534
143  11543  4   0  12  2  11529
144  11549  3   0  0  11549
145  11547  3   1  0  11546
146  11578  2   0  11578
147  11514  3   0  0  11514
148  11454  2   309  11145
149  11576  3   0  1  11575
150  11446  2   4  11442
151  192  2   0  192
152  11466  2   8  11458
153  11576  3   0  0  11576
154  11542  2   2  11540
155  11568  2   8  11560
156  805  3   0  0  805
157  11572  2   6573  4999
158  360  2   62  298
159  11511  3   0  0  11511
160  11578  4   0  0  0  11578
161  11576  3   0  0  11576
162  11560  3   0  0  11560
163  11550  2   0  11550
164  11578  2   1  11577
165  11573  3   0  0  11573
166  11492  3   0  0  11492
167  198  2   0  198
168  8511  4   0  0  0  8511
169  11534  2   0  11534
170  11538  3   0  0  11538
171  11520  3   0  0  11520
172  11493  3   0  0  11493
173  11578  3   0  0  11578
174  11578  3   0  0  11578
175  11510  2   5  11505
176  212  2   211  1
177  11542  2   1  11541
178  11568  4   122  0  0  11446
179  11576  2   2  11574
180  11534  3   0  0  11534
181  11568  3   0  0  11568
182  7242  2   0  7242
183  316  2   0  316
184  11498  2   0  11498
185  11462  2   0  11462
186  11532  3   0  0  11532
187  11576  3   0  0  11576
188  11578  2   0  11578
189  11554  2   0  11554
190  11486  2   0  11486
191  11568  2   1  11567
192  11576  5   0  0  0  5  11571
193  7569  3   0  1  7568
194  11564  3   0  0  11564
195  11578  3   0  0  11578
196  11502  4   0  0  0  11502
197  11574  3   1680  0  9894
198  11560  2   6376  5184
199  306  3   0  0  306
200  11578  2   1  11577
201  11576  2   0  11576
202  11572  3   4  0  11568
203  11576  3   0  0  11576
204  11568  2   0  11568
205  11578  3   3  0  11575
206  11520  2   0  11520
207  11568  3   0  0  11568
208  11530  2   0  11530
209  572  3   0  0  572
210  304  2   0  304
211  11488  2   1  11487
212  11570  3   1  18  11551
213  11502  3   0  0  11502
214  11578  2   0  11578
215  11512  2   1  11511
216  11560  2   0  11560
217  11530  3   0  0  11530
218  11514  3   0  0  11514
219  11576  4   0  0  0  11576
220  11523  3   0  0  11523
221  11561  3   1  0  11560
222  5774  2   0  5774
223  11481  4   0  0  0  11481
224  11506  2   0  11506
225  11488  3   0  0  11488
226  11500  3   1  0  11499
227  11508  2   0  11508
228  11562  2   0  11562
229  11578  2   0  11578
230  11578  2   32  11546
231  11558  2   0  11558
232  11518  2   0  11518
233  11564  4   0  0  0  11564
234  270  2   0  270
235  11578  2   0  11578
236  10742  2   0  10742
237  11566  2   0  11566
238  11576  3   0  4  11572
239  11531  3   0  2  11529
240  10866  2   0  10866
241  11554  2   0  11554
242  11558  3   0  0  11558
243  11561  3   0  0  11561
244  11484  4   0  0  0  11484
245  11574  2   0  11574
246  11564  2   0  11564
247  11576  4   0  0  0  11576
248  11560  2   0  11560
249  11568  2   0  11568
250  11568  3   0  0  11568
251  11558  2   2  11556
252  11508  2   0  11508
253  11468  2   37  11431
254  11514  2   0  11514
255  11576  2   0  11576
256  11578  2   0  11578
257  11572  2   0  11572
258  11578  2   0  11578
259  11574  2   0  11574
260  11520  2   5828  5692
261  11502  2   0  11502
262  11514  2   0  11514
263  11568  4   0  0  0  11568
264  11551  3   0  0  11551
265  11536  2   2  11534
266  4918  2   0  4918
267  11567  3   0  6  11561
268  11552  3   0  0  11552
269  11570  2   1  11569
270  11172  2   1  11171
271  11572  3   0  0  11572
272  11544  3   0  0  11544
273  11512  2   2  11510
274  11566  3   0  0  11566
275  11566  3   0  0  11566
276  11480  4   0  0  0  11480
277  11568  2   0  11568
278  11578  3   0  3  11575
279  11578  2   0  11578
280  11554  2   0  11554
281  11496  3   0  0  11496
282  11574  2   0  11574
283  11506  4   0  95  0  11411
284  11566  2   6  11560
285  4446  2   0  4446
286  11566  2   1  11565
287  11430  3   2610  0  8820
288  11562  3   0  0  11562
289  11510  3   0  0  11510
290  11558  2   0  11558
291  11566  3   0  0  11566
292  11576  2   0  11576
293  11578  3   0  0  11578
294  11565  3   0  0  11565
295  11506  2   0  11506
296  11526  2   2  11524
297  245  3   0  0  245
298  11486  3   0  404  11082
299  11538  2   3915  7623
300  11512  2   0  11512
301  11522  3   0  0  11522
302  11566  2   0  11566
303  11578  2   0  11578
304  11566  2   1  11565
305  11426  3   0  1  11425
306  11478  2   54  11424
307  11529  4   1  0  0  11528
308  11576  2   0  11576
309  11566  3   0  0  11566
310  11570  3   0  2  11568
311  11578  2   161  11417
312  11566  2   0  11566
313  11274  2   0  11274
314  11576  2   0  11576
315  11540  2   122  11418
316  11500  2   0  11500
317  11550  2   0  11550
318  11574  2   0  11574
319  11564  2   8  11556
320  2988  2   0  2988
321  11572  2   0  11572
322  11574  2   0  11574
323  11548  2   2  11546
324  11491  3   0  0  11491
325  11512  3   0  0  11512
326  2744  2   4  2740
327  11572  3   0  0  11572
328  11568  2   0  11568
329  11504  2   0  11504
330  11530  3   0  0  11530
331  11576  3   0  0  11576
332  2709  3   0  0  2709
333  11567  3   0  3  11564
334  11570  4   0  0  0  11570
335  11578  2   0  11578
336  11574  3   0  0  11574
337  11546  2   1  11545
338  11494  3   1  0  11493
339  11544  3   1  0  11543
340  200  2   1  199
341  11568  2   1  11567
342  11542  2   1  11541
343  11538  2   0  11538
344  11560  3   0  0  11560
345  11562  2   0  11562
346  11568  3   0  0  11568
347  11576  2   0  11576
348  11547  4   0  0  0  11547
349  11466  2   0  11466
350  11506  2   0  11506
351  11568  3   0  0  11568
352  11578  3   2  0  11576
353  11424  2   1  11423
354  11576  2   0  11576
355  11578  2   0  11578
356  2510  4   0  1  1  2508
357  11468  2   0  11468
358  11572  2   11  11561
359  11504  2   0  11504
360  11564  2   0  11564
361  11428  2   0  11428
362  11576  4   0  0  0  11576
363  11532  3   0  0  11532
364  11485  3   6  0  11479
365  11578  2   0  11578
366  11542  2   5  11537
367  11568  3   0  0  11568
368  11578  3   0  0  11578
369  11471  3   0  0  11471
370  11352  3   0  0  11352
371  11542  2   1  11541
372  11548  3   0  0  11548
373  11463  3   0  5  11458
374  11489  3   19  0  11470
375  11576  2   1  11575
376  11568  2   1  11567
377  11356  2   0  11356
378  11492  2   0  11492
379  11548  2   0  11548
380  208  2   202  6
381  11562  2   0  11562
382  11490  3   0  0  11490
383  11358  2   3  11355
384  11548  2   0  11548
385  11578  3   0  0  11578
386  11485  3   0  1  11484
387  11488  2   0  11488
388  11558  3   0  0  11558
389  11499  3   0  0  11499
390  11578  3   0  0  11578
391  11572  2   0  11572
392  11549  3   0  0  11549
393  3252  2   71  3181
394  11550  2   0  11550
395  11484  2   0  11484
396  11564  2   1  11563
397  11578  2   0  11578
398  11576  2   0  11576
399  11578  3   18  1  11559
400  11550  2   0  11550
401  11550  2   0  11550
402  11562  2   0  11562
403  11576  2   0  11576
404  11566  3   2  0  11564
405  11510  2   0  11510
406  11578  2   92  11486
407  11574  2   0  11574
408  11552  2   0  11552
409  11578  2   0  11578
410  11578  2   2  11576
411  11578  2   0  11578
412  11574  2   0  11574
413  11520  3   0  0  11520
414  11470  2   1  11469
415  11578  2   0  11578
416  11578  2   2  11576
417  11578  2   0  11578
418  11574  2   2  11572
419  11510  2   0  11510
420  3668  2   0  3668
421  11470  2   0  11470
422  11560  2   0  11560
423  11565  3   0  0  11565
424  11558  2   0  11558
425  11578  3   1  0  11577
426  3696  3   0  0  3696
427  11550  2   0  11550
428  11568  2   0  11568
429  11558  4   2  0  0  11556
430  11578  2   0  11578
431  11377  3   0  0  11377
432  11481  3   0  0  11481
433  11550  2   14  11536
434  11576  2   0  11576
435  11434  2   0  11434
436  11474  2   2  11472
437  964  2   0  964
438  11578  3   1  1  11576
439  11554  2   1  11553
440  11578  2   0  11578
441  11365  4   3  1  0  11361
442  11560  3   0  0  11560
443  898  2   0  898
444  11558  2   0  11558
445  11572  2   0  11572
446  11554  3   0  0  11554
447  11550  3   0  2  11548
448  11546  2   1  11545
449  11552  2   0  11552
450  11430  2   0  11430
451  11578  3   0  0  11578
452  11477  3   0  1  11476
453  11554  2   0  11554
454  11576  2   0  11576
455  11551  3   0  0  11551
456  11578  2   1  11577
457  11562  3   0  0  11562
458  11576  2   0  11576
459  11566  3   0  0  11566
460  11576  3   0  0  11576
461  11550  2   7  11543
462  11578  3   0  0  11578
463  11552  2   0  11552
464  11578  3   0  0  11578
465  4330  3   0  2  4328
466  11566  2   1  11565
467  11546  3   0  0  11546
468  11576  2   4  11572
469  11554  2   1  11553
470  11326  2   0  11326
471  11534  2   0  11534
472  11474  2   0  11474
473  11558  2   0  11558
474  11549  3   1  3  11545
475  11576  3   0  0  11576
476  11554  2   0  11554
477  11538  2   2  11536
478  11574  3   625  0  10949
479  11578  2   5  11573
480  11537  3   2  0  11535
481  11578  2   0  11578
482  11565  3   0  0  11565
483  11479  3   0  0  11479
484  11561  3   0  0  11561
485  11568  2   0  11568
486  11573  3   0  6  11567
487  11558  2   5  11553
488  11578  2   0  11578
489  11554  3   0  0  11554
490  11578  3   0  0  11578
491  11532  2   0  11532
492  11532  2   0  11532
493  11552  2   8  11544
494  11418  2   0  11418
495  11482  3   0  0  11482
496  11574  2   3  11571
497  11560  2   0  11560
498  11554  3   2  0  11552
499  11578  2   0  11578
500  11516  2   2  11514
501  11536  5   13  0  0  0  11523
502  11413  3   0  0  11413
503  11566  2   0  11566
504  11464  3   3567  0  7897
505  11566  3   0  0  11566
506  11560  3   0  0  11560
507  11569  3   0  3  11566
508  11481  3   0  1  11480
509  4892  2   0  4892
510  11558  2   0  11558
511  11546  2   1  11545
512  11578  3   2  0  11576
513  11564  2   0  11564
514  4994  2   0  4994
515  11556  2   0  11556
516  11564  2   1  11563
517  11564  2   0  11564
518  11548  2   0  11548
519  11230  2   1  11229
520  5064  3   1  1  5062
521  11314  2   0  11314
522  11564  4   0  0  0  11564
523  11561  3   35  0  11526
524  11578  2   0  11578
525  11466  2   5  11461
526  11538  2   0  11538
527  11318  3   1  0  11317
528  11564  3   0  0  11564

[pop]=3
1  8630  3   0  0  8630
2  8654  2   0  8654
3  8596  2   0  8596
4  8654  2   0  8654
5  8642  5   0  0  0  2  8640
6  584  3   0  0  584
7  8654  2   0  8654
8  8600  2   0  8600
9  8654  2   0  8654
10  8646  2   0  8646
11  8588  3   2497  0  6091
12  8448  2   0  8448
13  8654  3   0  0  8654
14  8638  3   0  0  8638
15  8636  2   3  8633
16  8597  3   1  0  8596
17  8624  2   0  8624
18  508  2   0  508
19  8607  3   0  0  8607
20  8654  2   2  8652
21  8602  2   0  8602
22  8454  2   0  8454
23  8654  3   0  0  8654
24  8652  3   0  0  8652
25  8638  2   0  8638
26  8618  3   0  1  8617
27  8640  2   0  8640
28  4262  2   0  4262
29  8578  3   1  1  8576
30  8460  3   0  0  8460
31  8654  2   0  8654
32  8548  3   0  0  8548
33  8640  4   0  0  0  8640
34  8640  3   0  0  8640
35  8398  2   0  8398
36  8599  3   0  0  8599
37  8654  2   1  8653
38  8652  2   0  8652
39  8642  2   0  8642
40  8654  4   0  0  0  8654
41  8654  3   0  0  8654
42  8644  2   0  8644
43  1196  2   0  1196
44  8650  2   0  8650
45  8642  3   1  0  8641
46  8647  3   0  1  8646
47  8630  2   0  8630
48  8592  3   1  0  8591
49  8626  2   0  8626
50  8652  2   0  8652
51  8652  3   0  0  8652
52  8654  2   0  8654
53  8608  2   0  8608
54  8648  3   0  0  8648
55  8562  2   0  8562
56  8652  4   1  5  1  8645
57  5232  2   408  4824
58  8654  2   0  8654
59  8654  2   0  8654
60  8642  3   0  0  8642
61  8654  2   0  8654
62  8617  3   0  0  8617
63  8522  2   0  8522
64  8654  3   1  6  8647
65  8644  3   0  0  8644
66  8592  2   0  8592
67  8626  3   1  0  8625
68  8654  3   0  0  8654
69  8644  3   0  1  8643
70  8654  3   0  0  8654
71  8548  3   0  0  8548
72  8614  3   0  2  8612
73  1986  2   0  1986
74  5266  2   2  5264
75  8654  2   0  8654
76  8654  3   0  0  8654
77  8654  2   1  8653
78  8652  3   0  0  8652
79  8644  3   0  0  8644
80  8636  2   0  8636
81  8652  2   11  8641
82  8654  2   0  8654
83  8652  3   0  1  8651
84  8648  3   0  0  8648
85  8636  2   0  8636
86  4768  3   0  0  4768
87  8652  3   0  0  8652
88  8558  2   0  8558
89  8654  2   0  8654
90  8654  3   0  0  8654
91  192  2   0  192
92  8646  2   0  8646
93  8625  3   0  0  8625
94  8572  2   0  8572
95  8652  2   1  8651
96  8636  3   0  0  8636
97  8654  4   0  0  0  8654
98  8620  2   0  8620
99  8565  3   0  13  8552
100  8618  3   1  1  8616
101  8654  3   0  0  8654
102  8574  2   0  8574
103  7950  2   0  7950
104  8652  2   0  8652
105  8654  2   0  8654
106  8654  3   0  0  8654
107  8640  2   0  8640
108  8654  3   0  0  8654
109  8654  3   0  0  8654
110  8648  2   0  8648
111  7764  2   0  7764
112  8626  2   3  8623
113  8654  3   0  0  8654
114  8646  3   0  0  8646
115  8654  3   1  0  8653
116  8576  2   0  8576
117  8595  3   0  0  8595
118  8646  2   0  8646
119  8654  2   0  8654
120  8622  4   0  0  0  8622
121  8652  3   14  0  8638
122  8646  2   0  8646
123  8646  2   0  8646
124  8654  2   0  8654
125  5462  2   0  5462
126  8654  2   1  8653
127  8645  3   0  0  8645
128  8649  3   1  0  8648
129  8654  3   0  0  8654
130  8606  2   0  8606
131  8633  4   0  0  0  8633
132  8654  2   6  8648
133  8624  3   0  3  8621
134  8644  2   0  8644
135  8654  2   2  8652
136  196  2   0  196
137  7141  4   0  0  0  7141
138  8582  2   0  8582
139  8654  2   0  8654
140  1230  3   818  0  412
141  8652  4   0  0  0  8652
142  8650  2   0  8650
143  8653  4   0  0  0  8653
144  8580  3   0  0  8580
145  8617  3   0  0  8617
146  8654  2   0  8654
147  8610  3   0  0  8610
148  8630  2   48  8582
149  8644  3   0  0  8644
150  8630  2   0  8630
151  196  2   0  196
152  8594  2   0  8594
153  8644  3   2  0  8642
154  8578  2   0  8578
155  8626  2   0  8626
156  998  3   0  0  998
157  8642  2   2239  6403
158  1072  2   96  976
159  8594  3   0  0  8594
160  8653  4   0  0  0  8653
161  8644  3   0  0  8644
162  8628  3   0  3  8625
163  8620  2   0  8620
164  8654  2   0  8654
165  8654  3   5  0  8649
166  8627  3   0  0  8627
167  196  2   0  196
168  6515  4   6  0  1  6508
169  8572  2   0  8572
170  8650  3   0  0  8650
171  8610  3   1  0  8609
172  8626  3   1  0  8625
173  8654  3   0  0  8654
174  8652  3   0  0  8652
175  8574  2   0  8574
176  204  2   204  0
177  8654  2   1  8653
178  8648  4   0  0  0  8648
179  8644  2   0  8644
180  8558  3   0  0  8558
181  8626  3   0  1  8625
182  5618  2   0  5618
183  1070  2   0  1070
184  8642  2   0  8642
185  8640  2   0  8640
186  8552  3   0  0  8552
187  8654  3   0  0  8654
188  8654  2   14  8640
189  8638  2   0  8638
190  8606  2   0  8606
191  8650  2   0  8650
192  8646  5   0  0  0  0  8646
193  5876  3   0  1  5875
194  8628  3   3  0  8625
195  8654  3   1  0  8653
196  8561  4   0  0  0  8561
197  8636  3   2997  1  5638
198  8602  2   2490  6112
199  1061  3   0  0  1061
200  8654  2   0  8654
201  8654  2   0  8654
202  8654  3   0  0  8654
203  8646  3   0  0  8646
204  8654  2   0  8654
205  8654  3   0  0  8654
206  8654  2   29  8625
207  8652  3   0  0  8652
208  8528  2   0  8528
209  754  3   0  0  754
210  1024  2   0  1024
211  8552  2   0  8552
212  8654  3   0  1  8653
213  8645  3   1  0  8644
214  8654  2   0  8654
215  8654  2   29  8625
216  8630  2   0  8630
217  8528  3   0  0  8528
218  8633  3   1  0  8632
219  8654  4   0  0  0  8654
220  8654  3   0  0  8654
221  8629  3   0  0  8629
222  4442  2   0  4442
223  8537  4   0  0  2  8535
224  8636  2   0  8636
225  8645  3   0  0  8645
226  8652  3   0  2  8650
227  8612  2   0  8612
228  8638  2   0  8638
229  8654  2   0  8654
230  8654  2   0  8654
231  8654  2   0  8654
232  8654  2   0  8654
233  8652  4   34  0  0  8618
234  902  2   0  902
235  8654  2   0  8654
236  8146  2   0  8146
237  8652  2   0  8652
238  8648  3   1  0  8647
239  8570  3   0  0  8570
240  8236  2   0  8236
241  8638  2   0  8638
242  8626  3   0  0  8626
243  8654  3   1  0  8653
244  8647  4   0  0  0  8647
245  8654  2   17  8637
246  8616  2   18  8598
247  8647  4   1  0  0  8646
248  8632  2   0  8632
249  8626  2   0  8626
250  8654  3   0  0  8654
251  8654  2   0  8654
252  8650  2   49  8601
253  8648  2   0  8648
254  8618  2   0  8618
255  8648  2   13  8635
256  8654  2   0  8654
257  8642  2   0  8642
258  8654  2   0  8654
259  8654  2   0  8654
260  8644  2   1883  6761
261  8654  2   0  8654
262  8616  2   0  8616
263  8626  4   0  0  0  8626
264  8595  3   1  1  8593
265  8650  2   0  8650
266  4020  2   0  4020
267  8626  3   1  0  8625
268  8597  3   0  0  8597
269  8644  2   0  8644
270  8438  2   0  8438
271  8654  3   1  0  8653
272  8654  3   0  1  8653
273  8622  2   0  8622
274  8652  3   1  0  8651
275  8636  3   0  0  8636
276  8455  4   0  0  1  8454
277  8626  2   0  8626
278  8654  3   0  0  8654
279  8654  2   3  8651
280  8642  2   0  8642
281  8633  3   0  1  8632
282  8654  2   0  8654
283  8652  4   0  0  1  8651
284  8652  2   0  8652
285  3690  2   1  3689
286  8636  2   0  8636
287  8406  3   504  0  7902
288  8654  3   0  0  8654
289  8653  3   0  0  8653
290  8638  2   0  8638
291  8652  3   0  0  8652
292  8650  2   0  8650
293  8654  3   0  0  8654
294  8654  3   2  0  8652
295  8654  2   0  8654
296  8618  2   0  8618
297  335  3   0  0  335
298  8636  3   0  0  8636
299  8646  2   51  8595
300  8654  2   0  8654
301  8620  3   0  0  8620
302  8652  2   0  8652
303  8654  2   0  8654
304  8616  2   0  8616
305  8580  3   3  0  8577
306  8648  2   0  8648
307  8621  4   0  0  0  8621
308  8650  2   1  8649
309  8638  3   2  0  8636
310  8626  3   0  0  8626
311  8652  2   1  8651
312  8638  2   0  8638
313  8474  2   0  8474
314  8654  2   0  8654
315  8628  2   535  8093
316  8632  2   0  8632
317  8654  2   0  8654
318  8654  2   0  8654
319  8652  2   0  8652
320  2580  2   0  2580
321  8630  2   0  8630
322  8654  2   0  8654
323  8654  2   0  8654
324  8636  3   0  0  8636
325  8654  3   0  0  8654
326  2358  2   0  2358
327  8632  3   0  0  8632
328  8652  2   2  8650
329  8652  2   0  8652
330  8618  3   0  0  8618
331  8652  3   0  0  8652
332  2317  3   0  0  2317
333  8637  3   0  0  8637
334  8626  4   0  0  0  8626
335  8654  2   0  8654
336  8634  3   1  0  8633
337  8652  2   0  8652
338  8632  3   0  0  8632
339  8654  3   0  0  8654
340  202  2   0  202
341  8630  2   0  8630
342  8654  2   0  8654
343  8654  2   0  8654
344  8646  3   1  0  8645
345  8650  2   0  8650
346  8632  3   13  0  8619
347  8638  2   0  8638
348  8653  4   0  0  0  8653
349  8648  2   0  8648
350  8654  2   0  8654
351  8629  3   1  0  8628
352  8654  3   1  0  8653
353  8582  2   0  8582
354  8652  2   0  8652
355  8654  2   0  8654
356  2827  4   0  0  1  2826
357  8648  2   4  8644
358  8654  2   0  8654
359  8652  2   0  8652
360  8650  2   0  8650
361  8584  2   4  8580
362  8640  4   0  0  0  8640
363  8622  3   0  0  8622
364  8630  3   0  0  8630
365  8654  2   0  8654
366  8632  2   0  8632
367  8630  3   0  0  8630
368  8654  3   3  0  8651
369  8610  3   0  0  8610
370  8580  3   0  1  8579
371  8634  2   0  8634
372  8654  3   0  0  8654
373  8647  3   0  0  8647
374  8652  3   0  0  8652
375  8650  2   0  8650
376  8624  2   0  8624
377  8582  2   0  8582
378  8628  2   0  8628
379  8654  2   0  8654
380  204  2   204  0
381  8650  2   0  8650
382  8620  3   0  1  8619
383  8584  2   0  8584
384  8638  2   4  8634
385  8654  3   0  0  8654
386  8630  3   0  0  8630
387  8652  2   0  8652
388  8650  3   0  14  8636
389  8623  3   0  0  8623
390  8654  3   2  0  8652
391  8646  2   0  8646
392  8643  3   1  1  8641
393  3746  2   592  3154
394  8650  2   1  8649
395  8652  2   0  8652
396  8648  2   1  8647
397  8654  2   5  8649
398  8650  2   0  8650
399  8654  3   0  0  8654
400  8646  2   0  8646
401  8650  2   0  8650
402  8648  2   0  8648
403  8644  2   2  8642
404  8622  3   0  0  8622
405  8626  2   1  8625
406  8654  2   0  8654
407  8652  2   0  8652
408  8646  2   0  8646
409  8654  2   0  8654
410  8654  2   0  8654
411  8654  2   0  8654
412  8652  2   0  8652
413  8614  3   5  0  8609
414  8652  2   0  8652
415  8654  2   0  8654
416  8654  2   0  8654
417  8654  2   30  8624
418  8652  2   0  8652
419  8612  2   0  8612
420  3716  2   1  3715
421  8652  2   0  8652
422  8648  2   0  8648
423  8650  3   0  0  8650
424  8618  2   0  8618
425  8654  3   0  0  8654
426  3718  3   0  0  3718
427  8650  2   0  8650
428  8654  2   3  8651
429  8616  4   0  0  0  8616
430  8654  2   2  8652
431  8605  3   0  0  8605
432  8652  3   0  0  8652
433  8622  2   0  8622
434  8654  2   5  8649
435  8636  2   0  8636
436  8652  2   0  8652
437  934  2   0  934
438  8652  3   0  0  8652
439  8654  2   0  8654
440  8654  2   5  8649
441  8609  4   3  0  0  8606
442  8648  3   0  0  8648
443  874  2   0  874
444  8614  2   2  8612
445  8626  2   1  8625
446  8636  3   0  0  8636
447  8654  3   0  0  8654
448  8654  2   0  8654
449  8654  2   1  8653
450  8634  2   0  8634
451  8654  3   0  0  8654
452  8650  3   0  0  8650
453  8624  2   0  8624
454  8634  2   0  8634
455  8609  3   9  0  8600
456  8654  2   0  8654
457  8646  3   0  0  8646
458  8654  2   2  8652
459  8654  3   0  1  8653
460  8654  3   0  0  8654
461  8644  2   0  8644
462  8654  3   0  1  8653
463  8634  2   0  8634
464  8654  3   0  1  8653
465  4091  3   0  0  4091
466  8654  2   0  8654
467  8608  3   0  0  8608
468  8654  2   0  8654
469  8636  2   0  8636
470  8608  2   0  8608
471  8634  2   0  8634
472  8612  2   40  8572
473  8642  2   0  8642
474  8604  3   0  0  8604
475  8654  3   0  0  8654
476  8644  2   1  8643
477  8644  2   0  8644
478  8648  3   23  0  8625
479  8654  2   1  8653
480  8644  3   0  0  8644
481  8652  2   0  8652
482  8641  3   0  0  8641
483  8648  3   0  0  8648
484  8623  3   0  0  8623
485  8630  2   0  8630
486  8654  3   0  0  8654
487  8644  2   0  8644
488  8654  2   1  8653
489  8636  3   0  0  8636
490  8654  3   1  1  8652
491  8638  2   0  8638
492  8622  2   0  8622
493  8654  2   0  8654
494  8620  2   0  8620
495  8648  3   6  0  8642
496  8626  2   0  8626
497  8644  2   0  8644
498  8636  3   0  0  8636
499  8654  2   0  8654
500  8628  2   0  8628
501  8654  5   0  0  0  0  8654
502  8620  3   0  1  8619
503  8654  2   0  8654
504  8646  3   36  0  8610
505  8626  3   0  0  8626
506  8646  3   0  0  8646
507  8640  3   0  0  8640
508  8575  3   0  0  8575
509  4344  2   0  4344
510  8624  2   0  8624
511  8606  2   0  8606
512  8654  3   1  1  8652
513  8648  2   0  8648
514  4392  2   0  4392
515  8654  2   1  8653
516  8626  2   0  8626
517  8646  2   0  8646
518  8638  2   0  8638
519  8588  2   0  8588
520  4407  3   0  0  4407
521  8548  2   12  8536
522  8622  4   0  1  0  8621
523  8646  3   0  0  8646
524  8654  2   0  8654
525  8572  2   0  8572
526  8654  2   2  8652
527  8555  3   0  1  8554
528  8648  3   1  0  8647

[pop]=4
1  6478  3   0  0  6478
2  6612  2   0  6612
3  6574  2   0  6574
4  6612  2   0  6612
5  6614  5   0  0  0  0  6614
6  42  3   0  0  42
7  6614  2   0  6614
8  6602  2   0  6602
9  6614  2   0  6614
10  6608  2   0  6608
11  6583  3   2716  0  3867
12  6578  2   0  6578
13  6613  3   0  0  6613
14  6614  3   0  0  6614
15  6612  2   0  6612
16  6601  3   0  0  6601
17  6582  2   0  6582
18  38  2   0  38
19  6604  3   0  0  6604
20  6614  2   0  6614
21  6592  2   0  6592
22  6576  2   0  6576
23  6614  3   0  0  6614
24  6614  3   0  0  6614
25  6594  2   0  6594
26  6608  3   0  0  6608
27  6612  2   0  6612
28  1832  2   0  1832
29  6593  3   0  0  6593
30  6577  3   0  0  6577
31  6614  2   0  6614
32  6596  3   0  5  6591
33  6612  4   0  0  0  6612
34  6594  3   0  0  6594
35  6020  2   117  5903
36  6605  3   0  0  6605
37  6614  2   0  6614
38  6614  2   0  6614
39  6614  2   0  6614
40  6614  4   0  0  0  6614
41  6614  3   0  0  6614
42  6610  2   0  6610
43  2006  2   0  2006
44  6614  2   0  6614
45  6614  3   0  0  6614
46  6605  3   0  0  6605
47  6614  2   2  6612
48  6604  3   0  0  6604
49  6598  2   0  6598
50  6614  2   0  6614
51  6614  3   0  0  6614
52  6614  2   0  6614
53  6586  2   0  6586
54  6614  3   0  0  6614
55  6598  2   0  6598
56  6614  4   0  0  0  6614
57  2220  2   102  2118
58  6614  2   0  6614
59  6614  2   0  6614
60  6612  3   0  0  6612
61  6614  2   0  6614
62  6606  3   1  1  6604
63  6582  2   0  6582
64  6614  3   0  0  6614
65  6614  3   0  0  6614
66  6608  2   0  6608
67  6603  3   0  0  6603
68  6614  3   0  0  6614
69  6612  3   0  0  6612
70  6614  3   0  0  6614
71  6592  3   0  0  6592
72  6598  3   0  0  6598
73  458  2   0  458
74  2260  2   0  2260
75  6614  2   0  6614
76  6614  3   0  0  6614
77  6614  2   0  6614
78  6614  3   0  3  6611
79  6614  3   0  0  6614
80  6614  2   0  6614
81  6614  2   282  6332
82  6614  2   0  6614
83  6614  3   0  0  6614
84  6612  3   0  0  6612
85  6614  2   0  6614
86  1644  3   0  0  1644
87  6614  3   0  0  6614
88  6592  2   0  6592
89  6614  2   0  6614
90  6614  3   0  0  6614
91  1592  2   0  1592
92  6614  2   0  6614
93  6606  3   0  0  6606
94  6598  2   0  6598
95  6614  2   0  6614
96  6614  3   0  0  6614
97  6614  4   0  0  0  6614
98  6614  2   0  6614
99  6592  3   0  0  6592
100  6604  3   0  0  6604
101  6614  3   0  0  6614
102  6606  2   0  6606
103  5368  2   0  5368
104  6614  2   0  6614
105  6614  2   0  6614
106  6614  3   0  1  6613
107  6610  2   0  6610
108  6614  3   0  0  6614
109  6614  3   0  0  6614
110  6612  2   0  6612
111  5176  2   0  5176
112  6608  2   0  6608
113  6614  3   0  0  6614
114  6614  3   0  0  6614
115  6614  3   0  0  6614
116  6592  2   0  6592
117  6603  3   0  0  6603
118  6612  2   0  6612
119  6614  2   0  6614
120  6614  4   0  0  0  6614
121  6614  3   0  0  6614
122  6614  2   0  6614
123  6612  2   0  6612
124  6614  2   0  6614
125  2344  2   0  2344
126  6614  2   237  6377
127  6614  3   0  0  6614
128  6612  3   0  0  6612
129  6614  3   0  0  6614
130  6606  2   0  6606
131  6603  4   0  0  0  6603
132  6614  2   0  6614
133  6614  3   0  0  6614
134  6614  2   0  6614
135  6614  2   0  6614
136  1596  2   0  1596
137  4585  4   0  0  0  4585
138  6606  2   0  6606
139  6614  2   0  6614
140  111  3   72  0  39
141  6614  4   0  0  0  6614
142  6612  2   0  6612
143  6612  4   0  0  0  6612
144  6606  3   0  0  6606
145  6600  3   0  0  6600
146  6614  2   0  6614
147  6614  3   0  0  6614
148  6604  2   188  6416
149  6612  3   0  3  6609
150  6604  2   0  6604
151  1600  2   0  1600
152  6608  2   0  6608
153  6612  3   0  0  6612
154  6606  2   0  6606
155  6612  2   0  6612
156  202  3   0  0  202
157  6614  2   3053  3561
158  100  2   38  62
159  6614  3   0  1  6613
160  6614  4   0  0  0  6614
161  6612  3   0  0  6612
162  6614  3   0  0  6614
163  6600  2   0  6600
164  6614  2   0  6614
165  6614  3   0  0  6614
166  6614  3   0  0  6614
167  1602  2   0  1602
168  4077  4   0  0  0  4077
169  6598  2   0  6598
170  6612  3   0  0  6612
171  6602  3   0  0  6602
172  6614  3   0  0  6614
173  6614  3   0  0  6614
174  6614  3   0  0  6614
175  6614  2   0  6614
176  1618  2   1618  0
177  6614  2   0  6614
178  6614  4   454  0  0  6160
179  6612  2   0  6612
180  6602  3   0  0  6602
181  6611  3   0  0  6611
182  2262  2   0  2262
183  56  2   0  56
184  6612  2   0  6612
185  6608  2   0  6608
186  6592  3   0  0  6592
187  6614  3   0  0  6614
188  6614  2   0  6614
189  6614  2   0  6614
190  6612  2   0  6612
191  6614  2   14  6600
192  6612  5   0  0  0  0  6612
193  3568  3   0  0  3568
194  6614  3   0  0  6614
195  6614  3   0  0  6614
196  6612  4   0  0  0  6612
197  6604  3   1829  0  4775
198  6612  2   2719  3893
199  54  3   0  0  54
200  6614  2   0  6614
201  6614  2   2  6612
202  6606  3   0  0  6606
203  6614  3   0  0  6614
204  6614  2   0  6614
205  6614  3   0  0  6614
206  6614  2   0  6614
207  6614  3   0  0  6614
208  6602  2   0  6602
209  134  3   0  0  134
210  58  2   0  58
211  6612  2   0  6612
212  6601  3   0  0  6601
213  6612  3   0  0  6612
214  6614  2   0  6614
215  6614  2   0  6614
216  6614  2   0  6614
217  6602  3   0  0  6602
218  6604  3   0  0  6604
219  6614  4   0  0  0  6614
220  6612  3   1  0  6611
221  6613  3   0  0  6613
222  1528  2   0  1528
223  6612  4   0  0  0  6612
224  6604  2   0  6604
225  6612  3   0  0  6612
226  6612  3   0  0  6612
227  6614  2   0  6614
228  6614  2   0  6614
229  6614  2   0  6614
230  6614  2   0  6614
231  6614  2   0  6614
232  6614  2   0  6614
233  6614  4   0  0  0  6614
234  54  2   0  54
235  6614  2   0  6614
236  6376  2   0  6376
237  6614  2   0  6614
238  6614  3   0  0  6614
239  6602  3   0  0  6602
240  6394  2   0  6394
241  6614  2   0  6614
242  6614  3   0  0  6614
243  6614  3   0  0  6614
244  6610  4   0  0  0  6610
245  6614  2   0  6614
246  6608  2   0  6608
247  6614  4   0  0  0  6614
248  6580  2   0  6580
249  6614  2   0  6614
250  6584  3   0  0  6584
251  6612  2   0  6612
252  6612  2   0  6612
253  6610  2   0  6610
254  6612  2   0  6612
255  6614  2   0  6614
256  6614  2   0  6614
257  6614  2   0  6614
258  6614  2   0  6614
259  6614  2   0  6614
260  6612  2   2998  3614
261  6614  2   0  6614
262  6614  2   0  6614
263  6614  4   0  0  0  6614
264  6606  3   0  0  6606
265  6612  2   0  6612
266  2224  2   0  2224
267  6614  3   0  0  6614
268  6606  3   0  0  6606
269  6614  2   1  6613
270  6474  2   0  6474
271  6614  3   0  0  6614
272  6612  3   0  0  6612
273  6612  2   0  6612
274  6614  3   0  0  6614
275  6614  3   2  0  6612
276  6552  4   0  0  0  6552
277  6614  2   0  6614
278  6614  3   0  0  6614
279  6614  2   0  6614
280  6612  2   0  6612
281  6607  3   0  0  6607
282  6614  2   2  6612
283  6614  4   0  1  0  6613
284  6614  2   3  6611
285  2000  2   0  2000
286  6614  2   0  6614
287  6504  3   2787  0  3717
288  6614  3   0  0  6614
289  6614  3   0  0  6614
290  6610  2   0  6610
291  6614  3   0  0  6614
292  6614  2   0  6614
293  6614  3   0  0  6614
294  6532  3   0  0  6532
295  6614  2   0  6614
296  6614  2   0  6614
297  14  3   0  0  14
298  6608  3   0  892  5716
299  6610  2   1514  5096
300  6612  2   0  6612
301  6614  3   3  0  6611
302  6614  2   0  6614
303  6614  2   0  6614
304  6608  2   0  6608
305  6466  3   0  0  6466
306  6610  2   0  6610
307  6614  4   0  2  0  6612
308  6614  2   0  6614
309  6612  3   0  0  6612
310  6614  3   0  0  6614
311  6614  2   99  6515
312  6610  2   0  6610
313  6174  2   0  6174
314  6614  2   0  6614
315  6610  2   0  6610
316  6608  2   0  6608
317  6610  2   0  6610
318  6614  2   0  6614
319  6614  2   0  6614
320  1244  2   0  1244
321  6610  2   0  6610
322  6614  2   0  6614
323  6614  2   0  6614
324  6608  3   0  0  6608
325  6614  3   0  0  6614
326  1106  2   1  1105
327  6610  3   0  0  6610
328  6614  2   0  6614
329  6614  2   0  6614
330  6612  3   0  0  6612
331  6614  3   0  0  6614
332  1094  3   0  0  1094
333  6612  3   0  0  6612
334  6614  4   0  0  0  6614
335  6614  2   0  6614
336  6610  3   0  0  6610
337  6614  2   0  6614
338  6608  3   0  0  6608
339  6614  3   0  1  6613
340  1622  2   0  1622
341  6612  2   1  6611
342  6614  2   299  6315
343  6614  2   0  6614
344  6612  3   0  0  6612
345  6614  2   0  6614
346  6612  3   0  0  6612
347  6612  2   0  6612
348  6614  4   0  0  0  6614
349  6610  2   0  6610
350  6612  2   1  6611
351  6612  3   0  0  6612
352  6614  3   6  1  6607
353  6372  2   0  6372
354  6614  2   0  6614
355  6614  2   0  6614
356  530  4   0  0  0  530
357  6610  2   0  6610
358  6614  2   0  6614
359  6610  2   0  6610
360  6614  2   0  6614
361  6386  2   0  6386
362  6612  4   0  0  0  6612
363  6610  3   0  0  6610
364  6608  3   21  1  6586
365  6614  2   0  6614
366  6576  2   0  6576
367  6610  3   0  0  6610
368  6614  3   0  0  6614
369  6450  3   0  0  6450
370  6530  3   0  0  6530
371  6576  2   0  6576
372  6614  3   0  0  6614
373  6608  3   0  0  6608
374  6611  3   0  0  6611
375  6614  2   0  6614
376  6614  2   0  6614
377  6532  2   0  6532
378  6606  2   0  6606
379  6614  2   0  6614
380  1628  2   1628  0
381  6614  2   0  6614
382  6502  3   0  0  6502
383  6528  2   0  6528
384  6582  2   0  6582
385  6614  3   0  0  6614
386  6607  3   0  0  6607
387  6610  2   0  6610
388  6612  3   1  0  6611
389  6503  3   0  0  6503
390  6614  3   0  0  6614
391  6614  2   0  6614
392  6594  3   0  0  6594
393  882  2   98  784
394  6612  2   0  6612
395  6610  2   0  6610
396  6612  2   0  6612
397  6614  2   0  6614
398  6614  2   0  6614
399  6614  3   0  0  6614
400  6596  2   0  6596
401  6612  2   0  6612
402  6614  2   0  6614
403  6612  2   0  6612
404  6610  3   0  0  6610
405  6530  2   0  6530
406  6614  2   0  6614
407  6614  2   0  6614
408  6602  2   0  6602
409  6614  2   0  6614
410  6614  2   0  6614
411  6614  2   0  6614
412  6614  2   0  6614
413  6606  3   0  0  6606
414  6612  2   0  6612
415  6614  2   0  6614
416  6614  2   0  6614
417  6614  2   0  6614
418  6614  2   2  6612
419  6606  2   0  6606
420  918  2   0  918
421  6610  2   0  6610
422  6612  2   0  6612
423  6614  3   0  0  6614
424  6608  2   0  6608
425  6614  3   0  0  6614
426  916  3   0  0  916
427  6612  2   0  6612
428  6614  2   0  6614
429  6608  4   0  1  1  6606
430  6614  2   0  6614
431  6531  3   0  1  6530
432  6611  3   0  0  6611
433  6614  2   0  6614
434  6614  2   0  6614
435  6606  2   0  6606
436  6612  2   0  6612
437  366  2   0  366
438  6614  3   0  0  6614
439  6614  2   2  6612
440  6614  2   0  6614
441  6527  4   0  0  0  6527
442  6614  3   0  0  6614
443  322  2   0  322
444  6604  2   0  6604
445  6614  2   0  6614
446  6587  3   0  0  6587
447  6613  3   0  0  6613
448  6612  2   0  6612
449  6614  2   0  6614
450  6604  2   0  6604
451  6614  3   0  0  6614
452  6611  3   0  0  6611
453  6614  2   0  6614
454  6612  2   0  6612
455  6600  3   0  0  6600
456  6614  2   0  6614
457  6611  3   1  0  6610
458  6614  2   0  6614
459  6614  3   0  0  6614
460  6614  3   0  1  6613
461  6578  2   0  6578
462  6614  3   0  0  6614
463  6584  2   0  6584
464  6614  3   0  0  6614
465  1104  3   0  0  1104
466  6614  2   0  6614
467  6598  3   0  0  6598
468  6614  2   0  6614
469  6578  2   0  6578
470  6522  2   0  6522
471  6610  2   0  6610
472  6604  2   0  6604
473  6614  2   0  6614
474  6597  3   0  0  6597
475  6614  3   0  0  6614
476  6582  2   0  6582
477  6608  2   0  6608
478  6614  3   629  0  5985
479  6614  2   4  6610
480  6608  3   0  0  6608
481  6614  2   0  6614
482  6613  3   0  0  6613
483  6611  3   0  0  6611
484  6614  3   0  0  6614
485  6610  2   0  6610
486  6614  3   0  0  6614
487  6592  2   0  6592
488  6614  2   0  6614
489  6580  3   0  0  6580
490  6614  3   0  0  6614
491  6608  2   0  6608
492  6608  2   0  6608
493  6614  2   0  6614
494  6594  2   0  6594
495  6612  3   0  0  6612
496  6614  2   0  6614
497  6592  2   0  6592
498  6576  3   0  0  6576
499  6614  2   0  6614
500  6608  2   0  6608
501  6612  5   0  0  0  0  6612
502  6595  3   0  0  6595
503  6614  2   1  6613
504  6610  3   862  0  5748
505  6610  3   0  0  6610
506  6614  3   0  1  6613
507  6614  3   0  0  6614
508  6587  3   0  0  6587
509  1274  2   0  1274
510  6614  2   0  6614
511  6604  2   0  6604
512  6614  3   0  0  6614
513  6614  2   1  6613
514  1292  2   0  1292
515  6614  2   0  6614
516  6610  2   0  6610
517  6596  2   0  6596
518  6558  2   0  6558
519  6506  2   0  6506
520  1312  3   0  2  1310
521  6562  2   0  6562
522  6609  4   0  0  0  6609
523  6614  3   0  0  6614
524  6614  2   0  6614
525  6578  2   0  6578
526  6612  2   0  6612
527  6569  3   0  0  6569
528  6614  3   0  0  6614

[pop]=5
1  66290  3   1  10  66279
2  66726  2   1  66725
3  66058  2   2  66056
4  66738  2   2  66736
5  66228  5   1  0  0  0  66227
6  5156  3   1  7  5148
7  66684  2   0  66684
8  66136  2   6  66130
9  66740  2   2  66738
10  66572  2   0  66572
11  65480  3   27887  0  37593
12  65580  2   0  65580
13  66653  3   1  0  66652
14  66104  3   1  1  66102
15  66392  2   0  66392
16  66117  3   0  0  66117
17  66552  2   0  66552
18  4622  2   0  4622
19  66255  3   2  0  66253
20  66740  2   0  66740
21  65490  2   2  65488
22  65640  2   0  65640
23  66663  3   1  0  66662
24  66720  3   0  1  66719
25  66470  2   1  66469
26  66315  3   1  0  66314
27  66446  2   4  66442
28  30230  2   0  30230
29  66281  3   0  2  66279
30  65795  3   4  2  65789
31  66704  2   4  66700
32  65790  3   1  10  65779
33  66483  4   0  1  2  66480
34  66510  3   1  2  66507
35  61440  2   861  60579
36  66210  3   0  1  66209
37  66628  2   1  66627
38  66458  2   4  66454
39  66568  2   0  66568
40  66740  4   1  0  0  66739
41  66740  3   1  0  66739
42  66664  2   2  66662
43  12916  2   1  12915
44  66722  2   1  66721
45  66578  3   0  1  66577
46  66574  3   1  0  66573
47  65816  2   1  65815
48  66294  3   2  9  66283
49  66658  2   0  66658
50  66644  2   0  66644
51  66508  3   1  1  66506
52  66740  2   1  66739
53  66498  2   2  66496
54  66504  3   0  0  66504
55  66012  2   0  66012
56  66653  4   1  2  0  66650
57  36106  2   2487  33619
58  66538  2   15  66523
59  66500  2   0  66500
60  66562  3   2  0  66560
61  66740  2   1  66739
62  65612  3   4  0  65608
63  66158  2   0  66158
64  66711  3   0  0  66711
65  66611  3   0  0  66611
66  66360  2   1  66359
67  66678  3   0  1  66677
68  66480  3   3  3  66474
69  66682  3   1  0  66681
70  66718  3   1  0  66717
71  66371  3   0  0  66371
72  66544  3   1  0  66543
73  16774  2   1  16773
74  36388  2   0  36388
75  66390  2   2  66388
76  66740  3   0  0  66740
77  66716  2   4  66712
78  66596  3   0  0  66596
79  66630  3   1  0  66629
80  65974  2   1  65973
81  66688  2   1975  64713
82  66722  2   1  66721
83  66614  3   1  1  66612
84  66654  3   2  0  66652
85  65982  2   10  65972
86  33322  3   1  0  33321
87  66220  3   0  1  66219
88  66330  2   1  66329
89  66722  2   2  66720
90  66721  3   0  3  66718
91  3524  2   0  3524
92  66648  2   0  66648
93  66697  3   2  2  66693
94  66494  2   0  66494
95  66732  2   1  66731
96  66054  3   0  1  66053
97  66740  4   0  2  0  66738
98  65688  2   1  65687
99  66382  3   0  0  66382
100  66631  3   0  0  66631
101  66686  3   1  1  66684
102  66320  2   2  66318
103  58544  2   0  58544
104  66718  2   3  66715
105  66688  2   0  66688
106  66740  3   1  0  66739
107  66668  2   0  66668
108  66734  3   4  0  66730
109  66708  3   1  1  66706
110  66684  2   4  66680
111  57378  2   0  57378
112  66710  2   11  66699
113  66727  3   0  0  66727
114  66682  3   0  0  66682
115  66740  3   0  11  66729
116  66420  2   4  66416
117  66599  3   0  0  66599
118  66694  2   0  66694
119  66738  2   1  66737
120  65729  4   0  1  2  65726
121  66731  3   0  2  66729
122  66688  2   0  66688
123  66694  2   3  66691
124  66732  2   3  66729
125  38636  2   2  38634
126  66740  2   2006  64734
127  66720  3   1  0  66719
128  66686  3   0  1  66685
129  66740  3   0  1  66739
130  66632  2   0  66632
131  66664  4   0  0  1  66663
132  66734  2   18  66716
133  65156  3   1  0  65155
134  66728  2   2  66726
135  66736  2   0  66736
136  4174  2   0  4174
137  53139  4   3  0  1  53135
138  66446  2   71  66375
139  66732  2   2  66730
140  7903  3   4284  0  3619
141  66717  4   15  0  1  66701
142  66686  2   0  66686
143  66714  4   0  2  0  66712
144  66432  3   2  0  66430
145  66595  3   0  1  66594
146  66740  2   3  66737
147  64954  3   0  0  64954
148  66680  2   3208  63472
149  66704  3   0  93  66611
150  66674  2   6  66668
151  4212  2   0  4212
152  66592  2   14  66578
153  66702  3   0  13  66689
154  66418  2   9  66409
155  66728  2   0  66728
156  10930  3   1  2  10927
157  66736  2   36713  30023
158  7720  2   2044  5676
159  64706  3   1  25  64680
160  66717  4   0  1  0  66716
161  66702  3   1  2  66699
162  66156  3   1  0  66155
163  66610  2   0  66610
164  66740  2   1  66739
165  66732  3   0  1  66731
166  66675  3   0  0  66675
167  4304  2   0  4304
168  49017  4   0  1  0  49016
169  66366  2   1  66365
170  66697  3   0  0  66697
171  66524  3   0  1  66523
172  66679  3   1  0  66678
173  66736  3   13  0  66723
174  66717  3   0  0  66717
175  64494  2   1  64493
176  4684  2   4684  0
177  66726  2   0  66726
178  66713  4   1987  3  0  64723
179  66706  2   0  66706
180  66372  3   0  1  66371
181  66728  3   0  0  66728
182  38968  2   0  38968
183  6720  2   1  6719
184  66686  2   2  66684
185  66684  2   1  66683
186  66364  3   16  1  66347
187  66739  3   1  1  66737
188  66740  2   0  66740
189  66720  2   3  66717
190  66654  2   5  66649
191  66714  2   13  66701
192  66706  5   1  1  0  10  66694
193  45087  3   0  0  45087
194  66149  3   0  1  66148
195  66740  3   0  0  66740
196  64313  4   0  0  0  64313
197  66734  3   16981  0  49753
198  66114  2   28209  37905
199  6516  3   0  1  6515
200  66738  2   0  66738
201  66730  2   31  66699
202  66734  3   0  0  66734
203  66707  3   2  1  66704
204  66730  2   0  66730
205  66737  3   13  0  66724
206  66722  2   2  66720
207  66715  3   0  1  66714
208  66310  2   3  66307
209  8994  3   6  1  8987
210  6346  2   0  6346
211  64196  2   9  64187
212  66730  3   6  4  66720
213  66706  3   0  1  66705
214  66738  2   2  66736
215  66722  2   8  66714
216  66126  2   3  66123
217  66302  3   1  0  66301
218  66561  3   0  1  66560
219  66738  4   0  1  1  66736
220  66728  3   0  0  66728
221  66147  3   4  4  66139
222  30048  2   4  30044
223  64118  4   0  1  0  64117
224  66542  2   2  66540
225  66700  3   9  1  66690
226  66722  3   1  0  66721
227  66704  2   0  66704
228  66698  2   0  66698
229  66740  2   11  66729
230  66740  2   46  66694
231  66730  2   0  66730
232  66724  2   2  66722
233  66714  4   0  0  0  66714
234  5576  2   19  5557
235  66740  2   0  66740
236  59700  2   0  59700
237  66714  2   6  66708
238  66708  3   3  0  66705
239  65814  3   0  4  65810
240  60508  2   2  60506
241  66714  2   0  66714
242  65712  3   1  0  65711
243  66730  3   7  1  66722
244  66711  4   1  0  1  66709
245  66734  2   0  66734
246  66648  2   0  66648
247  66707  4   0  2  30  66675
248  66078  2   0  66078
249  66738  2   4  66734
250  66710  3   1  1  66708
251  66728  2   1  66727
252  66710  2   2  66708
253  66700  2   12  66688
254  66718  2   0  66718
255  66706  2   1  66705
256  66740  2   2  66738
257  66716  2   2  66714
258  66740  2   2  66738
259  66734  2   0  66734
260  66702  2   29247  37455
261  66722  2   3  66719
262  66720  2   6  66714
263  66740  4   1  1  2  66736
264  66128  3   0  0  66128
265  66722  2   0  66722
266  32210  2   1  32209
267  66738  3   0  0  66738
268  66142  3   3  1  66138
269  66720  2   1  66719
270  63412  2   67  63345
271  66732  3   0  1  66731
272  66700  3   1  0  66699
273  66722  2   0  66722
274  66714  3   0  1  66713
275  66230  3   5  0  66225
276  66035  4   1  1  1  66032
277  66740  2   0  66740
278  66740  3   3  0  66737
279  66740  2   0  66740
280  66706  2   2  66704
281  66572  3   1  0  66571
282  66736  2   3  66733
283  66714  4   2  327  0  66385
284  66716  2   75  66641
285  30002  2   3  29999
286  66250  2   1  66249
287  65760  3   27112  0  38648
288  66728  3   1  6  66721
289  66719  3   2  0  66717
290  66578  2   8  66570
291  66719  3   4  1  66714
292  66714  2   1  66713
293  66740  3   0  1  66739
294  66671  3   0  0  66671
295  66718  2   0  66718
296  66724  2   0  66724
297  5524  3   2  1  5521
298  66524  3   1  4133  62390
299  66716  2   11565  55151
300  66714  2   0  66714
301  66718  3   54  0  66664
302  66716  2   3  66713
303  66734  2   2  66732
304  66388  2   1  66387
305  65497  3   11  2  65484
306  66714  2   0  66714
307  66725  4   1  3  4  66717
308  66712  2   4  66708
309  66231  3   0  1  66230
310  66736  3   1  0  66735
311  66636  2   910  65726
312  66240  2   3  66237
313  65116  2   0  65116
314  66740  2   1  66739
315  66678  2   97  66581
316  66566  2   0  66566
317  66728  2   1  66727
318  66734  2   2  66732
319  66708  2   0  66708
320  22748  2   2  22746
321  66474  2   1  66473
322  66730  2   4  66726
323  66694  2   0  66694
324  66552  3   1  1  66550
325  66717  3   1  1  66715
326  21368  2   56  21312
327  66496  3   2  1  66493
328  66726  2   0  66726
329  66718  2   0  66718
330  66726  3   1  1  66724
331  66709  3   1  1  66707
332  21145  3   0  0  21145
333  66284  3   0  0  66284
334  66739  4   1  1  0  66737
335  66740  2   0  66740
336  66532  3   0  1  66531
337  66694  2   0  66694
338  66550  3   0  1  66549
339  66726  3   6  0  66720
340  4586  2   0  4586
341  66284  2   0  66284
342  66724  2   274  66450
343  66726  2   3  66723
344  66643  3   0  1  66642
345  66706  2   1  66705
346  66276  3   4  1  66271
347  66580  2   2  66578
348  66726  4   1  1  1  66723
349  66702  2   2  66700
350  66716  2   4  66712
351  66289  3   0  1  66288
352  66738  3   285  44  66409
353  66004  2   39  65965
354  66734  2   4  66730
355  66712  2   1  66711
356  18157  4   1  0  1  18155
357  66698  2   0  66698
358  66730  2   0  66730
359  66714  2   1  66713
360  66702  2   20  66682
361  66054  2   0  66054
362  66602  4   0  1  1  66600
363  66610  3   1  1  66608
364  66530  3   114  0  66416
365  66736  2   2  66734
366  66396  2   14  66382
367  66306  3   1  1  66304
368  66738  3   2  3  66733
369  66245  3   1  0  66244
370  65570  3   0  0  65570
371  66398  2   1  66397
372  66723  3   0  2  66721
373  66689  3   1  3  66685
374  66711  3   0  0  66711
375  66692  2   5  66687
376  66736  2   17  66719
377  65588  2   9  65579
378  66500  2   0  66500
379  66724  2   0  66724
380  4686  2   4683  3
381  66694  2   2  66692
382  66352  3   3  0  66349
383  65606  2   1  65605
384  66468  2   0  66468
385  66722  3   2  1  66719
386  66467  3   0  0  66467
387  66702  2   2  66700
388  66639  3   2  0  66637
389  66384  3   1  0  66383
390  66740  3   0  0  66740
391  66686  2   0  66686
392  66524  3   1  0  66523
393  23112  2   1409  21703
394  66650  2   0  66650
395  66706  2   44  66662
396  66636  2   2  66634
397  66740  2   0  66740
398  66702  2   1  66701
399  66733  3   0  0  66733
400  66550  2   2  66548
401  66652  2   2  66650
402  66622  2   0  66622
403  66684  2   0  66684
404  66240  3   0  2  66238
405  66480  2   1  66479
406  66740  2   13  66727
407  66722  2   2  66720
408  66558  2   4  66554
409  66740  2   0  66740
410  66740  2   0  66740
411  66734  2   0  66734
412  66724  2   0  66724
413  66518  3   0  0  66518
414  66680  2   1  66679
415  66738  2   2  66736
416  66740  2   0  66740
417  66734  2   1  66733
418  66724  2   5  66719
419  66498  2   5  66493
420  24798  2   1  24797
421  66676  2   0  66676
422  66614  2   2  66612
423  66680  3   2  0  66678
424  66098  2   0  66098
425  66738  3   0  2  66736
426  24792  3   0  0  24792
427  66618  2   2  66616
428  66724  2   0  66724
429  66091  4   1  7  4  66079
430  66738  2   0  66738
431  65791  3   1  2  65788
432  66661  3   0  1  66660
433  66726  2   4  66722
434  66738  2   0  66738
435  66630  2   0  66630
436  66656  2   0  66656
437  10130  2   6  10124
438  66727  3   0  0  66727
439  66716  2   7  66709
440  66732  2   0  66732
441  65833  4   1  0  2  65830
442  66607  3   1  0  66606
443  9424  2   0  9424
444  65932  2   0  65932
445  66740  2   13  66727
446  66451  3   0  1  66450
447  66717  3   1  3  66713
448  66718  2   1  66717
449  66692  2   0  66692
450  66594  2   0  66594
451  66739  3   1  0  66738
452  66624  3   1  0  66623
453  66702  2   0  66702
454  66626  2   0  66626
455  65773  3   0  1  65772
456  66728  2   0  66728
457  66636  3   0  0  66636
458  66734  2   0  66734
459  66717  3   2  0  66715
460  66738  3   1  4  66733
461  66678  2   0  66678
462  66733  3   0  0  66733
463  66468  2   1  66467
464  66711  3   1  0  66710
465  28074  3   1  3  28070
466  66720  2   0  66720
467  65736  3   3  3  65730
468  66738  2   0  66738
469  66464  2   0  66464
470  65792  2   0  65792
471  66504  2   0  66504
472  66292  2   0  66292
473  66564  2   2  66562
474  65776  3   2  0  65774
475  66737  3   0  8  66729
476  66688  2   0  66688
477  66664  2   0  66664
478  66643  3   8400  0  58243
479  66698  2   37  66661
480  66651  3   0  1  66650
481  66690  2   0  66690
482  66628  3   0  2  66626
483  66516  3   1  0  66515
484  66634  3   0  1  66633
485  66528  2   4  66524
486  66736  3   1  81  66654
487  66696  2   0  66696
488  66688  2   1  66687
489  66454  3   0  0  66454
490  66734  3   0  0  66734
491  66636  2   13  66623
492  66404  2   0  66404
493  66652  2   0  66652
494  66476  2   5  66471
495  66470  3   0  9  66461
496  66714  2   1  66713
497  66700  2   3  66697
498  66443  3   10  1  66432
499  66734  2   8  66726
500  66586  2   0  66586
501  66693  5   1  2  0  0  66690
502  66474  3   0  0  66474
503  66712  2   2  66710
504  66361  3   5417  2  60942
505  66496  3   10  0  66486
506  66518  3   1  1  66516
507  66629  3   0  16  66613
508  66093  3   0  0  66093
509  30320  2   1  30319
510  66598  2   4  66594
511  65930  2   1  65929
512  66733  3   1  3  66729
513  66520  2   1  66519
514  30622  2   2  30620
515  66640  2   2  66638
516  66412  2   0  66412
517  66706  2   2  66704
518  66398  2   1  66397
519  65312  2   0  65312
520  30813  3   0  106  30707
521  65758  2   0  65758
522  66393  4   0  4  1  66388
523  66408  3   20  0  66388
524  66738  2   0  66738
525  65870  2   0  65870
526  66670  2   0  66670
527  65793  3   3  5  65785
528  66558  3   0  0  66558

[pop]=6
1  900  3   0  0  900
2  908  2   0  908
3  904  2   1  903
4  908  2   0  908
5  892  5   0  0  0  0  892
6  136  3   0  0  136
7  908  2   0  908
8  906  2   0  906
9  908  2   1  907
10  904  2   0  904
11  884  3   315  0  569
12  890  2   0  890
13  908  3   0  0  908
14  890  3   0  0  890
15  896  2   0  896
16  904  3   0  0  904
17  898  2   0  898
18  134  2   0  134
19  906  3   2  0  904
20  908  2   0  908
21  886  2   0  886
22  890  2   0  890
23  908  3   0  0  908
24  908  3   0  0  908
25  904  2   0  904
26  906  3   0  0  906
27  896  2   0  896
28  396  2   0  396
29  902  3   0  0  902
30  895  3   0  0  895
31  908  2   0  908
32  875  3   0  0  875
33  898  4   0  0  0  898
34  904  3   0  0  904
35  806  2   18  788
36  903  3   0  0  903
37  906  2   0  906
38  908  2   0  908
39  902  2   0  902
40  908  4   0  0  0  908
41  908  3   0  0  908
42  906  2   0  906
43  196  2   0  196
44  908  2   1  907
45  904  3   0  0  904
46  904  3   0  0  904
47  900  2   0  900
48  904  3   0  0  904
49  898  2   0  898
50  906  2   0  906
51  908  3   0  0  908
52  908  2   0  908
53  906  2   0  906
54  905  3   0  0  905
55  880  2   0  880
56  907  4   0  0  0  907
57  500  2   50  450
58  908  2   0  908
59  900  2   0  900
60  906  3   0  1  905
61  908  2   0  908
62  888  3   0  0  888
63  900  2   0  900
64  908  3   0  0  908
65  905  3   0  0  905
66  904  2   0  904
67  898  3   0  0  898
68  900  3   0  0  900
69  906  3   0  0  906
70  908  3   0  0  908
71  906  3   0  1  905
72  906  3   0  0  906
73  272  2   0  272
74  496  2   0  496
75  900  2   0  900
76  908  3   0  0  908
77  908  2   0  908
78  906  3   0  0  906
79  906  3   0  0  906
80  900  2   0  900
81  908  2   18  890
82  908  2   0  908
83  906  3   0  0  906
84  906  3   0  0  906
85  900  2   1  899
86  450  3   0  0  450
87  896  3   0  0  896
88  902  2   0  902
89  908  2   0  908
90  908  3   0  0  908
91  168  2   0  168
92  906  2   0  906
93  898  3   0  0  898
94  906  2   0  906
95  908  2   0  908
96  900  3   0  0  900
97  908  4   0  0  0  908
98  890  2   0  890
99  902  3   0  0  902
100  907  3   0  0  907
101  908  3   0  0  908
102  886  2   0  886
103  760  2   0  760
104  908  2   0  908
105  908  2   0  908
106  908  3   0  0  908
107  908  2   0  908
108  908  3   0  0  908
109  908  3   0  0  908
110  906  2   0  906
111  748  2   0  748
112  898  2   0  898
113  908  3   0  0  908
114  906  3   0  0  906
115  908  3   0  1  907
116  902  2   0  902
117  908  3   0  0  908
118  906  2   0  906
119  908  2   0  908
120  889  4   0  0  0  889
121  908  3   0  0  908
122  906  2   0  906
123  906  2   0  906
124  908  2   0  908
125  490  2   0  490
126  908  2   21  887
127  906  3   0  0  906
128  908  3   0  0  908
129  908  3   0  0  908
130  908  2   0  908
131  908  4   0  0  0  908
132  908  2   0  908
133  844  3   0  0  844
134  906  2   0  906
135  908  2   0  908
136  184  2   0  184
137  700  4   0  0  0  700
138  904  2   0  904
139  908  2   0  908
140  155  3   83  0  72
141  906  4   0  0  0  906
142  908  2   0  908
143  908  4   0  0  0  908
144  904  3   0  0  904
145  904  3   0  0  904
146  908  2   0  908
147  830  3   0  0  830
148  908  2   47  861
149  906  3   0  0  906
150  908  2   3  905
151  182  2   0  182
152  894  2   0  894
153  906  3   0  0  906
154  904  2   0  904
155  898  2   0  898
156  212  3   0  0  212
157  906  2   413  493
158  162  2   47  115
159  823  3   0  1  822
160  908  4   0  0  0  908
161  906  3   0  0  906
162  896  3   0  0  896
163  904  2   0  904
164  908  2   0  908
165  908  3   0  0  908
166  908  3   0  0  908
167  184  2   0  184
168  655  4   0  0  0  655
169  904  2   0  904
170  908  3   0  0  908
171  902  3   0  0  902
172  908  3   0  0  908
173  908  3   0  0  908
174  908  3   0  0  908
175  820  2   0  820
176  190  2   190  0
177  908  2   0  908
178  906  4   27  0  0  879
179  906  2   0  906
180  903  3   0  1  902
181  898  3   0  0  898
182  480  2   0  480
183  152  2   0  152
184  908  2   0  908
185  908  2   0  908
186  901  3   1  0  900
187  908  3   0  0  908
188  908  2   0  908
189  908  2   0  908
190  894  2   0  894
191  904  2   0  904
192  906  5   0  0  0  2  904
193  604  3   0  0  604
194  894  3   0  0  894
195  908  3   0  0  908
196  808  4   0  0  0  808
197  908  3   273  0  635
198  896  2   318  578
199  150  3   1  0  149
200  908  2   0  908
201  906  2   0  906
202  908  3   0  0  908
203  906  3   0  0  906
204  908  2   0  908
205  908  3   0  0  908
206  908  2   0  908
207  906  3   0  0  906
208  902  2   0  902
209  200  3   0  0  200
210  150  2   0  150
211  796  2   0  796
212  906  3   0  0  906
213  908  3   0  0  908
214  908  2   0  908
215  908  2   0  908
216  898  2   0  898
217  902  3   0  0  902
218  902  3   0  0  902
219  908  4   1  0  0  907
220  908  3   0  0  908
221  900  3   1  0  899
222  390  2   0  390
223  796  4   0  0  0  796
224  902  2   0  902
225  906  3   0  0  906
226  908  3   2  0  906
227  896  2   0  896
228  904  2   0  904
229  908  2   0  908
230  908  2   2  906
231  908  2   0  908
232  908  2   0  908
233  906  4   0  0  0  906
234  138  2   0  138
235  908  2   0  908
236  856  2   0  856
237  906  2   0  906
238  908  3   0  0  908
239  896  3   0  0  896
240  858  2   0  858
241  908  2   0  908
242  884  3   0  0  884
243  908  3   0  0  908
244  908  4   0  0  0  908
245  908  2   0  908
246  906  2   0  906
247  908  4   0  0  0  908
248  900  2   0  900
249  898  2   0  898
250  900  3   0  0  900
251  908  2   0  908
252  908  2   0  908
253  908  2   5  903
254  898  2   0  898
255  908  2   0  908
256  908  2   0  908
257  906  2   0  906
258  908  2   0  908
259  906  2   0  906
260  906  2   378  528
261  908  2   0  908
262  898  2   0  898
263  898  4   0  0  0  898
264  902  3   0  0  902
265  908  2   0  908
266  462  2   0  462
267  898  3   1  0  897
268  902  3   0  0  902
269  908  2   0  908
270  886  2   0  886
271  906  3   0  0  906
272  908  3   0  0  908
273  898  2   0  898
274  906  3   0  0  906
275  908  3   0  0  908
276  896  4   0  0  0  896
277  898  2   0  898
278  908  3   0  0  908
279  908  2   0  908
280  908  2   0  908
281  898  3   0  0  898
282  908  2   0  908
283  908  4   0  7  0  901
284  906  2   3  903
285  432  2   0  432
286  908  2   0  908
287  896  3   325  0  571
288  908  3   0  0  908
289  908  3   0  0  908
290  904  2   0  904
291  906  3   0  0  906
292  908  2   1  907
293  908  3   0  0  908
294  898  3   0  0  898
295  908  2   0  908
296  898  2   0  898
297  160  3   0  0  160
298  899  3   0  60  839
299  908  2   142  766
300  908  2   0  908
301  898  3   0  0  898
302  906  2   0  906
303  908  2   0  908
304  906  2   0  906
305  886  3   0  0  886
306  908  2   0  908
307  898  4   0  0  0  898
308  908  2   0  908
309  905  3   0  0  905
310  900  3   0  0  900
311  908  2   20  888
312  904  2   0  904
313  878  2   0  878
314  908  2   0  908
315  908  2   12  896
316  900  2   0  900
317  908  2   0  908
318  908  2   0  908
319  906  2   0  906
320  356  2   0  356
321  906  2   0  906
322  908  2   0  908
323  908  2   0  908
324  900  3   0  0  900
325  908  3   0  0  908
326  330  2   0  330
327  908  3   0  0  908
328  908  2   0  908
329  908  2   0  908
330  898  3   0  0  898
331  908  3   0  0  908
332  327  3   0  0  327
333  904  3   0  0  904
334  900  4   0  0  0  900
335  908  2   0  908
336  908  3   0  0  908
337  908  2   0  908
338  900  3   0  0  900
339  908  3   0  0  908
340  188  2   0  188
341  904  2   0  904
342  908  2   7  901
343  908  2   0  908
344  900  3   0  0  900
345  906  2   0  906
346  902  3   0  0  902
347  908  2   0  908
348  908  4   0  0  0  908
349  908  2   0  908
350  908  2   0  908
351  902  3   0  0  902
352  908  3   0  1  907
353  890  2   0  890
354  908  2   0  908
355  908  2   1  907
356  283  4   0  0  0  283
357  908  2   0  908
358  908  2   0  908
359  908  2   0  908
360  906  2   0  906
361  888  2   0  888
362  908  4   0  0  0  908
363  908  3   0  0  908
364  900  3   4  0  896
365  908  2   0  908
366  904  2   1  903
367  902  3   0  0  902
368  908  3   0  0  908
369  894  3   0  0  894
370  897  3   0  0  897
371  904  2   0  904
372  908  3   0  0  908
373  908  3   0  1  907
374  906  3   0  0  906
375  908  2   0  908
376  900  2   0  900
377  898  2   0  898
378  900  2   0  900
379  908  2   0  908
380  192  2   192  0
381  906  2   0  906
382  894  3   0  0  894
383  898  2   0  898
384  904  2   0  904
385  908  3   0  0  908
386  900  3   0  0  900
387  906  2   0  906
388  898  3   0  0  898
389  894  3   0  0  894
390  908  3   0  0  908
391  908  2   0  908
392  904  3   0  0  904
393  342  2   17  325
394  908  2   1  907
395  906  2   0  906
396  898  2   0  898
397  908  2   0  908
398  908  2   0  908
399  908  3   0  0  908
400  904  2   0  904
401  908  2   0  908
402  900  2   0  900
403  908  2   0  908
404  904  3   0  0  904
405  896  2   0  896
406  908  2   8  900
407  908  2   0  908
408  904  2   0  904
409  908  2   0  908
410  908  2   0  908
411  908  2   0  908
412  908  2   0  908
413  906  3   0  0  906
414  906  2   0  906
415  908  2   0  908
416  908  2   0  908
417  908  2   0  908
418  908  2   0  908
419  904  2   0  904
420  372  2   0  372
421  906  2   0  906
422  900  2   0  900
423  906  3   0  0  906
424  900  2   1  899
425  908  3   0  0  908
426  374  3   0  0  374
427  908  2   0  908
428  908  2   0  908
429  900  4   0  1  1  898
430  908  2   0  908
431  898  3   0  0  898
432  904  3   0  0  904
433  898  2   1  897
434  908  2   0  908
435  906  2   0  906
436  904  2   0  904
437  180  2   0  180
438  908  3   0  0  908
439  906  2   1  905
440  908  2   0  908
441  897  4   0  0  0  897
442  902  3   0  0  902
443  160  2   0  160
444  900  2   0  900
445  900  2   1  899
446  900  3   0  0  900
447  906  3   0  0  906
448  908  2   0  908
449  908  2   0  908
450  906  2   0  906
451  908  3   0  0  908
452  904  3   0  0  904
453  898  2   0  898
454  908  2   0  908
455  900  3   0  0  900
456  908  2   0  908
457  904  3   0  0  904
458  908  2   0  908
459  908  3   1  0  907
460  908  3   0  0  908
461  904  2   0  904
462  908  3   0  0  908
463  902  2   0  902
464  908  3   0  0  908
465  406  3   0  0  406
466  908  2   0  908
467  898  3   0  0  898
468  908  2   0  908
469  902  2   0  902
470  894  2   0  894
471  904  2   0  904
472  900  2   0  900
473  902  2   0  902
474  897  3   0  0  897
475  908  3   0  0  908
476  904  2   0  904
477  906  2   0  906
478  906  3   76  0  830
479  908  2   0  908
480  905  3   0  0  905
481  908  2   0  908
482  904  3   0  0  904
483  899  3   0  0  899
484  896  3   0  0  896
485  908  2   0  908
486  908  3   0  0  908
487  904  2   0  904
488  908  2   0  908
489  900  3   0  0  900
490  908  3   0  0  908
491  904  2   0  904
492  904  2   0  904
493  908  2   0  908
494  906  2   0  906
495  896  3   0  0  896
496  900  2   0  900
497  904  2   0  904
498  900  3   0  0  900
499  908  2   0  908
500  904  2   0  904
501  908  5   0  0  0  0  908
502  905  3   0  0  905
503  908  2   0  908
504  892  3   100  0  792
505  908  3   0  0  908
506  900  3   0  0  900
507  904  3   0  0  904
508  899  3   0  0  899
509  444  2   0  444
510  896  2   0  896
511  898  2   0  898
512  908  3   0  0  908
513  898  2   1  897
514  448  2   0  448
515  908  2   0  908
516  908  2   0  908
517  904  2   0  904
518  900  2   0  900
519  892  2   0  892
520  447  3   0  0  447
521  892  2   0  892
522  908  4   0  1  0  907
523  895  3   4  0  891
524  908  2   0  908
525  890  2   0  890
526  908  2   0  908
527  893  3   0  0  893
528  900  3   0  0  900

[pop]=7
1  16510  3   0  0  16510
2  16512  2   1  16511
3  16276  2   1  16275
4  16512  2   0  16512
5  15546  5   0  1  1  0  15544
6  7824  3   0  0  7824
7  16472  2   0  16472
8  16390  2   0  16390
9  16512  2   0  16512
10  16328  2   0  16328
11  16499  3   5519  2  10978
12  15938  2   0  15938
13  16480  3   0  0  16480
14  15354  3   0  0  15354
15  16330  2   0  16330
16  16490  3   0  2  16488
17  16440  2   0  16440
18  7790  2   0  7790
19  16443  3   0  0  16443
20  16512  2   0  16512
21  16500  2   0  16500
22  16012  2   0  16012
23  16484  3   0  2  16482
24  16512  3   0  0  16512
25  16504  2   0  16504
26  16467  3   0  0  16467
27  16422  2   0  16422
28  10418  2   2  10416
29  16387  3   0  1  16386
30  16455  3   0  1  16454
31  16506  2   0  16506
32  16091  3   1  1  16089
33  16455  4   3  0  0  16452
34  16504  3   0  0  16504
35  15410  2   244  15166
36  16492  3   0  0  16492
37  16372  2   0  16372
38  16500  2   0  16500
39  16494  2   0  16494
40  16512  4   0  0  1  16511
41  16512  3   0  0  16512
42  16490  2   0  16490
43  2656  2   0  2656
44  16512  2   62  16450
45  16499  3   0  0  16499
46  16506  3   0  0  16506
47  16508  2   0  16508
48  16493  3   1  0  16492
49  16480  2   3  16477
50  16494  2   0  16494
51  16502  3   0  0  16502
52  16512  2   0  16512
53  16474  2   0  16474
54  16254  3   32  0  16222
55  16392  2   2  16390
56  16496  4   1  0  0  16495
57  11104  2   408  10696
58  16504  2   0  16504
59  16076  2   0  16076
60  16500  3   0  0  16500
61  16512  2   0  16512
62  16496  3   24  0  16472
63  16466  2   0  16466
64  16506  3   0  0  16506
65  16507  3   0  1  16506
66  16494  2   1  16493
67  16492  3   0  0  16492
68  16008  3   0  0  16008
69  16498  3   0  0  16498
70  16508  3   0  1  16507
71  16457  3   2  0  16455
72  16483  3   0  0  16483
73  8678  2   1  8677
74  11154  2   0  11154
75  15822  2   0  15822
76  16512  3   0  1  16511
77  16506  2   0  16506
78  16411  3   0  0  16411
79  16512  3   0  0  16512
80  16500  2   1  16499
81  16510  2   27  16483
82  16510  2   0  16510
83  16434  3   0  0  16434
84  16508  3   0  1  16507
85  16504  2   0  16504
86  10962  3   0  1  10961
87  15308  3   0  0  15308
88  16476  2   24  16452
89  16510  2   0  16510
90  16508  3   0  0  16508
91  6608  2   109  6499
92  16512  2   0  16512
93  16502  3   0  0  16502
94  16476  2   0  16476
95  16510  2   0  16510
96  16502  3   2  0  16500
97  16512  4   0  12  0  16500
98  16494  2   0  16494
99  16477  3   0  0  16477
100  16495  3   0  0  16495
101  16492  3   0  1  16491
102  16468  2   0  16468
103  15288  2   2  15286
104  16508  2   0  16508
105  16508  2   3  16505
106  16512  3   0  0  16512
107  16508  2   0  16508
108  16512  3   0  1  16511
109  16508  3   0  0  16508
110  16512  2   0  16512
111  15144  2   0  15144
112  16508  2   0  16508
113  16510  3   1  0  16509
114  16512  3   22  0  16490
115  16512  3   0  3  16509
116  16482  2   0  16482
117  16492  3   7  0  16485
118  16512  2   0  16512
119  16512  2   0  16512
120  16488  4   1  0  0  16487
121  16512  3   0  0  16512
122  16512  2   5  16507
123  16512  2   0  16512
124  16512  2   0  16512
125  11362  2   0  11362
126  16512  2   332  16180
127  16508  3   0  5  16503
128  16508  3   0  0  16508
129  16512  3   0  0  16512
130  16498  2   33  16465
131  16503  4   0  0  0  16503
132  16512  2   0  16512
133  12696  3   1  0  12695
134  16512  2   0  16512
135  16512  2   0  16512
136  7546  2   1  7545
137  14575  4   0  2  1  14572
138  16500  2   0  16500
139  16512  2   0  16512
140  8160  3   3485  1  4674
141  16510  4   0  0  0  16510
142  16508  2   0  16508
143  16509  4   4  1  0  16504
144  16499  3   0  0  16499
145  16502  3   0  0  16502
146  16510  2   0  16510
147  12100  3   2  2  12096
148  16504  2   1641  14863
149  16512  3   1  0  16511
150  16504  2   0  16504
151  7560  2   1  7559
152  16494  2   0  16494
153  16512  3   0  0  16512
154  16496  2   0  16496
155  16512  2   0  16512
156  8123  3   0  0  8123
157  16504  2   9005  7499
158  8136  2   1709  6427
159  11329  3   0  0  11329
160  16512  4   1  0  1  16510
161  16512  3   1  0  16511
162  16510  3   0  0  16510
163  16502  2   0  16502
164  16510  2   0  16510
165  16510  3   0  0  16510
166  16502  3   2  0  16500
167  7584  2   1  7583
168  14031  4   0  0  0  14031
169  16490  2   0  16490
170  16508  3   3  5  16500
171  16492  3   0  0  16492
172  16502  3   1  0  16501
173  16512  3   27  0  16485
174  16512  3   1  0  16511
175  10652  2   0  10652
176  7618  2   7617  1
177  16510  2   0  16510
178  16512  4   135  0  0  16377
179  16512  2   0  16512
180  16496  3   1  123  16372
181  16512  3   1  0  16511
182  11224  2   2  11222
183  8032  2   13  8019
184  16502  2   0  16502
185  16506  2   1  16505
186  16496  3   0  0  16496
187  16512  3   0  0  16512
188  16510  2   0  16510
189  16512  2   0  16512
190  16498  2   0  16498
191  16512  2   0  16512
192  16512  5   0  0  1  1  16510
193  13552  3   10  0  13542
194  16510  3   0  0  16510
195  16510  3   0  4  16506
196  10099  4   0  1  1  10097
197  16510  3   6291  2  10217
198  16436  2   5529  10907
199  8023  3   0  0  8023
200  16510  2   0  16510
201  16512  2   1  16511
202  16512  3   0  2  16510
203  16512  3   0  0  16512
204  16510  2   0  16510
205  16512  3   0  0  16512
206  16510  2   0  16510
207  16512  3   1  0  16511
208  16494  2   0  16494
209  7962  3   0  0  7962
210  8002  2   7  7995
211  9714  2   0  9714
212  16512  3   0  2  16510
213  16505  3   0  0  16505
214  16512  2   0  16512
215  16510  2   0  16510
216  16510  2   0  16510
217  16494  3   0  1  16493
218  16488  3   0  0  16488
219  16512  4   0  0  0  16512
220  16510  3   0  1  16509
221  16510  3   7  0  16503
222  10046  2   0  10046
223  9537  4   0  0  0  9537
224  16488  2   0  16488
225  16508  3   0  0  16508
226  16510  3   0  0  16510
227  16504  2   61  16443
228  16508  2   6  16502
229  16510  2   0  16510
230  16510  2   0  16510
231  16510  2   2  16508
232  16510  2   0  16510
233  16512  4   0  1  0  16511
234  7390  2   0  7390
235  16510  2   0  16510
236  15440  2   1  15439
237  16512  2   1  16511
238  16512  3   0  0  16512
239  16291  3   0  0  16291
240  15570  2   0  15570
241  16510  2   0  16510
242  15748  3   0  3  15745
243  16510  3   0  1  16509
244  16510  4   0  0  0  16510
245  16512  2   3  16509
246  16496  2   0  16496
247  16512  4   0  0  0  16512
248  16510  2   2  16508
249  16512  2   0  16512
250  16510  3   0  0  16510
251  16510  2   2  16508
252  16506  2   0  16506
253  16508  2   1  16507
254  16508  2   0  16508
255  16512  2   0  16512
256  16512  2   2  16510
257  16508  2   0  16508
258  16510  2   0  16510
259  16512  2   3  16509
260  16508  2   5998  10510
261  16510  2   0  16510
262  16508  2   0  16508
263  16512  4   0  0  0  16512
264  16456  3   0  0  16456
265  16506  2   0  16506
266  11758  2   1  11757
267  16512  3   0  0  16512
268  16462  3   2  0  16460
269  16508  2   0  16508
270  15960  2   0  15960
271  16512  3   0  0  16512
272  16510  3   0  0  16510
273  16510  2   0  16510
274  16512  3   0  0  16512
275  16510  3   0  1  16509
276  16425  4   1  0  18  16406
277  16512  2   0  16512
278  16512  3   1  1  16510
279  16510  2   0  16510
280  16510  2   0  16510
281  16489  3   8  0  16481
282  16512  2   0  16512
283  16512  4   0  8  0  16504
284  16512  2   56  16456
285  11410  2   0  11410
286  16512  2   0  16512
287  16408  3   3925  0  12483
288  16512  3   0  0  16512
289  16512  3   0  0  16512
290  16502  2   0  16502
291  16512  3   0  0  16512
292  16512  2   0  16512
293  16510  3   2  0  16508
294  16506  3   0  6  16500
295  16512  2   2  16510
296  16510  2   0  16510
297  7014  3   0  0  7014
298  16488  3   0  250  16238
299  16508  2   1798  14710
300  16512  2   0  16512
301  16510  3   0  1  16509
302  16512  2   0  16512
303  16512  2   0  16512
304  16486  2   0  16486
305  15964  3   3  0  15961
306  16510  2   0  16510
307  16512  4   4  7  0  16501
308  16512  2   1  16511
309  16512  3   0  0  16512
310  16512  3   0  0  16512
311  16424  2   19  16405
312  16512  2   0  16512
313  16084  2   9  16075
314  16512  2   0  16512
315  16508  2   149  16359
316  16486  2   2  16484
317  16506  2   7  16499
318  16512  2   7  16505
319  16512  2   0  16512
320  10320  2   0  10320
321  16498  2   1  16497
322  16510  2   0  16510
323  16508  2   0  16508
324  16486  3   0  0  16486
325  16512  3   0  0  16512
326  10156  2   6  10150
327  16500  3   0  0  16500
328  16512  2   0  16512
329  16512  2   3  16509
330  16512  3   0  0  16512
331  16512  3   0  0  16512
332  10111  3   1  2  10108
333  16512  3   0  0  16512
334  16512  4   0  0  0  16512
335  16512  2   7  16505
336  16504  3   0  0  16504
337  16510  2   0  16510
338  16481  3   0  0  16481
339  16506  3   39  0  16467
340  7618  2   0  7618
341  16512  2   0  16512
342  16512  2   3  16509
343  16506  2   0  16506
344  16501  3   0  0  16501
345  16512  2   1  16511
346  16512  3   0  1  16511
347  16506  2   0  16506
348  16506  4   0  0  0  16506
349  16510  2   0  16510
350  16512  2   1  16511
351  16512  3   0  0  16512
352  16512  3   0  0  16512
353  16294  2   0  16294
354  16512  2   0  16512
355  16506  2   0  16506
356  9334  4   0  0  0  9334
357  16508  2   0  16508
358  16512  2   0  16512
359  16512  2   0  16512
360  16512  2   0  16512
361  16308  2   0  16308
362  16508  4   0  1  0  16507
363  16503  3   0  0  16503
364  16480  3   5  0  16475
365  16510  2   0  16510
366  16458  2   584  15874
367  16512  3   0  0  16512
368  16512  3   0  0  16512
369  16371  3   0  1  16370
370  16299  3   1  0  16298
371  16456  2   0  16456
372  16509  3   0  0  16509
373  16508  3   14  0  16494
374  16510  3   0  1  16509
375  16512  2   0  16512
376  16510  2   0  16510
377  16298  2   0  16298
378  16480  2   2  16478
379  16508  2   0  16508
380  7618  2   7505  113
381  16512  2   0  16512
382  16406  3   0  0  16406
383  16304  2   0  16304
384  16474  2   0  16474
385  16510  3   0  0  16510
386  16478  3   0  35  16443
387  16510  2   0  16510
388  16492  3   0  0  16492
389  16414  3   0  0  16414
390  16512  3   0  1  16511
391  16512  2   2  16510
392  16492  3   0  0  16492
393  9972  2   522  9450
394  16502  2   0  16502
395  16510  2   0  16510
396  16496  2   0  16496
397  16512  2   0  16512
398  16512  2   2  16510
399  16510  3   0  0  16510
400  16498  2   0  16498
401  16502  2   0  16502
402  16500  2   21  16479
403  16512  2   0  16512
404  16511  3   0  0  16511
405  16436  2   0  16436
406  16512  2   6  16506
407  16512  2   0  16512
408  16504  2   13  16491
409  16512  2   2  16510
410  16510  2   0  16510
411  16510  2   4  16506
412  16512  2   0  16512
413  16492  3   0  2  16490
414  16508  2   0  16508
415  16512  2   0  16512
416  16512  2   0  16512
417  16510  2   0  16510
418  16512  2   0  16512
419  16490  2   0  16490
420  10102  2   0  10102
421  16508  2   2  16506
422  16500  2   0  16500
423  16512  3   0  0  16512
424  16510  2   1  16509
425  16512  3   0  0  16512
426  10126  3   1  1  10124
427  16482  2   0  16482
428  16512  2   0  16512
429  16510  4   6  0  0  16504
430  16512  2   0  16512
431  16339  3   0  0  16339
432  16508  3   1  0  16507
433  16506  2   1  16505
434  16512  2   0  16512
435  16508  2   0  16508
436  16508  2   0  16508
437  6250  2   2  6248
438  16512  3   0  0  16512
439  16506  2   0  16506
440  16510  2   0  16510
441  16335  4   1  1  0  16333
442  16496  3   0  1  16495
443  5434  2   2  5432
444  16508  2   0  16508
445  16512  2   15  16497
446  16508  3   2  0  16506
447  16506  3   0  0  16506
448  16512  2   0  16512
449  16502  2   1  16501
450  16506  2   0  16506
451  16510  3   0  0  16510
452  16500  3   0  0  16500
453  16504  2   52  16452
454  16512  2   0  16512
455  16504  3   0  0  16504
456  16512  2   0  16512
457  16512  3   0  0  16512
458  16510  2   0  16510
459  16512  3   0  0  16512
460  16512  3   0  0  16512
461  16502  2   0  16502
462  16510  3   0  0  16510
463  16508  2   4  16504
464  16510  3   0  0  16510
465  10533  3   0  0  10533
466  16512  2   0  16512
467  16500  3   0  1  16499
468  16512  2   0  16512
469  16508  2   0  16508
470  16296  2   0  16296
471  16350  2   0  16350
472  16476  2   0  16476
473  16484  2   0  16484
474  16500  3   0  1  16499
475  16512  3   0  0  16512
476  16506  2   5  16501
477  16504  2   0  16504
478  16424  3   1082  2  15340
479  16510  2   1  16509
480  16503  3   0  0  16503
481  16506  2   0  16506
482  16512  3   1  11  16500
483  16346  3   0  0  16346
484  16503  3   1  0  16502
485  16506  2   0  16506
486  16512  3   0  8  16504
487  16506  2   0  16506
488  16508  2   0  16508
489  16506  3   4  1  16501
490  16512  3   0  0  16512
491  16502  2   23  16479
492  16232  2   2  16230
493  16488  2   0  16488
494  16474  2   0  16474
495  16232  3   0  0  16232
496  16512  2   0  16512
497  16506  2   0  16506
498  16506  3   0  0  16506
499  16512  2   0  16512
500  16500  2   0  16500
501  16512  5   1  0  9  1  16501
502  16464  3   1  0  16463
503  16510  2   3  16507
504  16075  3   1446  6  14623
505  16498  3   0  2  16496
506  16132  3   0  0  16132
507  16512  3   1  0  16511
508  16104  3   1  0  16103
509  10796  2   1  10795
510  16470  2   0  16470
511  16500  2   0  16500
512  16512  3   0  7  16505
513  16132  2   17  16115
514  10820  2   0  10820
515  16442  2   0  16442
516  16450  2   1  16449
517  16510  2   0  16510
518  16498  2   33  16465
519  16162  2   6  16156
520  10840  3   0  5  10835
521  16400  2   0  16400
522  16413  4   2  1  0  16410
523  15931  3   0  0  15931
524  16512  2   0  16512
525  15778  2   0  15778
526  16506  2   0  16506
527  16404  3   0  0  16404
528  16498  3   0  0  16498

