[loci]=184

[populations]=7

[pop]=1
1  9810  2   0  9810
2  9752  2   0  9752
3  9802  3   0  0  9802
4  3933  3   18  0  3915
5  10362  2   0  10362
6  9720  2   558  9162
7  9802  4   1  0  1  9800
8  10406  3   1  0  10405
9  4431  4   1  0  0  4430
10  10364  2   0  10364
11  10365  3   0  0  10365
12  9808  3   0  0  9808
13  9806  3   0  0  9806
14  10362  2   0  10362
15  9802  2   81  9721
16  10366  2   0  10366
17  10406  3   0  0  10406
18  9798  3   8811  0  987
19  9806  4   0  0  0  9806
20  9806  2   1  9805
21  9808  3   0  1  9807
22  9768  2   0  9768
23  10372  2   2  10370
24  9706  2   9  9697
25  9806  2   0  9806
26  9066  3   0  2  9064
27  5022  3   0  1  5021
28  9806  2   0  9806
29  5033  4   1  4  1  5027
30  9804  2   0  9804
31  9804  3   0  1  9803
32  9674  3   0  0  9674
33  10406  2   0  10406
34  2166  3   0  0  2166
35  9663  4   0  0  0  9663
36  9752  2   0  9752
37  10366  2   18  10348
38  9626  2   0  9626
39  9804  2   0  9804
40  9074  3   0  1  9073
41  9748  3   1  1  9746
42  10358  2   0  10358
43  9584  2   0  9584
44  10350  3   0  2  10348
45  9806  2   411  9395
46  2166  2   0  2166
47  9578  4   1  26  0  9551
48  9716  2   0  9716
49  5148  2   0  5148
50  5068  2   0  5068
51  10333  4   0  0  0  10333
52  10406  2   0  10406
53  9804  2   0  9804
54  10406  2   0  10406
55  4748  3   0  0  4748
56  9806  2   0  9806
57  9792  2   0  9792
58  9650  2   0  9650
59  9804  2   0  9804
60  2112  2   0  2112
61  9682  3   8607  11  1064
62  9806  2   0  9806
63  10278  2   0  10278
64  2105  3   0  0  2105
65  10404  2   5  10399
66  9500  2   8  9492
67  9804  2   0  9804
68  10230  2   0  10230
69  10402  2   13  10389
70  9788  2   0  9788
71  9804  2   16  9788
72  10176  3   0  0  10176
73  9630  2   0  9630
74  9536  3   0  0  9536
75  2144  3   0  0  2144
76  9270  2   0  9270
77  9628  3   2  35  9591
78  10346  2   0  10346
79  7433  4   0  0  0  7433
80  9609  4   0  0  0  9609
81  9668  2   0  9668
82  9690  2   1  9689
83  10356  2   0  10356
84  9344  2   0  9344
85  10354  3   0  0  10354
86  9888  3   1  1  9886
87  2160  2   1647  513
88  9728  2   0  9728
89  9539  3   0  0  9539
90  10370  2   0  10370
91  2156  2   0  2156
92  9728  3   0  0  9728
93  9684  2   0  9684
94  9435  4   0  0  1  9434
95  9736  3   0  1  9735
96  10376  2   3  10373
97  9743  3   0  1  9742
98  9748  2   1  9747
99  9996  4   1  0  0  9995
100  9752  2   0  9752
101  9428  3   0  0  9428
102  9752  2   0  9752
103  10019  4   0  0  0  10019
104  9656  2   0  9656
105  9754  3   0  0  9754
106  9712  2   0  9712
107  9742  3   0  0  9742
108  10035  4   0  0  0  10035
109  2150  3   0  1  2149
110  9746  3   0  34  9712
111  10380  2   0  10380
112  9746  2   0  9746
113  10056  2   1  10055
114  2148  2   0  2148
115  2148  3   2  0  2146
116  9763  5   0  0  0  0  9763
117  9798  2   2  9796
118  9755  3   0  0  9755
119  9396  2   0  9396
120  10378  4   26  0  1  10351
121  9746  2   0  9746
122  9749  3   0  1  9748
123  10086  2   3  10083
124  9766  4   0  0  0  9766
125  9438  2   0  9438
126  10383  3   0  0  10383
127  9762  3   0  0  9762
128  9774  2   0  9774
129  9778  3   0  0  9778
130  9764  3   0  0  9764
131  9770  2   0  9770
132  9768  2   0  9768
133  9760  3   0  5  9755
134  9768  2   0  9768
135  9762  3   0  0  9762
136  10090  2   0  10090
137  10090  3   0  0  10090
138  10214  2   0  10214
139  2148  2   0  2148
140  9366  2   1  9365
141  9768  3   0  1  9767
142  10078  5   0  0  1  6  10071
143  9774  3   0  0  9774
144  10256  2   0  10256
145  9793  3   0  0  9793
146  9385  4   0  0  1  9384
147  9770  2   0  9770
148  10069  4   0  0  1  10068
149  9778  2   0  9778
150  10260  2   0  10260
151  9794  3   0  0  9794
152  9399  3   0  0  9399
153  10064  2   2  10062
154  9775  3   0  2  9773
155  10270  3   0  0  10270
156  9412  3   0  0  9412
157  9772  3   0  0  9772
158  10282  2   0  10282
159  10385  4   0  3  1  10381
160  10066  3   114  0  9952
161  9778  2   0  9778
162  10312  2   3  10309
163  9796  3   0  0  9796
164  7986  2   0  7986
165  9774  2   0  9774
166  9796  3   0  0  9796
167  10380  2   0  10380
168  9782  4   0  0  1  9781
169  10068  3   0  2  10066
170  9796  4   0  0  2  9794
171  9474  2   0  9474
172  10378  2   4  10374
173  2142  2   0  2142
174  10374  2   0  10374
175  9776  3   0  0  9776
176  9778  2   0  9778
177  9792  3   0  0  9792
178  9497  3   0  0  9497
179  8072  2   0  8072
180  10364  3   0  0  10364
181  9788  2   0  9788
182  10096  2   0  10096
183  9791  3   0  1  9790
184  10363  3   1  0  10362

[pop]=2
1  11576  2   0  11576
2  11576  2   0  11576
3  11576  3   0  0  11576
4  3568  3   0  0  3568
5  11544  2   0  11544
6  11540  2   483  11057
7  11576  4   0  0  0  11576
8  11578  3   1  2  11575
9  4092  4   0  1  0  4091
10  11548  2   6  11542
11  11568  3   0  0  11568
12  11576  3   0  0  11576
13  11576  3   1  0  11575
14  11552  2   0  11552
15  11576  2   11  11565
16  11552  2   0  11552
17  11578  3   0  0  11578
18  11568  3   9494  0  2074
19  11576  4   0  0  0  11576
20  11576  2   0  11576
21  11576  3   0  0  11576
22  11574  2   1  11573
23  11548  2   2  11546
24  11540  2   39  11501
25  11576  2   1  11575
26  11419  3   0  0  11419
27  5054  3   0  1  5053
28  11576  2   0  11576
29  5128  4   0  210  1  4917
30  11576  2   0  11576
31  11576  3   0  0  11576
32  11526  3   0  0  11526
33  11578  2   0  11578
34  410  3   0  0  410
35  11521  4   1  0  1  11519
36  11574  2   0  11574
37  11564  2   0  11564
38  11510  2   0  11510
39  11576  2   0  11576
40  11430  3   0  0  11430
41  11574  3   4  0  11570
42  11542  2   0  11542
43  11492  2   0  11492
44  11547  3   0  0  11547
45  11574  2   27  11547
46  410  2   0  410
47  11492  4   0  0  0  11492
48  11574  2   0  11574
49  5160  2   0  5160
50  5050  2   0  5050
51  11541  4   0  0  0  11541
52  11578  2   0  11578
53  11576  2   0  11576
54  11578  2   0  11578
55  4429  3   1  0  4428
56  11576  2   0  11576
57  11572  2   0  11572
58  11574  2   0  11574
59  11574  2   11  11563
60  392  2   0  392
61  11568  3   9418  14  2136
62  11574  2   0  11574
63  11518  2   0  11518
64  390  3   1  0  389
65  11578  2   0  11578
66  11574  2   0  11574
67  11574  2   0  11574
68  11524  2   2  11522
69  11578  2   2  11576
70  11576  2   0  11576
71  11574  2   2  11572
72  11522  3   3  0  11519
73  11554  2   1  11553
74  10776  3   0  1  10775
75  404  3   0  0  404
76  11442  2   0  11442
77  11514  3   0  0  11514
78  11562  2   0  11562
79  9567  4   0  1  0  9566
80  11555  4   0  1  0  11554
81  10986  2   6  10980
82  11526  2   0  11526
83  11564  2   0  11564
84  11458  2   0  11458
85  11564  3   0  0  11564
86  11276  3   0  0  11276
87  410  2   314  96
88  11556  2   0  11556
89  11546  3   0  0  11546
90  11566  2   0  11566
91  408  2   0  408
92  11556  3   0  1  11555
93  11502  2   0  11502
94  11473  4   0  0  0  11473
95  11559  3   0  0  11559
96  11568  2   0  11568
97  11548  3   0  0  11548
98  11564  2   3  11561
99  11369  4   0  1  4  11364
100  11566  2   1  11565
101  11510  3   0  1  11509
102  11568  2   0  11568
103  11391  4   0  14  0  11377
104  11488  2   0  11488
105  11568  3   0  0  11568
106  11548  2   0  11548
107  11542  3   0  0  11542
108  11395  4   0  0  3  11392
109  408  3   0  0  408
110  11567  3   0  3  11564
111  11570  2   5  11565
112  11542  2   21  11521
113  11416  2   0  11416
114  410  2   0  410
115  408  3   0  0  408
116  11568  5   0  0  0  0  11568
117  11492  2   0  11492
118  11568  3   0  0  11568
119  11480  2   1  11479
120  11568  4   0  0  0  11568
121  11558  2   0  11558
122  11546  3   0  0  11546
123  11430  2   0  11430
124  11569  4   1  0  0  11568
125  11484  2   2  11482
126  11566  3   1  0  11565
127  11556  3   0  0  11556
128  11570  2   0  11570
129  11570  3   0  0  11570
130  11560  3   0  7  11553
131  11574  2   0  11574
132  11560  2   0  11560
133  11550  3   0  0  11550
134  11574  2   0  11574
135  11550  3   0  0  11550
136  11458  2   0  11458
137  11453  3   0  0  11453
138  11506  2   0  11506
139  406  2   0  406
140  11480  2   0  11480
141  11555  3   0  0  11555
142  11456  5   0  0  0  0  11456
143  11576  3   0  1  11575
144  11508  2   0  11508
145  11573  3   0  0  11573
146  11484  4   0  0  0  11484
147  11562  2   0  11562
148  11458  4   0  0  2  11456
149  11576  2   0  11576
150  11508  2   0  11508
151  11574  3   0  0  11574
152  11481  3   0  0  11481
153  11464  2   0  11464
154  11576  3   0  3  11573
155  11510  3   0  0  11510
156  11486  3   0  1  11485
157  11574  3   0  0  11574
158  11510  2   0  11510
159  11566  4   0  29  0  11537
160  11457  3   8  1  11448
161  11574  2   0  11574
162  11516  2   0  11516
163  11574  3   0  5  11569
164  9598  2   0  9598
165  11574  2   0  11574
166  11574  3   1  0  11573
167  11566  2   0  11566
168  11560  4   0  0  3  11557
169  11423  3   1  0  11422
170  11572  4   0  0  0  11572
171  11492  2   0  11492
172  11566  2   0  11566
173  400  2   2  398
174  11566  2   0  11566
175  11568  3   0  1  11567
176  11574  2   0  11574
177  11564  3   0  0  11564
178  11484  3   0  0  11484
179  9666  2   0  9666
180  11566  3   0  1  11565
181  11560  2   0  11560
182  11416  2   0  11416
183  11561  3   0  0  11561
184  11565  3   3  0  11562

[pop]=3
1  8626  2   2  8624
2  8624  2   16  8608
3  8624  3   0  0  8624
4  2911  3   1  0  2910
5  8644  2   0  8644
6  8624  2   9  8615
7  8624  4   0  0  0  8624
8  8654  3   0  0  8654
9  3366  4   1  0  0  3365
10  8648  2   0  8648
11  8652  3   0  0  8652
12  8626  3   0  1  8625
13  8626  3   0  0  8626
14  8646  2   0  8646
15  8624  2   0  8624
16  8644  2   0  8644
17  8654  3   1  1  8652
18  8622  3   8612  0  10
19  8624  4   0  0  0  8624
20  8626  2   0  8626
21  8624  3   0  44  8580
22  8626  2   0  8626
23  8646  2   0  8646
24  8586  2   1  8585
25  8626  2   0  8626
26  8486  3   1  0  8485
27  4096  3   0  0  4096
28  8626  2   0  8626
29  4102  4   0  99  0  4003
30  8626  2   0  8626
31  8626  3   0  0  8626
32  8579  3   1  0  8578
33  8654  2   0  8654
34  622  3   0  1  621
35  8573  4   0  0  0  8573
36  8626  2   0  8626
37  8648  2   0  8648
38  8544  2   2  8542
39  8626  2   0  8626
40  8498  3   0  0  8498
41  8626  3   0  0  8626
42  8642  2   7  8635
43  8534  2   0  8534
44  8648  3   0  0  8648
45  8626  2   0  8626
46  622  2   0  622
47  8530  4   0  1  0  8529
48  8626  2   0  8626
49  4222  2   0  4222
50  4172  2   3  4169
51  8647  4   0  0  0  8647
52  8654  2   1  8653
53  8626  2   10  8616
54  8654  2   0  8654
55  3809  3   0  1  3808
56  8626  2   9  8617
57  8622  2   3  8619
58  8626  2   0  8626
59  8626  2   0  8626
60  620  2   0  620
61  8624  3   8614  0  10
62  8626  2   0  8626
63  8602  2   0  8602
64  620  3   0  0  620
65  8654  2   0  8654
66  8620  2   0  8620
67  8626  2   0  8626
68  8644  2   0  8644
69  8654  2   0  8654
70  8622  2   0  8622
71  8626  2   0  8626
72  8638  3   0  1  8637
73  8616  2   0  8616
74  8050  3   5  8  8037
75  614  3   0  0  614
76  8462  2   0  8462
77  8564  3   0  0  8564
78  8640  2   0  8640
79  7538  4   0  0  1  7537
80  8614  4   0  0  0  8614
81  8198  2   0  8198
82  8570  2   0  8570
83  8642  2   1  8641
84  8478  2   0  8478
85  8642  3   0  0  8642
86  8436  3   0  0  8436
87  624  2   421  203
88  8580  2   0  8580
89  8608  3   0  2  8606
90  8642  2   0  8642
91  622  2   0  622
92  8582  3   0  0  8582
93  8606  2   0  8606
94  8490  4   0  0  0  8490
95  8582  3   0  0  8582
96  8644  2   0  8644
97  8612  3   15  0  8597
98  8588  2   1  8587
99  8527  4   0  0  0  8527
100  8592  2   0  8592
101  8588  3   0  0  8588
102  8594  2   0  8594
103  8541  4   0  0  0  8541
104  8518  2   0  8518
105  8596  3   8  1  8587
106  8610  2   0  8610
107  8614  3   0  0  8614
108  8549  4   0  0  0  8549
109  622  3   0  0  622
110  8595  3   1  0  8594
111  8646  2   0  8646
112  8614  2   0  8614
113  8568  2   0  8568
114  620  2   0  620
115  622  3   0  0  622
116  8621  5   0  0  1  1  8619
117  8540  2   0  8540
118  8596  3   1  0  8595
119  8556  2   0  8556
120  8646  4   0  1  0  8645
121  8616  2   0  8616
122  8614  3   0  0  8614
123  8578  2   0  8578
124  8622  4   0  0  0  8622
125  8560  2   0  8560
126  8646  3   0  0  8646
127  8622  3   0  0  8622
128  8598  2   0  8598
129  8600  3   0  0  8600
130  8622  3   0  0  8622
131  8622  2   0  8622
132  8614  2   0  8614
133  8616  3   0  0  8616
134  8622  2   0  8622
135  8616  3   7  0  8609
136  8584  2   0  8584
137  8587  3   0  0  8587
138  8586  2   0  8586
139  622  2   0  622
140  8538  2   3  8535
141  8618  3   0  0  8618
142  8586  5   0  0  0  0  8586
143  8622  3   0  0  8622
144  8594  2   0  8594
145  8605  3   0  0  8605
146  8543  4   0  0  0  8543
147  8622  2   4  8618
148  8587  4   2  0  2  8583
149  8620  2   0  8620
150  8596  2   2  8594
151  8606  3   3  0  8603
152  8547  3   0  0  8547
153  8590  2   0  8590
154  8620  3   0  0  8620
155  8601  3   1  0  8600
156  8552  3   1  0  8551
157  8620  3   0  7  8613
158  8602  2   0  8602
159  8648  4   0  0  0  8648
160  8585  3   0  1  8584
161  8616  2   1  8615
162  8618  2   0  8618
163  8615  3   0  0  8615
164  7532  2   0  7532
165  8616  2   2  8614
166  8616  3   0  0  8616
167  8646  2   1  8645
168  8618  4   0  0  0  8618
169  8585  3   0  0  8585
170  8616  4   1  4  0  8611
171  8576  2   4  8572
172  8648  2   0  8648
173  620  2   1  619
174  8648  2   0  8648
175  8622  3   0  0  8622
176  8612  2   0  8612
177  8616  3   1  0  8615
178  8583  3   2  0  8581
179  7572  2   5  7567
180  8644  3   0  0  8644
181  8620  2   0  8620
182  8588  2   0  8588
183  8615  3   0  0  8615
184  8646  3   0  0  8646

[pop]=4
1  6614  2   0  6614
2  6614  2   0  6614
3  6614  3   0  0  6614
4  804  3   0  0  804
5  6578  2   0  6578
6  6594  2   327  6267
7  6614  4   0  0  0  6614
8  6614  3   0  1  6613
9  1031  4   0  0  0  1031
10  6578  2   0  6578
11  6612  3   0  1  6611
12  6614  3   0  0  6614
13  6614  3   0  0  6614
14  6576  2   0  6576
15  6614  2   0  6614
16  6580  2   0  6580
17  6614  3   0  0  6614
18  6606  3   2937  0  3669
19  6614  4   0  0  0  6614
20  6614  2   0  6614
21  6614  3   0  0  6614
22  6614  2   0  6614
23  6580  2   0  6580
24  6610  2   33  6577
25  6614  2   0  6614
26  6553  3   0  0  6553
27  1382  3   1  0  1381
28  6614  2   0  6614
29  1382  4   0  16  0  1366
30  6614  2   1  6613
31  6614  3   0  0  6614
32  6608  3   0  0  6608
33  6614  2   0  6614
34  38  3   0  0  38
35  6608  4   0  0  0  6608
36  6614  2   0  6614
37  6614  2   0  6614
38  6606  2   0  6606
39  6614  2   2  6612
40  6544  3   0  0  6544
41  6614  3   0  0  6614
42  6614  2   0  6614
43  6602  2   0  6602
44  6576  3   0  0  6576
45  6614  2   0  6614
46  38  2   0  38
47  6600  4   0  0  0  6600
48  6614  2   0  6614
49  1488  2   0  1488
50  1450  2   0  1450
51  6575  4   0  0  0  6575
52  6614  2   0  6614
53  6614  2   0  6614
54  6614  2   0  6614
55  1218  3   0  0  1218
56  6614  2   0  6614
57  6614  2   0  6614
58  6614  2   0  6614
59  6614  2   0  6614
60  748  2   0  748
61  6610  3   2939  11  3660
62  6614  2   0  6614
63  6614  2   0  6614
64  664  3   0  0  664
65  6614  2   0  6614
66  6614  2   0  6614
67  6614  2   0  6614
68  6548  2   0  6548
69  6614  2   0  6614
70  6614  2   0  6614
71  6614  2   0  6614
72  6536  3   0  0  6536
73  6594  2   0  6594
74  5537  3   0  1  5536
75  1594  3   0  0  1594
76  6588  2   0  6588
77  6608  3   0  0  6608
78  6614  2   0  6614
79  4480  4   0  0  0  4480
80  6595  4   0  0  0  6595
81  5686  2   0  5686
82  6608  2   0  6608
83  6614  2   1  6613
84  6588  2   0  6588
85  6614  3   0  0  6614
86  5984  3   0  0  5984
87  34  2   29  5
88  6608  2   0  6608
89  6591  3   0  0  6591
90  6614  2   0  6614
91  34  2   0  34
92  6608  3   0  0  6608
93  6590  2   1  6589
94  6593  4   0  0  0  6593
95  6608  3   0  0  6608
96  6614  2   0  6614
97  6592  3   0  0  6592
98  6608  2   0  6608
99  6141  4   0  0  0  6141
100  6608  2   0  6608
101  6578  3   0  0  6578
102  6608  2   0  6608
103  6191  4   0  0  0  6191
104  6596  2   0  6596
105  6610  3   0  0  6610
106  6604  2   0  6604
107  6610  3   0  0  6610
108  6214  4   0  0  0  6214
109  34  3   0  0  34
110  6610  3   0  0  6610
111  6614  2   0  6614
112  6614  2   0  6614
113  6264  2   0  6264
114  1620  2   0  1620
115  34  3   0  0  34
116  6608  5   0  0  0  0  6608
117  6590  2   0  6590
118  6610  3   2  0  6608
119  6496  2   0  6496
120  6614  4   0  0  0  6614
121  6612  2   0  6612
122  6614  3   0  0  6614
123  6324  2   0  6324
124  6610  4   0  0  0  6610
125  6490  2   0  6490
126  6614  3   0  1  6613
127  6608  3   0  0  6608
128  6610  2   0  6610
129  6610  3   0  0  6610
130  6613  3   0  0  6613
131  6612  2   0  6612
132  6614  2   0  6614
133  6614  3   0  0  6614
134  6604  2   0  6604
135  6614  3   0  0  6614
136  6350  2   0  6350
137  6357  3   0  0  6357
138  6576  2   0  6576
139  34  2   0  34
140  6462  2   0  6462
141  6614  3   0  0  6614
142  6378  5   0  0  1  0  6377
143  6610  3   0  0  6610
144  6570  2   7  6563
145  6610  3   0  0  6610
146  6472  4   0  0  0  6472
147  6614  2   0  6614
148  6383  4   0  0  0  6383
149  6610  2   0  6610
150  6570  2   0  6570
151  6610  3   0  0  6610
152  6475  3   0  0  6475
153  6390  2   0  6390
154  6610  3   0  0  6610
155  6565  3   0  0  6565
156  6476  3   0  0  6476
157  6610  3   0  0  6610
158  6564  2   0  6564
159  6614  4   0  0  0  6614
160  6388  3   0  0  6388
161  6610  2   0  6610
162  6546  2   0  6546
163  6614  3   0  0  6614
164  5146  2   0  5146
165  6610  2   0  6610
166  6614  3   1  0  6613
167  6614  2   0  6614
168  6614  4   0  0  0  6614
169  6385  3   0  0  6385
170  6614  4   0  0  0  6614
171  6476  2   0  6476
172  6614  2   0  6614
173  34  2   0  34
174  6614  2   0  6614
175  6614  3   0  0  6614
176  6608  2   0  6608
177  6614  3   0  0  6614
178  6464  3   0  0  6464
179  5254  2   0  5254
180  6614  3   0  0  6614
181  6614  2   0  6614
182  6376  2   0  6376
183  6614  3   0  0  6614
184  6614  3   0  0  6614

[pop]=5
1  66684  2   2  66682
2  66622  2   2  66620
3  66720  3   0  2  66718
4  22232  3   1  0  22231
5  66496  2   0  66496
6  66344  2   4385  61959
7  66717  4   0  1  1  66715
8  66738  3   1  3  66734
9  25976  4   0  11  1  25964
10  66528  2   0  66528
11  66474  3   1  1  66472
12  66716  3   0  0  66716
13  66690  3   0  1  66689
14  66536  2   16  66520
15  66716  2   9  66707
16  66548  2   2  66546
17  66736  3   0  0  66736
18  66510  3   34909  1  31600
19  66718  4   0  0  1  66717
20  66720  2   2  66718
21  66696  3   1  7  66688
22  66644  2   0  66644
23  66554  2   40  66514
24  66310  2   422  65888
25  66720  2   2  66718
26  62988  3   0  0  62988
27  31008  3   1  0  31007
28  66698  2   4  66694
29  31119  4   0  15  8  31096
30  66726  2   9  66717
31  66716  3   1  0  66715
32  66150  3   0  0  66150
33  66736  2   2  66734
34  8497  3   0  0  8497
35  66109  4   0  1  0  66108
36  66630  2   2  66628
37  66126  2   0  66126
38  65928  2   0  65928
39  66728  2   0  66728
40  63040  3   3  0  63037
41  66626  3   27  0  66599
42  65902  2   0  65902
43  65640  2   17  65623
44  66554  3   4  0  66550
45  66700  2   13  66687
46  8478  2   3  8475
47  65620  4   0  0  0  65620
48  66578  2   0  66578
49  32926  2   4  32922
50  32536  2   2  32534
51  66479  4   1  2  1  66475
52  66706  2   1  66705
53  66712  2   1  66711
54  66702  2   4  66698
55  29540  3   1  0  29539
56  66712  2   0  66712
57  66582  2   4  66578
58  66544  2   2  66542
59  66676  2   4  66672
60  8430  2   0  8430
61  66478  3   34416  338  31724
62  66672  2   0  66672
63  65056  2   2  65054
64  8401  3   0  0  8401
65  66644  2   0  66644
66  66268  2   0  66268
67  66652  2   0  66652
68  66178  2   0  66178
69  66628  2   0  66628
70  66528  2   2  66526
71  66648  2   0  66648
72  66084  3   0  0  66084
73  66120  2   2  66118
74  61307  3   3  4  61300
75  8560  3   0  1  8559
76  63782  2   3  63779
77  64932  3   0  0  64932
78  66364  2   2  66362
79  55151  4   0  1  0  55150
80  66097  4   0  0  1  66096
81  62412  2   0  62412
82  65328  2   8  65320
83  66428  2   0  66428
84  64184  2   0  64184
85  66434  3   4  1  66429
86  63920  3   0  1  63919
87  8464  2   6895  1569
88  65698  2   2  65696
89  65885  3   1  0  65884
90  66510  2   3  66507
91  8456  2   0  8456
92  65739  3   10  0  65729
93  65930  2   1  65929
94  64520  4   0  0  1  64519
95  65879  3   2  0  65877
96  66570  2   0  66570
97  65686  3   1  0  65685
98  66072  2   5  66067
99  64657  4   0  0  12  64645
100  66146  2   1  66145
101  65522  3   2  0  65520
102  66174  2   2  66172
103  64813  4   1  1  1  64810
104  65046  2   2  65044
105  66268  3   1  0  66267
106  66426  2   3  66423
107  66292  3   0  0  66292
108  64863  4   1  1  5  64856
109  8459  3   1  0  8458
110  66283  3   0  0  66283
111  66616  2   0  66616
112  66324  2   2  66322
113  65012  2   1  65011
114  8730  2   0  8730
115  8462  3   0  9  8453
116  66203  5   0  2  2  0  66199
117  65214  2   10  65204
118  66334  3   2  2  66330
119  65380  2   1  65379
120  66618  4   0  1  1  66616
121  66510  2   3  66507
122  66364  3   0  4  66360
123  65148  2   0  65148
124  66302  4   5  1  0  66296
125  65454  2   0  65454
126  66625  3   0  1  66624
127  66512  3   1  0  66511
128  66402  2   0  66402
129  66422  3   4  1  66417
130  66567  3   1  0  66566
131  66498  2   1  66497
132  66554  2   0  66554
133  66423  3   0  1  66422
134  66494  2   2  66492
135  66432  3   0  3  66429
136  65218  2   6  65212
137  65219  3   1  5  65213
138  65460  2   2  65458
139  8452  2   1  8451
140  65534  2   1  65533
141  66444  3   1  0  66443
142  65212  5   1  1  4  0  65206
143  66546  3   0  0  66546
144  65450  2   5  65445
145  66477  3   1  1  66475
146  65581  4   4  2  1  65574
147  66624  2   0  66624
148  65202  4   3  0  12  65187
149  66564  2   2  66562
150  65438  2   0  65438
151  66474  3   0  2  66472
152  65584  3   1  1  65582
153  65198  2   0  65198
154  66566  3   0  8  66558
155  65430  3   0  0  65430
156  65632  3   0  0  65632
157  66562  3   0  1  66561
158  65440  2   2  65438
159  66656  4   1  66  0  66589
160  65174  3   2  4  65168
161  66580  2   4  66576
162  65438  2   0  65438
163  66423  3   3  0  66420
164  57370  2   2  57368
165  66574  2   1  66573
166  66417  3   7  1  66409
167  66656  2   6  66650
168  66491  4   0  1  10  66480
169  65148  3   4  10  65134
170  66403  4   0  0  0  66403
171  65840  2   1  65839
172  66650  2   0  66650
173  8376  2   0  8376
174  66650  2   27  66623
175  66666  3   1  0  66665
176  66578  2   9  66569
177  66291  3   0  3  66288
178  65885  3   0  1  65884
179  57706  2   0  57706
180  66632  3   1  1  66630
181  66508  2   2  66506
182  65258  2   10  65248
183  66186  3   2  2  66182
184  66634  3   0  1  66633

[pop]=6
1  898  2   0  898
2  898  2   0  898
3  900  3   0  0  900
4  294  3   0  0  294
5  898  2   1  897
6  896  2   45  851
7  900  4   0  0  0  900
8  908  3   0  0  908
9  329  4   0  0  0  329
10  898  2   0  898
11  900  3   0  0  900
12  900  3   0  0  900
13  898  3   0  0  898
14  898  2   0  898
15  900  2   2  898
16  896  2   0  896
17  908  3   0  0  908
18  894  3   582  0  312
19  900  4   0  0  0  900
20  900  2   0  900
21  896  3   0  0  896
22  898  2   0  898
23  896  2   0  896
24  892  2   6  886
25  900  2   0  900
26  864  3   0  0  864
27  416  3   0  0  416
28  898  2   0  898
29  417  4   0  0  0  417
30  900  2   0  900
31  900  3   0  0  900
32  890  3   0  0  890
33  908  2   0  908
34  190  3   0  0  190
35  889  4   0  0  0  889
36  898  2   0  898
37  888  2   0  888
38  882  2   0  882
39  900  2   0  900
40  866  3   0  0  866
41  898  3   0  0  898
42  876  2   0  876
43  878  2   0  878
44  896  3   0  0  896
45  900  2   1  899
46  190  2   0  190
47  878  4   0  0  1  877
48  898  2   0  898
49  428  2   0  428
50  428  2   0  428
51  887  4   0  0  0  887
52  908  2   0  908
53  900  2   0  900
54  908  2   0  908
55  389  3   0  0  389
56  900  2   0  900
57  896  2   0  896
58  898  2   0  898
59  898  2   0  898
60  202  2   0  202
61  898  3   583  3  312
62  898  2   0  898
63  838  2   0  838
64  201  3   0  0  201
65  908  2   0  908
66  896  2   0  896
67  898  2   0  898
68  874  2   0  874
69  908  2   0  908
70  894  2   0  894
71  898  2   0  898
72  874  3   0  0  874
73  894  2   0  894
74  819  3   0  0  819
75  230  3   0  0  230
76  842  2   1  841
77  842  3   0  0  842
78  900  2   0  900
79  648  4   0  0  0  648
80  894  4   0  0  0  894
81  836  2   0  836
82  850  2   0  850
83  900  2   0  900
84  850  2   0  850
85  900  3   0  0  900
86  860  3   0  0  860
87  188  2   147  41
88  872  2   0  872
89  892  3   0  0  892
90  902  2   0  902
91  188  2   0  188
92  873  3   0  0  873
93  890  2   0  890
94  864  4   0  0  0  864
95  884  3   0  0  884
96  906  2   0  906
97  859  3   0  0  859
98  890  2   0  890
99  869  4   0  0  0  869
100  890  2   0  890
101  892  3   0  0  892
102  892  2   0  892
103  870  4   0  0  0  870
104  866  2   0  866
105  892  3   0  0  892
106  898  2   0  898
107  898  3   0  0  898
108  872  4   0  0  0  872
109  188  3   0  0  188
110  891  3   0  0  891
111  908  2   0  908
112  898  2   0  898
113  876  2   0  876
114  240  2   0  240
115  188  3   0  0  188
116  885  5   0  0  0  0  885
117  868  2   0  868
118  893  3   0  0  893
119  890  2   0  890
120  907  4   0  0  0  907
121  898  2   0  898
122  898  3   0  0  898
123  876  2   0  876
124  887  4   0  0  0  887
125  888  2   0  888
126  908  3   0  0  908
127  898  3   0  0  898
128  894  2   0  894
129  895  3   0  0  895
130  898  3   0  0  898
131  896  2   0  896
132  898  2   0  898
133  898  3   0  0  898
134  894  2   0  894
135  898  3   0  0  898
136  882  2   0  882
137  882  3   0  0  882
138  864  2   0  864
139  188  2   0  188
140  884  2   0  884
141  898  3   0  0  898
142  879  5   0  0  0  0  879
143  897  3   0  0  897
144  860  2   0  860
145  896  3   0  0  896
146  884  4   0  0  0  884
147  898  2   0  898
148  876  4   0  0  0  876
149  898  2   0  898
150  860  2   0  860
151  896  3   0  0  896
152  884  3   0  0  884
153  876  2   0  876
154  898  3   0  2  896
155  862  3   0  0  862
156  886  3   0  0  886
157  898  3   0  0  898
158  862  2   0  862
159  908  4   0  1  0  907
160  876  3   0  0  876
161  898  2   0  898
162  864  2   0  864
163  896  3   0  0  896
164  710  2   0  710
165  898  2   1  897
166  896  3   1  0  895
167  908  2   0  908
168  898  4   0  0  0  898
169  879  3   0  0  879
170  896  4   0  0  0  896
171  886  2   0  886
172  908  2   0  908
173  186  2   0  186
174  908  2   1  907
175  898  3   0  0  898
176  898  2   0  898
177  891  3   0  0  891
178  884  3   0  0  884
179  726  2   0  726
180  908  3   0  0  908
181  898  2   0  898
182  882  2   1  881
183  888  3   0  0  888
184  908  3   0  0  908

[pop]=7
1  16512  2   62  16450
2  16512  2   1  16511
3  16512  3   1  1  16510
4  7788  3   2  8  7778
5  16078  2   10  16068
6  16480  2   593  15887
7  16512  4   0  0  2  16510
8  16512  3   0  2  16510
9  8576  4   0  1  0  8575
10  16260  2   0  16260
11  16147  3   0  0  16147
12  16510  3   3  0  16507
13  16512  3   0  0  16512
14  16282  2   0  16282
15  16512  2   0  16512
16  16324  2   0  16324
17  16512  3   0  0  16512
18  16506  3   13792  0  2714
19  16512  4   1  7  2  16502
20  16510  2   1  16509
21  16512  3   0  0  16512
22  16512  2   2  16510
23  16360  2   2  16358
24  16188  2   181  16007
25  16510  2   0  16510
26  16241  3   0  0  16241
27  9548  3   0  0  9548
28  16512  2   0  16512
29  9555  4   0  16  0  9539
30  16510  2   0  16510
31  16512  3   0  0  16512
32  15864  3   1  1  15862
33  16512  2   0  16512
34  7912  3   3  0  7909
35  15769  4   0  0  0  15769
36  16512  2   0  16512
37  15244  2   0  15244
38  15410  2   0  15410
39  16510  2   0  16510
40  16246  3   0  0  16246
41  16512  3   0  0  16512
42  14610  2   0  14610
43  14948  2   0  14948
44  16294  3   0  0  16294
45  16512  2   1  16511
46  7910  2   0  7910
47  14864  4   0  0  0  14864
48  16512  2   2  16510
49  9664  2   0  9664
50  9558  2   0  9558
51  16072  4   0  0  0  16072
52  16482  2   0  16482
53  16506  2   0  16506
54  16476  2   0  16476
55  8961  3   1  1  8959
56  16508  2   0  16508
57  16506  2   0  16506
58  16510  2   3  16507
59  16512  2   2  16510
60  7894  2   2  7892
61  16510  3   13758  4  2748
62  16512  2   2  16510
63  11940  2   2  11938
64  7884  3   0  1  7883
65  16424  2   0  16424
66  16384  2   0  16384
67  16504  2   6  16498
68  15338  2   0  15338
69  16376  2   0  16376
70  16458  2   0  16458
71  16504  2   0  16504
72  15156  3   0  3  15153
73  16366  2   0  16366
74  15336  3   0  1  15335
75  7570  3   1  0  7569
76  12978  2   0  12978
77  12774  3   0  1  12773
78  15860  2   0  15860
79  12870  4   1  0  0  12869
80  16378  4   3  0  0  16375
81  15626  2   0  15626
82  13654  2   0  13654
83  16096  2   0  16096
84  13714  2   3  13711
85  16162  3   0  0  16162
86  16078  3   0  0  16078
87  7870  2   5946  1924
88  14630  2   0  14630
89  16348  3   0  0  16348
90  16304  2   0  16304
91  7868  2   2  7866
92  14727  3   0  0  14727
93  16300  2   0  16300
94  14273  4   1  1  0  14271
95  15076  3   0  0  15076
96  16414  2   0  16414
97  14052  3   10  0  14042
98  15560  2   1  15559
99  16313  4   1  0  4  16308
100  15702  2   0  15702
101  16320  3   0  0  16320
102  15802  2   0  15802
103  16344  4   10  0  0  16334
104  14692  2   0  14692
105  15980  3   0  0  15980
106  16506  2   0  16506
107  16498  3   6  1  16491
108  16357  4   0  0  0  16357
109  7902  3   0  0  7902
110  16120  3   0  0  16120
111  16488  2   0  16488
112  16502  2   0  16502
113  16402  2   0  16402
114  7912  2   7  7905
115  7902  3   0  0  7902
116  15575  5   2  0  1  0  15572
117  14722  2   0  14722
118  16204  3   1  0  16203
119  16316  2   0  16316
120  16503  4   0  0  0  16503
121  16512  2   0  16512
122  16508  3   1  2  16505
123  16434  2   0  16434
124  15790  4   0  14  4  15772
125  16330  2   0  16330
126  16505  3   0  0  16505
127  16512  3   0  2  16510
128  16244  2   9  16235
129  16275  3   0  0  16275
130  16512  3   0  0  16512
131  16332  2   135  16197
132  16512  2   2  16510
133  16510  3   1  0  16509
134  16362  2   0  16362
135  16510  3   0  0  16510
136  16468  2   0  16468
137  16472  3   0  0  16472
138  14408  2   2  14406
139  7900  2   1  7899
140  16378  2   3  16375
141  16509  3   0  1  16508
142  16472  5   0  0  0  0  16472
143  16464  3   1  0  16463
144  14302  2   5  14297
145  16280  3   0  0  16280
146  16384  4   0  0  1  16383
147  16512  2   0  16512
148  16473  4   0  1  17  16455
149  16474  2   0  16474
150  14280  2   0  14280
151  16278  3   0  0  16278
152  16390  3   0  0  16390
153  16482  2   0  16482
154  16481  3   6  133  16342
155  14197  3   0  1  14196
156  16398  3   0  0  16398
157  16498  3   1  13  16484
158  14140  2   0  14140
159  16505  4   0  9  0  16496
160  16477  3   2  0  16475
161  16510  2   1  16509
162  14088  2   0  14088
163  16195  3   0  1  16194
164  13902  2   0  13902
165  16510  2   44  16466
166  16166  3   0  0  16166
167  16508  2   0  16508
168  16510  4   1  1  0  16508
169  16479  3   0  11  16468
170  16105  4   0  0  0  16105
171  16434  2   0  16434
172  16508  2   0  16508
173  7804  2   2  7802
174  16508  2   2  16506
175  16512  3   0  0  16512
176  16512  2   0  16512
177  15878  3   0  0  15878
178  16440  3   0  3  16437
179  13972  2   0  13972
180  16508  3   0  0  16508
181  16510  2   0  16510
182  16472  2   0  16472
183  15546  3   0  0  15546
184  16508  3   2  0  16506

