[loci]=479

[populations]=7

[pop]=1
1  10361  3   0  0  10361
2  10400  3   0  0  10400
3  10401  3   0  0  10401
4  10404  2   0  10404
5  10216  3   0  2  10214
6  10392  2   0  10392
7  10340  2   0  10340
8  10398  4   0  2  0  10396
9  10404  3   1  0  10403
10  10404  3   0  0  10404
11  10406  2   0  10406
12  10316  3   0  0  10316
13  10404  2   0  10404
14  10386  2   0  10386
15  10394  2   0  10394
16  10327  3   0  0  10327
17  10328  2   1  10327
18  10386  2   0  10386
19  10394  3   349  0  10045
20  10052  3   0  0  10052
21  10404  2   0  10404
22  10386  3   0  0  10386
23  10038  3   0  2  10036
24  10398  4   1  329  0  10068
25  10406  3   0  1  10405
26  10402  2   0  10402
27  10382  2   0  10382
28  10404  2   1  10403
29  10388  4   0  4  4  10380
30  10356  3   1  0  10355
31  10402  2   0  10402
32  10242  3   0  0  10242
33  10404  3   0  0  10404
34  10098  2   0  10098
35  10406  3   0  0  10406
36  10384  3   0  0  10384
37  9830  2   1  9829
38  10406  2   0  10406
39  10389  4   0  0  2  10387
40  10406  6   0  0  0  2  0  10404
41  10402  2   1  10401
42  9674  3   0  0  9674
43  9562  2   3  9559
44  10180  3   1  0  10179
45  10406  3   0  0  10406
46  9944  2   1  9943
47  10402  4   1  1  0  10400
48  10152  2   2  10150
49  9351  3   0  0  9351
50  10406  3   0  0  10406
51  10305  3   7  418  9880
52  9913  3   1  0  9912
53  10376  3   0  0  10376
54  10368  2   2  10366
55  10322  2   0  10322
56  10292  2   0  10292
57  10398  4   0  0  0  10398
58  10095  3   0  1  10094
59  10316  3   0  0  10316
60  10360  3   0  0  10360
61  10380  2   0  10380
62  10406  4   10154  0  0  252
63  10406  2   36  10370
64  10406  2   0  10406
65  10392  3   0  0  10392
66  10406  2   0  10406
67  10384  2   0  10384
68  10404  3   0  153  10251
69  10378  2   0  10378
70  10406  4   2  0  0  10404
71  10250  2   3  10247
72  10404  3   0  0  10404
73  10308  2   0  10308
74  10384  3   0  0  10384
75  10404  2   2  10402
76  10406  2   2  10404
77  10402  3   1  0  10401
78  10390  2   0  10390
79  10402  2   4  10398
80  10402  2   0  10402
81  10404  2   0  10404
82  10390  3   0  0  10390
83  10406  4   0  0  0  10406
84  10404  2   0  10404
85  10390  2   0  10390
86  10406  2   0  10406
87  10406  3   0  0  10406
88  10406  2   0  10406
89  10392  2   0  10392
90  10406  2   0  10406
91  10406  3   0  0  10406
92  10406  3   0  0  10406
93  10406  3   0  0  10406
94  10394  5   1  0  0  0  10393
95  10404  4   0  1  0  10403
96  10394  3   0  1  10393
97  10390  2   0  10390
98  10404  4   3  1  1  10399
99  10406  2   0  10406
100  10384  3   0  0  10384
101  10406  2   0  10406
102  10388  3   0  0  10388
103  10389  3   0  0  10389
104  10406  3   0  0  10406
105  10394  2   0  10394
106  10406  2   17  10389
107  10390  2   0  10390
108  10406  3   0  0  10406
109  10392  2   1  10391
110  10394  3   0  0  10394
111  10392  3   0  1  10391
112  10406  2   0  10406
113  10394  2   0  10394
114  10404  2   0  10404
115  10394  3   1  0  10393
116  10397  4   1  0  1  10395
117  10406  3   1  1  10404
118  10390  2   0  10390
119  10406  2   0  10406
120  10402  3   0  0  10402
121  10385  3   1  0  10384
122  10399  3   3  1  10395
123  10406  3   1  0  10405
124  10384  3   0  0  10384
125  10402  3   0  0  10402
126  10386  3   0  0  10386
127  10406  2   0  10406
128  10371  4   0  0  0  10371
129  10406  4   1  0  0  10405
130  10378  2   0  10378
131  10393  3   0  0  10393
132  10390  3   0  0  10390
133  10366  2   87  10279
134  10406  3   0  3  10403
135  10406  2   1  10405
136  10400  2   0  10400
137  10390  2   0  10390
138  10361  3   0  0  10361
139  10381  3   0  0  10381
140  10406  2   4  10402
141  10360  2   0  10360
142  10406  2   0  10406
143  10388  2   0  10388
144  10400  4   0  0  1  10399
145  10376  3   1  0  10375
146  10400  2   0  10400
147  10406  2   1  10405
148  10406  4   0  0  1  10405
149  10387  3   0  0  10387
150  10404  2   0  10404
151  10402  3   1  0  10401
152  10406  3   1  0  10405
153  10202  2   0  10202
154  10400  3   1  0  10399
155  10404  2   9  10395
156  10398  3   0  2  10396
157  10404  3   0  0  10404
158  10330  3   0  0  10330
159  10404  2   0  10404
160  10406  3   14  0  10392
161  10396  3   0  0  10396
162  10406  3   1  0  10405
163  10404  2   0  10404
164  10402  2   1  10401
165  10402  2   1  10401
166  10404  3   0  0  10404
167  10404  2   0  10404
168  10400  2   0  10400
169  10406  2   0  10406
170  10286  2   7  10279
171  10399  3   0  0  10399
172  10404  2   0  10404
173  10406  2   0  10406
174  10406  3   0  0  10406
175  10398  2   0  10398
176  10404  2   1  10403
177  10404  2   0  10404
178  10406  2   0  10406
179  10382  2   2  10380
180  10404  2   0  10404
181  10402  2   1  10401
182  10400  3   0  1  10399
183  10396  2   0  10396
184  10402  3   0  0  10402
185  10406  2   0  10406
186  10406  2   1  10405
187  10379  3   0  2  10377
188  10403  4   0  0  2  10401
189  10406  2   0  10406
190  10381  3   0  0  10381
191  10402  2   1  10401
192  10402  2   12  10390
193  10406  2   0  10406
194  10406  3   0  1  10405
195  10401  3   0  0  10401
196  10406  2   0  10406
197  10406  3   0  0  10406
198  10402  3   0  0  10402
199  10402  3   0  0  10402
200  10404  2   0  10404
201  10406  3   0  0  10406
202  10404  3   0  0  10404
203  10406  2   0  10406
204  10400  2   0  10400
205  10402  2   0  10402
206  10404  2   0  10404
207  10406  2   0  10406
208  10400  3   0  0  10400
209  10406  3   0  1  10405
210  10406  3   0  1  10405
211  10400  2   1  10399
212  10386  2   1  10385
213  10406  2   0  10406
214  10406  3   0  129  10277
215  10404  2   1  10403
216  10372  2   0  10372
217  10406  3   0  10  10396
218  10374  2   0  10374
219  10400  2   0  10400
220  10368  2   0  10368
221  10399  3   1  0  10398
222  10182  3   0  0  10182
223  10404  3   0  0  10404
224  10404  2   9  10395
225  10406  2   10  10396
226  10352  2   0  10352
227  10406  3   0  0  10406
228  10406  2   0  10406
229  10404  2   0  10404
230  10397  4   0  1  0  10396
231  10406  2   1  10405
232  10404  4   0  305  2  10097
233  10362  2   0  10362
234  10154  2   2  10152
235  10404  3   0  0  10404
236  10406  3   0  0  10406
237  10404  2   2  10402
238  10145  3   0  0  10145
239  10404  4   2  0  0  10402
240  10406  2   3  10403
241  10406  2   822  9584
242  10406  2   0  10406
243  10402  3   0  0  10402
244  9938  3   0  0  9938
245  10406  3   0  0  10406
246  10048  2   2602  7446
247  10328  2   4  10324
248  10144  2   0  10144
249  10404  3   0  0  10404
250  10406  2   550  9856
251  10406  2   1  10405
252  10134  3   0  0  10134
253  10404  3   0  1  10403
254  10404  2   10372  32
255  10353  3   0  4  10349
256  10054  3   0  0  10054
257  10406  2   2  10404
258  10071  3   3  0  10068
259  10118  2   0  10118
260  10406  3   0  0  10406
261  10404  2   0  10404
262  10404  2   12  10392
263  10406  2   5  10401
264  10406  2   0  10406
265  10404  2   2  10402
266  9135  4   0  0  0  9135
267  10300  2   0  10300
268  10404  2   12  10392
269  10404  2   9  10395
270  10406  2   2  10404
271  10400  2   0  10400
272  9418  2   3  9415
273  10266  3   143  0  10123
274  10406  3   0  1  10405
275  10108  2   0  10108
276  10406  2   0  10406
277  9620  3   0  1  9619
278  10406  4   0  143  0  10263
279  10406  2   1  10405
280  10406  2   0  10406
281  9794  4   0  324  0  9470
282  10406  2   1  10405
283  10404  2   0  10404
284  10406  2   1  10405
285  10404  3   0  0  10404
286  10400  3   1  1  10398
287  10398  2   0  10398
288  10406  4   0  8  0  10398
289  10404  2   0  10404
290  10394  2   0  10394
291  10406  4   0  0  0  10406
292  10406  3   0  0  10406
293  10406  2   0  10406
294  10406  2   0  10406
295  10406  3   0  0  10406
296  10073  3   0  0  10073
297  10406  4   0  1  1  10404
298  10404  2   1  10403
299  10076  2   1  10075
300  10406  2   0  10406
301  10406  2   1  10405
302  10402  2   2  10400
303  10313  3   0  0  10313
304  10406  2   0  10406
305  10406  2   0  10406
306  10402  3   0  0  10402
307  10364  2   0  10364
308  10160  2   0  10160
309  10406  2   4  10402
310  10406  2   0  10406
311  10406  2   8  10398
312  10400  3   0  0  10400
313  10342  2   126  10216
314  10406  3   1  0  10405
315  10401  5   0  2  572  0  9827
316  9881  3   133  0  9748
317  10406  2   9  10397
318  10400  3   0  0  10400
319  10235  4   0  0  0  10235
320  10400  2   2  10398
321  10398  2   0  10398
322  10148  2   0  10148
323  9854  2   0  9854
324  10406  2   0  10406
325  10100  3   0  2  10098
326  10406  4   0  0  0  10406
327  10406  3   17  0  10389
328  10400  2   42  10358
329  10404  2   2853  7551
330  10100  3   0  0  10100
331  10404  3   0  2  10402
332  10404  2   2  10402
333  10406  3   0  0  10406
334  10376  2   0  10376
335  10097  4   0  0  0  10097
336  10404  2   0  10404
337  10405  4   0  0  0  10405
338  10406  2   2  10404
339  10378  2   0  10378
340  9609  3   0  1  9608
341  10278  2   0  10278
342  10103  3   13  95  9995
343  10404  3   0  0  10404
344  9822  2   4  9818
345  10402  4   0  0  0  10402
346  10282  2   0  10282
347  10132  2   247  9885
348  10404  2   1  10403
349  10398  2   285  10113
350  10374  2   1  10373
351  9393  3   7  1  9385
352  10114  2   0  10114
353  10396  3   0  8  10388
354  10406  3   1  3  10402
355  10232  2   0  10232
356  10402  4   1  0  0  10401
357  10120  3   0  0  10120
358  10404  2   1  10403
359  9812  2   1  9811
360  10406  2   2  10404
361  10247  3   0  0  10247
362  8842  2   0  8842
363  10406  2   0  10406
364  10056  2   8  10048
365  10406  3   9  0  10397
366  10382  2   0  10382
367  10404  2   0  10404
368  10270  2   68  10202
369  10326  2   0  10326
370  8794  2   6  8788
371  8232  3   0  1  8231
372  10268  3   0  0  10268
373  10296  2   8  10288
374  10033  3   3  0  10030
375  10354  2   0  10354
376  10326  3   0  18  10308
377  7736  3   0  0  7736
378  8960  2   0  8960
379  10263  3   0  0  10263
380  10256  2   0  10256
381  9998  2   0  9998
382  10404  2   4  10400
383  10406  3   0  0  10406
384  10304  2   0  10304
385  10340  2   0  10340
386  10406  2   0  10406
387  10406  2   0  10406
388  10406  3   0  4  10402
389  9912  2   0  9912
390  10404  3   0  1  10403
391  10406  2   1  10405
392  10338  2   0  10338
393  10406  2   1  10405
394  10246  3   0  0  10246
395  10126  2   0  10126
396  10222  3   0  0  10222
397  9838  3   158  1  9679
398  10352  3   1  0  10351
399  10242  2   2  10240
400  9786  2   0  9786
401  10202  3   0  0  10202
402  10406  3   0  4  10402
403  10404  3   0  0  10404
404  10048  2   1  10047
405  9778  3   0  0  9778
406  10404  3   4  1  10399
407  9766  2   1407  8359
408  10134  2   0  10134
409  10404  3   0  60  10344
410  10396  2   0  10396
411  10126  2   2  10124
412  9737  4   0  0  0  9737
413  10406  2   2  10404
414  10084  2   0  10084
415  9854  3   0  0  9854
416  10406  2   0  10406
417  10398  2   0  10398
418  10406  2   0  10406
419  10406  3   0  0  10406
420  9894  3   0  0  9894
421  10406  4   1  0  2  10403
422  10406  2   0  10406
423  10404  3   0  8  10396
424  10384  2   14  10370
425  10404  3   0  1  10403
426  10406  2   1  10405
427  10406  3   0  0  10406
428  10336  2   3  10333
429  10389  3   0  21  10368
430  10402  2   0  10402
431  10406  3   0  0  10406
432  10404  2   40  10364
433  10223  3   0  0  10223
434  10386  2   0  10386
435  10220  2   0  10220
436  10386  2   0  10386
437  10398  2   2524  7874
438  10406  3   0  3  10403
439  10402  2   0  10402
440  10220  2   3  10217
441  10404  3   0  0  10404
442  10246  2   0  10246
443  10177  4   0  0  0  10177
444  10405  4   0  0  1  10404
445  10402  2   2  10400
446  10404  2   0  10404
447  10404  3   0  3  10401
448  10400  2   0  10400
449  10406  2   0  10406
450  10302  2   1  10301
451  10220  2   9  10211
452  10322  2   0  10322
453  10400  3   0  22  10378
454  10236  4   0  2  0  10234
455  10308  2   0  10308
456  10402  2   0  10402
457  10220  3   0  0  10220
458  10406  3   0  0  10406
459  10394  2   0  10394
460  10406  2   0  10406
461  10394  4   0  0  0  10394
462  10406  3   0  0  10406
463  10406  3   0  6448  3958
464  10398  2   0  10398
465  10287  3   0  0  10287
466  10400  2   0  10400
467  10256  2   0  10256
468  10398  2   3  10395
469  10398  3   0  0  10398
470  10214  4   0  0  0  10214
471  10404  2   3  10401
472  10404  2   0  10404
473  10382  2   74  10308
474  10206  2   134  10072
475  10406  2   0  10406
476  10268  2   0  10268
477  10380  2   0  10380
478  10400  2   1  10399
479  10274  3   1  0  10273

[pop]=2
1  11502  3   0  2  11500
2  11574  3   7  0  11567
3  11566  3   0  0  11566
4  11576  2   1  11575
5  11463  3   0  1  11462
6  11578  2   2  11576
7  11498  2   0  11498
8  11571  4   0  0  0  11571
9  11576  3   0  0  11576
10  11563  3   0  2  11561
11  11578  2   0  11578
12  11552  3   0  0  11552
13  11570  2   0  11570
14  11572  2   3  11569
15  11574  2   0  11574
16  11557  3   0  0  11557
17  11486  2   0  11486
18  11572  2   1  11571
19  11568  3   13  0  11555
20  11240  3   0  0  11240
21  11576  2   0  11576
22  11567  3   0  0  11567
23  11218  3   0  0  11218
24  11555  4   0  8  0  11547
25  11578  3   2  0  11576
26  11570  2   0  11570
27  11568  2   0  11568
28  11576  2   0  11576
29  11573  4   0  0  0  11573
30  11562  3   0  0  11562
31  11570  2   0  11570
32  11511  3   1  0  11510
33  11576  3   0  1  11575
34  11384  2   3  11381
35  11578  3   0  0  11578
36  11573  3   0  0  11573
37  10952  2   0  10952
38  11576  2   0  11576
39  11535  4   1  0  0  11534
40  11578  6   3  0  0  0  1  11574
41  11568  2   0  11568
42  10668  3   0  11  10657
43  10494  2   1  10493
44  11340  3   0  0  11340
45  11576  3   0  1  11575
46  11230  2   0  11230
47  11566  4   0  0  0  11566
48  11312  2   0  11312
49  10039  3   0  0  10039
50  11576  3   0  0  11576
51  11566  3   1  19  11546
52  11181  3   0  0  11181
53  11568  3   0  1  11567
54  11548  2   0  11548
55  11522  2   0  11522
56  11564  2   4  11560
57  11564  4   1  0  0  11563
58  11271  3   0  0  11271
59  11517  3   0  3  11514
60  11498  3   0  1  11497
61  11574  2   4  11570
62  11577  4   10983  0  0  594
63  11576  2   1  11575
64  11578  2   4  11574
65  11574  3   0  0  11574
66  11578  2   1  11577
67  11556  2   0  11556
68  11578  3   0  14  11564
69  11576  2   0  11576
70  11578  4   0  4  0  11574
71  11560  2   0  11560
72  11578  3   2  2  11574
73  11566  2   0  11566
74  11542  3   0  0  11542
75  11576  2   0  11576
76  11578  2   0  11578
77  11568  3   0  0  11568
78  11562  2   0  11562
79  11574  2   7  11567
80  11578  2   0  11578
81  11578  2   0  11578
82  11576  3   0  0  11576
83  11578  4   0  0  1  11577
84  11578  2   0  11578
85  11560  2   0  11560
86  11578  2   3  11575
87  11578  3   0  0  11578
88  11578  2   0  11578
89  11564  2   0  11564
90  11576  2   1  11575
91  11578  3   0  62  11516
92  11578  3   0  0  11578
93  11578  3   2  0  11576
94  11566  5   0  3  0  0  11563
95  11574  4   0  1  0  11573
96  11566  3   0  0  11566
97  11576  2   0  11576
98  11574  4   2  0  0  11572
99  11578  2   0  11578
100  11571  3   0  0  11571
101  11578  2   0  11578
102  11569  3   0  0  11569
103  11577  3   0  0  11577
104  11578  3   0  0  11578
105  11572  2   2  11570
106  11578  2   0  11578
107  11570  2   0  11570
108  11578  3   0  0  11578
109  11568  2   0  11568
110  11574  3   0  0  11574
111  11568  3   1  0  11567
112  11578  2   0  11578
113  11576  2   1  11575
114  11572  2   0  11572
115  11568  3   0  0  11568
116  11576  4   0  0  0  11576
117  11578  3   0  0  11578
118  11566  2   0  11566
119  11578  2   0  11578
120  11574  3   0  0  11574
121  11565  3   0  0  11565
122  11565  3   0  0  11565
123  11578  3   0  0  11578
124  11564  3   0  0  11564
125  11574  3   0  0  11574
126  11562  3   0  0  11562
127  11578  2   0  11578
128  11560  4   0  0  2  11558
129  11578  4   0  2  0  11576
130  11562  2   0  11562
131  11568  3   0  1  11567
132  11578  3   0  0  11578
133  11560  2   1  11559
134  11578  3   0  15  11563
135  11578  2   0  11578
136  11566  2   0  11566
137  11578  2   0  11578
138  11560  3   0  1  11559
139  11559  3   0  0  11559
140  11578  2   0  11578
141  11558  2   0  11558
142  11578  2   0  11578
143  11578  2   0  11578
144  11576  4   0  1  0  11575
145  11554  3   0  0  11554
146  11566  2   0  11566
147  11578  2   0  11578
148  11578  4   0  0  0  11578
149  11578  3   0  0  11578
150  11578  2   0  11578
151  11568  3   1  0  11567
152  11578  3   0  1  11577
153  11506  2   0  11506
154  11576  3   0  0  11576
155  11574  2   8  11566
156  11570  3   0  6  11564
157  11577  3   0  0  11577
158  11545  3   1  0  11544
159  11574  2   0  11574
160  11577  3   0  0  11577
161  11550  3   0  0  11550
162  11576  3   0  0  11576
163  11578  2   1  11577
164  11574  2   1  11573
165  11578  2   0  11578
166  11554  3   0  0  11554
167  11578  2   1  11577
168  11562  2   0  11562
169  11578  2   0  11578
170  11524  2   2  11522
171  11576  3   1  0  11575
172  11578  2   0  11578
173  11564  2   0  11564
174  11578  3   0  0  11578
175  11576  2   0  11576
176  11578  2   0  11578
177  11576  2   0  11576
178  11568  2   2  11566
179  11574  2   0  11574
180  11578  2   0  11578
181  11576  2   0  11576
182  11576  3   0  0  11576
183  11572  2   1  11571
184  11576  3   0  1  11575
185  11578  2   2  11576
186  11576  2   1  11575
187  11575  3   1  1  11573
188  11578  4   2  0  0  11576
189  11576  2   0  11576
190  11574  3   22  0  11552
191  11578  2   0  11578
192  11576  2   0  11576
193  11572  2   1  11571
194  11578  3   0  0  11578
195  11576  3   0  0  11576
196  11578  2   0  11578
197  11572  3   0  0  11572
198  11560  3   0  1  11559
199  11576  3   0  1  11575
200  11578  2   3  11575
201  11578  3   1  0  11577
202  11578  3   0  0  11578
203  11578  2   0  11578
204  11560  2   2  11558
205  11578  2   0  11578
206  11578  2   0  11578
207  11578  2   0  11578
208  11578  3   0  0  11578
209  11574  3   0  0  11574
210  11572  3   0  0  11572
211  11566  2   13  11553
212  11578  2   0  11578
213  11578  2   0  11578
214  11576  3   0  3  11573
215  11578  2   0  11578
216  11530  2   0  11530
217  11578  3   0  0  11578
218  11572  2   0  11572
219  11578  2   1  11577
220  11526  2   0  11526
221  11578  3   1  1  11576
222  11486  3   0  0  11486
223  11578  3   5  0  11573
224  11578  2   1  11577
225  11576  2   1  11575
226  11518  2   3  11515
227  11578  3   0  0  11578
228  11576  2   0  11576
229  11578  2   0  11578
230  11578  4   0  0  0  11578
231  11578  2   1  11577
232  11578  4   0  20  0  11558
233  11568  2   1  11567
234  11516  2   0  11516
235  11578  3   0  0  11578
236  11572  3   0  0  11572
237  11578  2   0  11578
238  11520  3   0  0  11520
239  11578  4   1  0  0  11577
240  11578  2   0  11578
241  11578  2   536  11042
242  11570  2   0  11570
243  11574  3   0  0  11574
244  11570  3   0  0  11570
245  11578  3   0  0  11578
246  11576  2   5207  6369
247  11544  2   1  11543
248  11524  2   0  11524
249  11578  3   0  1  11577
250  11578  2   33  11545
251  11578  2   0  11578
252  11521  3   0  0  11521
253  11578  3   0  0  11578
254  11570  2   11533  37
255  11561  3   0  0  11561
256  11576  3   0  0  11576
257  11576  2   0  11576
258  11576  3   16  0  11560
259  11528  2   4  11524
260  11578  3   0  0  11578
261  11576  2   0  11576
262  11578  2   0  11578
263  11576  2   5  11571
264  11576  2   0  11576
265  11562  2   0  11562
266  10203  4   0  0  0  10203
267  11498  2   0  11498
268  11578  2   8  11570
269  11578  2   2  11576
270  11576  2   0  11576
271  11556  2   0  11556
272  10570  2   0  10570
273  11406  3   3247  0  8159
274  11578  3   0  0  11578
275  11576  2   0  11576
276  11576  2   0  11576
277  10816  3   0  1  10815
278  11577  4   0  1  0  11576
279  11578  2   1  11577
280  11576  2   0  11576
281  10995  4   0  15  0  10980
282  11578  2   0  11578
283  11576  2   0  11576
284  11578  2   0  11578
285  11576  3   0  0  11576
286  11550  3   0  0  11550
287  11536  2   0  11536
288  11578  4   0  0  0  11578
289  11574  2   0  11574
290  11528  2   0  11528
291  11578  4   0  3  0  11575
292  11578  3   0  2  11576
293  11578  2   1  11577
294  11578  2   0  11578
295  11578  3   0  0  11578
296  11536  3   0  0  11536
297  11578  4   0  0  0  11578
298  11574  2   0  11574
299  11276  2   0  11276
300  11576  2   0  11576
301  11578  2   0  11578
302  11576  2   0  11576
303  11572  3   0  0  11572
304  11574  2   0  11574
305  11578  2   0  11578
306  11572  3   0  0  11572
307  11484  2   0  11484
308  11358  2   0  11358
309  11574  2   0  11574
310  11576  2   0  11576
311  11578  2   8  11570
312  11576  3   1  0  11575
313  11458  2   24  11434
314  11576  3   0  0  11576
315  11567  5   0  0  33  0  11534
316  11543  3   4  0  11539
317  11576  2   72  11504
318  11576  3   0  0  11576
319  11419  4   0  0  0  11419
320  11576  2   0  11576
321  11568  2   0  11568
322  11260  2   1  11259
323  11542  2   2  11540
324  11576  2   0  11576
325  11533  3   2  0  11531
326  11578  4   0  0  1  11577
327  11576  3   1  0  11575
328  11576  2   0  11576
329  11578  2   5139  6439
330  11261  3   0  0  11261
331  11575  3   0  0  11575
332  11578  2   1  11577
333  11576  3   0  0  11576
334  11556  2   1  11555
335  11509  4   0  0  0  11509
336  11578  2   0  11578
337  11573  4   0  0  0  11573
338  11578  2   2  11576
339  11556  2   0  11556
340  10407  3   0  0  10407
341  11490  2   0  11490
342  11507  3   0  17  11490
343  11576  3   12  2  11562
344  11540  2   0  11540
345  11567  4   1  0  0  11566
346  11486  2   0  11486
347  11502  2   7  11495
348  11574  2   1  11573
349  11562  2   8  11554
350  11554  2   0  11554
351  9979  3   0  0  9979
352  11494  2   4  11490
353  11562  3   0  8  11554
354  11578  3   0  0  11578
355  11410  2   0  11410
356  11572  4   0  1  0  11571
357  11494  3   7  1  11486
358  11574  2   0  11574
359  11536  2   0  11536
360  11578  2   0  11578
361  11425  3   6  0  11419
362  8946  2   0  8946
363  11578  2   0  11578
364  11394  2   0  11394
365  11578  3   0  0  11578
366  11556  2   0  11556
367  11574  2   0  11574
368  11496  2   4  11492
369  11502  2   0  11502
370  9432  2   0  9432
371  7770  3   0  0  7770
372  11504  3   0  0  11504
373  11532  2   0  11532
374  11342  3   0  0  11342
375  11524  2   1  11523
376  11494  3   0  3  11491
377  6978  3   0  0  6978
378  9780  2   0  9780
379  11503  3   0  0  11503
380  11452  2   0  11452
381  11296  2   0  11296
382  11578  2   11  11567
383  11578  3   1  0  11577
384  11470  2   0  11470
385  11500  2   0  11500
386  11578  2   0  11578
387  11578  2   2  11576
388  11578  3   0  0  11578
389  11164  2   1  11163
390  11578  3   0  0  11578
391  11578  2   1  11577
392  11502  2   0  11502
393  11578  2   0  11578
394  11494  3   0  1  11493
395  11338  2   0  11338
396  11494  3   0  0  11494
397  11041  3   7  0  11034
398  11504  3   0  0  11504
399  11438  2   0  11438
400  10984  2   0  10984
401  11461  3   0  0  11461
402  11578  3   5  0  11573
403  11578  3   0  0  11578
404  11242  2   0  11242
405  10956  3   0  0  10956
406  11578  3   31  0  11547
407  10896  2   740  10156
408  11378  2   0  11378
409  11578  3   0  7  11571
410  11578  2   9  11569
411  11360  2   0  11360
412  11090  4   0  0  0  11090
413  11574  2   0  11574
414  11282  2   1  11281
415  11197  3   0  0  11197
416  11572  2   0  11572
417  11578  2   2  11576
418  11570  2   0  11570
419  11578  3   0  0  11578
420  11022  3   0  0  11022
421  11574  4   0  0  1  11573
422  11570  2   0  11570
423  11578  3   0  8  11570
424  11564  2   26  11538
425  11577  3   0  2  11575
426  11578  2   0  11578
427  11573  3   0  0  11573
428  11502  2   5  11497
429  11564  3   0  1  11563
430  11576  2   0  11576
431  11572  3   0  1  11571
432  11568  2   1  11567
433  11488  3   0  0  11488
434  11514  2   0  11514
435  11488  2   1  11487
436  11524  2   0  11524
437  11576  2   3857  7719
438  11578  3   1  0  11577
439  11570  2   0  11570
440  11488  2   0  11488
441  11576  3   0  0  11576
442  11364  2   0  11364
443  11441  4   0  0  0  11441
444  11577  4   0  0  0  11577
445  11570  2   0  11570
446  11576  2   0  11576
447  11551  3   0  3  11548
448  11572  2   1  11571
449  11572  2   0  11572
450  11496  2   1  11495
451  11484  2   2  11482
452  11448  2   1  11447
453  11568  3   0  1  11567
454  11522  4   0  0  1  11521
455  11496  2   0  11496
456  11570  2   0  11570
457  11482  3   0  0  11482
458  11578  3   0  0  11578
459  11572  2   0  11572
460  11570  2   0  11570
461  11578  4   1  1  1  11575
462  11578  3   0  0  11578
463  11576  3   1  6412  5163
464  11562  2   0  11562
465  11491  3   0  0  11491
466  11566  2   0  11566
467  11508  2   0  11508
468  11560  2   3  11557
469  11578  3   0  0  11578
470  11482  4   0  0  0  11482
471  11572  2   0  11572
472  11578  2   0  11578
473  11556  2   3  11553
474  11478  2   6  11472
475  11578  2   0  11578
476  11514  2   0  11514
477  11562  2   1  11561
478  11578  2   0  11578
479  11486  3   0  0  11486

[pop]=3
1  8642  3   0  0  8642
2  8651  3   0  0  8651
3  8650  3   2  2  8646
4  8654  2   1  8653
5  8635  3   0  0  8635
6  8654  2   0  8654
7  8640  2   0  8640
8  8648  4   0  0  0  8648
9  8654  3   2  3  8649
10  8654  3   0  0  8654
11  8654  2   0  8654
12  8634  3   0  0  8634
13  8654  2   0  8654
14  8652  2   0  8652
15  8654  2   0  8654
16  8637  3   0  0  8637
17  8640  2   0  8640
18  8652  2   0  8652
19  8644  3   0  0  8644
20  8518  3   0  0  8518
21  8654  2   0  8654
22  8644  3   2  0  8642
23  8504  3   1  0  8503
24  8654  4   0  0  7  8647
25  8654  3   0  4  8650
26  8654  2   17  8637
27  8650  2   0  8650
28  8654  2   0  8654
29  8654  4   0  0  0  8654
30  8646  3   0  0  8646
31  8654  2   0  8654
32  8618  3   0  1  8617
33  8654  3   0  0  8654
34  8604  2   0  8604
35  8654  3   0  0  8654
36  8648  3   0  1  8647
37  8324  2   0  8324
38  8654  2   0  8654
39  8650  4   0  0  0  8650
40  8654  6   0  0  0  0  0  8654
41  8654  2   0  8654
42  8192  3   0  1  8191
43  8072  2   0  8072
44  8574  3   0  0  8574
45  8654  3   2  0  8652
46  8520  2   0  8520
47  8654  4   0  0  2  8652
48  8562  2   0  8562
49  7800  3   0  0  7800
50  8654  3   1  0  8653
51  8646  3   1  1  8644
52  8497  3   0  0  8497
53  8644  3   0  1  8643
54  8646  2   27  8619
55  8618  2   0  8618
56  8644  2   0  8644
57  8654  4   0  3  0  8651
58  8533  3   6  0  8527
59  8614  3   2  0  8612
60  8648  3   161  0  8487
61  8652  2   0  8652
62  8649  4   7223  0  0  1426
63  8654  2   1  8653
64  8654  2   0  8654
65  8654  3   0  0  8654
66  8654  2   0  8654
67  8650  2   0  8650
68  8654  3   0  0  8654
69  8650  2   0  8650
70  8654  4   0  0  0  8654
71  8638  2   1  8637
72  8654  3   0  0  8654
73  8652  2   0  8652
74  8652  3   0  0  8652
75  8654  2   0  8654
76  8654  2   0  8654
77  8652  3   1  0  8651
78  8652  2   0  8652
79  8654  2   2  8652
80  8654  2   0  8654
81  8654  2   0  8654
82  8650  3   0  0  8650
83  8654  4   0  0  0  8654
84  8654  2   0  8654
85  8650  2   0  8650
86  8654  2   0  8654
87  8654  3   1  0  8653
88  8654  2   0  8654
89  8652  2   0  8652
90  8654  2   0  8654
91  8654  3   0  0  8654
92  8654  3   0  1  8653
93  8654  3   0  0  8654
94  8650  5   0  0  0  0  8650
95  8649  4   0  0  0  8649
96  8652  3   0  0  8652
97  8650  2   0  8650
98  8648  4   0  0  0  8648
99  8654  2   0  8654
100  8654  3   0  0  8654
101  8654  2   0  8654
102  8654  3   0  3  8651
103  8650  3   1  1  8648
104  8654  3   0  0  8654
105  8652  2   0  8652
106  8654  2   0  8654
107  8654  2   0  8654
108  8654  3   0  4  8650
109  8652  2   0  8652
110  8650  3   0  0  8650
111  8652  3   1  0  8651
112  8654  2   0  8654
113  8650  2   0  8650
114  8654  2   0  8654
115  8646  3   0  1  8645
116  8650  4   0  0  0  8650
117  8654  3   0  0  8654
118  8652  2   0  8652
119  8654  2   0  8654
120  8654  3   0  1  8653
121  8652  3   0  0  8652
122  8654  3   0  0  8654
123  8654  3   0  0  8654
124  8649  3   0  0  8649
125  8654  3   0  0  8654
126  8652  3   1  0  8651
127  8654  2   0  8654
128  8641  4   0  0  0  8641
129  8654  4   0  1  0  8653
130  8650  2   0  8650
131  8654  3   0  0  8654
132  8648  3   0  0  8648
133  8636  2   0  8636
134  8654  3   0  0  8654
135  8654  2   0  8654
136  8654  2   0  8654
137  8648  2   0  8648
138  8637  3   0  0  8637
139  8649  3   0  0  8649
140  8654  2   0  8654
141  8648  2   0  8648
142  8654  2   0  8654
143  8648  2   0  8648
144  8650  4   0  0  0  8650
145  8646  3   0  0  8646
146  8654  2   0  8654
147  8652  2   3  8649
148  8654  4   1  1  0  8652
149  8648  3   0  0  8648
150  8652  2   0  8652
151  8652  3   0  0  8652
152  8654  3   0  0  8654
153  8534  2   14  8520
154  8649  3   0  0  8649
155  8652  2   0  8652
156  8652  3   0  0  8652
157  8652  3   0  1  8651
158  8640  3   0  0  8640
159  8652  2   0  8652
160  8654  3   0  11  8643
161  8648  3   0  0  8648
162  8654  3   0  0  8654
163  8652  2   0  8652
164  8652  2   0  8652
165  8654  2   0  8654
166  8649  3   0  0  8649
167  8652  2   15  8637
168  8654  2   6  8648
169  8654  2   1  8653
170  8586  2   1  8585
171  8648  3   0  1  8647
172  8654  2   0  8654
173  8650  2   0  8650
174  8654  3   0  0  8654
175  8654  2   0  8654
176  8654  2   0  8654
177  8654  2   0  8654
178  8650  2   0  8650
179  8646  2   0  8646
180  8652  2   0  8652
181  8646  2   0  8646
182  8654  3   0  0  8654
183  8652  2   0  8652
184  8654  3   0  0  8654
185  8654  2   0  8654
186  8654  2   0  8654
187  8646  3   0  0  8646
188  8652  4   0  0  0  8652
189  8654  2   6  8648
190  8645  3   1  0  8644
191  8652  2   1  8651
192  8646  2   0  8646
193  8654  2   0  8654
194  8654  3   0  0  8654
195  8645  3   0  1  8644
196  8654  2   0  8654
197  8654  3   0  0  8654
198  8654  3   1  0  8653
199  8644  3   0  0  8644
200  8654  2   0  8654
201  8654  3   0  0  8654
202  8654  3   0  0  8654
203  8654  2   0  8654
204  8652  2   0  8652
205  8654  2   0  8654
206  8654  2   0  8654
207  8654  2   0  8654
208  8652  3   0  1  8651
209  8654  3   0  0  8654
210  8654  3   0  2  8652
211  8638  2   0  8638
212  8654  2   1  8653
213  8654  2   1  8653
214  8654  3   0  0  8654
215  8654  2   0  8654
216  8634  2   2  8632
217  8654  3   0  0  8654
218  8646  2   2  8644
219  8648  2   0  8648
220  8630  2   0  8630
221  8648  3   1  0  8647
222  8436  3   0  0  8436
223  8654  3   0  0  8654
224  8654  2   0  8654
225  8654  2   0  8654
226  8620  2   0  8620
227  8654  3   0  1  8653
228  8654  2   0  8654
229  8654  2   0  8654
230  8647  4   0  0  0  8647
231  8654  2   0  8654
232  8654  4   0  0  0  8654
233  8638  2   71  8567
234  8484  2   0  8484
235  8654  3   0  0  8654
236  8654  3   0  0  8654
237  8654  2   0  8654
238  8500  3   0  0  8500
239  8654  4   0  0  1  8653
240  8654  2   0  8654
241  8648  2   862  7786
242  8654  2   0  8654
243  8652  3   4  0  8648
244  8644  3   0  1  8643
245  8654  3   0  0  8654
246  8646  2   6428  2218
247  8634  2   0  8634
248  8530  2   0  8530
249  8654  3   0  0  8654
250  8654  2   0  8654
251  8654  2   0  8654
252  8537  3   1  2  8534
253  8654  3   0  0  8654
254  8654  2   8654  0
255  8639  3   1  0  8638
256  8647  3   0  0  8647
257  8654  2   0  8654
258  8646  3   0  0  8646
259  8546  2   0  8546
260  8654  3   0  0  8654
261  8654  2   0  8654
262  8654  2   1  8653
263  8654  2   0  8654
264  8654  2   0  8654
265  8654  2   0  8654
266  7867  4   1  0  3  7863
267  8640  2   0  8640
268  8654  2   0  8654
269  8654  2   0  8654
270  8654  2   0  8654
271  8654  2   0  8654
272  8126  2   0  8126
273  8571  3   2816  0  5755
274  8654  3   0  0  8654
275  8646  2   2  8644
276  8652  2   6  8646
277  8281  3   1  1  8279
278  8654  4   0  0  3  8651
279  8654  2   0  8654
280  8654  2   0  8654
281  8369  4   0  0  0  8369
282  8654  2   1  8653
283  8654  2   0  8654
284  8654  2   0  8654
285  8654  3   0  0  8654
286  8654  3   0  0  8654
287  8648  2   1  8647
288  8654  4   0  0  0  8654
289  8654  2   4  8650
290  8646  2   0  8646
291  8654  4   0  0  0  8654
292  8654  3   0  0  8654
293  8654  2   0  8654
294  8654  2   0  8654
295  8654  3   0  0  8654
296  8601  3   0  0  8601
297  8654  4   0  0  0  8654
298  8654  2   0  8654
299  8562  2   0  8562
300  8652  2   0  8652
301  8654  2   9  8645
302  8654  2   1  8653
303  8646  3   0  1  8645
304  8654  2   0  8654
305  8654  2   2  8652
306  8652  3   0  10  8642
307  8626  2   0  8626
308  8590  2   0  8590
309  8654  2   1  8653
310  8652  2   0  8652
311  8654  2   1  8653
312  8654  3   0  0  8654
313  8608  2   0  8608
314  8652  3   0  0  8652
315  8654  5   0  1  0  0  8653
316  8637  3   2  0  8635
317  8652  2   0  8652
318  8654  3   0  0  8654
319  8617  4   0  1  0  8616
320  8654  2   0  8654
321  8654  2   3  8651
322  8490  2   0  8490
323  8644  2   0  8644
324  8652  2   0  8652
325  8627  3   13  0  8614
326  8654  4   0  0  0  8654
327  8652  3   14  0  8638
328  8654  2   0  8654
329  8648  2   6420  2228
330  8562  3   0  1  8561
331  8652  3   0  0  8652
332  8650  2   0  8650
333  8652  3   2  0  8650
334  8582  2   0  8582
335  8625  4   0  0  0  8625
336  8650  2   0  8650
337  8648  4   0  0  0  8648
338  8654  2   0  8654
339  8650  2   0  8650
340  7992  3   1  1  7990
341  8634  2   0  8634
342  8625  3   0  0  8625
343  8650  3   0  0  8650
344  8638  2   0  8638
345  8647  4   0  0  0  8647
346  8632  2   1  8631
347  8628  2   0  8628
348  8650  2   0  8650
349  8646  2   0  8646
350  8642  2   0  8642
351  7766  3   0  1  7765
352  8624  2   3  8621
353  8646  3   0  0  8646
354  8654  3   0  0  8654
355  8626  2   0  8626
356  8652  4   0  0  1  8651
357  8623  3   0  0  8623
358  8650  2   0  8650
359  8636  2   0  8636
360  8654  2   0  8654
361  8631  3   1  2  8628
362  7244  2   0  7244
363  8654  2   8  8646
364  8596  2   17  8579
365  8654  3   0  0  8654
366  8646  2   0  8646
367  8654  2   0  8654
368  8626  2   0  8626
369  8532  2   1  8531
370  7374  2   0  7374
371  6602  3   0  0  6602
372  8618  3   0  0  8618
373  8620  2   0  8620
374  8559  3   0  1  8558
375  8580  2   0  8580
376  8645  3   0  0  8645
377  5998  3   1  0  5997
378  7502  2   0  7502
379  8600  3   0  0  8600
380  8492  2   0  8492
381  8530  2   0  8530
382  8650  2   0  8650
383  8654  3   0  0  8654
384  8536  2   0  8536
385  8644  2   0  8644
386  8652  2   0  8652
387  8654  2   0  8654
388  8654  3   0  2  8652
389  8480  2   0  8480
390  8650  3   0  0  8650
391  8654  2   0  8654
392  8646  2   0  8646
393  8654  2   0  8654
394  8592  3   0  0  8592
395  8386  2   0  8386
396  8586  3   1  0  8585
397  8420  3   0  1  8419
398  8646  3   0  1  8645
399  8616  2   0  8616
400  8388  2   0  8388
401  8567  3   0  0  8567
402  8654  3   0  0  8654
403  8654  3   0  0  8654
404  8306  2   0  8306
405  8360  3   0  0  8360
406  8652  3   0  0  8652
407  8266  2   1888  6378
408  8454  2   0  8454
409  8654  3   1  0  8653
410  8654  2   0  8654
411  8442  2   0  8442
412  8164  4   0  0  0  8164
413  8652  2   0  8652
414  8402  2   0  8402
415  8267  3   3  0  8264
416  8652  2   0  8652
417  8654  2   0  8654
418  8654  2   0  8654
419  8654  3   0  0  8654
420  8180  3   0  0  8180
421  8653  4   0  0  0  8653
422  8654  2   0  8654
423  8654  3   0  0  8654
424  8654  2   0  8654
425  8654  3   2  0  8652
426  8654  2   0  8654
427  8654  3   0  0  8654
428  8646  2   0  8646
429  8654  3   0  3  8651
430  8652  2   0  8652
431  8654  3   0  0  8654
432  8654  2   0  8654
433  8554  3   1  0  8553
434  8654  2   0  8654
435  8546  2   0  8546
436  8654  2   2  8652
437  8628  2   3601  5027
438  8654  3   0  0  8654
439  8654  2   0  8654
440  8546  2   3  8543
441  8654  3   0  0  8654
442  8602  2   0  8602
443  8547  4   0  0  0  8547
444  8654  4   0  1  0  8653
445  8654  2   0  8654
446  8654  2   0  8654
447  8654  3   0  6  8648
448  8652  2   0  8652
449  8654  2   0  8654
450  8640  2   0  8640
451  8536  2   0  8536
452  8630  2   1  8629
453  8652  3   1  0  8651
454  8580  4   0  0  1  8579
455  8640  2   0  8640
456  8654  2   4  8650
457  8538  3   0  0  8538
458  8654  3   0  0  8654
459  8646  2   0  8646
460  8654  2   40  8614
461  8654  4   121  0  2  8531
462  8653  3   0  0  8653
463  8648  3   0  5827  2821
464  8648  2   1  8647
465  8638  3   0  0  8638
466  8654  2   0  8654
467  8618  2   0  8618
468  8650  2   0  8650
469  8654  3   0  2  8652
470  8527  4   0  0  0  8527
471  8654  2   0  8654
472  8654  2   1  8653
473  8650  2   0  8650
474  8524  2   0  8524
475  8654  2   0  8654
476  8624  2   0  8624
477  8630  2   0  8630
478  8654  2   0  8654
479  8638  3   0  0  8638

[pop]=4
1  6528  3   0  0  6528
2  6614  3   0  0  6614
3  6612  3   0  0  6612
4  6614  2   0  6614
5  6558  3   0  0  6558
6  6614  2   0  6614
7  6522  2   0  6522
8  6614  4   0  0  0  6614
9  6614  3   0  0  6614
10  6601  3   0  0  6601
11  6614  2   0  6614
12  6614  3   0  0  6614
13  6614  2   0  6614
14  6614  2   0  6614
15  6614  2   0  6614
16  6614  3   0  0  6614
17  6504  2   1  6503
18  6614  2   1  6613
19  6614  3   0  0  6614
20  6292  3   0  0  6292
21  6614  2   0  6614
22  6614  3   0  0  6614
23  6284  3   0  0  6284
24  6602  4   0  0  0  6602
25  6614  3   0  0  6614
26  6614  2   0  6614
27  6614  2   0  6614
28  6614  2   0  6614
29  6614  4   0  0  0  6614
30  6614  3   0  0  6614
31  6614  2   1  6613
32  6588  3   0  0  6588
33  6614  3   0  0  6614
34  6528  2   0  6528
35  6614  3   0  0  6614
36  6614  3   1  0  6613
37  6090  2   0  6090
38  6614  2   0  6614
39  6596  4   0  0  0  6596
40  6614  6   0  0  0  0  0  6614
41  6614  2   0  6614
42  5936  3   0  0  5936
43  5786  2   0  5786
44  6378  3   2  0  6376
45  6614  3   0  0  6614
46  6426  2   0  6426
47  6614  4   0  0  0  6614
48  6362  2   0  6362
49  5546  3   0  0  5546
50  6614  3   0  0  6614
51  6614  3   0  0  6614
52  6407  3   0  0  6407
53  6614  3   0  0  6614
54  6608  2   0  6608
55  6608  2   0  6608
56  6614  2   0  6614
57  6612  4   1  0  0  6611
58  6318  3   0  0  6318
59  6608  3   0  0  6608
60  6576  3   4  0  6572
61  6614  2   0  6614
62  6608  4   5994  0  0  614
63  6614  2   0  6614
64  6614  2   0  6614
65  6614  3   0  0  6614
66  6614  2   0  6614
67  6614  2   1  6613
68  6614  3   0  0  6614
69  6614  2   0  6614
70  6614  4   0  0  0  6614
71  6614  2   0  6614
72  6614  3   0  2  6612
73  6614  2   0  6614
74  6609  3   0  0  6609
75  6614  2   0  6614
76  6614  2   0  6614
77  6614  3   0  0  6614
78  6614  2   0  6614
79  6608  2   15  6593
80  6614  2   0  6614
81  6614  2   0  6614
82  6611  3   0  0  6611
83  6614  4   0  0  0  6614
84  6614  2   0  6614
85  6600  2   0  6600
86  6614  2   0  6614
87  6614  3   0  0  6614
88  6614  2   0  6614
89  6614  2   0  6614
90  6614  2   0  6614
91  6614  3   0  0  6614
92  6614  3   0  0  6614
93  6614  3   0  0  6614
94  6606  5   0  0  0  0  6606
95  6614  4   0  0  0  6614
96  6606  3   0  0  6606
97  6552  2   0  6552
98  6613  4   0  0  0  6613
99  6614  2   0  6614
100  6614  3   0  0  6614
101  6614  2   0  6614
102  6614  3   0  0  6614
103  6614  3   0  0  6614
104  6614  3   0  0  6614
105  6608  2   0  6608
106  6614  2   0  6614
107  6614  2   0  6614
108  6614  3   0  0  6614
109  6614  2   0  6614
110  6614  3   0  0  6614
111  6614  3   0  0  6614
112  6614  2   0  6614
113  6614  2   0  6614
114  6614  2   0  6614
115  6614  3   0  0  6614
116  6614  4   0  0  0  6614
117  6614  3   0  0  6614
118  6614  2   0  6614
119  6614  2   0  6614
120  6614  3   0  0  6614
121  6606  3   0  0  6606
122  6609  3   0  0  6609
123  6614  3   0  0  6614
124  6612  3   0  0  6612
125  6614  3   0  0  6614
126  6606  3   0  0  6606
127  6614  2   0  6614
128  6614  4   0  0  0  6614
129  6614  4   3  0  0  6611
130  6602  2   0  6602
131  6614  3   0  0  6614
132  6614  3   0  0  6614
133  6614  2   0  6614
134  6614  3   0  1  6613
135  6614  2   6  6608
136  6612  2   0  6612
137  6614  2   0  6614
138  6614  3   0  0  6614
139  6612  3   0  0  6612
140  6614  2   0  6614
141  6588  2   0  6588
142  6614  2   0  6614
143  6614  2   0  6614
144  6614  4   0  0  0  6614
145  6612  3   0  0  6612
146  6614  2   0  6614
147  6614  2   0  6614
148  6614  4   0  0  0  6614
149  6614  3   0  1  6613
150  6614  2   0  6614
151  6614  3   0  0  6614
152  6614  3   0  0  6614
153  6586  2   0  6586
154  6614  3   0  0  6614
155  6614  2   0  6614
156  6614  3   0  0  6614
157  6614  3   0  0  6614
158  6577  3   0  0  6577
159  6614  2   0  6614
160  6614  3   0  0  6614
161  6604  3   0  1  6603
162  6614  3   0  0  6614
163  6614  2   0  6614
164  6614  2   0  6614
165  6614  2   0  6614
166  6609  3   0  0  6609
167  6614  2   0  6614
168  6614  2   0  6614
169  6614  2   0  6614
170  6614  2   0  6614
171  6614  3   0  0  6614
172  6614  2   0  6614
173  6612  2   0  6612
174  6614  3   0  0  6614
175  6614  2   0  6614
176  6614  2   0  6614
177  6614  2   1  6613
178  6612  2   0  6612
179  6614  2   0  6614
180  6614  2   1  6613
181  6614  2   0  6614
182  6614  3   0  0  6614
183  6610  2   0  6610
184  6614  3   0  0  6614
185  6614  2   0  6614
186  6614  2   0  6614
187  6614  3   0  0  6614
188  6614  4   0  0  0  6614
189  6614  2   0  6614
190  6614  3   0  0  6614
191  6614  2   0  6614
192  6614  2   0  6614
193  6614  2   0  6614
194  6614  3   0  0  6614
195  6614  3   0  0  6614
196  6614  2   0  6614
197  6614  3   0  0  6614
198  6614  3   0  0  6614
199  6614  3   0  0  6614
200  6614  2   0  6614
201  6614  3   0  0  6614
202  6614  3   0  0  6614
203  6614  2   0  6614
204  6614  2   0  6614
205  6614  2   0  6614
206  6614  2   0  6614
207  6614  2   0  6614
208  6614  3   0  0  6614
209  6610  3   0  0  6610
210  6614  3   1  0  6613
211  6614  2   0  6614
212  6614  2   0  6614
213  6614  2   0  6614
214  6612  3   0  0  6612
215  6614  2   0  6614
216  6604  2   0  6604
217  6614  3   0  0  6614
218  6614  2   0  6614
219  6614  2   0  6614
220  6604  2   1  6603
221  6614  3   0  0  6614
222  6590  3   0  0  6590
223  6614  3   0  0  6614
224  6614  2   0  6614
225  6610  2   0  6610
226  6600  2   0  6600
227  6614  3   0  0  6614
228  6612  2   0  6612
229  6614  2   0  6614
230  6614  4   0  0  0  6614
231  6614  2   0  6614
232  6614  4   0  0  0  6614
233  6614  2   0  6614
234  6596  2   0  6596
235  6614  3   0  0  6614
236  6614  3   1  0  6613
237  6614  2   0  6614
238  6599  3   0  0  6599
239  6614  4   0  0  0  6614
240  6614  2   0  6614
241  6614  2   79  6535
242  6614  2   1  6613
243  6612  3   0  0  6612
244  6614  3   0  0  6614
245  6614  3   0  0  6614
246  6614  2   2155  4459
247  6610  2   0  6610
248  6602  2   0  6602
249  6614  3   0  0  6614
250  6614  2   0  6614
251  6614  2   0  6614
252  6602  3   0  0  6602
253  6614  3   0  0  6614
254  6610  2   6538  72
255  6610  3   0  0  6610
256  6614  3   0  0  6614
257  6614  2   0  6614
258  6614  3   15  0  6599
259  6602  2   0  6602
260  6614  3   0  0  6614
261  6614  2   0  6614
262  6614  2   0  6614
263  6614  2   1  6613
264  6614  2   0  6614
265  6612  2   0  6612
266  5389  4   0  1  0  5388
267  6486  2   1  6485
268  6614  2   273  6341
269  6614  2   0  6614
270  6614  2   0  6614
271  6610  2   0  6610
272  5634  2   0  5634
273  6438  3   521  0  5917
274  6614  3   0  0  6614
275  6614  2   0  6614
276  6614  2   0  6614
277  5839  3   0  0  5839
278  6614  4   0  0  0  6614
279  6614  2   0  6614
280  6614  2   0  6614
281  5968  4   0  0  1  5967
282  6614  2   0  6614
283  6614  2   0  6614
284  6614  2   0  6614
285  6614  3   0  0  6614
286  6608  3   1  0  6607
287  6604  2   0  6604
288  6614  4   0  1  0  6613
289  6614  2   0  6614
290  6596  2   0  6596
291  6614  4   0  0  0  6614
292  6614  3   0  0  6614
293  6614  2   0  6614
294  6614  2   0  6614
295  6614  3   0  0  6614
296  6600  3   0  0  6600
297  6614  4   0  0  0  6614
298  6614  2   0  6614
299  6290  2   0  6290
300  6614  2   0  6614
301  6614  2   0  6614
302  6614  2   0  6614
303  6614  3   0  0  6614
304  6614  2   0  6614
305  6614  2   0  6614
306  6614  3   0  0  6614
307  6534  2   0  6534
308  6394  2   0  6394
309  6614  2   0  6614
310  6614  2   0  6614
311  6614  2   23  6591
312  6614  3   0  0  6614
313  6520  2   0  6520
314  6614  3   0  0  6614
315  6605  5   0  0  2  0  6603
316  6597  3   0  0  6597
317  6614  2   37  6577
318  6614  3   0  0  6614
319  6495  4   0  0  0  6495
320  6614  2   0  6614
321  6598  2   0  6598
322  6358  2   0  6358
323  6598  2   0  6598
324  6614  2   0  6614
325  6597  3   0  0  6597
326  6614  4   0  0  0  6614
327  6614  3   1  0  6613
328  6614  2   0  6614
329  6614  2   1754  4860
330  6060  3   0  1  6059
331  6614  3   1  0  6613
332  6614  2   0  6614
333  6614  3   0  0  6614
334  6610  2   0  6610
335  6574  4   0  0  0  6574
336  6614  2   0  6614
337  6614  4   0  0  0  6614
338  6614  2   0  6614
339  6614  2   0  6614
340  5847  3   0  0  5847
341  6582  2   0  6582
342  6574  3   0  0  6574
343  6614  3   0  0  6614
344  6588  2   0  6588
345  6614  4   0  0  0  6614
346  6584  2   0  6584
347  6572  2   0  6572
348  6614  2   0  6614
349  6614  2   0  6614
350  6614  2   0  6614
351  5633  3   0  0  5633
352  6558  2   1  6557
353  6614  3   0  0  6614
354  6614  3   0  0  6614
355  6248  2   0  6248
356  6614  4   0  0  0  6614
357  6557  3   0  0  6557
358  6614  2   2  6612
359  6586  2   0  6586
360  6614  2   0  6614
361  6298  3   0  0  6298
362  5150  2   0  5150
363  6614  2   0  6614
364  6510  2   0  6510
365  6614  3   0  0  6614
366  6614  2   0  6614
367  6614  2   0  6614
368  6598  2   0  6598
369  6588  2   0  6588
370  6030  2   0  6030
371  4650  3   0  0  4650
372  6602  3   1  0  6601
373  6610  2   0  6610
374  6464  3   0  0  6464
375  6608  2   0  6608
376  6420  3   0  1  6419
377  4284  3   0  0  4284
378  6114  2   0  6114
379  6602  3   0  0  6602
380  6566  2   0  6566
381  6426  2   0  6426
382  6614  2   11  6603
383  6614  3   0  0  6614
384  6596  2   0  6596
385  6468  2   0  6468
386  6614  2   0  6614
387  6614  2   0  6614
388  6614  3   0  0  6614
389  6332  2   0  6332
390  6614  3   0  0  6614
391  6614  2   0  6614
392  6482  2   0  6482
393  6614  2   0  6614
394  6602  3   0  0  6602
395  6488  2   0  6488
396  6603  3   0  0  6603
397  6275  3   0  0  6275
398  6506  3   0  0  6506
399  6574  2   0  6574
400  6242  2   0  6242
401  6600  3   0  0  6600
402  6614  3   0  0  6614
403  6614  3   0  0  6614
404  6414  2   0  6414
405  6236  3   0  0  6236
406  6614  3   0  0  6614
407  6194  2   669  5525
408  6586  2   0  6586
409  6614  3   0  0  6614
410  6614  2   0  6614
411  6586  2   0  6586
412  6470  4   1  0  0  6469
413  6614  2   0  6614
414  6580  2   0  6580
415  6503  3   0  0  6503
416  6614  2   0  6614
417  6614  2   0  6614
418  6614  2   0  6614
419  6614  3   0  0  6614
420  6300  3   0  0  6300
421  6614  4   0  0  0  6614
422  6614  2   0  6614
423  6611  3   0  0  6611
424  6614  2   43  6571
425  6610  3   0  0  6610
426  6614  2   0  6614
427  6614  3   0  1  6613
428  6562  2   3  6559
429  6614  3   0  0  6614
430  6610  2   0  6610
431  6614  3   0  0  6614
432  6612  2   0  6612
433  6612  3   0  0  6612
434  6610  2   0  6610
435  6612  2   0  6612
436  6614  2   0  6614
437  6614  2   600  6014
438  6614  3   0  0  6614
439  6610  2   12  6598
440  6612  2   0  6612
441  6614  3   0  0  6614
442  6478  2   11  6467
443  6581  4   0  0  0  6581
444  6614  4   0  0  0  6614
445  6612  2   0  6612
446  6614  2   0  6614
447  6614  3   0  0  6614
448  6606  2   0  6606
449  6614  2   0  6614
450  6574  2   0  6574
451  6612  2   0  6612
452  6514  2   0  6514
453  6604  3   0  0  6604
454  6600  4   0  0  0  6600
455  6574  2   0  6574
456  6612  2   0  6612
457  6612  3   0  0  6612
458  6614  3   0  0  6614
459  6614  2   0  6614
460  6612  2   0  6612
461  6614  4   0  0  0  6614
462  6614  3   2  0  6612
463  6611  3   0  3959  2652
464  6598  2   0  6598
465  6573  3   0  0  6573
466  6612  2   0  6612
467  6600  2   4  6596
468  6596  2   0  6596
469  6614  3   0  0  6614
470  6611  4   1  0  0  6610
471  6614  2   0  6614
472  6614  2   0  6614
473  6588  2   0  6588
474  6612  2   0  6612
475  6614  2   0  6614
476  6598  2   0  6598
477  6612  2   0  6612
478  6614  2   0  6614
479  6572  3   0  0  6572

[pop]=5
1  66545  3   1  0  66544
2  66593  3   1  1  66591
3  66715  3   0  0  66715
4  66644  2   9  66635
5  66379  3   5  2  66372
6  66712  2   7  66705
7  66518  2   4  66514
8  66508  4   1  9  0  66498
9  66656  3   0  0  66656
10  66696  3   2  0  66694
11  66730  2   2  66728
12  66503  3   1  2  66500
13  66728  2   9  66719
14  66692  2   1  66691
15  66686  2   1  66685
16  66529  3   2  1  66526
17  66468  2   5  66463
18  66690  2   71  66619
19  66460  3   15  1  66444
20  65138  3   0  1  65137
21  66678  2   6  66672
22  66406  3   2  0  66404
23  65057  3   1  2  65054
24  66677  4   0  1  0  66676
25  66722  3   0  0  66722
26  66724  2   7  66717
27  66686  2   11  66675
28  66696  2   1  66695
29  66659  4   4  0  0  66655
30  66596  3   0  0  66596
31  66722  2   2  66720
32  66189  3   1  0  66188
33  66698  3   1  0  66697
34  65954  2   4  65950
35  66716  3   1  0  66715
36  66679  3   0  0  66679
37  63628  2   1  63627
38  66702  2   0  66702
39  66638  4   0  1  0  66637
40  66713  6   0  0  1  0  0  66712
41  66720  2   4  66716
42  62522  3   2  0  62520
43  61520  2   0  61520
44  66016  3   2  1  66013
45  66726  3   0  5  66721
46  65204  2   2  65202
47  66715  4   1  0  0  66714
48  65914  2   4  65910
49  59644  3   0  5  59639
50  66729  3   0  1  66728
51  66398  3   1  8  66389
52  65015  3   0  0  65015
53  66609  3   1  0  66608
54  66546  2   1  66545
55  65552  2   5  65547
56  66350  2   1  66349
57  66703  4   2  0  0  66701
58  65682  3   0  4  65678
59  65479  3   0  11  65468
60  66484  3   21  0  66463
61  66700  2   0  66700
62  66728  4   58690  1  1  8036
63  66630  2   0  66630
64  66732  2   0  66732
65  66714  3   0  0  66714
66  66706  2   6  66700
67  66682  2   1  66681
68  66694  3   2  3  66689
69  66548  2   1  66547
70  66691  4   0  0  0  66691
71  66296  2   2  66294
72  66591  3   0  5  66586
73  66602  2   2  66600
74  66664  3   1  1  66662
75  66734  2   0  66734
76  66734  2   0  66734
77  66701  3   0  0  66701
78  66706  2   0  66706
79  66728  2   138  66590
80  66732  2   3  66729
81  66726  2   1  66725
82  66616  3   4  1  66611
83  66738  4   1  3  0  66734
84  66728  2   2  66726
85  66400  2   0  66400
86  66722  2   0  66722
87  66728  3   0  0  66728
88  66738  2   4  66734
89  66708  2   0  66708
90  66728  2   0  66728
91  66680  3   2  1  66677
92  66738  3   0  2  66736
93  66736  3   1  10  66725
94  66498  5   0  16  1  1  66480
95  66577  4   0  0  2  66575
96  66532  3   0  0  66532
97  66638  2   2  66636
98  66555  4   1  0  0  66554
99  66738  2   4  66734
100  66689  3   1  1  66687
101  66700  2   0  66700
102  66693  3   0  0  66693
103  66675  3   0  1  66674
104  66736  3   0  1  66735
105  66714  2   0  66714
106  66736  2   0  66736
107  66696  2   1  66695
108  66732  3   1  1  66730
109  66716  2   0  66716
110  66658  3   0  0  66658
111  66716  3   0  0  66716
112  66734  2   2  66732
113  66662  2   0  66662
114  66732  2   2  66730
115  66332  3   0  0  66332
116  66664  4   4  2  0  66658
117  66729  3   0  0  66729
118  66708  2   2  66706
119  66726  2   2  66724
120  66732  3   1  2  66729
121  66672  3   11  0  66661
122  66659  3   0  1  66658
123  66730  3   1  3  66726
124  66700  3   2  1  66697
125  66732  3   1  1  66730
126  66660  3   5  1  66654
127  66730  2   3  66727
128  66016  4   0  1  0  66015
129  66721  4   4  0  0  66717
130  66640  2   1  66639
131  66613  3   0  0  66613
132  66687  3   0  1  66686
133  65950  2   0  65950
134  66738  3   2  96  66640
135  66730  2   34  66696
136  66686  2   2  66684
137  66684  2   0  66684
138  65909  3   0  0  65909
139  66693  3   7  0  66686
140  66730  2   0  66730
141  66592  2   5  66587
142  66730  2   2  66728
143  66694  2   0  66694
144  66692  4   1  2  0  66689
145  66678  3   0  0  66678
146  66690  2   0  66690
147  66736  2   7  66729
148  66731  4   0  0  0  66731
149  66691  3   0  18  66673
150  66720  2   3  66717
151  66722  3   2  1  66719
152  66730  3   0  0  66730
153  65198  2   0  65198
154  66691  3   0  2  66689
155  66686  2   11  66675
156  66724  3   4  12  66708
157  66711  3   0  0  66711
158  66484  3   29  2  66453
159  66680  2   2  66678
160  66726  3   0  0  66726
161  66548  3   1  3  66544
162  66738  3   0  1  66737
163  66706  2   0  66706
164  66662  2   1  66661
165  66724  2   11  66713
166  66594  3   1  1  66592
167  66698  2   0  66698
168  66678  2   0  66678
169  66702  2   1  66701
170  64924  2   3  64921
171  66692  3   0  0  66692
172  66726  2   2  66724
173  66646  2   1  66645
174  66734  3   0  3  66731
175  66702  2   0  66702
176  66728  2   38  66690
177  66712  2   2  66710
178  66666  2   1  66665
179  66662  2   1  66661
180  66686  2   3  66683
181  66688  2   1  66687
182  66706  3   1  0  66705
183  66604  2   2  66602
184  66712  3   7  0  66705
185  66734  2   0  66734
186  66738  2   6  66732
187  66663  3   2  1  66660
188  66674  4   5  1  2  66666
189  66738  2   0  66738
190  66661  3   3  40  66618
191  66674  2   3  66671
192  66692  2   0  66692
193  66700  2   0  66700
194  66720  3   0  0  66720
195  66696  3   0  0  66696
196  66682  2   0  66682
197  66702  3   0  1  66701
198  66629  3   0  0  66629
199  66697  3   0  10  66687
200  66720  2   0  66720
201  66686  3   0  1  66685
202  66738  3   1  1  66736
203  66722  2   2  66720
204  66602  2   0  66602
205  66686  2   2  66684
206  66740  2   0  66740
207  66720  2   4  66716
208  66662  3   4  0  66658
209  66719  3   1  0  66718
210  66710  3   2  3  66705
211  66672  2   9  66663
212  66654  2   3  66651
213  66708  2   1  66707
214  66738  3   1  3  66734
215  66740  2   36  66704
216  66214  2   1  66213
217  66734  3   0  0  66734
218  66588  2   0  66588
219  66584  2   4  66580
220  66180  2   1  66179
221  66579  3   0  8  66571
222  65830  3   3  1  65826
223  66730  3   5  16  66709
224  66670  2   1  66669
225  66734  2   0  66734
226  65988  2   4  65984
227  66725  3   27  0  66698
228  66720  2   0  66720
229  66676  2   4  66672
230  66545  4   1  0  1  66543
231  66726  2   0  66726
232  66641  4   0  4  0  66637
233  66410  2   3  66407
234  66096  2   0  66096
235  66740  3   1  2  66737
236  66734  3   1  3  66730
237  66618  2   0  66618
238  66168  3   2  1  66165
239  66728  4   10  4  0  66714
240  66736  2   5  66731
241  66710  2   971  65739
242  66736  2   4  66732
243  66712  3   0  0  66712
244  66050  3   3  0  66047
245  66731  3   2  0  66729
246  66376  2   21654  44722
247  65558  2   1  65557
248  66314  2   2  66312
249  66718  3   1  1  66716
250  66732  2   18  66714
251  66732  2   1  66731
252  66369  3   0  0  66369
253  66740  3   1  0  66739
254  66722  2   65877  845
255  65819  3   0  0  65819
256  66518  3   1  2  66515
257  66736  2   0  66736
258  66547  3   119  3  66425
259  66410  2   0  66410
260  66738  3   0  1  66737
261  66712  2   0  66712
262  66738  2   5  66733
263  66736  2   107  66629
264  66662  2   1  66661
265  66730  2   0  66730
266  59003  4   1  6  4  58992
267  66342  2   1  66341
268  66732  2   564  66168
269  66738  2   1  66737
270  66736  2   0  66736
271  66722  2   6  66716
272  60668  2   1  60667
273  66178  3   3168  0  63010
274  66732  3   0  0  66732
275  66596  2   0  66596
276  66646  2   0  66646
277  61709  3   2  4  61703
278  66732  4   1  8  1  66722
279  66736  2   0  66736
280  66632  2   2  66630
281  62352  4   1  6  0  62345
282  66700  2   5  66695
283  66704  2   0  66704
284  66736  2   18  66718
285  66732  3   1  1  66730
286  66719  3   36  0  66683
287  66686  2   1  66685
288  66737  4   1  29  3  66704
289  66730  2   0  66730
290  66656  2   0  66656
291  66727  4   3  0  0  66724
292  66724  3   0  0  66724
293  66722  2   2  66720
294  66722  2   0  66722
295  66736  3   1  1  66734
296  66369  3   1  1  66367
297  66721  4   0  1  28  66692
298  66560  2   0  66560
299  63600  2   1  63599
300  66736  2   2  66734
301  66736  2   1  66735
302  66734  2   0  66734
303  66653  3   7  0  66646
304  66662  2   2  66660
305  66736  2   4  66732
306  66488  3   0  0  66488
307  66510  2   0  66510
308  63994  2   0  63994
309  66660  2   0  66660
310  66738  2   0  66738
311  66730  2   207  66523
312  66730  3   4  0  66726
313  66378  2   36  66342
314  66734  3   0  1  66733
315  66662  5   1  5  27  1  66628
316  66614  3   8  0  66606
317  66734  2   616  66118
318  66730  3   0  1  66729
319  64450  4   0  3  1  64446
320  66730  2   0  66730
321  66656  2   0  66656
322  65414  2   5  65409
323  66618  2   0  66618
324  66726  2   27  66699
325  65976  3   0  2  65974
326  66695  4   1  1  3  66690
327  66724  3   4  3  66717
328  66730  2   3  66727
329  66674  2   20232  46442
330  65409  3   1  1  65407
331  66695  3   2  0  66693
332  66624  2   3  66621
333  66714  3   1  0  66713
334  66584  2   9  66575
335  66003  4   3  2  4  65994
336  66622  2   1  66621
337  66714  4   2  9  0  66703
338  66714  2   19  66695
339  65838  2   0  65838
340  61578  3   0  0  61578
341  64802  2   0  64802
342  66027  3   2  5  66020
343  66586  3   0  4  66582
344  66618  2   0  66618
345  66701  4   0  1  1  66699
346  64802  2   4  64798
347  66028  2   12  66016
348  66554  2   3  66551
349  66686  2   9  66677
350  65702  2   0  65702
351  59459  3   0  0  59459
352  65992  2   4  65988
353  66671  3   0  11  66660
354  66738  3   1  0  66737
355  66078  2   6  66072
356  66684  4   0  0  2  66682
357  65987  3   0  0  65987
358  66514  2   4  66510
359  66600  2   1  66599
360  66738  2   0  66738
361  66157  3   2  0  66155
362  55062  2   3  55059
363  66738  2   0  66738
364  65646  2   0  65646
365  66738  3   0  1  66737
366  66666  2   0  66666
367  66660  2   6  66654
368  64702  2   0  64702
369  66344  2   0  66344
370  50730  2   0  50730
371  49698  3   1  0  49697
372  64672  3   5  1  64666
373  66416  2   0  66416
374  65372  3   15  2  65355
375  66504  2   1  66503
376  66478  3   1  0  66477
377  45716  3   0  2  45714
378  52558  2   0  52558
379  64616  3   1  2  64613
380  66030  2   2  66028
381  65158  2   2  65156
382  66592  2   89  66503
383  66738  3   0  1  66737
384  66222  2   1  66221
385  66520  2   2  66518
386  66528  2   2  66526
387  66734  2   0  66734
388  66738  3   1  1  66736
389  64596  2   0  64596
390  66621  3   1  0  66620
391  66738  2   0  66738
392  66544  2   2  66542
393  66572  2   1  66571
394  64426  3   1  1  64424
395  65426  2   2  65424
396  66061  3   0  0  66061
397  64065  3   2  1  64062
398  66568  3   0  0  66568
399  65460  2   0  65460
400  63772  2   10  63762
401  65922  3   0  4  65918
402  66734  3   0  0  66734
403  66645  3   0  5  66640
404  64952  2   6  64946
405  63653  3   3  22  63628
406  66662  3   1  0  66661
407  63342  2   8541  54801
408  65438  2   0  65438
409  66665  3   3  1  66661
410  66732  2   0  66732
411  65374  2   0  65374
412  61490  4   1  0  1  61488
413  66738  2   0  66738
414  65116  2   3  65113
415  62671  3   0  1  62670
416  66738  2   1  66737
417  66726  2   1  66725
418  66734  2   2  66732
419  66668  3   1  3  66664
420  64084  3   1  1  64082
421  66738  4   3  1  0  66734
422  66734  2   1  66733
423  66680  3   0  13  66667
424  66086  2   557  65529
425  66683  3   0  5  66678
426  66716  2   2  66714
427  66736  3   1  0  66735
428  66586  2   59  66527
429  66154  3   1  10  66143
430  66674  2   2  66672
431  66736  3   1  0  66735
432  66734  2   0  66734
433  64069  3   0  2  64067
434  66620  2   8  66612
435  64054  2   2  64052
436  66646  2   0  66646
437  66362  2   4201  62161
438  66738  3   0  0  66738
439  66674  2   0  66674
440  64052  2   1  64051
441  66420  3   1  3  66416
442  66122  2   8  66114
443  65464  4   1  1  1  65461
444  66701  4   1  0  0  66700
445  66736  2   0  66736
446  66488  2   0  66488
447  66689  3   1  11  66677
448  66666  2   3  66663
449  66730  2   4  66726
450  66542  2   5  66537
451  64022  2   2  64020
452  66414  2   0  66414
453  66663  3   1  0  66662
454  65980  4   0  0  0  65980
455  66548  2   1  66547
456  66726  2   0  66726
457  64014  3   2  1  64011
458  66737  3   1  0  66736
459  66636  2   7  66629
460  66724  2   15  66709
461  66714  4   1  0  23  66690
462  66736  3   5  1  66730
463  66726  3   0  32308  34418
464  66640  2   1  66639
465  66536  3   1  1  66534
466  66728  2   2  66726
467  66262  2   1  66261
468  66638  2   8  66630
469  66715  3   0  0  66715
470  64000  4   1  0  1  63998
471  66722  2   1  66721
472  66640  2   1  66639
473  66574  2   0  66574
474  63992  2   0  63992
475  66656  2   4  66652
476  66302  2   2  66300
477  66556  2   8  66548
478  66712  2   2  66710
479  66506  3   0  0  66506

[pop]=6
1  902  3   0  0  902
2  902  3   0  0  902
3  906  3   0  0  906
4  906  2   0  906
5  904  3   0  0  904
6  908  2   2  906
7  902  2   0  902
8  901  4   0  0  0  901
9  906  3   0  0  906
10  903  3   0  0  903
11  908  2   0  908
12  906  3   0  0  906
13  908  2   0  908
14  908  2   0  908
15  908  2   0  908
16  906  3   0  0  906
17  902  2   0  902
18  908  2   0  908
19  896  3   1  0  895
20  882  3   0  0  882
21  908  2   0  908
22  896  3   0  0  896
23  882  3   0  0  882
24  902  4   0  0  0  902
25  908  3   0  0  908
26  908  2   0  908
27  906  2   0  906
28  908  2   0  908
29  908  4   0  0  0  908
30  908  3   0  0  908
31  908  2   0  908
32  904  3   0  0  904
33  908  3   0  0  908
34  898  2   0  898
35  908  3   0  0  908
36  908  3   0  0  908
37  846  2   0  846
38  908  2   0  908
39  902  4   0  0  0  902
40  908  6   0  0  0  2  0  906
41  906  2   0  906
42  826  3   0  0  826
43  808  2   0  808
44  882  3   0  0  882
45  908  3   0  0  908
46  892  2   0  892
47  906  4   0  0  0  906
48  882  2   0  882
49  785  3   0  0  785
50  908  3   0  0  908
51  908  3   1  1  906
52  891  3   0  0  891
53  908  3   0  0  908
54  906  2   0  906
55  870  2   0  870
56  906  2   0  906
57  906  4   0  1  0  905
58  881  3   0  0  881
59  865  3   0  0  865
60  896  3   0  0  896
61  908  2   0  908
62  908  4   840  0  0  68
63  906  2   0  906
64  908  2   0  908
65  908  3   0  0  908
66  908  2   0  908
67  908  2   0  908
68  908  3   0  1  907
69  906  2   0  906
70  908  4   0  0  0  908
71  908  2   0  908
72  904  3   1  0  903
73  908  2   0  908
74  901  3   0  0  901
75  908  2   0  908
76  908  2   0  908
77  906  3   0  0  906
78  908  2   0  908
79  908  2   0  908
80  908  2   0  908
81  908  2   0  908
82  908  3   0  0  908
83  908  4   0  0  0  908
84  908  2   0  908
85  900  2   0  900
86  908  2   0  908
87  908  3   0  0  908
88  908  2   0  908
89  908  2   0  908
90  908  2   0  908
91  906  3   0  0  906
92  908  3   0  0  908
93  908  3   0  0  908
94  900  5   0  0  0  0  900
95  902  4   0  0  0  902
96  900  3   0  0  900
97  906  2   0  906
98  901  4   0  0  0  901
99  908  2   0  908
100  908  3   0  0  908
101  906  2   0  906
102  908  3   0  0  908
103  908  3   0  0  908
104  908  3   0  0  908
105  908  2   0  908
106  908  2   0  908
107  908  2   0  908
108  908  3   0  0  908
109  908  2   0  908
110  906  3   0  0  906
111  908  3   0  0  908
112  908  2   0  908
113  906  2   0  906
114  908  2   0  908
115  891  3   0  0  891
116  906  4   0  0  0  906
117  908  3   0  0  908
118  908  2   0  908
119  908  2   0  908
120  908  3   0  0  908
121  906  3   0  0  906
122  906  3   0  0  906
123  908  3   0  0  908
124  908  3   0  0  908
125  908  3   0  0  908
126  906  3   0  0  906
127  908  2   0  908
128  884  4   0  0  0  884
129  908  4   0  0  0  908
130  906  2   0  906
131  906  3   0  0  906
132  908  3   0  0  908
133  882  2   0  882
134  908  3   0  0  908
135  908  2   0  908
136  906  2   0  906
137  908  2   0  908
138  879  3   0  0  879
139  908  3   0  0  908
140  908  2   0  908
141  906  2   0  906
142  908  2   0  908
143  908  2   0  908
144  908  4   0  0  0  908
145  908  3   0  0  908
146  906  2   0  906
147  908  2   0  908
148  908  4   0  0  0  908
149  907  3   0  0  907
150  908  2   0  908
151  908  3   0  0  908
152  908  3   0  0  908
153  904  2   0  904
154  908  3   0  0  908
155  906  2   0  906
156  908  3   0  0  908
157  908  3   0  0  908
158  904  3   0  0  904
159  906  2   1  905
160  908  3   0  0  908
161  908  3   0  0  908
162  908  3   0  0  908
163  908  2   1  907
164  906  2   0  906
165  908  2   1  907
166  908  3   0  0  908
167  908  2   1  907
168  906  2   0  906
169  908  2   0  908
170  840  2   0  840
171  908  3   0  0  908
172  908  2   0  908
173  908  2   0  908
174  906  3   0  0  906
175  908  2   0  908
176  908  2   0  908
177  908  2   0  908
178  908  2   1  907
179  908  2   0  908
180  908  2   0  908
181  908  2   0  908
182  908  3   0  0  908
183  906  2   0  906
184  908  3   0  0  908
185  906  2   0  906
186  908  2   0  908
187  908  3   0  0  908
188  908  4   0  0  0  908
189  908  2   0  908
190  907  3   0  0  907
191  908  2   0  908
192  908  2   0  908
193  908  2   0  908
194  908  3   0  0  908
195  907  3   0  0  907
196  908  2   0  908
197  908  3   0  0  908
198  906  3   0  0  906
199  908  3   0  0  908
200  908  2   0  908
201  908  3   0  0  908
202  908  3   0  0  908
203  906  2   0  906
204  906  2   0  906
205  908  2   0  908
206  908  2   0  908
207  906  2   0  906
208  908  3   0  0  908
209  908  3   0  0  908
210  908  3   0  0  908
211  906  2   0  906
212  908  2   0  908
213  906  2   0  906
214  908  3   0  0  908
215  908  2   0  908
216  898  2   0  898
217  908  3   0  0  908
218  908  2   0  908
219  908  2   0  908
220  898  2   0  898
221  908  3   0  0  908
222  898  3   0  0  898
223  908  3   0  0  908
224  908  2   0  908
225  908  2   0  908
226  894  2   0  894
227  908  3   0  0  908
228  906  2   0  906
229  908  2   0  908
230  906  4   0  0  0  906
231  908  2   0  908
232  908  4   0  3  0  905
233  900  2   0  900
234  900  2   0  900
235  908  3   0  0  908
236  908  3   0  0  908
237  908  2   0  908
238  900  3   0  0  900
239  908  4   0  0  0  908
240  908  2   0  908
241  906  2   25  881
242  908  2   0  908
243  908  3   0  0  908
244  880  3   0  0  880
245  908  3   0  0  908
246  896  2   325  571
247  862  2   0  862
248  900  2   0  900
249  908  3   0  0  908
250  908  2   2  906
251  908  2   0  908
252  900  3   0  0  900
253  908  3   0  0  908
254  908  2   904  4
255  877  3   0  0  877
256  900  3   0  0  900
257  908  2   0  908
258  902  3   3  0  899
259  900  2   0  900
260  908  3   0  0  908
261  908  2   0  908
262  908  2   0  908
263  908  2   0  908
264  906  2   0  906
265  908  2   0  908
266  711  4   0  0  1  710
267  894  2   0  894
268  908  2   8  900
269  908  2   0  908
270  908  2   0  908
271  908  2   0  908
272  734  2   0  734
273  890  3   74  0  816
274  908  3   0  0  908
275  904  2   0  904
276  906  2   0  906
277  740  3   0  0  740
278  908  4   0  0  0  908
279  908  2   0  908
280  904  2   0  904
281  751  4   0  2  0  749
282  908  2   0  908
283  908  2   0  908
284  908  2   0  908
285  908  3   0  0  908
286  908  3   0  0  908
287  906  2   0  906
288  908  4   0  1  0  907
289  908  2   0  908
290  904  2   0  904
291  908  4   0  0  0  908
292  908  3   0  0  908
293  908  2   0  908
294  908  2   0  908
295  908  3   0  0  908
296  902  3   0  0  902
297  908  4   0  0  0  908
298  902  2   0  902
299  794  2   0  794
300  908  2   0  908
301  908  2   0  908
302  908  2   0  908
303  906  3   0  0  906
304  906  2   0  906
305  908  2   0  908
306  902  3   0  0  902
307  904  2   0  904
308  802  2   0  802
309  908  2   0  908
310  908  2   0  908
311  908  2   3  905
312  908  3   0  0  908
313  904  2   2  902
314  908  3   0  0  908
315  908  5   0  0  1  0  907
316  900  3   3  0  897
317  908  2   14  894
318  908  3   0  0  908
319  813  4   0  0  0  813
320  908  2   0  908
321  908  2   0  908
322  886  2   0  886
323  900  2   0  900
324  908  2   0  908
325  900  3   0  0  900
326  908  4   0  0  0  908
327  908  3   0  0  908
328  908  2   0  908
329  908  2   301  607
330  884  3   0  0  884
331  908  3   0  0  908
332  908  2   0  908
333  908  3   0  0  908
334  906  2   0  906
335  896  4   0  0  0  896
336  908  2   0  908
337  908  4   0  0  0  908
338  908  2   0  908
339  882  2   0  882
340  838  3   0  0  838
341  830  2   0  830
342  896  3   0  0  896
343  908  3   0  0  908
344  900  2   0  900
345  907  4   0  0  0  907
346  832  2   0  832
347  894  2   0  894
348  908  2   1  907
349  906  2   1  905
350  870  2   0  870
351  812  3   0  0  812
352  892  2   0  892
353  906  3   0  0  906
354  908  3   0  0  908
355  892  2   1  891
356  908  4   0  0  0  908
357  891  3   0  0  891
358  906  2   0  906
359  900  2   0  900
360  908  2   0  908
361  893  3   0  0  893
362  762  2   0  762
363  908  2   0  908
364  882  2   1  881
365  908  3   0  0  908
366  908  2   0  908
367  908  2   0  908
368  822  2   0  822
369  904  2   0  904
370  770  2   0  770
371  704  3   0  0  704
372  818  3   0  0  818
373  906  2   0  906
374  878  3   0  0  878
375  906  2   0  906
376  900  3   0  0  900
377  654  3   0  0  654
378  798  2   0  798
379  816  3   0  0  816
380  900  2   0  900
381  880  2   0  880
382  906  2   3  903
383  908  3   1  0  907
384  902  2   0  902
385  898  2   0  898
386  904  2   0  904
387  908  2   0  908
388  908  3   0  0  908
389  870  2   0  870
390  906  3   0  0  906
391  908  2   0  908
392  898  2   0  898
393  904  2   0  904
394  807  3   0  0  807
395  890  2   0  890
396  905  3   0  0  905
397  866  3   0  0  866
398  902  3   0  0  902
399  860  2   0  860
400  858  2   0  858
401  903  3   0  0  903
402  908  3   0  0  908
403  908  3   0  0  908
404  884  2   0  884
405  855  3   0  2  853
406  908  3   0  0  908
407  854  2   118  736
408  900  2   0  900
409  908  3   0  0  908
410  908  2   0  908
411  896  2   0  896
412  865  4   1  0  0  864
413  908  2   0  908
414  892  2   0  892
415  869  3   0  0  869
416  908  2   0  908
417  908  2   0  908
418  906  2   0  906
419  906  3   0  0  906
420  868  3   0  0  868
421  908  4   0  1  1  906
422  906  2   0  906
423  908  3   0  0  908
424  886  2   5  881
425  908  3   0  0  908
426  908  2   0  908
427  908  3   0  0  908
428  902  2   0  902
429  886  3   0  0  886
430  908  2   0  908
431  908  3   0  0  908
432  908  2   0  908
433  790  3   0  0  790
434  902  2   0  902
435  790  2   0  790
436  904  2   0  904
437  892  2   106  786
438  908  3   0  0  908
439  908  2   1  907
440  790  2   0  790
441  894  3   0  0  894
442  890  2   1  889
443  897  4   0  0  0  897
444  908  4   0  0  0  908
445  906  2   0  906
446  900  2   0  900
447  906  3   0  3  903
448  908  2   0  908
449  904  2   0  904
450  904  2   0  904
451  790  2   0  790
452  900  2   0  900
453  908  3   0  0  908
454  892  4   1  0  1  890
455  904  2   0  904
456  906  2   0  906
457  790  3   0  0  790
458  908  3   0  1  907
459  908  2   0  908
460  904  2   0  904
461  908  4   1  0  1  906
462  908  3   0  0  908
463  906  3   0  495  411
464  908  2   0  908
465  904  3   0  0  904
466  906  2   0  906
467  900  2   0  900
468  908  2   0  908
469  908  3   0  0  908
470  790  4   0  0  0  790
471  908  2   0  908
472  906  2   0  906
473  904  2   0  904
474  788  2   0  788
475  908  2   0  908
476  902  2   0  902
477  906  2   0  906
478  908  2   0  908
479  904  3   0  0  904

[pop]=7
1  16333  3   0  0  16333
2  16268  3   0  0  16268
3  16506  3   0  0  16506
4  16446  2   1  16445
5  16308  3   0  0  16308
6  16508  2   0  16508
7  16312  2   0  16312
8  16104  4   0  0  8  16096
9  16468  3   0  0  16468
10  16498  3   0  0  16498
11  16508  2   0  16508
12  16477  3   0  0  16477
13  16506  2   0  16506
14  16502  2   0  16502
15  16512  2   1  16511
16  16481  3   1  0  16480
17  16284  2   1  16283
18  16498  2   0  16498
19  16024  3   1  0  16023
20  15748  3   1  0  15747
21  16504  2   0  16504
22  15887  3   0  1  15886
23  15700  3   1  1  15698
24  16492  4   0  0  0  16492
25  16506  3   0  0  16506
26  16506  2   1  16505
27  16494  2   0  16494
28  16508  2   0  16508
29  16512  4   0  0  0  16512
30  16494  3   0  1  16493
31  16506  2   0  16506
32  16432  3   0  0  16432
33  16510  3   1  0  16509
34  16180  2   0  16180
35  16505  3   0  2  16503
36  16504  3   0  0  16504
37  15122  2   0  15122
38  16510  2   3  16507
39  16461  4   0  2  0  16459
40  16504  6   0  1  0  1  0  16502
41  16508  2   6  16502
42  14714  3   0  0  14714
43  14380  2   0  14380
44  16030  3   1  0  16029
45  16510  3   0  0  16510
46  15976  2   0  15976
47  16500  4   0  0  0  16500
48  15986  2   0  15986
49  13743  3   1  0  13742
50  16510  3   0  0  16510
51  16512  3   2  1  16509
52  15938  3   0  1  15937
53  16502  3   0  0  16502
54  16466  2   0  16466
55  14054  2   0  14054
56  16512  2   0  16512
57  16494  4   0  31  0  16463
58  15910  3   2  2  15906
59  13895  3   0  0  13895
60  16300  3   9  0  16291
61  16510  2   0  16510
62  16510  4   14897  0  0  1613
63  16456  2   0  16456
64  16512  2   0  16512
65  16510  3   1  4  16505
66  16506  2   0  16506
67  16504  2   0  16504
68  16512  3   0  1  16511
69  16398  2   1  16397
70  16505  4   0  0  1  16504
71  16512  2   1  16511
72  16357  3   4  12  16341
73  16508  2   0  16508
74  16473  3   0  0  16473
75  16512  2   0  16512
76  16512  2   0  16512
77  16491  3   136  2  16353
78  16506  2   4  16502
79  16510  2   4  16506
80  16512  2   0  16512
81  16512  2   2  16510
82  16474  3   0  0  16474
83  16512  4   0  0  0  16512
84  16512  2   0  16512
85  15952  2   4  15948
86  16512  2   0  16512
87  16512  3   1  1  16510
88  16512  2   0  16512
89  16506  2   2  16504
90  16512  2   1  16511
91  16508  3   0  1  16507
92  16512  3   4  0  16508
93  16512  3   0  1  16511
94  16155  5   0  1  0  0  16154
95  16285  4   1  2  0  16282
96  16209  3   1  0  16208
97  16496  2   0  16496
98  16233  4   0  0  0  16233
99  16512  2   0  16512
100  16508  3   0  0  16508
101  16510  2   37  16473
102  16508  3   1  0  16507
103  16509  3   0  0  16509
104  16512  3   1  0  16511
105  16510  2   0  16510
106  16512  2   0  16512
107  16508  2   1  16507
108  16512  3   0  0  16512
109  16508  2   1  16507
110  16512  3   4  1  16507
111  16507  3   0  0  16507
112  16512  2   0  16512
113  16512  2   1  16511
114  16508  2   0  16508
115  15550  3   0  0  15550
116  16512  4   1  0  0  16511
117  16510  3   0  0  16510
118  16506  2   0  16506
119  16510  2   0  16510
120  16506  3   0  0  16506
121  16500  3   0  1  16499
122  16459  3   0  0  16459
123  16512  3   0  0  16512
124  16500  3   0  0  16500
125  16506  3   0  0  16506
126  16490  3   0  0  16490
127  16512  2   1  16511
128  14698  4   1  0  0  14697
129  16510  4   0  0  1  16509
130  16482  2   2  16480
131  16504  3   1  0  16503
132  16512  3   3  0  16509
133  14450  2   0  14450
134  16512  3   0  0  16512
135  16512  2   1  16511
136  16480  2   0  16480
137  16510  2   2  16508
138  14363  3   1  80  14282
139  16499  3   0  1  16498
140  16512  2   3  16509
141  16428  2   1  16427
142  16512  2   0  16512
143  16506  2   13  16493
144  16512  4   0  1  1  16510
145  16494  3   0  1  16493
146  16488  2   2  16486
147  16512  2   0  16512
148  16512  4   0  0  0  16512
149  16504  3   1  0  16503
150  16512  2   0  16512
151  16498  3   4  0  16494
152  16512  3   0  0  16512
153  16320  2   0  16320
154  16512  3   0  0  16512
155  16490  2   0  16490
156  16495  3   1  1  16493
157  16512  3   1  0  16511
158  16355  3   0  0  16355
159  16486  2   25  16461
160  16512  3   0  0  16512
161  16322  3   0  0  16322
162  16512  3   0  0  16512
163  16512  2   0  16512
164  16478  2   0  16478
165  16512  2   0  16512
166  16404  3   0  0  16404
167  16512  2   0  16512
168  16476  2   0  16476
169  16506  2   0  16506
170  11514  2   2  11512
171  16512  3   1  0  16511
172  16510  2   0  16510
173  16444  2   1  16443
174  16512  3   2  0  16510
175  16510  2   2  16508
176  16512  2   0  16512
177  16512  2   0  16512
178  16462  2   0  16462
179  16502  2   0  16502
180  16510  2   0  16510
181  16512  2   4  16508
182  16510  3   0  0  16510
183  16378  2   0  16378
184  16510  3   0  0  16510
185  16512  2   0  16512
186  16512  2   0  16512
187  16503  3   0  0  16503
188  16507  4   0  0  0  16507
189  16512  2   0  16512
190  16503  3   2  0  16501
191  16504  2   20  16484
192  16512  2   0  16512
193  16500  2   26  16474
194  16512  3   3  0  16509
195  16512  3   1  0  16511
196  16498  2   2  16496
197  16503  3   1  0  16502
198  16444  3   0  0  16444
199  16512  3   1  0  16511
200  16510  2   0  16510
201  16503  3   1  0  16502
202  16512  3   1  0  16511
203  16510  2   0  16510
204  16416  2   0  16416
205  16508  2   0  16508
206  16512  2   2  16510
207  16510  2   0  16510
208  16503  3   0  0  16503
209  16512  3   0  0  16512
210  16504  3   0  0  16504
211  16512  2   3  16509
212  16512  2   47  16465
213  16492  2   0  16492
214  16512  3   0  0  16512
215  16512  2   0  16512
216  15986  2   0  15986
217  16512  3   1  0  16511
218  16372  2   0  16372
219  16440  2   0  16440
220  15932  2   1  15931
221  16439  3   0  21  16418
222  16400  3   0  0  16400
223  16510  3   0  0  16510
224  16466  2   0  16466
225  16512  2   0  16512
226  15682  2   40  15642
227  16512  3   0  0  16512
228  16512  2   12  16500
229  16464  2   0  16464
230  16387  4   0  4  0  16383
231  16512  2   0  16512
232  16407  4   1  0  0  16406
233  16074  2   3  16071
234  16460  2   0  16460
235  16512  3   0  5  16507
236  16512  3   0  0  16512
237  16354  2   1  16353
238  16470  3   0  0  16470
239  16510  4   0  1  0  16509
240  16512  2   0  16512
241  16512  2   1274  15238
242  16512  2   0  16512
243  16512  3   0  1  16511
244  15010  3   0  0  15010
245  16512  3   0  1  16511
246  16018  2   6726  9292
247  13536  2   0  13536
248  16476  2   0  16476
249  16510  3   3  0  16507
250  16512  2   5  16507
251  16512  2   0  16512
252  16478  3   0  0  16478
253  16512  3   0  1  16511
254  16510  2   16510  0
255  14251  3   0  0  14251
256  16303  3   0  0  16303
257  16512  2   0  16512
258  16344  3   2  0  16342
259  16480  2   0  16480
260  16512  3   1  0  16511
261  16510  2   5  16505
262  16512  2   0  16512
263  16512  2   19  16493
264  16472  2   3  16469
265  16510  2   0  16510
266  8097  4   0  0  0  8097
267  16316  2   0  16316
268  16512  2   23  16489
269  16512  2   2  16510
270  16512  2   0  16512
271  16504  2   0  16504
272  8530  2   0  8530
273  16231  3   1802  1  14428
274  16512  3   1  0  16511
275  16440  2   0  16440
276  16440  2   0  16440
277  8848  3   0  0  8848
278  16512  4   0  5  0  16507
279  16512  2   3  16509
280  16386  2   0  16386
281  9107  4   0  1  0  9106
282  16510  2   3  16507
283  16510  2   5  16505
284  16512  2   0  16512
285  16512  3   0  0  16512
286  16495  3   0  0  16495
287  16490  2   0  16490
288  16512  4   0  9  0  16503
289  16512  2   1  16511
290  16486  2   5  16481
291  16512  4   1  0  2  16509
292  16510  3   1  0  16509
293  16510  2   0  16510
294  16512  2   4  16508
295  16512  3   0  0  16512
296  16470  3   0  0  16470
297  16510  4   1  0  0  16509
298  16170  2   1  16169
299  9888  2   0  9888
300  16512  2   0  16512
301  16512  2   0  16512
302  16512  2   0  16512
303  16502  3   0  0  16502
304  16486  2   0  16486
305  16512  2   0  16512
306  16003  3   1  0  16002
307  16396  2   6  16390
308  10298  2   2  10296
309  16490  2   1  16489
310  16512  2   2  16510
311  16512  2   46  16466
312  16512  3   0  4  16508
313  16354  2   0  16354
314  16511  3   0  0  16511
315  16484  5   0  3  0  0  16481
316  16488  3   30  1  16457
317  16512  2   391  16121
318  16512  3   1  0  16511
319  11007  4   1  1  0  11005
320  16512  2   0  16512
321  16472  2   0  16472
322  16124  2   1  16123
323  16488  2   0  16488
324  16512  2   0  16512
325  16486  3   0  2  16484
326  16497  4   0  0  0  16497
327  16512  3   0  1  16511
328  16512  2   1  16511
329  16476  2   6405  10071
330  16044  3   0  1  16043
331  16422  3   0  1  16421
332  16382  2   0  16382
333  16510  3   0  7  16503
334  16506  2   0  16506
335  16457  4   0  0  0  16457
336  16364  2   1  16363
337  16510  4   0  0  2  16508
338  16508  2   3  16505
339  14424  2   5  14419
340  15321  3   0  0  15321
341  11484  2   3  11481
342  16457  3   0  2  16455
343  16287  3   0  2  16285
344  16488  2   0  16488
345  16507  4   0  0  0  16507
346  11462  2   1  11461
347  16454  2   1  16453
348  16240  2   0  16240
349  16500  2   0  16500
350  14008  2   1  14007
351  14984  3   0  6  14978
352  16432  2   0  16432
353  16500  3   1  0  16499
354  16512  3   0  0  16512
355  16282  2   0  16282
356  16414  4   0  0  0  16414
357  16420  3   0  0  16420
358  16128  2   1  16127
359  16484  2   0  16484
360  16512  2   0  16512
361  16301  3   0  0  16301
362  14270  2   0  14270
363  16512  2   0  16512
364  16322  2   0  16322
365  16512  3   1  1  16510
366  16492  2   3  16489
367  16452  2   0  16452
368  11016  2   0  11016
369  16418  2   1  16417
370  14732  2   0  14732
371  13448  3   0  0  13448
372  10952  3   0  0  10952
373  16462  2   0  16462
374  16256  3   0  4  16252
375  16470  2   0  16470
376  16396  3   0  1  16395
377  12862  3   0  0  12862
378  14860  2   49  14811
379  10723  3   0  0  10723
380  16342  2   0  16342
381  16206  2   0  16206
382  16372  2   0  16372
383  16512  3   0  0  16512
384  16434  2   5  16429
385  16412  2   0  16412
386  16368  2   1  16367
387  16512  2   0  16512
388  16512  3   0  0  16512
389  16112  2   1  16111
390  16452  3   0  0  16452
391  16512  2   0  16512
392  16412  2   0  16412
393  16426  2   0  16426
394  10120  3   0  0  10120
395  16200  2   9  16191
396  16422  3   0  6  16416
397  16022  3   1  0  16021
398  16416  3   0  0  16416
399  13706  2   0  13706
400  15928  2   1  15927
401  16397  3   1  0  16396
402  16512  3   0  0  16512
403  16492  3   10  0  16482
404  16104  2   0  16104
405  15914  3   2  1  15911
406  16492  3   0  0  16492
407  15864  2   2821  13043
408  16308  2   22  16286
409  16500  3   0  2  16498
410  16512  2   0  16512
411  16298  2   0  16298
412  15662  4   0  1  0  15661
413  16512  2   0  16512
414  16246  2   0  16246
415  15808  3   0  0  15808
416  16512  2   2  16510
417  16512  2   0  16512
418  16512  2   0  16512
419  16500  3   0  0  16500
420  15918  3   0  0  15918
421  16512  4   0  7  1  16504
422  16512  2   1  16511
423  16502  3   1  1  16500
424  14766  2   0  14766
425  16503  3   1  0  16502
426  16512  2   0  16512
427  16510  3   0  0  16510
428  16400  2   2  16398
429  15015  3   0  0  15015
430  16506  2   0  16506
431  16510  3   0  0  16510
432  16512  2   0  16512
433  9147  3   0  0  9147
434  16428  2   0  16428
435  9110  2   2  9108
436  16434  2   0  16434
437  15852  2   3062  12790
438  16512  3   0  0  16512
439  16506  2   0  16506
440  9114  2   1  9113
441  16000  3   0  0  16000
442  16066  2   0  16066
443  16225  4   0  0  1  16224
444  16505  4   0  0  0  16505
445  16508  2   0  16508
446  16112  2   2  16110
447  16482  3   0  220  16262
448  16500  2   0  16500
449  16506  2   0  16506
450  16380  2   0  16380
451  9054  2   0  9054
452  16258  2   1  16257
453  16500  3   4  0  16496
454  16486  4   0  0  0  16486
455  16380  2   1  16379
456  16510  2   0  16510
457  9042  3   0  0  9042
458  16511  3   0  0  16511
459  16480  2   0  16480
460  16506  2   0  16506
461  16512  4   0  2  4  16506
462  16509  3   0  0  16509
463  16505  3   0  8861  7644
464  16488  2   1  16487
465  16373  3   0  0  16373
466  16508  2   0  16508
467  16420  2   0  16420
468  16488  2   0  16488
469  16512  3   1  0  16511
470  9014  4   0  1  1  9012
471  16502  2   0  16502
472  16426  2   0  16426
473  16470  2   0  16470
474  9012  2   0  9012
475  16460  2   0  16460
476  16442  2   0  16442
477  16414  2   0  16414
478  16512  2   0  16512
479  16366  3   1  1  16364

