[loci]=316

[populations]=7

[pop]=1
1  10406  3   0  0  10406
2  10370  2   2  10368
3  10118  2   0  10118
4  9728  2   4  9724
5  10404  2   0  10404
6  9706  2   0  9706
7  10400  4   0  0  1  10399
8  10296  2   0  10296
9  10404  3   0  1  10403
10  10102  3   1  0  10101
11  10398  2   0  10398
12  8481  3   1  0  8480
13  9804  2   2  9802
14  10311  3   1  95  10215
15  10380  2   0  10380
16  10357  3   0  0  10357
17  10358  2   0  10358
18  10398  2   0  10398
19  8724  2   0  8724
20  10360  2   0  10360
21  9750  2   0  9750
22  10404  4   0  0  0  10404
23  10238  3   0  0  10238
24  10360  2   0  10360
25  10396  2   0  10396
26  9749  3   0  0  9749
27  10400  2   7863  2537
28  10338  2   2  10336
29  10340  3   0  0  10340
30  10404  2   0  10404
31  9750  2   0  9750
32  9754  2   0  9754
33  10398  3   0  0  10398
34  10059  3   3  0  10056
35  10406  3   0  0  10406
36  9174  2   0  9174
37  10400  2   1  10399
38  10406  3   0  0  10406
39  10396  3   1  0  10395
40  10406  2   2  10404
41  10406  3   0  0  10406
42  10050  2   0  10050
43  9800  2   0  9800
44  10404  2   0  10404
45  10048  2   0  10048
46  10404  2   0  10404
47  10406  2   0  10406
48  10406  2   3  10403
49  10048  3   0  1  10047
50  10404  3   0  0  10404
51  10174  2   0  10174
52  10406  3   0  0  10406
53  10404  2   0  10404
54  10159  4   0  0  9824  335
55  10406  3   0  11  10395
56  10406  3   0  0  10406
57  10398  3   1  0  10397
58  10400  2   0  10400
59  10378  2   2  10376
60  10406  2   0  10406
61  10406  2   0  10406
62  10406  2   81  10325
63  10390  2   0  10390
64  10396  2   0  10396
65  10387  3   0  3  10384
66  10389  3   0  0  10389
67  10400  3   0  0  10400
68  10383  3   1  0  10382
69  10352  2   0  10352
70  10401  3   1  0  10400
71  10406  2   0  10406
72  10402  2   0  10402
73  10402  5   0  0  4  0  10398
74  10292  2   0  10292
75  10406  2   0  10406
76  10406  3   5  5  10396
77  10402  2   0  10402
78  10400  2   0  10400
79  9796  2   0  9796
80  10402  2   0  10402
81  10402  2   1  10401
82  10406  4   0  0  1  10405
83  9782  2   1  9781
84  10402  2   1  10401
85  9806  2   0  9806
86  10402  3   0  0  10402
87  10402  2   0  10402
88  9802  2   1  9801
89  10406  3   0  0  10406
90  10400  2   0  10400
91  10329  3   0  2  10327
92  10402  3   0  0  10402
93  10336  2   7  10329
94  9769  3   0  27  9742
95  9766  2   3  9763
96  9762  5   0  1  0  0  9761
97  8109  3   0  0  8109
98  10216  2   0  10216
99  10218  3   0  0  10218
100  10406  2   506  9900
101  9688  3   0  0  9688
102  10192  3   0  0  10192
103  9738  2   0  9738
104  9622  2   2  9620
105  10406  3   0  0  10406
106  10364  2   0  10364
107  9724  2   0  9724
108  10402  2   0  10402
109  10404  2   0  10404
110  10370  2   0  10370
111  10377  3   0  0  10377
112  10228  2   0  10228
113  10382  3   1  0  10381
114  10406  2   3  10403
115  10404  2   2  10402
116  10401  3   0  1  10400
117  10363  4   0  0  0  10363
118  9661  3   0  3  9658
119  9638  2   0  9638
120  10354  3   1  0  10353
121  8892  2   1  8891
122  9633  3   0  63  9570
123  10398  3   0  0  10398
124  10260  3   0  0  10260
125  10260  2   0  10260
126  10406  2   0  10406
127  9634  2   0  9634
128  10096  2   0  10096
129  9716  2   0  9716
130  10278  2   1016  9262
131  9674  2   0  9674
132  10318  2   0  10318
133  10298  2   0  10298
134  9716  2   0  9716
135  10137  3   0  88  10049
136  9722  2   2  9720
137  10406  2   0  10406
138  9822  2   0  9822
139  10406  2   3  10403
140  9726  2   11  9715
141  9849  3   0  41  9808
142  10406  3   0  0  10406
143  9732  2   0  9732
144  10374  2   20  10354
145  10384  2   2  10382
146  10406  2   0  10406
147  10406  2   1  10405
148  9895  4   3  0  7  9885
149  10218  2   43  10175
150  9743  3   0  0  9743
151  10010  2   0  10010
152  9764  2   0  9764
153  10022  2   0  10022
154  10351  3   1  0  10350
155  10036  2   3  10033
156  10394  3   0  0  10394
157  10069  3   0  0  10069
158  10406  2   21  10385
159  10402  2   4  10398
160  10086  2   4  10082
161  9746  2   0  9746
162  10402  4   0  0  0  10402
163  9747  3   0  0  9747
164  10406  3   0  905  9501
165  10406  2   5264  5142
166  10248  2   0  10248
167  9748  2   0  9748
168  10406  3   0  1  10405
169  10402  3   0  1  10401
170  10404  2   1  10403
171  10110  2   6  10104
172  10406  3   0  0  10406
173  10402  2   5  10397
174  10406  2   0  10406
175  10404  2   0  10404
176  9746  2   7  9739
177  10392  3   0  0  10392
178  10402  2   0  10402
179  10404  3   8  0  10396
180  10277  4   1  0  0  10276
181  9746  2   0  9746
182  10394  3   0  0  10394
183  10402  3   0  0  10402
184  10160  3   0  0  10160
185  10281  3   0  0  10281
186  10406  2   24  10382
187  10406  2   0  10406
188  10390  3   0  0  10390
189  10392  4   0  0  0  10392
190  10174  3   0  0  10174
191  9747  4   1  0  0  9746
192  10404  2   0  10404
193  10400  2   569  9831
194  10403  4   0  3  22  10378
195  10396  2   1  10395
196  10406  2   0  10406
197  9896  2   0  9896
198  10390  2   0  10390
199  9920  2   0  9920
200  10404  3   0  0  10404
201  10404  4   0  0  0  10404
202  10400  4   0  0  0  10400
203  10402  3   0  0  10402
204  10406  2   0  10406
205  10210  3   0  0  10210
206  10276  5   0  0  0  0  10276
207  10404  2   6  10398
208  10398  2   0  10398
209  10396  2   1  10395
210  10400  2   0  10400
211  10402  2   0  10402
212  10400  3   0  0  10400
213  10382  3   3  0  10379
214  10038  2   0  10038
215  10402  3   0  0  10402
216  10372  2   0  10372
217  10302  2   74  10228
218  10356  2   0  10356
219  10168  2   0  10168
220  10400  2   0  10400
221  10282  2   0  10282
222  9716  2   1  9715
223  10206  3   0  0  10206
224  10401  3   0  0  10401
225  10246  2   0  10246
226  10341  3   0  0  10341
227  10122  2   0  10122
228  10178  2   0  10178
229  10324  2   0  10324
230  10402  2   1  10401
231  10402  3   0  0  10402
232  10237  4   0  1  0  10236
233  9602  2   411  9191
234  10060  4   0  0  0  10060
235  5318  2   13  5305
236  10234  2   10  10224
237  10296  2   0  10296
238  10296  2   0  10296
239  10402  2   4  10398
240  10340  3   2  0  10338
241  10162  2   0  10162
242  10318  2   0  10318
243  10358  2   1  10357
244  10145  3   0  0  10145
245  10404  2   0  10404
246  10364  2   0  10364
247  10325  3   0  0  10325
248  10372  2   0  10372
249  9942  2   0  9942
250  10406  2   0  10406
251  4717  3   0  0  4717
252  9888  2   0  9888
253  10406  3   0  0  10406
254  9276  2   0  9276
255  10354  2   1  10353
256  4602  2   2  4600
257  9736  5   0  0  0  0  9736
258  10344  3   0  0  10344
259  10406  2   0  10406
260  9422  2   3  9419
261  10398  3   1  0  10397
262  10406  4   0  3  0  10403
263  10356  2   0  10356
264  10398  2   0  10398
265  10406  2   0  10406
266  9850  3   0  0  9850
267  4042  2   6  4036
268  10358  3   0  0  10358
269  10398  3   0  0  10398
270  10388  2   2  10386
271  10406  3   0  1  10405
272  10353  3   0  0  10353
273  10362  3   0  0  10362
274  10358  4   0  0  0  10358
275  10406  3   0  0  10406
276  8256  2   0  8256
277  10374  2   0  10374
278  10404  2   0  10404
279  10406  4   0  0  0  10406
280  10384  2   2  10382
281  10404  3   0  0  10404
282  8053  3   0  0  8053
283  10238  5   0  0  1  0  10237
284  10404  2   0  10404
285  9708  2   1  9707
286  9716  2   0  9716
287  10326  2   20  10306
288  10404  3   301  0  10103
289  10400  3   0  0  10400
290  10330  2   1  10329
291  10404  2   0  10404
292  7788  2   0  7788
293  10394  2   0  10394
294  10382  3   0  0  10382
295  10400  3   0  1  10399
296  7686  2   0  7686
297  10394  3   0  0  10394
298  10332  3   0  1  10331
299  10377  3   0  2  10375
300  10400  2   1  10399
301  10390  2   2  10388
302  10402  2   0  10402
303  10402  3   0  0  10402
304  10396  3   0  0  10396
305  10403  3   0  0  10403
306  10404  2   0  10404
307  10304  2   16  10288
308  10318  3   0  0  10318
309  10388  2   4  10384
310  10354  2   0  10354
311  10403  3   0  2  10401
312  10396  2   0  10396
313  10404  5   1  42  0  0  10361
314  4204  2   0  4204
315  10394  2   0  10394
316  3728  2   0  3728

[pop]=2
1  11572  3   0  0  11572
2  11516  2   1  11515
3  11502  2   0  11502
4  11540  2   2  11538
5  11574  2   0  11574
6  10996  2   0  10996
7  11578  4   0  1  0  11577
8  11506  2   0  11506
9  11574  3   0  0  11574
10  11504  3   0  2  11502
11  11572  2   0  11572
12  7869  3   0  0  7869
13  11556  2   1  11555
14  11529  3   0  293  11236
15  11526  2   20  11506
16  11564  3   0  0  11564
17  11564  2   0  11564
18  11576  2   0  11576
19  8310  2   12  8298
20  11564  2   0  11564
21  11548  2   0  11548
22  11572  4   3  0  0  11569
23  11431  3   1  0  11430
24  11566  2   0  11566
25  11576  2   0  11576
26  11548  3   0  0  11548
27  11564  2   3180  8384
28  11540  2   0  11540
29  11543  3   0  0  11543
30  11574  2   0  11574
31  11552  2   0  11552
32  11550  2   0  11550
33  11574  3   0  0  11574
34  11488  3   1  1  11486
35  11578  3   0  0  11578
36  9162  2   0  9162
37  11576  2   0  11576
38  11578  3   0  0  11578
39  11578  3   0  0  11578
40  11578  2   0  11578
41  11574  3   0  0  11574
42  11484  2   0  11484
43  11562  2   0  11562
44  11576  2   0  11576
45  11484  2   0  11484
46  11574  2   0  11574
47  11574  2   0  11574
48  11578  2   0  11578
49  11482  3   0  0  11482
50  11576  3   0  0  11576
51  11194  2   0  11194
52  11578  3   0  0  11578
53  11578  2   0  11578
54  11513  4   0  4  10181  1328
55  11578  3   0  0  11578
56  11578  3   0  0  11578
57  11578  3   0  2  11576
58  11578  2   0  11578
59  11514  2   0  11514
60  11578  2   0  11578
61  11576  2   0  11576
62  11578  2   202  11376
63  11576  2   0  11576
64  11536  2   0  11536
65  11576  3   0  0  11576
66  11576  3   0  0  11576
67  11576  3   0  0  11576
68  11578  3   0  0  11578
69  11572  2   2  11570
70  11549  3   0  0  11549
71  11578  2   3  11575
72  11572  2   3  11569
73  11576  5   0  0  0  0  11576
74  11518  2   0  11518
75  11576  2   3  11573
76  11575  3   0  0  11575
77  11576  2   1  11575
78  11542  2   0  11542
79  11558  2   0  11558
80  11566  2   0  11566
81  11576  2   2  11574
82  11578  4   0  0  0  11578
83  11566  2   0  11566
84  11566  2   1  11565
85  11234  2   0  11234
86  11568  3   1  1  11566
87  11576  2   2  11574
88  11238  2   0  11238
89  11578  3   0  0  11578
90  11534  2   0  11534
91  11544  3   0  0  11544
92  11571  3   0  0  11571
93  11540  2   0  11540
94  11558  3   0  2  11556
95  11560  2   0  11560
96  11558  5   0  0  1  0  11557
97  8720  3   1  0  8719
98  11566  2   4  11562
99  11566  3   0  0  11566
100  11558  2   2268  9290
101  11127  3   0  0  11127
102  11512  3   0  0  11512
103  11552  2   1  11551
104  11070  2   1  11069
105  11575  3   0  3  11572
106  11560  2   0  11560
107  11546  2   0  11546
108  11576  2   0  11576
109  11576  2   0  11576
110  11566  2   0  11566
111  11576  3   0  0  11576
112  11512  2   1  11511
113  11578  3   0  0  11578
114  11574  2   0  11574
115  11570  2   0  11570
116  11569  3   0  0  11569
117  11557  4   0  0  0  11557
118  11531  3   0  2  11529
119  11520  2   0  11520
120  11556  3   0  4  11552
121  10356  2   0  10356
122  11521  3   0  3  11518
123  11578  3   0  0  11578
124  11516  3   3  1  11512
125  11516  2   0  11516
126  11578  2   3  11575
127  10624  2   0  10624
128  11496  2   0  11496
129  11534  2   0  11534
130  11344  2   49  11295
131  10686  2   0  10686
132  11556  2   0  11556
133  11380  2   1  11379
134  10800  2   9  10791
135  11503  3   0  0  11503
136  11532  2   1  11531
137  11578  2   0  11578
138  11030  2   0  11030
139  11570  2   1  11569
140  11532  2   1  11531
141  11077  3   1  57  11019
142  11572  3   0  0  11572
143  11536  2   1  11535
144  11560  2   0  11560
145  11498  2   0  11498
146  11578  2   1  11577
147  11578  2   0  11578
148  11159  4   0  0  2  11157
149  11516  2   2  11514
150  11538  3   1  0  11537
151  11270  2   0  11270
152  11554  2   0  11554
153  11318  2   0  11318
154  11477  3   0  0  11477
155  11320  2   1  11319
156  11564  3   0  0  11564
157  11347  3   3  0  11344
158  11578  2   0  11578
159  11566  2   0  11566
160  11362  2   0  11362
161  11542  2   0  11542
162  11565  4   1  0  0  11564
163  11541  3   0  1  11540
164  11577  3   1  944  10632
165  11578  2   4897  6681
166  11524  2   0  11524
167  11540  2   0  11540
168  11578  3   0  0  11578
169  11568  3   0  0  11568
170  11578  2   0  11578
171  11386  2   7  11379
172  11571  3   1  0  11570
173  11568  2   3  11565
174  11578  2   0  11578
175  11578  2   0  11578
176  11540  2   0  11540
177  11568  3   5  14  11549
178  11568  2   3  11565
179  11578  3   0  0  11578
180  11528  4   0  0  1  11527
181  11540  2   0  11540
182  11568  3   0  0  11568
183  11568  3   0  0  11568
184  11421  3   0  0  11421
185  11527  3   0  0  11527
186  11570  2   52  11518
187  11572  2   0  11572
188  11564  3   0  0  11564
189  11546  4   9  0  1  11536
190  11432  3   11  0  11421
191  11541  4   0  2  0  11539
192  11578  2   0  11578
193  11558  2   19  11539
194  11578  4   0  48  0  11530
195  11546  2   6  11540
196  11578  2   0  11578
197  11330  2   0  11330
198  11562  2   0  11562
199  11350  2   0  11350
200  11570  3   0  0  11570
201  11578  4   0  0  0  11578
202  11550  4   0  0  0  11550
203  11560  3   0  0  11560
204  11568  2   0  11568
205  11506  3   0  0  11506
206  11558  5   1  1  0  0  11556
207  11570  2   1  11569
208  11568  2   0  11568
209  11568  2   0  11568
210  11558  2   0  11558
211  11572  2   0  11572
212  11557  3   0  0  11557
213  11553  3   0  0  11553
214  11510  2   1  11509
215  11572  3   0  0  11572
216  11544  2   0  11544
217  11416  2   6  11410
218  11544  2   1  11543
219  11516  2   0  11516
220  11568  2   0  11568
221  11372  2   0  11372
222  11498  2   0  11498
223  11520  3   0  1  11519
224  11572  3   0  0  11572
225  11522  2   1  11521
226  11550  3   0  0  11550
227  11312  2   0  11312
228  11384  2   1  11383
229  11540  2   3  11537
230  11572  2   0  11572
231  11572  3   2  0  11570
232  11454  4   1  23  0  11430
233  11402  2   21  11381
234  11334  4   0  0  3  11331
235  3378  2   1  3377
236  11448  2   0  11448
237  11536  2   0  11536
238  11532  2   1  11531
239  11572  2   0  11572
240  11515  3   0  0  11515
241  11398  2   0  11398
242  11544  2   0  11544
243  11534  2   0  11534
244  11390  3   0  0  11390
245  11578  2   0  11578
246  11532  2   0  11532
247  11547  3   0  1  11546
248  11544  2   0  11544
249  11226  2   0  11226
250  11576  2   0  11576
251  2595  3   0  0  2595
252  11202  2   0  11202
253  11576  3   1  0  11575
254  11232  2   80  11152
255  11552  2   0  11552
256  2432  2   1  2431
257  11076  5   0  0  0  0  11076
258  11546  3   0  0  11546
259  11578  2   0  11578
260  10828  2   0  10828
261  11570  3   0  1  11569
262  11576  4   0  0  0  11576
263  11552  2   0  11552
264  11578  2   0  11578
265  11576  2   0  11576
266  11508  3   0  0  11508
267  1692  2   0  1692
268  11558  3   0  0  11558
269  11572  3   0  0  11572
270  11554  2   0  11554
271  11578  3   0  0  11578
272  11515  3   0  1  11514
273  11536  3   0  1  11535
274  11549  4   0  0  0  11549
275  11576  3   2  4  11570
276  11126  2   0  11126
277  11560  2   0  11560
278  11576  2   0  11576
279  11578  4   0  0  0  11578
280  11548  2   0  11548
281  11576  3   0  0  11576
282  11076  3   0  0  11076
283  11368  5   1  0  1  0  11366
284  11574  2   0  11574
285  11512  2   1  11511
286  11520  2   2  11518
287  11510  2   27  11483
288  11574  3   18  0  11556
289  11560  3   0  0  11560
290  11508  2   0  11508
291  11578  2   0  11578
292  11004  2   0  11004
293  11566  2   0  11566
294  11568  3   0  0  11568
295  11564  3   0  0  11564
296  10970  2   0  10970
297  11568  3   0  0  11568
298  11508  3   0  0  11508
299  11568  3   0  0  11568
300  11564  2   0  11564
301  11572  2   3  11569
302  11566  2   0  11566
303  11572  3   0  0  11572
304  11572  3   0  0  11572
305  11572  3   0  0  11572
306  11572  2   0  11572
307  11444  2   1  11443
308  11558  3   0  0  11558
309  11574  2   23  11551
310  11486  2   0  11486
311  11575  3   0  0  11575
312  11576  2   0  11576
313  11576  5   0  2  0  0  11574
314  6166  2   0  6166
315  11574  2   0  11574
316  5114  2   1  5113

[pop]=3
1  8654  3   0  0  8654
2  8572  2   0  8572
3  8606  2   0  8606
4  8610  2   0  8610
5  8654  2   0  8654
6  8214  2   0  8214
7  8644  4   0  0  0  8644
8  8596  2   3  8593
9  8654  3   0  0  8654
10  8602  3   0  0  8602
11  8652  2   0  8652
12  7035  3   0  0  7035
13  8624  2   0  8624
14  8610  3   0  0  8610
15  8592  2   0  8592
16  8642  3   0  0  8642
17  8642  2   0  8642
18  8646  2   0  8646
19  7226  2   0  7226
20  8646  2   0  8646
21  8618  2   0  8618
22  8654  4   0  0  0  8654
23  8518  3   0  1  8517
24  8648  2   0  8648
25  8648  2   0  8648
26  8618  3   0  0  8618
27  8610  2   3456  5154
28  8626  2   0  8626
29  8628  3   0  0  8628
30  8654  2   0  8654
31  8618  2   0  8618
32  8620  2   0  8620
33  8654  3   0  0  8654
34  8596  3   0  1  8595
35  8654  3   0  0  8654
36  7578  2   0  7578
37  8654  2   0  8654
38  8654  3   0  0  8654
39  8648  3   0  0  8648
40  8654  2   0  8654
41  8654  3   0  0  8654
42  8590  2   0  8590
43  8626  2   0  8626
44  8654  2   1  8653
45  8588  2   2  8586
46  8646  2   0  8646
47  8654  2   0  8654
48  8654  2   1  8653
49  8588  3   0  0  8588
50  8654  3   1  0  8653
51  8462  2   0  8462
52  8654  3   0  0  8654
53  8654  2   0  8654
54  8598  4   5  1  5775  2817
55  8654  3   1  0  8653
56  8654  3   0  0  8654
57  8649  3   0  0  8649
58  8650  2   2  8648
59  8640  2   2  8638
60  8654  2   0  8654
61  8654  2   1  8653
62  8654  2   11  8643
63  8648  2   0  8648
64  8650  2   0  8650
65  8646  3   1  0  8645
66  8644  3   0  0  8644
67  8652  3   0  0  8652
68  8644  3   0  1  8643
69  8640  2   0  8640
70  8652  3   0  0  8652
71  8654  2   0  8654
72  8654  2   0  8654
73  8652  5   0  0  0  0  8652
74  8622  2   2  8620
75  8654  2   0  8654
76  8653  3   0  0  8653
77  8652  2   0  8652
78  8598  2   0  8598
79  8622  2   0  8622
80  8652  2   0  8652
81  8652  2   0  8652
82  8654  4   0  0  0  8654
83  8620  2   0  8620
84  8654  2   0  8654
85  8502  2   0  8502
86  8651  3   0  0  8651
87  8654  2   0  8654
88  8502  2   1  8501
89  8654  3   0  0  8654
90  8596  2   0  8596
91  8637  3   1  0  8636
92  8654  3   0  0  8654
93  8636  2   0  8636
94  8618  3   0  0  8618
95  8612  2   0  8612
96  8612  5   0  0  0  0  8612
97  7065  3   0  0  7065
98  8622  2   0  8622
99  8624  3   0  0  8624
100  8652  2   84  8568
101  8498  3   0  0  8498
102  8614  3   0  0  8614
103  8610  2   0  8610
104  8480  2   0  8480
105  8653  3   0  3  8650
106  8652  2   0  8652
107  8608  2   0  8608
108  8654  2   0  8654
109  8652  2   0  8652
110  8652  2   0  8652
111  8652  3   0  0  8652
112  8622  2   0  8622
113  8652  3   0  1  8651
114  8654  2   0  8654
115  8652  2   0  8652
116  8651  3   0  0  8651
117  8650  4   0  0  0  8650
118  8601  3   4  4  8593
119  8596  2   2  8594
120  8650  3   0  0  8650
121  7884  2   0  7884
122  8594  3   0  0  8594
123  8654  3   1  1  8652
124  8628  3   0  0  8628
125  8628  2   0  8628
126  8654  2   0  8654
127  7964  2   2  7962
128  8602  2   0  8602
129  8610  2   0  8610
130  8474  2   0  8474
131  8030  2   0  8030
132  8646  2   1  8645
133  8526  2   0  8526
134  8102  2   0  8102
135  8606  3   0  0  8606
136  8612  2   0  8612
137  8654  2   6  8648
138  8270  2   0  8270
139  8654  2   1  8653
140  8612  2   0  8612
141  8305  3   4  0  8301
142  8654  3   0  0  8654
143  8612  2   0  8612
144  8648  2   0  8648
145  8626  2   0  8626
146  8654  2   0  8654
147  8654  2   2  8652
148  8329  4   0  0  0  8329
149  8618  2   0  8618
150  8612  3   0  0  8612
151  8418  2   0  8418
152  8622  2   9  8613
153  8432  2   0  8432
154  8581  3   0  9  8572
155  8432  2   0  8432
156  8650  3   0  0  8650
157  8454  3   0  0  8454
158  8654  2   0  8654
159  8648  2   0  8648
160  8468  2   0  8468
161  8612  2   0  8612
162  8649  4   0  0  0  8649
163  8612  3   0  0  8612
164  8653  3   0  1550  7103
165  8646  2   1975  6671
166  8626  2   3  8623
167  8612  2   0  8612
168  8654  3   0  0  8654
169  8648  3   0  0  8648
170  8654  2   0  8654
171  8488  2   0  8488
172  8654  3   0  0  8654
173  8648  2   0  8648
174  8654  2   0  8654
175  8654  2   0  8654
176  8612  2   0  8612
177  8652  3   0  0  8652
178  8650  2   0  8650
179  8654  3   0  1  8653
180  8632  4   1  0  0  8631
181  8612  2   2  8610
182  8652  3   0  0  8652
183  8649  3   0  0  8649
184  8534  3   1  0  8533
185  8632  3   1  0  8631
186  8654  2   0  8654
187  8654  2   3  8651
188  8652  3   0  0  8652
189  8612  4   0  1  0  8611
190  8536  3   1  0  8535
191  8612  4   0  1  2  8609
192  8652  2   0  8652
193  8618  2   0  8618
194  8652  4   0  0  0  8652
195  8650  2   0  8650
196  8654  2   2  8652
197  8588  2   0  8588
198  8652  2   0  8652
199  8584  2   0  8584
200  8652  3   0  0  8652
201  8652  4   0  0  1  8651
202  8649  4   0  0  0  8649
203  8622  3   0  0  8622
204  8654  2   2  8652
205  8626  3   0  0  8626
206  8646  5   0  0  0  0  8646
207  8652  2   0  8652
208  8652  2   0  8652
209  8652  2   2  8650
210  8650  2   0  8650
211  8648  2   5  8643
212  8651  3   0  0  8651
213  8652  3   0  0  8652
214  8628  2   0  8628
215  8648  3   1  0  8647
216  8648  2   0  8648
217  8606  2   0  8606
218  8648  2   0  8648
219  8632  2   0  8632
220  8652  2   0  8652
221  8596  2   2  8594
222  8588  2   0  8588
223  8632  3   0  0  8632
224  8654  3   0  0  8654
225  8632  2   0  8632
226  8641  3   0  1  8640
227  8476  2   0  8476
228  8526  2   1  8525
229  8636  2   0  8636
230  8654  2   0  8654
231  8654  3   0  0  8654
232  8583  4   0  0  0  8583
233  8562  2   0  8562
234  8537  4   0  0  0  8537
235  4754  2   1  4753
236  8628  2   0  8628
237  8632  2   0  8632
238  8630  2   3  8627
239  8654  2   0  8654
240  8637  3   0  0  8637
241  8614  2   0  8614
242  8638  2   0  8638
243  8640  2   0  8640
244  8613  3   0  2  8611
245  8646  2   0  8646
246  8638  2   0  8638
247  8640  3   0  0  8640
248  8644  2   0  8644
249  8538  2   0  8538
250  8654  2   0  8654
251  4114  3   0  0  4114
252  8506  2   0  8506
253  8654  3   0  0  8654
254  8504  2   0  8504
255  8650  2   0  8650
256  3962  2   0  3962
257  8434  5   2  0  0  2  8430
258  8638  3   0  0  8638
259  8650  2   0  8650
260  8196  2   0  8196
261  8644  3   0  0  8644
262  8654  4   1  0  0  8653
263  8646  2   3  8643
264  8632  2   0  8632
265  8654  2   0  8654
266  8641  3   0  2  8639
267  3204  2   0  3204
268  8644  3   0  0  8644
269  8646  3   0  0  8646
270  8648  2   0  8648
271  8654  3   0  0  8654
272  8648  3   0  0  8648
273  8650  3   0  0  8650
274  8644  4   0  0  0  8644
275  8654  3   0  0  8654
276  8226  2   0  8226
277  8642  2   0  8642
278  8644  2   4  8640
279  8654  4   0  0  0  8654
280  8650  2   0  8650
281  8654  3   1  3  8650
282  8201  3   0  0  8201
283  8484  5   0  0  0  0  8484
284  8654  2   0  8654
285  8598  2   0  8598
286  8600  2   4  8596
287  8594  2   0  8594
288  8654  3   0  0  8654
289  8652  3   0  1  8651
290  8596  2   0  8596
291  8646  2   0  8646
292  8158  2   0  8158
293  8650  2   0  8650
294  8648  3   2  0  8646
295  8654  3   0  0  8654
296  8134  2   0  8134
297  8650  3   0  0  8650
298  8595  3   0  0  8595
299  8646  3   0  1  8645
300  8654  2   1  8653
301  8648  2   1  8647
302  8634  2   2  8632
303  8654  3   0  0  8654
304  8650  3   0  0  8650
305  8642  3   0  1  8641
306  8654  2   0  8654
307  8588  2   0  8588
308  8650  3   1  0  8649
309  8650  2   0  8650
310  8588  2   2  8586
311  8647  3   9  0  8638
312  8652  2   0  8652
313  8648  5   0  0  0  0  8648
314  5140  2   0  5140
315  8654  2   0  8654
316  4472  2   0  4472

[pop]=4
1  6614  3   0  0  6614
2  6596  2   0  6596
3  6612  2   0  6612
4  6612  2   0  6612
5  6614  2   0  6614
6  6490  2   0  6490
7  6614  4   0  0  0  6614
8  6614  2   0  6614
9  6614  3   0  0  6614
10  6612  3   0  0  6612
11  6614  2   0  6614
12  3948  3   0  0  3948
13  6614  2   0  6614
14  6614  3   0  317  6297
15  6598  2   0  6598
16  6614  3   0  0  6614
17  6614  2   0  6614
18  6614  2   0  6614
19  4216  2   0  4216
20  6614  2   6  6608
21  6614  2   0  6614
22  6614  4   0  0  0  6614
23  6586  3   0  0  6586
24  6614  2   0  6614
25  6614  2   0  6614
26  6614  3   0  0  6614
27  6612  2   2686  3926
28  6614  2   0  6614
29  6614  3   0  0  6614
30  6614  2   0  6614
31  6614  2   0  6614
32  6614  2   0  6614
33  6614  3   0  0  6614
34  6612  3   0  0  6612
35  6614  3   0  0  6614
36  4888  2   1  4887
37  6614  2   0  6614
38  6614  3   0  0  6614
39  6614  3   0  1  6613
40  6614  2   0  6614
41  6614  3   0  0  6614
42  6612  2   0  6612
43  6614  2   0  6614
44  6614  2   0  6614
45  6612  2   0  6612
46  6612  2   0  6612
47  6614  2   0  6614
48  6614  2   0  6614
49  6612  3   0  0  6612
50  6614  3   0  0  6614
51  6388  2   0  6388
52  6614  3   0  0  6614
53  6614  2   0  6614
54  6610  4   0  1  4975  1634
55  6614  3   0  0  6614
56  6614  3   0  0  6614
57  6613  3   0  0  6613
58  6612  2   0  6612
59  6536  2   0  6536
60  6614  2   0  6614
61  6614  2   0  6614
62  6614  2   180  6434
63  6614  2   0  6614
64  6542  2   0  6542
65  6614  3   0  0  6614
66  6614  3   0  0  6614
67  6614  3   0  0  6614
68  6614  3   0  0  6614
69  6612  2   0  6612
70  6556  3   0  0  6556
71  6614  2   0  6614
72  6614  2   0  6614
73  6614  5   0  0  0  0  6614
74  6592  2   0  6592
75  6614  2   0  6614
76  6614  3   0  0  6614
77  6614  2   0  6614
78  6594  2   0  6594
79  6606  2   0  6606
80  6578  2   0  6578
81  6614  2   0  6614
82  6614  4   0  0  0  6614
83  6614  2   0  6614
84  6584  2   0  6584
85  6478  2   0  6478
86  6612  3   0  0  6612
87  6612  2   0  6612
88  6484  2   0  6484
89  6614  3   0  0  6614
90  6588  2   0  6588
91  6590  3   0  0  6590
92  6596  3   0  0  6596
93  6586  2   0  6586
94  6614  3   0  0  6614
95  6614  2   0  6614
96  6613  5   0  0  0  0  6613
97  5415  3   0  0  5415
98  6612  2   0  6612
99  6612  3   0  0  6612
100  6596  2   1508  5088
101  6458  3   0  0  6458
102  6612  3   0  0  6612
103  6614  2   0  6614
104  6442  2   0  6442
105  6614  3   0  0  6614
106  6574  2   0  6574
107  6608  2   0  6608
108  6610  2   0  6610
109  6614  2   0  6614
110  6574  2   0  6574
111  6612  3   0  0  6612
112  6612  2   0  6612
113  6613  3   0  0  6613
114  6614  2   0  6614
115  6612  2   1  6611
116  6612  3   0  0  6612
117  6566  4   0  0  0  6566
118  6581  3   0  0  6581
119  6558  2   0  6558
120  6563  3   0  0  6563
121  6018  2   1  6017
122  6548  3   0  1  6547
123  6614  3   0  0  6614
124  6612  3   0  0  6612
125  6612  2   0  6612
126  6614  2   0  6614
127  5816  2   0  5816
128  6612  2   0  6612
129  6586  2   0  6586
130  6570  2   0  6570
131  5846  2   0  5846
132  6590  2   0  6590
133  6582  2   0  6582
134  5892  2   0  5892
135  6612  3   0  0  6612
136  6598  2   0  6598
137  6614  2   0  6614
138  5996  2   0  5996
139  6614  2   43  6571
140  6602  2   0  6602
141  6042  3   0  187  5855
142  6614  3   0  0  6614
143  6600  2   0  6600
144  6596  2   0  6596
145  6602  2   0  6602
146  6614  2   0  6614
147  6614  2   0  6614
148  6108  4   0  0  0  6108
149  6612  2   0  6612
150  6602  3   0  0  6602
151  6170  2   0  6170
152  6612  2   0  6612
153  6190  2   0  6190
154  6579  3   0  0  6579
155  6190  2   0  6190
156  6604  3   0  0  6604
157  6225  3   0  0  6225
158  6614  2   0  6614
159  6612  2   0  6612
160  6260  2   0  6260
161  6600  2   0  6600
162  6612  4   0  0  0  6612
163  6599  3   0  0  6599
164  6614  3   0  1651  4963
165  6610  2   1640  4970
166  6612  2   0  6612
167  6602  2   0  6602
168  6614  3   0  0  6614
169  6614  3   0  0  6614
170  6614  2   0  6614
171  6306  2   2  6304
172  6614  3   0  0  6614
173  6614  2   0  6614
174  6614  2   0  6614
175  6614  2   0  6614
176  6602  2   8  6594
177  6606  3   2  0  6604
178  6614  2   0  6614
179  6614  3   0  0  6614
180  6614  4   0  0  0  6614
181  6602  2   0  6602
182  6604  3   0  0  6604
183  6614  3   0  0  6614
184  6378  3   0  0  6378
185  6614  3   0  0  6614
186  6614  2   41  6573
187  6614  2   0  6614
188  6604  3   0  0  6604
189  6606  4   0  0  0  6606
190  6395  3   0  0  6395
191  6601  4   0  0  0  6601
192  6614  2   0  6614
193  6610  2   0  6610
194  6614  4   0  9  0  6605
195  6548  2   0  6548
196  6614  2   0  6614
197  6492  2   0  6492
198  6604  2   0  6604
199  6496  2   0  6496
200  6614  3   0  0  6614
201  6614  4   0  0  0  6614
202  6554  4   0  0  0  6554
203  6612  3   1  0  6611
204  6612  2   0  6612
205  6610  3   0  0  6610
206  6613  5   0  0  0  0  6613
207  6614  2   0  6614
208  6612  2   0  6612
209  6612  2   0  6612
210  6554  2   0  6554
211  6614  2   0  6614
212  6555  3   0  0  6555
213  6587  3   0  13  6574
214  6610  2   0  6610
215  6614  3   0  0  6614
216  6578  2   5  6573
217  6402  2   0  6402
218  6568  2   0  6568
219  6610  2   0  6610
220  6614  2   0  6614
221  6384  2   0  6384
222  6578  2   1  6577
223  6610  3   0  0  6610
224  6614  3   0  0  6614
225  6612  2   0  6612
226  6610  3   0  0  6610
227  6440  2   0  6440
228  6480  2   0  6480
229  6608  2   0  6608
230  6614  2   0  6614
231  6614  3   0  0  6614
232  6515  4   0  0  0  6515
233  6556  2   0  6556
234  6529  4   1  0  0  6528
235  1876  2   0  1876
236  6454  2   0  6454
237  6614  2   0  6614
238  6614  2   0  6614
239  6614  2   0  6614
240  6562  3   0  0  6562
241  6368  2   0  6368
242  6614  2   0  6614
243  6576  2   0  6576
244  6348  3   0  0  6348
245  6610  2   0  6610
246  6576  2   0  6576
247  6614  3   0  1  6613
248  6582  2   0  6582
249  6144  2   0  6144
250  6614  2   0  6614
251  1231  3   0  0  1231
252  6078  2   0  6078
253  6614  3   0  1  6613
254  6444  2   0  6444
255  6606  2   0  6606
256  1142  2   0  1142
257  5934  5   0  1  0  0  5933
258  6614  3   0  0  6614
259  6614  2   0  6614
260  5674  2   0  5674
261  6612  3   0  0  6612
262  6614  4   0  0  0  6614
263  6614  2   0  6614
264  6610  2   0  6610
265  6614  2   0  6614
266  6612  3   0  0  6612
267  738  2   0  738
268  6614  3   0  0  6614
269  6612  3   0  0  6612
270  6592  2   0  6592
271  6614  3   0  0  6614
272  6543  3   0  0  6543
273  6549  3   0  0  6549
274  6500  4   0  0  0  6500
275  6614  3   0  0  6614
276  6250  2   0  6250
277  6614  2   0  6614
278  6614  2   0  6614
279  6614  4   0  0  0  6614
280  6576  2   0  6576
281  6614  3   0  0  6614
282  6189  3   0  0  6189
283  6498  5   0  0  0  0  6498
284  6614  2   0  6614
285  6532  2   0  6532
286  6532  2   11  6521
287  6580  2   0  6580
288  6614  3   0  0  6614
289  6592  3   0  0  6592
290  6582  2   0  6582
291  6614  2   0  6614
292  6030  2   0  6030
293  6568  2   1  6567
294  6614  3   0  0  6614
295  6596  3   0  0  6596
296  5968  2   0  5968
297  6568  3   0  0  6568
298  6578  3   0  0  6578
299  6614  3   0  1  6613
300  6596  2   0  6596
301  6614  2   1  6613
302  6610  2   0  6610
303  6608  3   0  0  6608
304  6592  3   0  0  6592
305  6610  3   0  0  6610
306  6610  2   0  6610
307  6582  2   0  6582
308  6614  3   0  0  6614
309  6614  2   0  6614
310  6586  2   0  6586
311  6610  3   0  0  6610
312  6614  2   0  6614
313  6612  5   0  0  0  0  6612
314  2356  2   0  2356
315  6614  2   0  6614
316  1974  2   0  1974

[pop]=5
1  66736  3   1  1  66734
2  66524  2   0  66524
3  66056  2   2  66054
4  66276  2   4  66272
5  66734  2   4  66730
6  62442  2   0  62442
7  66620  4   1  0  0  66619
8  64868  2   0  64868
9  66733  3   1  0  66732
10  66031  3   0  0  66031
11  66722  2   2  66720
12  55712  3   0  2  55710
13  66556  2   0  66556
14  65221  3   0  3939  61282
15  66614  2   3  66611
16  66682  3   0  2  66680
17  66684  2   9  66675
18  66642  2   0  66642
19  57260  2   0  57260
20  66684  2   0  66684
21  66400  2   3  66397
22  66730  4   0  2  0  66728
23  65806  3   0  6  65800
24  66688  2   3  66685
25  66642  2   2  66640
26  66407  3   2  1  66404
27  66690  2   21951  44739
28  65622  2   0  65622
29  65692  3   2  1  65689
30  66734  2   4  66730
31  66422  2   1  66421
32  66436  2   3  66433
33  66717  3   1  4  66712
34  65905  3   3  0  65902
35  66739  3   1  1  66737
36  59936  2   2  59934
37  66726  2   18  66708
38  66740  3   2  0  66738
39  66654  3   1  27  66626
40  66740  2   8  66732
41  66734  3   1  0  66733
42  65872  2   2  65870
43  66716  2   0  66716
44  66730  2   0  66730
45  65866  2   2  65864
46  66560  2   2  66558
47  66734  2   4  66730
48  66740  2   1  66739
49  65864  3   2  0  65862
50  66729  3   0  1  66728
51  65378  2   2  65376
52  66712  3   1  2  66709
53  66732  2   2  66730
54  66109  4   1  16  47518  18574
55  66740  3   1  1  66738
56  66706  3   1  1  66704
57  66641  3   0  3  66638
58  66664  2   0  66664
59  66578  2   0  66578
60  66694  2   4  66690
61  66734  2   0  66734
62  66740  2   2860  63880
63  66564  2   0  66564
64  66648  2   1  66647
65  66541  3   0  1  66540
66  66520  3   2  1  66517
67  66685  3   1  1  66683
68  66495  3   0  4  66491
69  66654  2   0  66654
70  66685  3   0  1  66684
71  66740  2   0  66740
72  66726  2   0  66726
73  66687  5   4  0  2  0  66681
74  65282  2   0  65282
75  66738  2   0  66738
76  66575  3   0  0  66575
77  66706  2   0  66706
78  66648  2   3  66645
79  66584  2   3  66581
80  66706  2   2  66704
81  66722  2   0  66722
82  66737  4   0  1  0  66736
83  66598  2   1  66597
84  66712  2   0  66712
85  64204  2   2  64202
86  66693  3   0  0  66693
87  66722  2   0  66722
88  64222  2   0  64222
89  66736  3   1  0  66735
90  66630  2   0  66630
91  65665  3   1  1  65663
92  66728  3   1  2  66725
93  65760  2   0  65760
94  66551  3   0  2  66549
95  66524  2   2  66522
96  66495  5   1  0  0  0  66494
97  56243  3   0  1  56242
98  66594  2   0  66594
99  66598  3   1  0  66597
100  66682  2   15343  51339
101  63460  3   1  1  63458
102  66238  3   1  1  66236
103  66408  2   1  66407
104  62992  2   33  62959
105  66726  3   0  8  66718
106  66412  2   2  66410
107  66342  2   1  66341
108  66618  2   2  66616
109  66730  2   0  66730
110  66466  2   0  66466
111  66715  3   1  1  66713
112  66318  2   2  66316
113  66719  3   0  2  66717
114  66720  2   1  66719
115  66494  2   1  66493
116  66429  3   1  0  66428
117  66519  4   1  0  1  66517
118  66114  3   0  6  66108
119  66008  2   2  66006
120  66541  3   0  3  66538
121  61866  2   13  61853
122  65931  3   0  3  65928
123  66730  3   0  0  66730
124  66351  3   8  0  66343
125  66352  2   2  66350
126  66716  2   0  66716
127  60436  2   0  60436
128  66146  2   0  66146
129  66214  2   2  66212
130  64804  2   17  64787
131  60702  2   2  60700
132  66282  2   0  66282
133  65114  2   1  65113
134  61040  2   0  61040
135  66196  3   1  0  66195
136  66278  2   3  66275
137  66712  2   0  66712
138  61836  2   2  61834
139  66732  2   37  66695
140  66278  2   0  66278
141  62005  3   2  744  61259
142  66735  3   1  0  66734
143  66288  2   0  66288
144  66500  2   0  66500
145  66112  2   0  66112
146  66702  2   0  66702
147  66708  2   2  66706
148  62414  4   30  0  1  62383
149  66286  2   0  66286
150  66313  3   0  2  66311
151  62942  2   0  62942
152  66476  2   0  66476
153  63084  2   1  63083
154  66474  3   0  0  66474
155  63080  2   1  63079
156  66574  3   2  0  66572
157  63280  3   4  1  63275
158  66738  2   0  66738
159  66618  2   0  66618
160  63404  2   0  63404
161  66316  2   0  66316
162  66624  4   0  0  0  66624
163  66317  3   2  0  66315
164  66735  3   0  12802  53933
165  66730  2   18474  48256
166  66374  2   0  66374
167  66312  2   0  66312
168  66738  3   4  0  66734
169  66634  3   0  0  66634
170  66728  2   1  66727
171  63526  2   39  63487
172  66737  3   0  1  66736
173  66646  2   0  66646
174  66738  2   2  66736
175  66730  2   2  66728
176  66322  2   170  66152
177  66622  3   5  2  66615
178  66650  2   3  66647
179  66729  3   0  0  66729
180  66451  4   8  5  0  66438
181  66308  2   0  66308
182  66618  3   1  0  66617
183  66653  3   1  0  66652
184  63873  3   0  1  63872
185  66457  3   0  9  66448
186  66728  2   603  66125
187  66732  2   0  66732
188  66632  3   1  1  66630
189  66699  4   3  1  0  66695
190  63924  3   0  1  63923
191  66299  4   0  0  0  66299
192  66730  2   10  66720
193  66706  2   16  66690
194  66730  4   1  72  0  66657
195  66624  2   22  66602
196  66734  2   0  66734
197  65164  2   0  65164
198  66612  2   0  66612
199  65292  2   3  65289
200  66650  3   2  0  66648
201  66732  4   1  1  0  66730
202  66659  4   1  1  2  66655
203  66726  3   0  2  66724
204  66730  2   0  66730
205  66242  3   2  2  66238
206  66559  5   1  1  1  1  66555
207  66614  2   0  66614
208  66718  2   5  66713
209  66718  2   0  66718
210  66676  2   2  66674
211  66560  2   0  66560
212  66681  3   6  2  66673
213  66573  3   1  1  66571
214  66118  2   1  66117
215  66544  3   0  1  66543
216  66538  2   1  66537
217  66130  2   24  66106
218  66518  2   1  66517
219  66218  2   2  66216
220  66714  2   2  66712
221  66000  2   0  66000
222  66108  2   0  66108
223  66251  3   1  0  66250
224  66719  3   1  0  66718
225  66288  2   5  66283
226  66571  3   1  0  66570
227  65022  2   0  65022
228  65436  2   0  65436
229  66514  2   0  66514
230  66728  2   4  66724
231  66730  3   0  1  66729
232  65797  4   0  4  1  65792
233  65704  2   35  65669
234  64660  4   2  1  0  64657
235  34628  2   2  34626
236  66062  2   2  66060
237  66336  2   2  66334
238  66328  2   1  66327
239  66730  2   3  66727
240  66416  3   2  3  66411
241  65768  2   4  65764
242  66336  2   3  66333
243  66490  2   3  66487
244  65709  3   0  0  65709
245  66728  2   0  66728
246  66488  2   1  66487
247  66308  3   5  2  66301
248  66550  2   2  66548
249  64722  2   1  64721
250  66724  2   0  66724
251  28842  3   2  5  28835
252  64452  2   8  64444
253  66720  3   0  0  66720
254  64406  2   0  64406
255  66552  2   0  66552
256  27598  2   0  27598
257  63617  5   0  0  14  2  63601
258  66290  3   0  1  66289
259  66726  2   15  66711
260  61692  2   0  61692
261  66690  3   0  0  66690
262  66717  4   0  0  1  66716
263  66308  2   0  66308
264  66716  2   5  66711
265  66716  2   3  66713
266  66447  3   1  0  66446
267  22110  2   8  22102
268  66314  3   1  0  66313
269  66712  3   1  1  66710
270  66588  2   0  66588
271  66697  3   1  0  66696
272  66545  3   0  0  66545
273  66588  3   1  0  66587
274  66601  4   0  0  0  66601
275  66722  3   9  0  66713
276  60404  2   2  60402
277  66348  2   0  66348
278  66732  2   0  66732
279  66677  4   1  0  1  66675
280  66654  2   0  66654
281  66708  3   1  1  66706
282  59819  3   1  0  59818
283  65977  5   0  0  1  1  65975
284  66712  2   0  66712
285  66076  2   0  66076
286  66116  2   140  65976
287  66478  2   2  66476
288  66706  3   1  1  66704
289  66680  3   1  1  66678
290  66484  2   3  66481
291  66736  2   3  66733
292  58940  2   0  58940
293  66696  2   3  66693
294  66362  3   0  0  66362
295  66692  3   1  4  66687
296  58520  2   0  58520
297  66696  3   11  0  66685
298  66476  3   1  0  66475
299  66117  3   2  8  66107
300  66690  2   16  66674
301  66406  2   151  66255
302  66714  2   0  66714
303  66713  3   18  1  66694
304  66720  3   1  1  66718
305  66718  3   1  0  66717
306  66716  2   4  66712
307  65956  2   0  65956
308  66716  3   1  0  66715
309  66460  2   103  66357
310  66488  2   0  66488
311  66723  3   0  0  66723
312  66452  2   1  66451
313  66730  5   3  1  1  1  66724
314  38172  2   0  38172
315  66554  2   3  66551
316  33558  2   5  33553

[pop]=6
1  908  3   0  0  908
2  906  2   0  906
3  896  2   0  896
4  896  2   0  896
5  908  2   0  908
6  864  2   0  864
7  906  4   0  0  0  906
8  840  2   0  840
9  908  3   0  0  908
10  896  3   0  0  896
11  906  2   0  906
12  663  3   0  0  663
13  896  2   0  896
14  850  3   0  36  814
15  906  2   0  906
16  904  3   0  0  904
17  904  2   0  904
18  906  2   0  906
19  694  2   0  694
20  904  2   0  904
21  898  2   0  898
22  908  4   0  0  0  908
23  902  3   0  0  902
24  904  2   0  904
25  906  2   0  906
26  898  3   0  0  898
27  908  2   324  584
28  862  2   0  862
29  861  3   0  0  861
30  906  2   0  906
31  898  2   0  898
32  898  2   0  898
33  908  3   0  0  908
34  894  3   0  0  894
35  908  3   0  0  908
36  762  2   0  762
37  908  2   0  908
38  908  3   0  0  908
39  906  3   0  0  906
40  908  2   0  908
41  906  3   0  0  906
42  894  2   0  894
43  896  2   0  896
44  908  2   0  908
45  894  2   0  894
46  904  2   0  904
47  906  2   0  906
48  908  2   0  908
49  894  3   0  0  894
50  908  3   0  0  908
51  872  2   0  872
52  908  3   0  0  908
53  908  2   0  908
54  897  4   0  1  649  247
55  908  3   0  0  908
56  908  3   0  0  908
57  908  3   0  0  908
58  908  2   0  908
59  900  2   0  900
60  906  2   0  906
61  908  2   0  908
62  908  2   47  861
63  906  2   0  906
64  906  2   0  906
65  902  3   0  0  902
66  902  3   0  0  902
67  908  3   0  0  908
68  900  3   0  0  900
69  906  2   0  906
70  906  3   0  0  906
71  908  2   0  908
72  908  2   0  908
73  907  5   0  0  0  0  907
74  836  2   0  836
75  908  2   0  908
76  906  3   0  0  906
77  908  2   0  908
78  904  2   0  904
79  892  2   0  892
80  906  2   0  906
81  908  2   0  908
82  908  4   0  0  0  908
83  898  2   0  898
84  906  2   0  906
85  878  2   0  878
86  908  3   0  0  908
87  908  2   0  908
88  878  2   0  878
89  908  3   0  0  908
90  904  2   0  904
91  852  3   0  0  852
92  908  3   0  0  908
93  860  2   0  860
94  898  3   0  0  898
95  898  2   1  897
96  898  5   0  0  0  0  898
97  762  3   0  0  762
98  900  2   0  900
99  900  3   0  0  900
100  908  2   151  757
101  868  3   0  0  868
102  896  3   0  0  896
103  898  2   0  898
104  870  2   0  870
105  906  3   0  0  906
106  904  2   0  904
107  898  2   0  898
108  906  2   0  906
109  906  2   0  906
110  904  2   0  904
111  904  3   0  0  904
112  896  2   0  896
113  906  3   0  0  906
114  906  2   0  906
115  902  2   0  902
116  901  3   0  0  901
117  902  4   0  0  0  902
118  895  3   0  0  895
119  894  2   0  894
120  902  3   0  0  902
121  814  2   0  814
122  890  3   0  0  890
123  906  3   0  0  906
124  898  3   1  0  897
125  898  2   0  898
126  906  2   0  906
127  732  2   0  732
128  900  2   0  900
129  892  2   0  892
130  882  2   4  878
131  740  2   0  740
132  898  2   0  898
133  886  2   0  886
134  744  2   0  744
135  900  3   0  0  900
136  892  2   0  892
137  906  2   0  906
138  750  2   0  750
139  908  2   2  906
140  892  2   0  892
141  750  3   0  9  741
142  908  3   0  0  908
143  894  2   0  894
144  906  2   0  906
145  900  2   0  900
146  906  2   0  906
147  906  2   0  906
148  757  4   0  0  0  757
149  900  2   0  900
150  894  3   0  0  894
151  766  2   1  765
152  892  2   0  892
153  770  2   0  770
154  904  3   0  1  903
155  770  2   0  770
156  906  3   0  0  906
157  773  3   0  0  773
158  908  2   0  908
159  906  2   0  906
160  772  2   0  772
161  896  2   0  896
162  906  4   0  0  0  906
163  893  3   0  0  893
164  908  3   0  147  761
165  906  2   301  605
166  902  2   0  902
167  894  2   0  894
168  908  3   0  0  908
169  906  3   0  0  906
170  904  2   0  904
171  780  2   0  780
172  908  3   0  0  908
173  906  2   0  906
174  908  2   0  908
175  906  2   0  906
176  892  2   2  890
177  906  3   1  0  905
178  906  2   0  906
179  906  3   0  0  906
180  902  4   0  0  0  902
181  892  2   0  892
182  906  3   0  0  906
183  906  3   0  0  906
184  795  3   0  0  795
185  902  3   0  1  901
186  908  2   4  904
187  908  2   0  908
188  906  3   0  0  906
189  907  4   0  0  1  906
190  796  3   0  0  796
191  892  4   0  0  0  892
192  908  2   0  908
193  908  2   1  907
194  908  4   0  1  0  907
195  904  2   1  903
196  908  2   0  908
197  892  2   0  892
198  904  2   0  904
199  890  2   0  890
200  906  3   0  0  906
201  908  4   0  0  0  908
202  906  4   0  0  0  906
203  906  3   0  0  906
204  908  2   0  908
205  898  3   0  0  898
206  905  5   0  1  0  0  904
207  906  2   0  906
208  908  2   1  907
209  908  2   0  908
210  906  2   0  906
211  902  2   0  902
212  905  3   0  0  905
213  900  3   0  0  900
214  904  2   0  904
215  902  3   0  0  902
216  900  2   0  900
217  890  2   0  890
218  900  2   0  900
219  904  2   0  904
220  908  2   0  908
221  886  2   0  886
222  894  2   0  894
223  904  3   0  0  904
224  908  3   0  0  908
225  904  2   0  904
226  905  3   0  0  905
227  884  2   0  884
228  890  2   0  890
229  904  2   0  904
230  908  2   0  908
231  908  3   0  0  908
232  890  4   0  0  0  890
233  886  2   0  886
234  882  4   0  0  0  882
235  412  2   0  412
236  888  2   0  888
237  904  2   0  904
238  904  2   0  904
239  908  2   0  908
240  904  3   0  0  904
241  886  2   0  886
242  900  2   0  900
243  904  2   0  904
244  884  3   0  0  884
245  908  2   0  908
246  904  2   0  904
247  898  3   0  0  898
248  904  2   0  904
249  860  2   0  860
250  908  2   4  904
251  361  3   0  0  361
252  858  2   0  858
253  908  3   0  0  908
254  858  2   0  858
255  906  2   0  906
256  342  2   0  342
257  842  5   0  0  1  0  841
258  896  3   0  0  896
259  906  2   0  906
260  812  2   0  812
261  908  3   0  0  908
262  908  4   0  0  0  908
263  896  2   0  896
264  908  2   0  908
265  908  2   0  908
266  904  3   0  0  904
267  292  2   0  292
268  896  3   0  0  896
269  908  3   0  0  908
270  904  2   0  904
271  908  3   0  0  908
272  904  3   0  0  904
273  904  3   0  0  904
274  905  4   0  0  0  905
275  906  3   0  0  906
276  740  2   0  740
277  896  2   0  896
278  908  2   0  908
279  908  4   0  0  0  908
280  904  2   0  904
281  906  3   0  0  906
282  727  3   0  0  727
283  896  5   0  0  0  0  896
284  906  2   0  906
285  888  2   0  888
286  888  2   2  886
287  902  2   0  902
288  906  3   0  0  906
289  906  3   0  0  906
290  902  2   0  902
291  908  2   0  908
292  726  2   0  726
293  906  2   0  906
294  892  3   0  0  892
295  908  3   0  0  908
296  726  2   0  726
297  906  3   0  1  905
298  902  3   0  0  902
299  885  3   0  0  885
300  908  2   0  908
301  898  2   1  897
302  906  2   0  906
303  908  3   0  0  908
304  906  3   0  0  906
305  906  3   0  0  906
306  908  2   0  908
307  894  2   0  894
308  908  3   0  0  908
309  904  2   0  904
310  902  2   0  902
311  907  3   0  0  907
312  896  2   0  896
313  908  5   0  0  0  0  908
314  468  2   0  468
315  906  2   0  906
316  412  2   0  412

[pop]=7
1  16512  3   0  1  16511
2  16480  2   0  16480
3  16428  2   0  16428
4  16484  2   4  16480
5  16512  2   0  16512
6  15736  2   6  15730
7  16436  4   0  0  0  16436
8  11526  2   1  11525
9  16512  3   3  0  16509
10  16422  3   0  0  16422
11  16510  2   0  16510
12  13868  3   0  0  13868
13  16396  2   0  16396
14  12205  3   0  92  12113
15  16494  2   0  16494
16  16506  3   1  1  16504
17  16506  2   0  16506
18  16466  2   6  16460
19  14206  2   0  14206
20  16506  2   0  16506
21  16496  2   0  16496
22  16511  4   0  0  1  16510
23  16370  3   0  0  16370
24  16506  2   1  16505
25  16492  2   0  16492
26  16496  3   0  0  16496
27  16506  2   4864  11642
28  13196  2   0  13196
29  13350  3   0  3  13347
30  16510  2   0  16510
31  16498  2   3  16495
32  16498  2   0  16498
33  16510  3   0  0  16510
34  16400  3   0  0  16400
35  16512  3   0  0  16512
36  14816  2   0  14816
37  16510  2   0  16510
38  16512  3   0  1  16511
39  16510  3   4  2  16504
40  16512  2   0  16512
41  16510  3   0  1  16509
42  16400  2   0  16400
43  16512  2   2  16510
44  16510  2   1  16509
45  16400  2   2  16398
46  16126  2   0  16126
47  16512  2   1  16511
48  16512  2   0  16512
49  16400  3   0  0  16400
50  16509  3   0  0  16509
51  16088  2   1  16087
52  16508  3   0  0  16508
53  16510  2   0  16510
54  16411  4   0  0  11408  5003
55  16512  3   11  0  16501
56  16508  3   0  0  16508
57  16441  3   0  0  16441
58  16470  2   0  16470
59  16466  2   3  16463
60  16506  2   0  16506
61  16512  2   1  16511
62  16512  2   1071  15441
63  16406  2   6  16400
64  16496  2   1  16495
65  16356  3   0  1  16355
66  16318  3   0  0  16318
67  16502  3   0  1  16501
68  16232  3   0  0  16232
69  16462  2   0  16462
70  16506  3   0  0  16506
71  16512  2   0  16512
72  16508  2   0  16508
73  16510  5   0  1  0  2  16507
74  12778  2   0  12778
75  16512  2   0  16512
76  16340  3   0  0  16340
77  16508  2   2  16506
78  16494  2   0  16494
79  16346  2   0  16346
80  16510  2   0  16510
81  16512  2   0  16512
82  16512  4   1  0  0  16511
83  16510  2   0  16510
84  16510  2   0  16510
85  15958  2   0  15958
86  16498  3   0  0  16498
87  16512  2   0  16512
88  15962  2   0  15962
89  16512  3   0  4  16508
90  16494  2   10  16484
91  13909  3   0  0  13909
92  16512  3   0  0  16512
93  14212  2   0  14212
94  16508  3   1  0  16507
95  16508  2   0  16508
96  16508  5   0  0  0  2  16506
97  13993  3   0  0  13993
98  16492  2   0  16492
99  16492  3   0  1  16491
100  16512  2   3473  13039
101  15831  3   0  0  15831
102  16456  3   0  0  16456
103  16506  2   0  16506
104  15770  2   0  15770
105  16512  3   1  0  16511
106  15906  2   0  15906
107  16502  2   3  16499
108  16362  2   0  16362
109  16512  2   2  16510
110  16042  2   2  16040
111  16506  3   0  0  16506
112  16464  2   0  16464
113  16506  3   0  0  16506
114  16512  2   0  16512
115  15986  2   18  15968
116  15828  3   0  0  15828
117  16296  4   0  3  0  16293
118  16495  3   0  0  16495
119  16488  2   0  16488
120  16387  3   0  0  16387
121  15282  2   0  15282
122  16484  3   1  2  16481
123  16510  3   1  0  16509
124  16476  3   18  0  16458
125  16476  2   0  16476
126  16504  2   0  16504
127  9650  2   0  9650
128  16432  2   2  16430
129  16320  2   0  16320
130  14646  2   2  14644
131  9680  2   0  9680
132  16096  2   1  16095
133  14802  2   0  14802
134  9560  2   0  9560
135  16441  3   0  3  16438
136  16448  2   1  16447
137  16500  2   0  16500
138  9654  2   0  9654
139  16510  2   0  16510
140  16452  2   0  16452
141  9599  3   0  1  9598
142  16512  3   0  1  16511
143  16474  2   1  16473
144  16344  2   2  16342
145  15760  2   0  15760
146  16494  2   2  16492
147  16500  2   0  16500
148  9508  4   0  1  0  9507
149  16452  2   0  16452
150  16499  3   0  1  16498
151  9640  2   3  9637
152  16510  2   0  16510
153  9640  2   4  9636
154  16464  3   0  1  16463
155  9572  2   0  9572
156  16492  3   0  1  16491
157  9667  3   1  0  9666
158  16512  2   0  16512
159  16356  2   0  16356
160  9712  2   0  9712
161  16506  2   3  16503
162  16365  4   0  2  1  16362
163  16506  3   0  0  16506
164  16512  3   0  1946  14566
165  16502  2   4269  12233
166  16462  2   0  16462
167  16506  2   6  16500
168  16512  3   0  0  16512
169  16396  3   1  0  16395
170  16510  2   0  16510
171  9802  2   6  9796
172  16511  3   0  0  16511
173  16408  2   0  16408
174  16512  2   0  16512
175  16510  2   0  16510
176  16508  2   0  16508
177  16510  3   0  0  16510
178  16418  2   0  16418
179  16511  3   0  0  16511
180  16467  4   0  0  0  16467
181  16506  2   0  16506
182  16510  3   0  2  16508
183  16421  3   0  1  16420
184  10070  3   0  0  10070
185  16468  3   0  44  16424
186  16512  2   0  16512
187  16512  2   0  16512
188  16510  3   0  0  16510
189  16496  4   0  0  6  16490
190  10175  3   1  2  10172
191  16507  4   0  0  1  16506
192  16512  2   0  16512
193  16498  2   1  16497
194  16512  4   0  0  0  16512
195  16486  2   26  16460
196  16512  2   0  16512
197  16132  2   6  16126
198  16508  2   4  16504
199  16148  2   0  16148
200  16386  3   0  1  16385
201  16512  4   0  0  1  16511
202  16499  4   0  0  0  16499
203  16508  3   0  0  16508
204  16512  2   0  16512
205  16388  3   0  0  16388
206  16474  5   0  0  0  0  16474
207  16310  2   0  16310
208  16510  2   1  16509
209  16510  2   0  16510
210  16500  2   0  16500
211  16216  2   0  16216
212  16500  3   0  0  16500
213  16500  3   0  0  16500
214  16378  2   0  16378
215  16149  3   0  0  16149
216  16500  2   0  16500
217  16312  2   0  16312
218  16496  2   0  16496
219  16372  2   0  16372
220  16508  2   0  16508
221  16266  2   0  16266
222  16478  2   0  16478
223  16356  3   0  0  16356
224  16512  3   0  1  16511
225  16334  2   11  16323
226  16492  3   0  0  16492
227  16000  2   2  15998
228  16112  2   0  16112
229  16486  2   0  16486
230  16512  2   0  16512
231  16511  3   0  0  16511
232  16221  4   0  0  0  16221
233  16434  2   5  16429
234  16193  4   0  0  0  16193
235  11052  2   0  11052
236  16364  2   1  16363
237  16154  2   0  16154
238  16126  2   0  16126
239  16510  2   0  16510
240  16395  3   0  0  16395
241  16216  2   0  16216
242  16050  2   0  16050
243  16428  2   1  16427
244  16177  3   1  0  16176
245  16506  2   4  16502
246  16428  2   1  16427
247  15961  3   0  0  15961
248  16448  2   0  16448
249  15710  2   1  15709
250  16512  2   83  16429
251  10260  3   0  0  10260
252  15554  2   4  15550
253  16512  3   0  0  16512
254  16002  2   0  16002
255  16232  2   1  16231
256  10092  2   0  10092
257  15158  5   0  0  0  0  15158
258  15774  3   1  0  15773
259  16512  2   0  16512
260  14178  2   0  14178
261  16504  3   0  0  16504
262  16512  4   0  0  0  16512
263  15756  2   0  15756
264  16506  2   0  16506
265  16512  2   0  16512
266  16471  3   0  0  16471
267  9434  2   5  9429
268  15715  3   0  1  15714
269  16510  3   0  1  16509
270  16486  2   0  16486
271  16512  3   0  0  16512
272  16401  3   2  0  16399
273  16422  3   0  0  16422
274  16498  4   1  1  1  16495
275  16512  3   0  0  16512
276  10876  2   0  10876
277  15704  2   2  15702
278  16510  2   0  16510
279  16507  4   0  1  0  16506
280  16466  2   0  16466
281  16512  3   0  1  16511
282  10942  3   0  1  10941
283  16374  5   0  7  0  0  16367
284  16512  2   35  16477
285  16460  2   0  16460
286  16466  2   0  16466
287  16494  2   2  16492
288  16512  3   1  0  16511
289  16500  3   1  0  16499
290  16494  2   1  16493
291  16510  2   0  16510
292  11266  2   2  11264
293  16508  2   0  16508
294  15808  3   0  1  15807
295  16508  3   0  2  16506
296  11330  2   2  11328
297  16508  3   0  0  16508
298  16494  3   0  0  16494
299  15181  3   0  0  15181
300  16508  2   0  16508
301  15892  2   2  15890
302  16512  2   0  16512
303  16510  3   10  0  16500
304  16510  3   0  0  16510
305  16512  3   0  0  16512
306  16512  2   0  16512
307  16194  2   1  16193
308  16508  3   6  2  16500
309  15984  2   29  15955
310  16488  2   0  16488
311  16512  3   0  1  16511
312  15924  2   1  15923
313  16512  5   0  0  0  0  16512
314  11512  2   3  11509
315  16182  2   0  16182
316  10912  2   0  10912

