[loci]=528

[populations]=7

[pop]=1
1  9788  2   1  9787
2  10389  3   0  0  10389
3  10310  2   0  10310
4  10404  2   0  10404
5  10406  3   0  1  10405
6  10390  2   0  10390
7  10388  2   3  10385
8  10406  2   3  10403
9  10386  3   0  0  10386
10  10404  2   0  10404
11  10390  4   1  0  0  10389
12  10302  3   0  0  10302
13  10290  2   1  10289
14  10394  2   2  10392
15  10406  3   0  0  10406
16  10292  2   0  10292
17  10394  2   0  10394
18  10404  3   1  0  10403
19  10406  2   0  10406
20  10298  3   0  0  10298
21  10259  3   0  1  10258
22  9788  2   0  9788
23  10252  3   0  0  10252
24  10396  2   0  10396
25  9788  3   0  0  9788
26  10254  2   0  10254
27  10398  2   2  10396
28  10406  2   1  10405
29  10289  3   1  2  10286
30  10310  2   0  10310
31  10402  2   1314  9088
32  10398  4   0  0  7  10391
33  10326  3   0  0  10326
34  10404  2   0  10404
35  9788  2   5  9783
36  10331  3   0  0  10331
37  10406  2   0  10406
38  10401  4   0  1  0  10400
39  10385  3   2  0  10383
40  10396  3   1  0  10395
41  10404  2   0  10404
42  10402  3   0  0  10402
43  10399  3   1  0  10398
44  10400  2   0  10400
45  10349  3   0  0  10349
46  10134  3   0  0  10134
47  10381  4   0  55  0  10326
48  10402  2   0  10402
49  10406  2   0  10406
50  10360  2   3  10357
51  10390  2   0  10390
52  10012  3   1  0  10011
53  10392  3   0  0  10392
54  9790  3   0  3  9787
55  10378  3   0  0  10378
56  10385  5   0  1  6  0  10378
57  10392  3   0  2  10390
58  10406  3   1  0  10405
59  10406  3   1  0  10405
60  9792  3   0  0  9792
61  9792  3   0  1  9791
62  10326  2   15  10311
63  9760  2   0  9760
64  10350  2   11  10339
65  10386  2   0  10386
66  10308  4   0  0  0  10308
67  9686  2   25  9661
68  10344  2   0  10344
69  10370  4   0  1  0  10369
70  10406  3   0  0  10406
71  9790  3   0  0  9790
72  10404  3   0  0  10404
73  10348  2   0  10348
74  9605  3   2  1  9602
75  10339  3   0  1  10338
76  10385  4   0  0  2  10383
77  10356  2   1  10355
78  10406  4   1  0  6  10399
79  10330  2   0  10330
80  10374  2   0  10374
81  10326  2   1  10325
82  9794  2   0  9794
83  10204  3   0  0  10204
84  10324  2   0  10324
85  10364  2   0  10364
86  8986  2   0  8986
87  10116  2   0  10116
88  10364  2   0  10364
89  10272  2   0  10272
90  10244  2   0  10244
91  10303  3   0  0  10303
92  10304  2   0  10304
93  10278  2   18  10260
94  9984  3   0  0  9984
95  10400  2   0  10400
96  8180  3   1  0  8179
97  10400  2   2  10398
98  8067  4   1  0  0  8066
99  9774  2   0  9774
100  9872  2   0  9872
101  7936  2   0  7936
102  10284  4   0  0  0  10284
103  9832  2   0  9832
104  10396  2   1  10395
105  10350  2   0  10350
106  9770  2   0  9770
107  10354  3   0  0  10354
108  10002  2   0  10002
109  10402  2   0  10402
110  10360  2   0  10360
111  3714  2   0  3714
112  10366  2   0  10366
113  10180  3   0  0  10180
114  10400  2   0  10400
115  8946  2   0  8946
116  10406  2   0  10406
117  10402  2   1  10401
118  10402  2   14  10388
119  10400  2   0  10400
120  10247  3   0  0  10247
121  10406  2   0  10406
122  9906  2   0  9906
123  10406  3   0  0  10406
124  10266  2   0  10266
125  10402  2   0  10402
126  10402  2   46  10356
127  10406  3   0  1  10405
128  9974  2   0  9974
129  3714  2   0  3714
130  10274  2   7  10267
131  10404  3   0  0  10404
132  9198  2   0  9198
133  10402  2   25  10377
134  10266  2   0  10266
135  10401  4   0  0  0  10401
136  10400  2   0  10400
137  10404  3   0  12  10392
138  10270  3   0  0  10270
139  10401  4   1  0  0  10400
140  10406  2   0  10406
141  9190  2   0  9190
142  10406  2   0  10406
143  10264  2   0  10264
144  10337  3   0  0  10337
145  10398  3   1  0  10397
146  10240  2   0  10240
147  10406  2   3  10403
148  10400  2   0  10400
149  10324  2   0  10324
150  10406  2   0  10406
151  10318  3   0  1  10317
152  10397  3   0  1  10396
153  10312  2   0  10312
154  10406  2   1  10405
155  10404  2   199  10205
156  10406  2   0  10406
157  10308  2   0  10308
158  10406  2   0  10406
159  10406  2   1  10405
160  10120  2   0  10120
161  3154  2   0  3154
162  10400  3   28  60  10312
163  10390  2   0  10390
164  10400  3   0  0  10400
165  10390  2   0  10390
166  10406  3   0  0  10406
167  2984  3   0  0  2984
168  10289  3   0  0  10289
169  10406  2   338  10068
170  10241  3   0  0  10241
171  10283  3   9  1  10273
172  10406  2   2  10404
173  2928  3   0  0  2928
174  10391  3   0  0  10391
175  10282  2   0  10282
176  10406  3   191  3  10212
177  10273  4   0  0  0  10273
178  10298  2   87  10211
179  10406  2   0  10406
180  10268  3   0  0  10268
181  10406  2   5  10401
182  8138  3   0  0  8138
183  10314  2   0  10314
184  10383  4   0  0  0  10383
185  10406  2   0  10406
186  10406  3   0  0  10406
187  9596  2   0  9596
188  10328  2   0  10328
189  9619  4   0  0  0  9619
190  10406  3   25  0  10381
191  8426  3   0  0  8426
192  10322  2   0  10322
193  10305  3   0  0  10305
194  10294  3   0  0  10294
195  10406  2   1  10405
196  10330  2   0  10330
197  10298  2   0  10298
198  10406  2   0  10406
199  10287  3   0  0  10287
200  10406  3   0  0  10406
201  8384  3   0  0  8384
202  10189  3   0  0  10189
203  10406  3   0  0  10406
204  8325  4   0  0  1  8324
205  9690  3   0  1  9689
206  10406  3   0  4  10402
207  10406  2   34  10372
208  8277  3   0  0  8277
209  10406  3   0  0  10406
210  10406  3   0  0  10406
211  10392  3   0  0  10392
212  10188  5   0  0  0  0  10188
213  10406  2   1511  8895
214  9984  2   0  9984
215  10406  3   0  0  10406
216  10322  3   1  1  10320
217  9826  2   1  9825
218  10280  2   2  10278
219  10404  2   0  10404
220  9832  2   0  9832
221  9644  2   0  9644
222  10291  3   0  0  10291
223  2208  2   0  2208
224  10188  2   25  10163
225  10344  3   0  4  10340
226  10381  3   0  0  10381
227  9764  2   1  9763
228  10194  2   1  10193
229  10352  3   0  0  10352
230  9466  2   240  9226
231  10383  3   1  0  10382
232  10210  2   0  10210
233  10375  4   1  0  0  10374
234  9592  3   1  1  9590
235  10387  4   0  0  2  10385
236  8968  2   1  8967
237  10215  4   0  0  0  10215
238  2744  2   1  2743
239  10388  2   0  10388
240  10233  3   4  0  10229
241  10374  2   0  10374
242  9634  2   3  9631
243  10243  3   0  0  10243
244  10375  3   0  0  10375
245  10398  2   0  10398
246  10394  4   1  0  11  10382
247  10044  2   1  10043
248  10378  2   0  10378
249  10064  5   0  0  0  2  10062
250  3316  3   0  1  3315
251  10405  3   0  0  10405
252  10401  3   1  1  10399
253  10306  2   1  10305
254  10402  2   1  10401
255  10314  2   0  10314
256  10404  2   10253  151
257  10406  2   0  10406
258  10402  2   0  10402
259  10124  2   7  10117
260  10342  2   309  10033
261  10388  3   0  0  10388
262  10402  2   0  10402
263  10074  2   380  9694
264  10406  2   0  10406
265  10334  2   0  10334
266  10048  2   0  10048
267  10404  2   0  10404
268  10389  4   0  0  20  10369
269  10401  4   0  0  0  10401
270  10066  3   0  1  10065
271  10403  4   0  0  0  10403
272  10404  2   1  10403
273  4368  2   0  4368
274  10404  2   0  10404
275  10406  2   0  10406
276  4730  2   0  4730
277  9796  2   1  9795
278  10404  2   5  10399
279  4770  3   2  0  4768
280  10406  3   0  0  10406
281  10374  3   0  0  10374
282  10366  3   0  1  10365
283  10378  2   1  10377
284  10404  3   0  0  10404
285  10404  2   0  10404
286  10372  2   0  10372
287  10404  3   3  0  10401
288  5870  2   0  5870
289  10384  4   0  1  0  10383
290  10394  2   79  10315
291  9800  2   0  9800
292  10400  2   0  10400
293  6188  2   3  6185
294  10086  2   1  10085
295  10402  2   6  10396
296  10404  2   4  10400
297  6948  3   0  0  6948
298  10406  2   7  10399
299  10138  2   0  10138
300  10402  2   0  10402
301  10398  2   0  10398
302  10386  2   208  10178
303  9802  2   0  9802
304  10178  2   0  10178
305  10404  2   0  10404
306  10394  3   0  0  10394
307  10403  3   0  0  10403
308  10396  2   0  10396
309  10402  2   0  10402
310  10180  2   0  10180
311  10406  2   0  10406
312  10386  2   0  10386
313  10396  2   1  10395
314  10402  2   2  10400
315  10169  3   0  1  10168
316  10404  2   131  10273
317  10223  3   9  1  10213
318  10395  3   144  11  10240
319  10406  2   221  10185
320  10404  3   0  0  10404
321  8096  3   0  0  8096
322  10264  2   2  10262
323  10400  2   0  10400
324  10400  3   1  0  10399
325  8196  2   0  8196
326  10260  2   0  10260
327  10380  2   0  10380
328  9802  2   0  9802
329  10372  2   0  10372
330  10399  3   0  0  10399
331  10404  4   0  0  0  10404
332  10356  2   1  10355
333  10400  2   1  10399
334  10354  2   0  10354
335  10400  5   0  0  0  1  10399
336  10406  3   0  1  10405
337  9802  2   9  9793
338  10270  3   2  0  10268
339  10352  3   0  0  10352
340  10400  2   0  10400
341  10399  3   1  0  10398
342  10376  3   0  1  10375
343  9802  2   0  9802
344  8634  4   0  1  0  8633
345  10346  2   6  10340
346  10372  3   0  1  10371
347  10404  2   0  10404
348  10406  2   0  10406
349  10371  3   0  77  10294
350  10400  2   0  10400
351  10406  2   0  10406
352  10359  4   1  0  0  10358
353  10406  2   0  10406
354  10406  2   2  10404
355  10406  3   0  1  10405
356  10400  2   1  10399
357  10406  3   0  0  10406
358  10349  4   0  2  0  10347
359  10406  3   0  0  10406
360  8838  3   0  2  8836
361  10280  2   0  10280
362  10345  3   0  0  10345
363  9802  2   0  9802
364  10394  2   0  10394
365  10350  2   0  10350
366  10394  3   0  0  10394
367  10402  2   4  10398
368  10391  4   1  1  0  10389
369  10406  3   0  0  10406
370  10390  2   0  10390
371  10241  4   0  0  0  10241
372  10392  2   19  10373
373  10392  2   0  10392
374  10256  2   0  10256
375  10389  3   0  0  10389
376  10222  3   0  0  10222
377  10124  2   0  10124
378  9802  2   0  9802
379  10390  3   0  2  10388
380  10406  3   0  0  10406
381  10078  4   0  1  0  10077
382  10400  3   7  0  10393
383  8691  3   1  0  8690
384  10368  2   4  10364
385  10384  3   3  0  10381
386  10156  3   0  4  10152
387  10016  2   0  10016
388  10364  2   0  10364
389  10380  2   0  10380
390  8674  2   0  8674
391  10146  2   1  10145
392  9930  2   0  9930
393  10390  2   3593  6797
394  10406  2   0  10406
395  9836  2   0  9836
396  10026  2   1  10025
397  9812  2   429  9383
398  10352  3   0  0  10352
399  9990  2   0  9990
400  10346  2   0  10346
401  10372  2   0  10372
402  9968  2   0  9968
403  9580  2   0  9580
404  10398  2   1  10397
405  10401  4   0  0  0  10401
406  10396  3   3  0  10393
407  9828  3   1  0  9827
408  10384  3   0  0  10384
409  10379  4   1  0  0  10378
410  10402  2   0  10402
411  10342  3   0  0  10342
412  10345  3   0  0  10345
413  10344  2   2  10342
414  10404  3   0  0  10404
415  10356  2   66  10290
416  10344  2   12  10332
417  10404  2   141  10263
418  9146  3   0  0  9146
419  10406  3   0  0  10406
420  10356  2   0  10356
421  10356  3   0  0  10356
422  10350  2   0  10350
423  10364  3   0  0  10364
424  10396  3   4  0  10392
425  9146  3   0  0  9146
426  10406  2   0  10406
427  10370  2   0  10370
428  10406  3   0  0  10406
429  10372  2   0  10372
430  10406  3   0  17  10389
431  10374  2   148  10226
432  10376  3   169  0  10207
433  10366  2   3  10363
434  10406  3   0  0  10406
435  10368  2   2  10366
436  10396  2   0  10396
437  10406  2   0  10406
438  9772  2   2  9770
439  10406  3   0  0  10406
440  10396  2   124  10272
441  10406  3   0  0  10406
442  10406  3   1  0  10405
443  9155  3   0  0  9155
444  10396  2   0  10396
445  10406  3   0  3  10403
446  10394  3   0  0  10394
447  10377  3   0  0  10377
448  9774  2   2  9772
449  10378  3   1  0  10377
450  10384  4   0  2  0  10382
451  10352  2   0  10352
452  9774  3   0  0  9774
453  10406  3   1  0  10405
454  9152  2   0  9152
455  10406  2   4  10402
456  10383  4   0  0  0  10383
457  9778  2   0  9778
458  10386  2   0  10386
459  9150  2   0  9150
460  10403  4   0  0  0  10403
461  10406  3   3  2  10401
462  10380  4   0  2  0  10378
463  10384  2   0  10384
464  10392  2   0  10392
465  10389  3   1  0  10388
466  10386  3   0  0  10386
467  9786  2   0  9786
468  10388  2   0  10388
469  10384  2   0  10384
470  10406  4   0  0  0  10406
471  10383  3   0  1  10382
472  10406  2   0  10406
473  10374  2   0  10374
474  10406  3   0  0  10406
475  9792  2   5  9787
476  10404  2   0  10404
477  10374  2   0  10374
478  10380  2   0  10380
479  10406  2   0  10406
480  10406  2   0  10406
481  10406  3   0  0  10406
482  10358  2   0  10358
483  10388  3   0  0  10388
484  10402  2   42  10360
485  10406  2   0  10406
486  10358  2   0  10358
487  10406  3   1  0  10405
488  10401  3   3  0  10398
489  9152  2   26  9126
490  10406  3   0  0  10406
491  10402  2   0  10402
492  10344  4   0  0  2  10342
493  10406  2   4  10402
494  10366  2   0  10366
495  9150  3   16  0  9134
496  10406  5   0  1  0  5  10400
497  9798  3   0  0  9798
498  9151  3   0  0  9151
499  10406  2   0  10406
500  10384  2   2  10382
501  10404  2   0  10404
502  10406  2   0  10406
503  10374  2   1  10373
504  10405  4   0  0  0  10405
505  10406  3   0  0  10406
506  10406  2   0  10406
507  10362  2   0  10362
508  9798  3   0  0  9798
509  10406  2   0  10406
510  10406  2   0  10406
511  10366  3   0  0  10366
512  10364  4   0  0  1  10363
513  10406  2   0  10406
514  9158  3   2  0  9156
515  10284  2   0  10284
516  10362  3   0  0  10362
517  10358  2   0  10358
518  10376  3   0  0  10376
519  10406  2   0  10406
520  10262  4   0  1  0  10261
521  10406  3   2  112  10292
522  10352  2   1  10351
523  10404  3   0  0  10404
524  10405  3   0  2  10403
525  10352  2   0  10352
526  10346  2   1  10345
527  10374  3   0  0  10374
528  10344  2   0  10344

[pop]=2
1  11558  2   5  11553
2  11553  3   0  0  11553
3  11540  2   1  11539
4  11576  2   1  11575
5  11578  3   0  0  11578
6  11554  2   0  11554
7  11576  2   0  11576
8  11578  2   0  11578
9  11576  3   0  0  11576
10  11576  2   0  11576
11  11576  4   0  0  0  11576
12  11538  3   0  1  11537
13  11538  2   0  11538
14  11572  2   0  11572
15  11547  3   0  1  11546
16  11538  2   0  11538
17  11570  2   0  11570
18  11576  3   0  0  11576
19  11540  2   0  11540
20  11562  3   0  0  11562
21  11532  3   3  0  11529
22  11566  2   3  11563
23  11530  3   0  0  11530
24  11576  2   0  11576
25  11565  3   0  1  11564
26  11532  2   0  11532
27  11576  2   0  11576
28  11552  2   0  11552
29  11564  3   3  1  11560
30  11564  2   0  11564
31  11562  2   8681  2881
32  11574  4   0  0  0  11574
33  11570  3   0  0  11570
34  11576  2   0  11576
35  11570  2   0  11570
36  11570  3   0  1  11569
37  11550  2   0  11550
38  11551  4   0  0  1  11550
39  11568  3   0  2  11566
40  11572  3   0  0  11572
41  11576  2   0  11576
42  11574  3   0  0  11574
43  11546  3   0  0  11546
44  11576  2   0  11576
45  11571  3   0  1  11570
46  11481  3   0  1  11480
47  11567  4   1  14  0  11552
48  11574  2   1  11573
49  11552  2   0  11552
50  11570  2   3  11567
51  11564  2   1  11563
52  11412  3   0  0  11412
53  11574  3   0  0  11574
54  11571  3   0  0  11571
55  11574  3   0  0  11574
56  11562  5   0  0  0  0  11562
57  11574  3   0  0  11574
58  11550  3   2  0  11548
59  11550  3   0  0  11550
60  11570  3   1  0  11569
61  11570  3   0  0  11570
62  11574  2   0  11574
63  11304  2   1  11303
64  11552  2   4  11548
65  11574  2   3  11571
66  11574  4   0  0  2  11572
67  11256  2   0  11256
68  11552  2   2  11550
69  11574  4   0  0  0  11574
70  11554  3   0  0  11554
71  11570  3   1  9  11560
72  11578  3   0  1  11577
73  11508  2   1  11507
74  11215  3   3  0  11212
75  11547  3   1  3  11543
76  11563  4   0  0  1  11562
77  11574  2   0  11574
78  11578  4   0  0  0  11578
79  11544  2   0  11544
80  11558  2   0  11558
81  11576  2   1  11575
82  11570  2   2  11568
83  11572  3   0  0  11572
84  11476  2   0  11476
85  11570  2   0  11570
86  10714  2   0  10714
87  11572  2   0  11572
88  11570  2   0  11570
89  11450  2   0  11450
90  11424  2   0  11424
91  11536  3   0  0  11536
92  11536  2   0  11536
93  11522  2   0  11522
94  11570  3   0  0  11570
95  11572  2   0  11572
96  9992  3   0  0  9992
97  11572  2   1  11571
98  9797  4   0  0  0  9797
99  11560  2   0  11560
100  11568  2   0  11568
101  9652  2   0  9652
102  11525  4   0  0  0  11525
103  11566  2   0  11566
104  11570  2   0  11570
105  11570  2   0  11570
106  11562  2   0  11562
107  11570  3   0  0  11570
108  11466  2   0  11466
109  11578  2   0  11578
110  11542  2   0  11542
111  1202  2   0  1202
112  11550  2   3  11547
113  11458  3   0  0  11458
114  11536  2   0  11536
115  11168  2   11  11157
116  11578  2   0  11578
117  11574  2   0  11574
118  11574  2   0  11574
119  11578  2   2  11576
120  11490  3   0  0  11490
121  11578  2   0  11578
122  10988  2   0  10988
123  11578  3   1  0  11577
124  11496  2   0  11496
125  11578  2   0  11578
126  11578  2   1875  9703
127  11578  3   0  0  11578
128  11058  2   0  11058
129  1172  2   1  1171
130  11502  2   13  11489
131  11574  3   0  0  11574
132  11366  2   0  11366
133  11578  2   2  11576
134  11510  2   0  11510
135  11578  4   0  1  0  11577
136  11576  2   1  11575
137  11574  3   0  0  11574
138  11513  3   0  0  11513
139  11578  4   0  0  0  11578
140  11578  2   0  11578
141  11346  2   0  11346
142  11578  2   1  11577
143  11514  2   0  11514
144  11548  3   0  1  11547
145  11576  3   1  0  11575
146  11510  2   0  11510
147  11540  2   3  11537
148  11578  2   0  11578
149  11542  2   4  11538
150  11578  2   0  11578
151  11540  3   0  0  11540
152  11571  3   0  0  11571
153  11540  2   0  11540
154  11578  2   1  11577
155  11576  2   9  11567
156  11576  2   1  11575
157  11538  2   1  11537
158  11578  2   0  11578
159  11576  2   0  11576
160  11478  2   0  11478
161  624  2   0  624
162  11578  3   2  2  11574
163  11564  2   0  11564
164  11576  3   1  0  11575
165  11560  2   0  11560
166  11576  3   0  0  11576
167  516  3   0  0  516
168  11528  3   0  0  11528
169  11532  2   7  11525
170  11400  3   0  0  11400
171  11518  3   1  0  11517
172  11578  2   0  11578
173  474  3   0  0  474
174  11572  3   1  1  11570
175  11518  2   0  11518
176  11577  3   282  0  11295
177  11511  4   0  0  0  11511
178  11520  2   52  11468
179  11578  2   0  11578
180  11428  3   0  0  11428
181  11578  2   0  11578
182  7956  3   0  0  7956
183  11346  2   0  11346
184  11552  4   0  0  1  11551
185  11576  2   0  11576
186  11578  3   0  0  11578
187  10992  2   0  10992
188  11364  2   0  11364
189  11028  4   0  0  5  11023
190  11576  3   0  0  11576
191  8935  3   1  0  8934
192  11480  2   0  11480
193  11517  3   0  1  11516
194  11504  3   0  0  11504
195  11578  2   1  11577
196  11364  2   0  11364
197  11468  2   0  11468
198  11576  2   0  11576
199  11458  3   0  0  11458
200  11576  3   1  0  11575
201  8852  3   0  0  8852
202  11418  3   0  0  11418
203  11576  3   0  0  11576
204  8699  4   1  0  4  8694
205  11106  3   0  0  11106
206  11578  3   0  0  11578
207  11576  2   0  11576
208  8572  3   2  0  8570
209  11578  3   0  0  11578
210  11576  3   1  0  11575
211  11578  3   0  0  11578
212  11382  5   0  0  0  0  11382
213  11578  2   103  11475
214  11118  2   0  11118
215  11578  3   2  0  11576
216  11546  3   0  0  11546
217  11508  2   0  11508
218  11578  2   0  11578
219  11578  2   3  11575
220  11510  2   0  11510
221  11246  2   0  11246
222  11578  3   0  0  11578
223  1180  2   0  1180
224  11506  2   3  11503
225  11578  3   0  0  11578
226  11552  3   0  0  11552
227  11506  2   2  11504
228  11506  2   0  11506
229  11537  3   0  0  11537
230  10868  2   25  10843
231  11552  3   0  0  11552
232  11510  2   1  11509
233  11536  4   0  0  0  11536
234  11018  3   0  2  11016
235  11552  4   0  1  0  11551
236  11374  2   0  11374
237  11510  4   0  0  0  11510
238  1902  2   0  1902
239  11536  2   0  11536
240  11512  3   0  0  11512
241  11578  2   0  11578
242  11420  2   2  11418
243  11516  3   0  0  11516
244  11552  3   0  0  11552
245  11544  2   0  11544
246  11556  4   1  0  44  11511
247  11480  2   0  11480
248  11548  2   0  11548
249  11487  5   0  0  2  0  11485
250  2776  3   0  0  2776
251  11578  3   0  0  11578
252  11560  3   0  0  11560
253  11542  2   0  11542
254  11562  2   1  11561
255  11542  2   1  11541
256  11578  2   11570  8
257  11578  2   0  11578
258  11452  2   0  11452
259  11394  2   1  11393
260  11548  2   11  11537
261  11558  3   0  0  11558
262  11458  2   0  11458
263  11396  2   29  11367
264  11578  2   0  11578
265  11544  2   5  11539
266  11400  2   0  11400
267  11572  2   0  11572
268  11555  4   0  0  0  11555
269  11543  4   0  0  1  11542
270  11407  3   0  0  11407
271  11564  4   0  0  3  11561
272  11462  2   0  11462
273  4408  2   0  4408
274  11574  2   0  11574
275  11578  2   0  11578
276  5188  2   0  5188
277  11568  2   0  11568
278  11572  2   0  11572
279  5250  3   0  0  5250
280  11568  3   0  0  11568
281  11560  3   0  0  11560
282  11554  3   1  0  11553
283  11560  2   0  11560
284  11470  3   0  0  11470
285  11550  2   0  11550
286  11556  2   3  11553
287  11475  3   0  1  11474
288  6638  2   0  6638
289  11564  4   0  2  0  11562
290  11564  2   1  11563
291  11574  2   0  11574
292  11564  2   2  11562
293  7196  2   0  7196
294  11430  2   0  11430
295  11478  2   1  11477
296  11474  2   0  11474
297  8404  3   0  0  8404
298  11578  2   0  11578
299  11454  2   0  11454
300  11480  2   0  11480
301  11544  2   0  11544
302  11562  2   13  11549
303  11574  2   0  11574
304  11468  2   1  11467
305  11578  2   0  11578
306  11566  3   0  0  11566
307  11551  3   6  0  11545
308  11574  2   0  11574
309  11572  2   0  11572
310  11472  2   0  11472
311  11576  2   1  11575
312  11570  2   0  11570
313  11576  2   1  11575
314  11574  2   19  11555
315  11468  3   1  0  11467
316  11554  2   1  11553
317  11489  3   133  0  11356
318  11578  3   12  0  11566
319  11558  2   4765  6793
320  11554  3   8  0  11546
321  10444  3   0  0  10444
322  11502  2   2  11500
323  11576  2   0  11576
324  11574  3   0  0  11574
325  10626  2   0  10626
326  11504  2   0  11504
327  11566  2   0  11566
328  11576  2   1  11575
329  11576  2   0  11576
330  11571  3   0  0  11571
331  11556  4   0  0  0  11556
332  11572  2   0  11572
333  11578  2   0  11578
334  11572  2   4  11568
335  11578  5   0  1  5  0  11572
336  11483  3   0  3  11480
337  11576  2   2  11574
338  11512  3   2  0  11510
339  11572  3   0  1  11571
340  11578  2   0  11578
341  11574  3   0  0  11574
342  11554  3   0  0  11554
343  11576  2   0  11576
344  11137  4   0  29  0  11108
345  11570  2   0  11570
346  11555  3   0  0  11555
347  11550  2   1  11549
348  11578  2   0  11578
349  11555  3   0  15  11540
350  11576  2   0  11576
351  11578  2   0  11578
352  11550  4   0  4  0  11546
353  11578  2   0  11578
354  11578  2   0  11578
355  11475  3   0  0  11475
356  11568  2   13  11555
357  11578  3   2  0  11576
358  11549  4   0  0  1  11548
359  11474  3   0  0  11474
360  11311  3   0  0  11311
361  11518  2   0  11518
362  11548  3   0  0  11548
363  11576  2   0  11576
364  11558  2   0  11558
365  11548  2   0  11548
366  11576  3   0  0  11576
367  11576  2   0  11576
368  11575  4   4  0  0  11571
369  11468  3   0  0  11468
370  11546  2   0  11546
371  11525  4   0  0  0  11525
372  11576  2   1  11575
373  11576  2   0  11576
374  11490  2   0  11490
375  11575  3   0  0  11575
376  11476  3   0  0  11476
377  11530  2   0  11530
378  11576  2   6  11570
379  11542  3   0  0  11542
380  11560  3   0  0  11560
381  11495  4   0  0  0  11495
382  11576  3   0  0  11576
383  11340  3   0  0  11340
384  11558  2   0  11558
385  11534  3   0  0  11534
386  11447  3   2  1  11444
387  11478  2   0  11478
388  11558  2   0  11558
389  11540  2   0  11540
390  11344  2   0  11344
391  11432  2   3  11429
392  11442  2   0  11442
393  11574  2   2783  8791
394  11562  2   4  11558
395  11362  2   0  11362
396  11358  2   0  11358
397  11238  2   2314  8924
398  11556  3   0  1  11555
399  11338  2   0  11338
400  11558  2   2  11556
401  11536  2   0  11536
402  11334  2   0  11334
403  10774  2   0  10774
404  11564  2   0  11564
405  11419  4   0  0  0  11419
406  11561  3   0  0  11561
407  11222  3   0  0  11222
408  11576  3   3  0  11573
409  11576  4   1  1  2  11572
410  11572  2   0  11572
411  11392  3   0  4  11388
412  11574  3   0  0  11574
413  11398  2   0  11398
414  11572  3   0  0  11572
415  11548  2   5  11543
416  11574  2   1  11573
417  11572  2   7  11565
418  11449  3   4  0  11445
419  11576  3   0  5  11571
420  11552  2   0  11552
421  11574  3   0  0  11574
422  11400  2   0  11400
423  11574  3   0  0  11574
424  11574  3   0  0  11574
425  11449  3   2  0  11447
426  11574  2   120  11454
427  11574  2   0  11574
428  11575  3   0  0  11575
429  11554  2   0  11554
430  11576  3   1  1  11574
431  11558  2   12  11546
432  11574  3   2  0  11572
433  11430  2   2  11428
434  11576  3   0  0  11576
435  11436  2   0  11436
436  11574  2   0  11574
437  11576  2   0  11576
438  11556  2   0  11556
439  11568  3   0  0  11568
440  11574  2   8  11566
441  11578  3   0  0  11578
442  11576  3   0  0  11576
443  11450  3   0  0  11450
444  11572  2   0  11572
445  11572  3   2  1  11569
446  11572  3   0  0  11572
447  11558  3   0  0  11558
448  11560  2   0  11560
449  11430  3   0  0  11430
450  11572  4   1  0  0  11571
451  11408  2   0  11408
452  11560  3   0  0  11560
453  11576  3   0  0  11576
454  11450  2   0  11450
455  11578  2   0  11578
456  11572  4   0  0  1  11571
457  11562  2   2  11560
458  11572  2   0  11572
459  11452  2   7  11445
460  11578  4   2  1  0  11575
461  11576  3   0  0  11576
462  11561  4   0  1  0  11560
463  11566  2   0  11566
464  11572  2   0  11572
465  11568  3   0  0  11568
466  11569  3   0  1  11568
467  11558  2   3  11555
468  11568  2   9  11559
469  11570  2   0  11570
470  11578  4   0  0  0  11578
471  11574  3   0  0  11574
472  11578  2   0  11578
473  11562  2   0  11562
474  11578  3   1  0  11577
475  11552  2   0  11552
476  11574  2   0  11574
477  11574  2   0  11574
478  11456  2   0  11456
479  11578  2   0  11578
480  11578  2   0  11578
481  11578  3   0  0  11578
482  11554  2   0  11554
483  11568  3   0  0  11568
484  11456  2   117  11339
485  11578  2   0  11578
486  11552  2   1  11551
487  11578  3   0  0  11578
488  11467  3   1  0  11466
489  11450  2   18  11432
490  11578  3   0  1  11577
491  11480  2   0  11480
492  11545  4   0  0  0  11545
493  11578  2   0  11578
494  11574  2   1  11573
495  11450  3   103  2  11345
496  11578  5   4  0  0  0  11574
497  11556  3   0  0  11556
498  11449  3   2  2  11445
499  11578  2   0  11578
500  11482  2   3  11479
501  11490  2   0  11490
502  11578  2   0  11578
503  11566  2   0  11566
504  11498  4   0  0  1  11497
505  11578  3   0  0  11578
506  11578  2   0  11578
507  11572  2   0  11572
508  11560  3   0  0  11560
509  11498  2   0  11498
510  11578  2   0  11578
511  11566  3   0  0  11566
512  11565  4   0  0  0  11565
513  11570  2   1  11569
514  11450  3   0  0  11450
515  11488  2   0  11488
516  11562  3   0  1  11561
517  11562  2   0  11562
518  11494  3   0  0  11494
519  11576  2   4  11572
520  11473  4   0  1  0  11472
521  11578  3   0  3  11575
522  11572  2   0  11572
523  11575  3   0  0  11575
524  11576  3   0  1  11575
525  11560  2   0  11560
526  11572  2   0  11572
527  11491  3   1  1  11489
528  11560  2   0  11560

[pop]=3
1  8620  2   0  8620
2  8617  3   2  0  8615
3  8620  2   0  8620
4  8654  2   0  8654
5  8652  3   0  0  8652
6  8620  2   0  8620
7  8646  2   0  8646
8  8654  2   2  8652
9  8646  3   1  0  8645
10  8654  2   2  8652
11  8646  4   0  0  0  8646
12  8614  3   0  0  8614
13  8610  2   4  8606
14  8630  2   0  8630
15  8644  3   0  0  8644
16  8610  2   2  8608
17  8630  2   0  8630
18  8654  3   0  1  8653
19  8644  2   0  8644
20  8612  3   0  0  8612
21  8596  3   0  0  8596
22  8622  2   0  8622
23  8595  3   0  0  8595
24  8646  2   0  8646
25  8624  3   0  0  8624
26  8596  2   0  8596
27  8646  2   0  8646
28  8644  2   0  8644
29  8620  3   0  0  8620
30  8620  2   0  8620
31  8638  2   5567  3071
32  8632  4   0  0  0  8632
33  8626  3   0  0  8626
34  8654  2   0  8654
35  8624  2   0  8624
36  8626  3   0  0  8626
37  8648  2   0  8648
38  8629  4   0  0  0  8629
39  8634  3   0  0  8634
40  8646  3   0  0  8646
41  8654  2   0  8654
42  8640  3   0  0  8640
43  8630  3   0  1  8629
44  8654  2   7  8647
45  8630  3   1  0  8629
46  8580  3   2  1  8577
47  8629  4   0  0  0  8629
48  8642  2   0  8642
49  8646  2   0  8646
50  8634  2   0  8634
51  8644  2   0  8644
52  8550  3   0  0  8550
53  8654  3   0  2  8652
54  8624  3   0  0  8624
55  8650  3   0  0  8650
56  8644  5   0  0  0  0  8644
57  8654  3   0  0  8654
58  8646  3   0  1  8645
59  8646  3   0  5  8641
60  8624  3   0  0  8624
61  8624  3   0  0  8624
62  8650  2   0  8650
63  8470  2   1  8469
64  8626  2   1  8625
65  8654  2   0  8654
66  8650  4   10  9  0  8631
67  8450  2   0  8450
68  8624  2   0  8624
69  8654  4   0  23  0  8631
70  8644  3   0  0  8644
71  8622  3   1  9  8612
72  8647  3   0  0  8647
73  8592  2   0  8592
74  8401  3   0  0  8401
75  8623  3   0  0  8623
76  8643  4   0  1  0  8642
77  8648  2   0  8648
78  8650  4   0  0  0  8650
79  8620  2   0  8620
80  8642  2   0  8642
81  8654  2   0  8654
82  8620  2   0  8620
83  8644  3   0  0  8644
84  8580  2   0  8580
85  8638  2   0  8638
86  8050  2   0  8050
87  8648  2   0  8648
88  8638  2   1  8637
89  8580  2   1  8579
90  8562  2   0  8562
91  8614  3   0  0  8614
92  8612  2   2  8610
93  8636  2   0  8636
94  8642  3   0  0  8642
95  8646  2   0  8646
96  7495  3   0  0  7495
97  8644  2   0  8644
98  7385  4   3  0  0  7382
99  8620  2   0  8620
100  8640  2   2  8638
101  7288  2   0  7288
102  8607  4   0  0  1  8606
103  8640  2   0  8640
104  8642  2   0  8642
105  8636  2   0  8636
106  8620  2   0  8620
107  8636  3   1  0  8635
108  8604  2   0  8604
109  8654  2   0  8654
110  8644  2   1  8643
111  1794  2   0  1794
112  8648  2   0  8648
113  8594  3   1  0  8593
114  8634  2   1  8633
115  7736  2   0  7736
116  8648  2   0  8648
117  8654  2   0  8654
118  8652  2   0  8652
119  8642  2   0  8642
120  8621  3   3  0  8618
121  8654  2   0  8654
122  8382  2   0  8382
123  8654  3   0  0  8654
124  8626  2   0  8626
125  8642  2   1  8641
126  8652  2   202  8450
127  8654  3   0  0  8654
128  8434  2   0  8434
129  1948  2   115  1833
130  8628  2   0  8628
131  8654  3   0  4  8650
132  8142  2   0  8142
133  8648  2   0  8648
134  8630  2   0  8630
135  8646  4   0  0  0  8646
136  8654  2   177  8477
137  8654  3   0  0  8654
138  8634  3   0  0  8634
139  8646  4   0  0  0  8646
140  8654  2   1  8653
141  8122  2   4  8118
142  8654  2   0  8654
143  8630  2   0  8630
144  8649  3   1  0  8648
145  8654  3   0  0  8654
146  8632  2   0  8632
147  8638  2   0  8638
148  8648  2   0  8648
149  8650  2   0  8650
150  8654  2   0  8654
151  8648  3   0  0  8648
152  8652  3   0  0  8652
153  8648  2   0  8648
154  8654  2   0  8654
155  8654  2   0  8654
156  8644  2   0  8644
157  8646  2   0  8646
158  8654  2   0  8654
159  8654  2   0  8654
160  8584  2   0  8584
161  1088  2   0  1088
162  8644  3   0  0  8644
163  8650  2   40  8610
164  8646  3   0  1  8645
165  8646  2   0  8646
166  8654  3   1  1  8652
167  862  3   0  1  861
168  8643  3   0  0  8643
169  8632  2   0  8632
170  8574  3   0  0  8574
171  8644  3   0  0  8644
172  8654  2   0  8654
173  807  3   0  1  806
174  8628  3   0  0  8628
175  8644  2   0  8644
176  8653  3   160  0  8493
177  8635  4   0  0  0  8635
178  8626  2   668  7958
179  8644  2   1  8643
180  8583  3   0  0  8583
181  8650  2   0  8650
182  7271  3   0  1  7270
183  8534  2   0  8534
184  8645  4   0  9  2  8634
185  8654  2   0  8654
186  8654  3   0  0  8654
187  8428  2   0  8428
188  8552  2   0  8552
189  8447  4   1  0  1  8445
190  8654  3   0  0  8654
191  7817  3   0  1  7816
192  8596  2   0  8596
193  8500  3   0  0  8500
194  8468  3   1  1  8466
195  8654  2   0  8654
196  8552  2   0  8552
197  8594  2   0  8594
198  8652  2   11  8641
199  8595  3   0  0  8595
200  8654  3   1  0  8653
201  7776  3   0  0  7776
202  8327  3   0  0  8327
203  8654  3   0  0  8654
204  7692  4   0  1  0  7691
205  8464  3   0  0  8464
206  8654  3   0  0  8654
207  8654  2   0  8654
208  7626  3   0  0  7626
209  8654  3   0  0  8654
210  8653  3   0  1  8652
211  8652  3   0  0  8652
212  8549  5   0  0  0  0  8549
213  8654  2   42  8612
214  8020  2   0  8020
215  8654  3   0  0  8654
216  8618  3   0  0  8618
217  8624  2   0  8624
218  8650  2   0  8650
219  8654  2   0  8654
220  8624  2   0  8624
221  8388  2   6  8382
222  8650  3   1  0  8649
223  1434  2   6  1428
224  8484  2   0  8484
225  8652  3   0  0  8652
226  8647  3   0  0  8647
227  8620  2   0  8620
228  8488  2   0  8488
229  8589  3   0  0  8589
230  8320  2   0  8320
231  8650  3   0  0  8650
232  8490  2   0  8490
233  8589  4   0  0  0  8589
234  8379  3   0  0  8379
235  8653  4   0  0  0  8653
236  8544  2   1  8543
237  8499  4   0  1  0  8498
238  2022  2   20  2002
239  8592  2   4  8588
240  8510  3   0  0  8510
241  8654  2   0  8654
242  8562  2   0  8562
243  8515  3   0  0  8515
244  8625  3   0  0  8625
245  8588  2   0  8588
246  8654  4   0  0  0  8654
247  8612  2   4  8608
248  8628  2   0  8628
249  8608  5   0  3  0  0  8605
250  2690  3   0  0  2690
251  8654  3   0  0  8654
252  8654  3   0  0  8654
253  8552  2   0  8552
254  8654  2   0  8654
255  8556  2   0  8556
256  8654  2   8654  0
257  8654  2   0  8654
258  8620  2   0  8620
259  8570  2   0  8570
260  8584  2   0  8584
261  8624  3   1  0  8623
262  8622  2   3  8619
263  8560  2   0  8560
264  8654  2   0  8654
265  8638  2   0  8638
266  8556  2   0  8556
267  8640  2   1  8639
268  8631  4   0  0  0  8631
269  8600  4   2  0  0  8598
270  8559  3   0  0  8559
271  8654  4   0  0  0  8654
272  8628  2   0  8628
273  3906  2   0  3906
274  8644  2   0  8644
275  8654  2   0  8654
276  4438  2   0  4438
277  8612  2   0  8612
278  8640  2   0  8640
279  4506  3   0  0  4506
280  8654  3   0  1  8653
281  8615  3   0  0  8615
282  8644  3   0  0  8644
283  8618  2   0  8618
284  8631  3   4  0  8627
285  8606  2   0  8606
286  8646  2   0  8646
287  8634  3   4  0  8630
288  5588  2   3  5585
289  8621  4   0  0  0  8621
290  8640  2   0  8640
291  8618  2   0  8618
292  8636  2   0  8636
293  6022  2   47  5975
294  8568  2   1  8567
295  8638  2   0  8638
296  8638  2   0  8638
297  6828  3   0  0  6828
298  8654  2   0  8654
299  8590  2   0  8590
300  8640  2   0  8640
301  8618  2   0  8618
302  8648  2   0  8648
303  8626  2   39  8587
304  8594  2   0  8594
305  8654  2   0  8654
306  8630  3   0  0  8630
307  8624  3   0  0  8624
308  8642  2   0  8642
309  8648  2   0  8648
310  8598  2   0  8598
311  8654  2   1  8653
312  8646  2   0  8646
313  8644  2   0  8644
314  8648  2   0  8648
315  8595  3   6  0  8589
316  8624  2   0  8624
317  8592  3   757  0  7835
318  8642  3   0  0  8642
319  8630  2   3433  5197
320  8628  3   0  0  8628
321  8073  3   1  2  8070
322  8606  2   0  8606
323  8644  2   0  8644
324  8628  3   0  0  8628
325  8180  2   3  8177
326  8604  2   1  8603
327  8646  2   0  8646
328  8626  2   0  8626
329  8652  2   0  8652
330  8629  3   0  0  8629
331  8635  4   0  1  0  8634
332  8652  2   1  8651
333  8642  2   56  8586
334  8652  2   0  8652
335  8644  5   0  0  0  0  8644
336  8640  3   1  7  8632
337  8626  2   0  8626
338  8611  3   2  0  8609
339  8652  3   0  0  8652
340  8644  2   0  8644
341  8632  3   0  0  8632
342  8646  3   0  0  8646
343  8626  2   1  8625
344  8437  4   0  1  0  8436
345  8650  2   0  8650
346  8646  3   0  0  8646
347  8640  2   3  8637
348  8654  2   0  8654
349  8646  3   0  0  8646
350  8646  2   0  8646
351  8654  2   0  8654
352  8646  4   0  0  0  8646
353  8654  2   0  8654
354  8654  2   0  8654
355  8638  3   0  0  8638
356  8640  2   0  8640
357  8654  3   0  0  8654
358  8643  4   0  0  0  8643
359  8632  3   0  0  8632
360  8493  3   0  0  8493
361  8608  2   0  8608
362  8644  3   1  1  8642
363  8626  2   13  8613
364  8640  2   0  8640
365  8640  2   0  8640
366  8646  3   0  0  8646
367  8654  2   0  8654
368  8645  4   0  0  0  8645
369  8630  3   0  0  8630
370  8636  2   0  8636
371  8609  4   0  0  0  8609
372  8644  2   0  8644
373  8638  2   0  8638
374  8598  2   17  8581
375  8644  3   0  0  8644
376  8588  3   0  0  8588
377  8626  2   2  8624
378  8626  2   0  8626
379  8633  3   0  0  8633
380  8646  3   0  0  8646
381  8609  4   0  0  0  8609
382  8654  3   1  0  8653
383  8501  3   0  0  8501
384  8644  2   0  8644
385  8636  3   0  0  8636
386  8576  3   0  0  8576
387  8584  2   0  8584
388  8644  2   0  8644
389  8636  2   1  8635
390  8502  2   0  8502
391  8572  2   0  8572
392  8544  2   0  8544
393  8642  2   848  7794
394  8642  2   0  8642
395  8482  2   13  8469
396  8526  2   0  8526
397  8420  2   2078  6342
398  8646  3   0  0  8646
399  8518  2   2  8516
400  8644  2   0  8644
401  8636  2   0  8636
402  8516  2   1  8515
403  8008  2   0  8008
404  8634  2   0  8634
405  8579  4   0  0  0  8579
406  8634  3   0  0  8634
407  8442  3   0  0  8442
408  8654  3   0  0  8654
409  8649  4   0  0  0  8649
410  8648  2   0  8648
411  8614  3   0  1  8613
412  8652  3   0  0  8652
413  8618  2   9  8609
414  8651  3   0  0  8651
415  8646  2   0  8646
416  8652  2   0  8652
417  8652  2   0  8652
418  8518  3   0  0  8518
419  8654  3   1  0  8653
420  8646  2   0  8646
421  8652  3   0  0  8652
422  8612  2   0  8612
423  8650  3   5  0  8645
424  8652  3   0  0  8652
425  8518  3   1  3  8514
426  8652  2   0  8652
427  8652  2   0  8652
428  8642  3   1  0  8641
429  8648  2   0  8648
430  8652  3   0  1  8651
431  8650  2   0  8650
432  8652  3   0  2  8650
433  8620  2   0  8620
434  8652  3   0  0  8652
435  8624  2   0  8624
436  8652  2   1  8651
437  8654  2   0  8654
438  8616  2   0  8616
439  8642  3   0  0  8642
440  8652  2   0  8652
441  8654  3   0  0  8654
442  8654  3   0  0  8654
443  8517  3   1  4  8512
444  8652  2   0  8652
445  8641  3   0  0  8641
446  8652  3   0  0  8652
447  8648  3   0  0  8648
448  8616  2   0  8616
449  8620  3   0  0  8620
450  8654  4   0  0  0  8654
451  8596  2   0  8596
452  8615  3   0  0  8615
453  8642  3   0  0  8642
454  8516  2   0  8516
455  8654  2   0  8654
456  8654  4   0  1  0  8653
457  8616  2   0  8616
458  8654  2   0  8654
459  8518  2   0  8518
460  8653  4   1  0  1  8651
461  8654  3   0  0  8654
462  8650  4   0  0  0  8650
463  8648  2   0  8648
464  8654  2   0  8654
465  8650  3   0  0  8650
466  8650  3   0  0  8650
467  8620  2   0  8620
468  8650  2   0  8650
469  8650  2   3  8647
470  8654  4   0  0  16  8638
471  8653  3   0  0  8653
472  8652  2   0  8652
473  8644  2   0  8644
474  8654  3   0  0  8654
475  8618  2   0  8618
476  8638  2   0  8638
477  8654  2   12  8642
478  8636  2   0  8636
479  8654  2   0  8654
480  8654  2   0  8654
481  8652  3   0  0  8652
482  8640  2   0  8640
483  8648  3   0  1  8647
484  8630  2   12  8618
485  8652  2   11  8641
486  8640  2   0  8640
487  8654  3   0  0  8654
488  8630  3   0  0  8630
489  8518  2   0  8518
490  8654  3   0  0  8654
491  8636  2   0  8636
492  8634  4   0  2  0  8632
493  8654  2   0  8654
494  8650  2   0  8650
495  8518  3   11  0  8507
496  8654  5   0  0  0  0  8654
497  8614  3   0  0  8614
498  8518  3   0  0  8518
499  8654  2   2  8652
500  8644  2   2  8642
501  8632  2   0  8632
502  8654  2   0  8654
503  8648  2   1  8647
504  8635  4   0  1  0  8634
505  8650  3   3  0  8647
506  8654  2   1  8653
507  8652  2   0  8652
508  8614  3   0  0  8614
509  8638  2   0  8638
510  8650  2   0  8650
511  8646  3   0  0  8646
512  8645  4   0  1  0  8644
513  8640  2   1  8639
514  8518  3   0  0  8518
515  8618  2   0  8618
516  8646  3   0  0  8646
517  8646  2   0  8646
518  8646  3   1  4  8641
519  8650  2   0  8650
520  8612  4   0  0  3  8609
521  8654  3   0  0  8654
522  8648  2   2  8646
523  8649  3   1  0  8648
524  8654  3   0  1  8653
525  8646  2   2  8644
526  8648  2   0  8648
527  8643  3   0  0  8643
528  8640  2   0  8640

[pop]=4
1  6610  2   3  6607
2  6606  3   0  0  6606
3  6598  2   0  6598
4  6614  2   0  6614
5  6614  3   0  0  6614
6  6606  2   0  6606
7  6612  2   0  6612
8  6614  2   0  6614
9  6612  3   0  0  6612
10  6614  2   0  6614
11  6612  4   0  0  0  6612
12  6590  3   0  0  6590
13  6590  2   0  6590
14  6612  2   0  6612
15  6614  3   0  0  6614
16  6588  2   0  6588
17  6610  2   0  6610
18  6614  3   0  0  6614
19  6614  2   0  6614
20  6612  3   0  0  6612
21  6581  3   0  0  6581
22  6610  2   0  6610
23  6580  3   0  0  6580
24  6610  2   0  6610
25  6610  3   0  0  6610
26  6582  2   0  6582
27  6608  2   0  6608
28  6612  2   0  6612
29  6612  3   0  0  6612
30  6614  2   0  6614
31  6610  2   4311  2299
32  6614  4   0  0  0  6614
33  6614  3   0  0  6614
34  6614  2   0  6614
35  6610  2   0  6610
36  6613  3   0  0  6613
37  6614  2   0  6614
38  6613  4   0  0  0  6613
39  6612  3   0  0  6612
40  6602  3   0  0  6602
41  6614  2   0  6614
42  6614  3   0  0  6614
43  6612  3   0  0  6612
44  6614  2   0  6614
45  6614  3   0  0  6614
46  6516  3   0  0  6516
47  6608  4   2  0  0  6606
48  6614  2   0  6614
49  6614  2   0  6614
50  6614  2   7  6607
51  6598  2   0  6598
52  6396  3   0  0  6396
53  6571  3   0  0  6571
54  6612  3   0  0  6612
55  6614  3   0  0  6614
56  6593  5   0  0  0  0  6593
57  6614  3   0  0  6614
58  6614  3   0  0  6614
59  6614  3   0  0  6614
60  6612  3   0  0  6612
61  6610  3   0  0  6610
62  6614  2   0  6614
63  6218  2   0  6218
64  6588  2   1  6587
65  6610  2   0  6610
66  6614  4   0  0  6  6608
67  6150  2   0  6150
68  6588  2   0  6588
69  6604  4   1  0  0  6603
70  6612  3   0  0  6612
71  6610  3   0  0  6610
72  6614  3   0  0  6614
73  6596  2   0  6596
74  6075  3   0  0  6075
75  6583  3   0  31  6552
76  6579  4   0  0  0  6579
77  6600  2   0  6600
78  6614  4   0  0  0  6614
79  6562  2   0  6562
80  6564  2   0  6564
81  6614  2   0  6614
82  6608  2   0  6608
83  6614  3   0  0  6614
84  6586  2   0  6586
85  6614  2   0  6614
86  5642  2   0  5642
87  6614  2   0  6614
88  6614  2   0  6614
89  6570  2   0  6570
90  6570  2   0  6570
91  6550  3   0  0  6550
92  6546  2   0  6546
93  6514  2   0  6514
94  6614  3   0  0  6614
95  6614  2   0  6614
96  5160  3   0  0  5160
97  6614  2   0  6614
98  5088  4   0  0  0  5088
99  6610  2   0  6610
100  6614  2   0  6614
101  5010  2   0  5010
102  6530  4   0  1  0  6529
103  6614  2   0  6614
104  6614  2   0  6614
105  6614  2   0  6614
106  6610  2   0  6610
107  6614  3   0  0  6614
108  6412  2   0  6412
109  6614  2   1  6613
110  6578  2   0  6578
111  376  2   0  376
112  6594  2   0  6594
113  6574  3   0  0  6574
114  6608  2   1  6607
115  6304  2   0  6304
116  6612  2   0  6612
117  6614  2   0  6614
118  6614  2   0  6614
119  6612  2   0  6612
120  6606  3   0  1  6605
121  6614  2   1  6613
122  6364  2   0  6364
123  6614  3   0  0  6614
124  6604  2   0  6604
125  6612  2   0  6612
126  6614  2   250  6364
127  6614  3   0  0  6614
128  6396  2   2  6394
129  338  2   3  335
130  6608  2   163  6445
131  6614  3   0  0  6614
132  6460  2   0  6460
133  6612  2   0  6612
134  6610  2   0  6610
135  6612  4   0  0  0  6612
136  6614  2   0  6614
137  6614  3   0  0  6614
138  6610  3   0  0  6610
139  6612  4   0  0  0  6612
140  6614  2   0  6614
141  6452  2   0  6452
142  6614  2   0  6614
143  6612  2   0  6612
144  6608  3   0  0  6608
145  6614  3   0  0  6614
146  6602  2   0  6602
147  6612  2   0  6612
148  6612  2   0  6612
149  6604  2   0  6604
150  6614  2   0  6614
151  6604  3   1  0  6603
152  6614  3   0  0  6614
153  6600  2   0  6600
154  6614  2   0  6614
155  6614  2   0  6614
156  6612  2   0  6612
157  6600  2   0  6600
158  6614  2   0  6614
159  6614  2   0  6614
160  6474  2   0  6474
161  176  2   0  176
162  6612  3   0  0  6612
163  6610  2   0  6610
164  6612  3   0  0  6612
165  6604  2   0  6604
166  6614  3   0  0  6614
167  122  3   0  0  122
168  6584  3   0  0  6584
169  6608  2   0  6608
170  6548  3   0  0  6548
171  6581  3   0  0  6581
172  6614  2   0  6614
173  101  3   0  0  101
174  6612  3   0  0  6612
175  6576  2   0  6576
176  6614  3   582  0  6032
177  6573  4   0  0  0  6573
178  6608  2   156  6452
179  6614  2   0  6614
180  6554  3   0  0  6554
181  6614  2   4  6610
182  4205  3   0  0  4205
183  6556  2   0  6556
184  6603  4   0  0  0  6603
185  6614  2   0  6614
186  6614  3   0  0  6614
187  6388  2   0  6388
188  6562  2   0  6562
189  6404  4   0  0  0  6404
190  6614  3   0  0  6614
191  4599  3   0  0  4599
192  6560  2   0  6560
193  6584  3   0  0  6584
194  6580  3   0  0  6580
195  6614  2   0  6614
196  6560  2   0  6560
197  6554  2   0  6554
198  6614  2   0  6614
199  6546  3   0  0  6546
200  6614  3   0  0  6614
201  4522  3   3  0  4519
202  6563  3   0  0  6563
203  6614  3   0  0  6614
204  4442  4   0  0  1  4441
205  6414  3   1  0  6413
206  6614  3   0  0  6614
207  6614  2   0  6614
208  4352  3   0  0  4352
209  6614  3   0  0  6614
210  6614  3   0  0  6614
211  6614  3   0  0  6614
212  6499  5   0  0  0  0  6499
213  6614  2   0  6614
214  6522  2   0  6522
215  6614  3   0  0  6614
216  6606  3   0  0  6606
217  6196  2   0  6196
218  6614  2   0  6614
219  6614  2   0  6614
220  6196  2   0  6196
221  6478  2   0  6478
222  6614  3   0  0  6614
223  658  2   0  658
224  6594  2   0  6594
225  6614  3   0  0  6614
226  6547  3   0  0  6547
227  6256  2   21  6235
228  6594  2   0  6594
229  6600  3   0  0  6600
230  5166  2   0  5166
231  6552  3   0  0  6552
232  6594  2   0  6594
233  6601  4   0  0  0  6601
234  5272  3   0  0  5272
235  6560  4   0  0  0  6560
236  5962  2   0  5962
237  6594  4   0  0  0  6594
238  1014  2   0  1014
239  6600  2   0  6600
240  6594  3   0  1  6593
241  6614  2   0  6614
242  6140  2   0  6140
243  6594  3   2  0  6592
244  6602  3   0  0  6602
245  6604  2   0  6604
246  6568  4   0  0  31  6537
247  6412  2   0  6412
248  6608  2   0  6608
249  6381  5   0  0  0  0  6381
250  1435  3   0  0  1435
251  6614  3   0  0  6614
252  6582  3   0  0  6582
253  6604  2   0  6604
254  6586  2   0  6586
255  6604  2   0  6604
256  6614  2   6614  0
257  6614  2   0  6614
258  6604  2   1  6603
259  5882  2   0  5882
260  6606  2   0  6606
261  6610  3   0  0  6610
262  6606  2   0  6606
263  5926  2   0  5926
264  6614  2   0  6614
265  6556  2   0  6556
266  5936  2   0  5936
267  6614  2   0  6614
268  6609  4   0  0  0  6609
269  6596  4   0  0  0  6596
270  5964  3   0  0  5964
271  6599  4   0  0  0  6599
272  6606  2   0  6606
273  2174  2   0  2174
274  6614  2   0  6614
275  6614  2   0  6614
276  2488  2   0  2488
277  6604  2   0  6604
278  6614  2   0  6614
279  2498  3   0  0  2498
280  6607  3   1  0  6606
281  6614  3   0  0  6614
282  6586  3   0  0  6586
283  6614  2   16  6598
284  6607  3   0  1  6606
285  6598  2   0  6598
286  6586  2   0  6586
287  6610  3   0  0  6610
288  3560  2   0  3560
289  6614  4   0  1  0  6613
290  6610  2   0  6610
291  6610  2   0  6610
292  6610  2   0  6610
293  3916  2   0  3916
294  6134  2   0  6134
295  6610  2   0  6610
296  6610  2   0  6610
297  4490  3   0  0  4490
298  6614  2   0  6614
299  6224  2   0  6224
300  6612  2   0  6612
301  6602  2   0  6602
302  6598  2   0  6598
303  6614  2   0  6614
304  6288  2   0  6288
305  6614  2   1  6613
306  6614  3   0  0  6614
307  6604  3   0  0  6604
308  6602  2   0  6602
309  6612  2   0  6612
310  6296  2   0  6296
311  6614  2   0  6614
312  6598  2   0  6598
313  6610  2   0  6610
314  6612  2   1  6611
315  6285  3   0  0  6285
316  6602  2   0  6602
317  6318  3   3  0  6315
318  6614  3   0  0  6614
319  6608  2   927  5681
320  6598  3   4  0  6594
321  5485  3   0  0  5485
322  6336  2   0  6336
323  6614  2   0  6614
324  6611  3   0  0  6611
325  5596  2   0  5596
326  6334  2   0  6334
327  6596  2   0  6596
328  6614  2   0  6614
329  6614  2   0  6614
330  6611  3   0  0  6611
331  6601  4   0  0  0  6601
332  6614  2   0  6614
333  6614  2   0  6614
334  6614  2   0  6614
335  6613  5   0  0  0  0  6613
336  6612  3   0  0  6612
337  6614  2   25  6589
338  6339  3   0  0  6339
339  6612  3   0  0  6612
340  6612  2   0  6612
341  6612  3   0  0  6612
342  6596  3   0  0  6596
343  6614  2   0  6614
344  5925  4   0  0  0  5925
345  6612  2   0  6612
346  6592  3   0  0  6592
347  6606  2   0  6606
348  6612  2   0  6612
349  6590  3   0  1  6589
350  6614  2   0  6614
351  6612  2   0  6612
352  6589  4   8  0  0  6581
353  6610  2   0  6610
354  6612  2   0  6612
355  6612  3   0  0  6612
356  6610  2   0  6610
357  6612  3   0  0  6612
358  6569  4   0  0  0  6569
359  6610  3   0  0  6610
360  6084  3   0  0  6084
361  6312  2   0  6312
362  6559  3   0  0  6559
363  6614  2   0  6614
364  6610  2   0  6610
365  6550  2   0  6550
366  6614  3   0  0  6614
367  6612  2   0  6612
368  6614  4   0  0  0  6614
369  6608  3   0  0  6608
370  6610  2   0  6610
371  6335  4   0  0  0  6335
372  6614  2   0  6614
373  6614  2   0  6614
374  6246  2   0  6246
375  6608  3   0  0  6608
376  6198  3   0  0  6198
377  6474  2   0  6474
378  6614  2   25  6589
379  6610  3   0  0  6610
380  6610  3   0  0  6610
381  6418  4   0  0  0  6418
382  6612  3   0  0  6612
383  6104  3   0  0  6104
384  6552  2   0  6552
385  6610  3   0  0  6610
386  6136  3   0  0  6136
387  6374  2   0  6374
388  6546  2   0  6546
389  6610  2   0  6610
390  6094  2   0  6094
391  6128  2   0  6128
392  6312  2   0  6312
393  6614  2   1406  5208
394  6610  2   0  6610
395  6232  2   0  6232
396  6008  2   0  6008
397  6200  2   213  5987
398  6540  3   0  0  6540
399  5960  2   0  5960
400  6538  2   0  6538
401  6610  2   0  6610
402  5940  2   0  5940
403  6012  2   0  6012
404  6610  2   0  6610
405  6581  4   1  0  0  6580
406  6609  3   0  0  6609
407  5802  3   0  0  5802
408  6612  3   0  0  6612
409  6614  4   0  0  0  6614
410  6612  2   0  6612
411  6557  3   0  0  6557
412  6614  3   0  0  6614
413  6566  2   0  6566
414  6614  3   0  0  6614
415  6556  2   0  6556
416  6614  2   0  6614
417  6614  2   0  6614
418  6587  3   0  0  6587
419  6614  3   0  0  6614
420  6556  2   0  6556
421  6614  3   0  0  6614
422  6574  2   0  6574
423  6614  3   0  0  6614
424  6614  3   0  0  6614
425  6590  3   0  0  6590
426  6614  2   0  6614
427  6614  2   0  6614
428  6610  3   0  0  6610
429  6568  2   0  6568
430  6614  3   0  0  6614
431  6572  2   0  6572
432  6614  3   0  0  6614
433  6586  2   10  6576
434  6614  3   0  0  6614
435  6588  2   1  6587
436  6614  2   0  6614
437  6614  2   0  6614
438  6608  2   0  6608
439  6610  3   0  0  6610
440  6614  2   0  6614
441  6614  3   0  0  6614
442  6614  3   0  0  6614
443  6594  3   0  0  6594
444  6614  2   0  6614
445  6610  3   0  0  6610
446  6614  3   0  0  6614
447  6583  3   0  0  6583
448  6608  2   0  6608
449  6588  3   0  0  6588
450  6614  4   0  0  0  6614
451  6582  2   0  6582
452  6607  3   0  0  6607
453  6610  3   0  0  6610
454  6598  2   0  6598
455  6614  2   0  6614
456  6614  4   0  0  0  6614
457  6608  2   0  6608
458  6614  2   0  6614
459  6592  2   0  6592
460  6614  4   0  0  0  6614
461  6614  3   0  0  6614
462  6592  4   0  0  0  6592
463  6598  2   0  6598
464  6614  2   0  6614
465  6612  3   0  0  6612
466  6600  3   0  0  6600
467  6608  2   107  6501
468  6612  2   0  6612
469  6600  2   0  6600
470  6614  4   0  0  0  6614
471  6614  3   2  0  6612
472  6614  2   0  6614
473  6608  2   0  6608
474  6614  3   0  0  6614
475  6608  2   0  6608
476  6608  2   0  6608
477  6614  2   0  6614
478  6600  2   0  6600
479  6614  2   0  6614
480  6614  2   0  6614
481  6614  3   0  0  6614
482  6602  2   0  6602
483  6604  3   1  0  6603
484  6604  2   200  6404
485  6614  2   0  6614
486  6602  2   0  6602
487  6614  3   0  0  6614
488  6602  3   3  0  6599
489  6598  2   0  6598
490  6614  3   0  0  6614
491  6606  2   0  6606
492  6598  4   0  0  0  6598
493  6614  2   0  6614
494  6614  2   0  6614
495  6596  3   139  0  6457
496  6614  5   0  0  0  0  6614
497  6607  3   0  0  6607
498  6598  3   0  0  6598
499  6614  2   0  6614
500  6608  2   0  6608
501  6606  2   0  6606
502  6614  2   0  6614
503  6612  2   0  6612
504  6607  4   0  0  0  6607
505  6614  3   0  0  6614
506  6614  2   0  6614
507  6614  2   0  6614
508  6608  3   0  0  6608
509  6608  2   0  6608
510  6614  2   0  6614
511  6612  3   0  0  6612
512  6612  4   0  1  0  6611
513  6608  2   0  6608
514  6606  3   0  0  6606
515  6542  2   0  6542
516  6611  3   0  0  6611
517  6612  2   0  6612
518  6610  3   0  0  6610
519  6614  2   0  6614
520  6520  4   0  0  0  6520
521  6614  3   0  0  6614
522  6614  2   0  6614
523  6614  3   0  0  6614
524  6614  3   0  0  6614
525  6612  2   0  6612
526  6612  2   0  6612
527  6610  3   0  0  6610
528  6610  2   0  6610

[pop]=5
1  66708  2   90  66618
2  66664  3   8  1  66655
3  66386  2   3  66383
4  66726  2   1  66725
5  66738  3   6  0  66732
6  66670  2   12  66658
7  66652  2   0  66652
8  66738  2   1  66737
9  66662  3   0  1  66661
10  66726  2   2  66724
11  66665  4   1  1  1  66662
12  66336  3   1  1  66334
13  66316  2   0  66316
14  66626  2   0  66626
15  66724  3   1  0  66723
16  66310  2   2  66308
17  66622  2   0  66622
18  66724  3   0  0  66724
19  66728  2   2  66726
20  66366  3   1  1  66364
21  66243  3   0  0  66243
22  66726  2   0  66726
23  66226  3   1  0  66225
24  66680  2   2  66678
25  66727  3   0  0  66727
26  66222  2   2  66220
27  66682  2   47  66635
28  66734  2   3  66731
29  66340  3   12  67  66261
30  66390  2   2  66388
31  66734  2   40490  26244
32  66728  4   1  1  32  66694
33  66444  3   2  2  66440
34  66712  2   2  66710
35  66722  2   0  66722
36  66441  3   2  2  66437
37  66734  2   0  66734
38  66659  4   1  0  0  66658
39  66634  3   1  0  66633
40  66690  3   0  1  66689
41  66708  2   3  66705
42  66730  3   2  1  66727
43  66643  3   0  0  66643
44  66704  2   1  66703
45  66484  3   0  8  66476
46  65804  3   2  4  65798
47  66608  4   0  61  0  66547
48  66728  2   1  66727
49  66730  2   1  66729
50  66526  2   101  66425
51  66684  2   2  66682
52  65365  3   1  2  65362
53  66680  3   1  0  66679
54  66724  3   4  0  66720
55  66680  3   1  1  66678
56  66664  5   1  0  1  1  66661
57  66685  3   1  1  66683
58  66724  3   21  0  66703
59  66728  3   0  1  66727
60  66718  3   0  0  66718
61  66718  3   1  1  66716
62  66618  2   1  66617
63  64450  2   0  64450
64  66520  2   302  66218
65  66674  2   2  66672
66  66595  4   0  0  56  66539
67  64140  2   12  64128
68  66512  2   1  66511
69  66662  4   0  1  0  66661
70  66736  3   5  1  66730
71  66706  3   2  1  66703
72  66730  3   0  3  66727
73  66412  2   1  66411
74  63798  3   8  0  63790
75  66499  3   0  195  66304
76  66643  4   0  1  0  66642
77  66642  2   1  66641
78  66729  4   0  0  0  66729
79  66454  2   0  66454
80  66624  2   2  66622
81  66692  2   0  66692
82  66670  2   0  66670
83  66432  3   1  0  66431
84  66286  2   3  66283
85  66556  2   7  66549
86  60924  2   7  60917
87  66330  2   3  66327
88  66546  2   1  66545
89  66152  2   1  66151
90  66042  2   1  66041
91  66365  3   1  1  66363
92  66352  2   0  66352
93  66500  2   0  66500
94  66201  3   1  1  66199
95  66712  2   2  66710
96  56968  3   1  5  56962
97  66704  2   2  66702
98  56290  4   2  0  3  56285
99  66554  2   2  66552
100  66056  2   0  66056
101  55594  2   2  55592
102  66195  4   1  0  0  66194
103  65996  2   10  65986
104  66700  2   3  66697
105  66540  2   4  66536
106  66496  2   0  66496
107  66546  3   0  1  66545
108  66216  2   0  66216
109  66668  2   1  66667
110  66638  2   17  66621
111  14478  2   0  14478
112  66660  2   0  66660
113  64506  3   0  0  64506
114  66708  2   1  66707
115  60222  2   0  60222
116  66736  2   5  66731
117  66732  2   1  66731
118  66734  2   0  66734
119  66724  2   2  66722
120  64834  3   0  0  64834
121  66702  2   0  66702
122  62542  2   6  62536
123  66704  3   0  0  66704
124  64964  2   2  64962
125  66726  2   1  66725
126  66684  2   1158  65526
127  66708  3   1  0  66707
128  63154  2   2  63152
129  14386  2   12  14374
130  65076  2   569  64507
131  66738  3   0  0  66738
132  61884  2   2  61882
133  66734  2   0  66734
134  65088  2   3  65085
135  66730  4   1  0  1  66728
136  66682  2   1  66681
137  66738  3   0  0  66738
138  65134  3   1  1  65132
139  66731  4   0  0  1  66730
140  66740  2   1  66739
141  61764  2   0  61764
142  66740  2   1  66739
143  65094  2   3  65091
144  66507  3   0  1  66506
145  66646  3   19  1  66626
146  65044  2   0  65044
147  66716  2   1  66715
148  66734  2   7  66727
149  66524  2   0  66524
150  66738  2   2  66736
151  66505  3   14  11  66480
152  66563  3   1  0  66562
153  66480  2   0  66480
154  66738  2   3  66735
155  66738  2   6  66732
156  66734  2   1  66733
157  66474  2   3  66471
158  66738  2   2  66736
159  66738  2   1  66737
160  64370  2   2  64368
161  10786  2   2  10784
162  66726  3   5  2  66719
163  66464  2   1  66463
164  66714  3   0  0  66714
165  66352  2   0  66352
166  66738  3   0  0  66738
167  9676  3   8  1  9667
168  66400  3   1  0  66399
169  66700  2   2  66698
170  65593  3   0  0  65593
171  66366  3   0  0  66366
172  66740  2   0  66740
173  9335  3   1  1  9333
174  66682  3   4  0  66678
175  66358  2   1  66357
176  66739  3   5010  0  61729
177  66325  4   1  1  1  66322
178  64976  2   833  64143
179  66736  2   1  66735
180  65828  3   1  1  65826
181  66734  2   88  66646
182  46683  3   2  1  46680
183  65928  2   0  65928
184  66253  4   1  0  0  66252
185  66738  2   1  66737
186  66740  3   1  1  66738
187  63910  2   4  63906
188  66128  2   0  66128
189  64086  4   0  0  1  64085
190  66740  3   1  2  66737
191  50595  3   3  0  50592
192  66176  2   1  66175
193  66353  3   0  0  66353
194  66296  3   0  2  66294
195  66740  2   1  66739
196  66110  2   6  66104
197  66132  2   3  66129
198  66740  2   0  66740
199  66056  3   1  2  66053
200  66740  3   3  1  66736
201  49656  3   5  1  49650
202  65803  3   5  0  65798
203  66740  3   1  1  66738
204  48778  4   3  0  3  48772
205  64574  3   3  0  64571
206  66740  3   2  0  66738
207  66740  2   1  66739
208  47894  3   1  1  47892
209  66740  3   9  1  66730
210  66738  3   3  0  66735
211  66734  3   0  0  66734
212  65080  5   1  1  1  1  65076
213  66740  2   60  66680
214  64112  2   3  64109
215  66740  3   0  0  66740
216  66672  3   0  0  66672
217  65002  2   0  65002
218  66574  2   0  66574
219  66680  2   0  66680
220  65020  2   1  65019
221  65100  2   0  65100
222  66610  3   0  1  66609
223  11058  2   0  11058
224  65748  2   2  65746
225  66662  3   0  0  66662
226  66653  3   1  1  66651
227  64898  2   62  64836
228  65768  2   2  65766
229  66548  3   3  0  66545
230  62502  2   9  62493
231  66657  3   0  2  66655
232  65844  2   0  65844
233  66559  4   0  1  0  66558
234  63083  3   0  4  63079
235  66663  4   3  0  6  66654
236  62300  2   0  62300
237  65907  4   6  0  2  65899
238  15528  2   0  15528
239  66566  2   0  66566
240  65978  3   8  2  65968
241  66688  2   1  66687
242  63940  2   1  63939
243  66030  3   0  0  66030
244  66694  3   0  1  66693
245  66588  2   0  66588
246  66670  4   3  2  498  66167
247  65240  2   0  65240
248  66702  2   0  66702
249  65286  5   0  0  0  0  65286
250  19984  3   0  3  19981
251  66712  3   1  0  66711
252  66689  3   0  56  66633
253  66302  2   1  66301
254  66690  2   1  66689
255  66326  2   3  66323
256  66736  2   66716  20
257  66718  2   1  66717
258  66650  2   1  66649
259  65204  2   0  65204
260  66422  2   2  66420
261  66710  3   0  0  66710
262  66662  2   0  66662
263  64970  2   4  64966
264  66720  2   1  66719
265  66174  2   0  66174
266  64940  2   0  64940
267  66728  2   1  66727
268  66711  4   1  1  0  66709
269  66609  4   0  1  2  66606
270  64978  3   2  0  64976
271  66719  4   2  0  2  66715
272  66666  2   0  66666
273  28578  2   2  28576
274  66728  2   2  66726
275  66724  2   2  66722
276  32016  2   1  32015
277  66698  2   0  66698
278  66728  2   0  66728
279  32302  3   0  0  32302
280  66732  3   23  2  66707
281  66565  3   1  0  66564
282  66298  3   3  1  66294
283  66568  2   70  66498
284  66676  3   0  0  66676
285  66646  2   9  66637
286  66308  2   0  66308
287  66677  3   1  1  66675
288  39922  2   0  39922
289  66598  4   1  4  2  66591
290  66714  2   0  66714
291  66730  2   2  66728
292  66714  2   0  66714
293  42740  2   0  42740
294  65086  2   0  65086
295  66696  2   0  66696
296  66702  2   0  66702
297  48476  3   1  19  48456
298  66726  2   0  66726
299  65286  2   0  65286
300  66702  2   6  66696
301  66654  2   0  66654
302  66418  2   4  66414
303  66736  2   3  66733
304  65378  2   9  65369
305  66706  2   0  66706
306  66706  3   1  0  66705
307  66659  3   1  1  66657
308  66652  2   0  66652
309  66724  2   2  66722
310  65388  2   2  65386
311  66738  2   0  66738
312  66412  2   6  66406
313  66654  2   9  66645
314  66724  2   98  66626
315  65396  3   0  0  65396
316  66660  2   3  66657
317  65619  3   122  3  65494
318  66646  3   3  0  66643
319  66726  2   6569  60157
320  66655  3   43  1  66611
321  58130  3   0  0  58130
322  65752  2   3  65749
323  66656  2   0  66656
324  66713  3   0  1  66712
325  59000  2   2  58998
326  65764  2   1  65763
327  66356  2   2  66354
328  66740  2   0  66740
329  66616  2   4  66612
330  66706  3   1  0  66705
331  66663  4   1  0  1  66661
332  66558  2   1  66557
333  66668  2   1  66667
334  66562  2   1  66561
335  66670  5   0  0  0  0  66670
336  66720  3   1  42  66677
337  66740  2   248  66492
338  65845  3   1  4  65840
339  66555  3   3  3  66549
340  66662  2   3  66659
341  66714  3   0  4  66710
342  66303  3   2  0  66301
343  66740  2   2  66738
344  61719  4   0  110  0  61609
345  66508  2   0  66508
346  66283  3   1  0  66282
347  66670  2   0  66670
348  66738  2   0  66738
349  66262  3   1  81  66180
350  66666  2   0  66666
351  66738  2   1  66737
352  66251  4   98  0  1  66152
353  66738  2   1  66737
354  66738  2   2  66736
355  66712  3   1  0  66711
356  66710  2   46  66664
357  66736  3   1  3  66732
358  66209  4   3  1  1  66204
359  66708  3   1  0  66707
360  62656  3   3  4  62649
361  65856  2   1  65855
362  66196  3   0  0  66196
363  66740  2   0  66740
364  66698  2   3  66695
365  66178  2   2  66176
366  66660  3   1  1  66658
367  66734  2   0  66734
368  66657  4   0  2  0  66655
369  66695  3   1  3  66691
370  66690  2   2  66688
371  65764  4   1  1  1  65761
372  66652  2   0  66652
373  66676  2   5  66671
374  65792  2   0  65792
375  66635  3   0  1  66634
376  65698  3   2  1  65695
377  65600  2   0  65600
378  66740  2   48  66692
379  66671  3   1  0  66670
380  66699  3   0  0  66699
381  65369  4   4  1  1  65363
382  66730  3   2  0  66728
383  62792  3   0  1  62791
384  66268  2   0  66268
385  66676  3   0  2  66674
386  65514  3   0  11  65503
387  65044  2   3  65041
388  66262  2   1  66261
389  66676  2   1  66675
390  62786  2   3  62783
391  65452  2   71  65381
392  64716  2   2  64714
393  66646  2   12236  54410
394  66694  2   0  66694
395  64196  2   0  64196
396  65054  2   1  65053
397  63996  2   2244  61752
398  66256  3   2  0  66254
399  64952  2   2  64950
400  66246  2   1  66245
401  66660  2   0  66660
402  64880  2   1  64879
403  62426  2   29  62397
404  66672  2   1  66671
405  66554  4   12  1  9  66532
406  66671  3   0  2  66669
407  64250  3   0  1  64249
408  66694  3   2  1  66691
409  66644  4   1  0  0  66643
410  66730  2   2  66728
411  66396  3   1  5  66390
412  66684  3   1  5  66678
413  66438  2   0  66438
414  66732  3   0  1  66731
415  66242  2   17  66225
416  66676  2   0  66676
417  66730  2   0  66730
418  63269  3   1  2  63266
419  66737  3   0  0  66737
420  66270  2   0  66270
421  66687  3   1  1  66685
422  66478  2   2  66476
423  66693  3   0  3  66690
424  66672  3   0  1  66671
425  63279  3   5  0  63274
426  66738  2   0  66738
427  66694  2   4  66690
428  66709  3   0  1  66708
429  66304  2   2  66302
430  66738  3   0  1  66737
431  66334  2   1  66333
432  66692  3   3  0  66689
433  66552  2   231  66321
434  66738  3   1  2  66735
435  66560  2   23  66537
436  66676  2   0  66676
437  66740  2   0  66740
438  66662  2   0  66662
439  66708  3   0  3  66705
440  66676  2   2  66674
441  66739  3   1  1  66737
442  66740  3   0  1  66739
443  63291  3   1  0  63290
444  66672  2   0  66672
445  66709  3   0  1  66708
446  66678  3   2  1  66675
447  66363  3   1  1  66361
448  66670  2   0  66670
449  66578  3   0  1  66577
450  66689  4   1  0  3  66685
451  66352  2   0  66352
452  66667  3   2  1  66664
453  66710  3   0  1  66709
454  63282  2   5  63277
455  66738  2   0  66738
456  66690  4   3  0  45  66642
457  66672  2   0  66672
458  66694  2   2  66692
459  63298  2   0  63298
460  66724  4   0  3  0  66721
461  66740  3   0  0  66740
462  66371  4   1  0  1  66369
463  66388  2   0  66388
464  66688  2   1  66687
465  66641  3   0  1  66640
466  66408  3   1  1  66406
467  66686  2   99  66587
468  66644  2   0  66644
469  66412  2   1  66411
470  66740  4   1  1  0  66738
471  66663  3   1  0  66662
472  66734  2   2  66732
473  66598  2   2  66596
474  66740  3   0  0  66740
475  66688  2   0  66688
476  66718  2   0  66718
477  66638  2   0  66638
478  66624  2   6  66618
479  66740  2   8  66732
480  66740  2   5  66735
481  66736  3   2  2  66732
482  66534  2   3  66531
483  66440  3   2  0  66438
484  66648  2   1498  65150
485  66736  2   2  66734
486  66524  2   2  66522
487  66740  3   0  1  66739
488  66655  3   34  1  66620
489  63290  2   0  63290
490  66740  3   1  0  66739
491  66664  2   10  66654
492  66473  4   2  4  16  66451
493  66740  2   0  66740
494  66592  2   0  66592
495  63293  3   1815  0  61478
496  66740  5   0  0  1  0  66739
497  66685  3   1  1  66683
498  63283  3   1  0  63282
499  66736  2   0  66736
500  66678  2   1  66677
501  66686  2   1  66685
502  66740  2   3  66737
503  66440  2   1  66439
504  66680  4   0  2  0  66678
505  66736  3   0  1  66735
506  66738  2   1  66737
507  66556  2   1  66555
508  66682  3   2  1  66679
509  66686  2   1  66685
510  66734  2   2  66732
511  66444  3   1  1  66442
512  66433  4   2  3  0  66428
513  66710  2   0  66710
514  63307  3   0  1  63306
515  66160  2   3  66157
516  66426  3   5  0  66421
517  66418  2   2  66416
518  66674  3   0  0  66674
519  66730  2   0  66730
520  66051  4   1  1  3  66046
521  66740  3   1  1  66738
522  66520  2   2  66518
523  66725  3   0  0  66725
524  66733  3   1  0  66732
525  66408  2   0  66408
526  66520  2   2  66518
527  66671  3   0  0  66671
528  66398  2   0  66398

[pop]=6
1  896  2   0  896
2  908  3   0  0  908
3  898  2   0  898
4  908  2   0  908
5  908  3   0  0  908
6  908  2   0  908
7  906  2   0  906
8  908  2   0  908
9  908  3   0  0  908
10  908  2   0  908
11  908  4   0  0  0  908
12  898  3   0  0  898
13  898  2   0  898
14  906  2   0  906
15  908  3   0  0  908
16  900  2   0  900
17  906  2   0  906
18  908  3   0  0  908
19  908  2   0  908
20  906  3   0  0  906
21  897  3   0  0  897
22  898  2   0  898
23  898  3   0  0  898
24  908  2   0  908
25  898  3   0  0  898
26  898  2   0  898
27  908  2   0  908
28  908  2   0  908
29  906  3   0  0  906
30  906  2   0  906
31  908  2   565  343
32  908  4   0  0  0  908
33  906  3   0  0  906
34  906  2   0  906
35  898  2   1  897
36  906  3   0  0  906
37  908  2   0  908
38  908  4   0  0  0  908
39  906  3   0  0  906
40  908  3   0  0  908
41  906  2   0  906
42  908  3   0  0  908
43  908  3   0  0  908
44  906  2   0  906
45  906  3   0  0  906
46  886  3   0  0  886
47  906  4   0  0  0  906
48  908  2   0  908
49  908  2   0  908
50  906  2   1  905
51  908  2   0  908
52  870  3   0  0  870
53  904  3   0  0  904
54  898  3   0  0  898
55  908  3   0  0  908
56  907  5   0  0  0  0  907
57  906  3   0  0  906
58  908  3   0  0  908
59  908  3   0  0  908
60  898  3   0  0  898
61  898  3   0  0  898
62  908  2   0  908
63  852  2   0  852
64  904  2   1  903
65  906  2   0  906
66  908  4   0  0  0  908
67  850  2   0  850
68  904  2   0  904
69  902  4   0  0  0  902
70  908  3   0  0  908
71  898  3   0  1  897
72  908  3   0  0  908
73  904  2   0  904
74  845  3   0  0  845
75  904  3   0  7  897
76  906  4   0  0  0  906
77  900  2   0  900
78  908  4   0  0  0  908
79  902  2   0  902
80  906  2   0  906
81  906  2   0  906
82  898  2   0  898
83  906  3   0  1  905
84  904  2   0  904
85  908  2   0  908
86  810  2   0  810
87  904  2   0  904
88  908  2   0  908
89  904  2   0  904
90  898  2   0  898
91  901  3   0  0  901
92  900  2   0  900
93  896  2   0  896
94  900  3   0  0  900
95  908  2   0  908
96  752  3   0  0  752
97  908  2   0  908
98  745  4   1  0  0  744
99  894  2   0  894
100  900  2   0  900
101  734  2   0  734
102  897  4   0  0  0  897
103  900  2   0  900
104  908  2   0  908
105  908  2   0  908
106  892  2   0  892
107  908  3   0  0  908
108  886  2   0  886
109  906  2   0  906
110  906  2   0  906
111  252  2   0  252
112  908  2   0  908
113  850  3   0  0  850
114  908  2   0  908
115  842  2   0  842
116  908  2   0  908
117  908  2   0  908
118  908  2   0  908
119  908  2   0  908
120  862  3   0  0  862
121  908  2   0  908
122  866  2   0  866
123  907  3   0  0  907
124  862  2   0  862
125  908  2   0  908
126  908  2   26  882
127  908  3   0  0  908
128  870  2   0  870
129  256  2   2  254
130  866  2   13  853
131  908  3   0  0  908
132  866  2   0  866
133  908  2   0  908
134  864  2   0  864
135  908  4   0  0  0  908
136  908  2   2  906
137  908  3   0  0  908
138  867  3   0  0  867
139  908  4   0  0  0  908
140  908  2   0  908
141  866  2   0  866
142  908  2   0  908
143  862  2   0  862
144  905  3   0  0  905
145  908  3   0  0  908
146  858  2   0  858
147  906  2   0  906
148  908  2   0  908
149  906  2   0  906
150  908  2   0  908
151  906  3   0  0  906
152  906  3   0  0  906
153  904  2   0  904
154  908  2   0  908
155  908  2   1  907
156  908  2   0  908
157  904  2   0  904
158  908  2   0  908
159  908  2   0  908
160  818  2   0  818
161  222  2   0  222
162  908  3   0  0  908
163  902  2   0  902
164  908  3   0  0  908
165  898  2   0  898
166  908  3   0  0  908
167  200  3   0  0  200
168  904  3   0  0  904
169  906  2   1  905
170  898  3   0  0  898
171  901  3   0  0  901
172  908  2   0  908
173  198  3   0  0  198
174  908  3   0  0  908
175  898  2   0  898
176  908  3   45  0  863
177  898  4   0  0  0  898
178  840  2   15  825
179  908  2   0  908
180  901  3   0  0  901
181  908  2   0  908
182  651  3   0  0  651
183  892  2   0  892
184  895  4   0  0  0  895
185  908  2   0  908
186  908  3   0  0  908
187  868  2   0  868
188  890  2   0  890
189  870  4   0  0  0  870
190  906  3   0  0  906
191  693  3   0  0  693
192  904  2   0  904
193  898  3   0  0  898
194  898  3   0  0  898
195  908  2   0  908
196  890  2   0  890
197  904  2   0  904
198  906  2   0  906
199  904  3   0  0  904
200  906  3   0  0  906
201  692  3   0  0  692
202  893  3   0  0  893
203  906  3   0  0  906
204  683  4   0  0  0  683
205  876  3   1  0  875
206  908  3   0  0  908
207  906  2   0  906
208  670  3   0  0  670
209  908  3   0  0  908
210  906  3   0  0  906
211  908  3   0  0  908
212  904  5   0  0  0  0  904
213  908  2   11  897
214  878  2   0  878
215  908  3   0  0  908
216  908  3   0  0  908
217  872  2   0  872
218  908  2   0  908
219  908  2   0  908
220  872  2   0  872
221  874  2   0  874
222  908  3   0  0  908
223  204  2   0  204
224  898  2   0  898
225  908  3   0  0  908
226  906  3   0  0  906
227  866  2   0  866
228  898  2   0  898
229  902  3   0  0  902
230  800  2   0  800
231  906  3   0  0  906
232  898  2   0  898
233  902  4   0  0  0  902
234  804  3   0  0  804
235  908  4   0  0  0  908
236  814  2   0  814
237  898  4   0  0  0  898
238  278  2   0  278
239  902  2   0  902
240  899  3   0  0  899
241  908  2   0  908
242  840  2   0  840
243  902  3   0  0  902
244  908  3   0  0  908
245  902  2   0  902
246  908  4   0  0  1  907
247  878  2   0  878
248  908  2   0  908
249  878  5   0  1  0  0  877
250  343  3   0  0  343
251  908  3   0  0  908
252  908  3   0  0  908
253  902  2   0  902
254  908  2   0  908
255  902  2   0  902
256  908  2   906  2
257  908  2   0  908
258  904  2   0  904
259  860  2   0  860
260  902  2   1  901
261  906  3   0  0  906
262  904  2   0  904
263  852  2   0  852
264  908  2   0  908
265  900  2   0  900
266  854  2   0  854
267  906  2   0  906
268  906  4   0  0  0  906
269  902  4   0  0  0  902
270  854  3   0  0  854
271  908  4   0  0  0  908
272  904  2   0  904
273  428  2   0  428
274  906  2   0  906
275  908  2   0  908
276  456  2   0  456
277  900  2   0  900
278  908  2   0  908
279  458  3   0  0  458
280  908  3   0  0  908
281  904  3   0  0  904
282  904  3   0  0  904
283  904  2   0  904
284  908  3   0  0  908
285  904  2   1  903
286  904  2   0  904
287  908  3   0  0  908
288  560  2   0  560
289  906  4   0  0  0  906
290  906  2   0  906
291  900  2   0  900
292  904  2   0  904
293  598  2   0  598
294  860  2   0  860
295  908  2   0  908
296  908  2   0  908
297  648  3   0  0  648
298  908  2   0  908
299  864  2   2  862
300  908  2   0  908
301  904  2   0  904
302  904  2   0  904
303  900  2   0  900
304  874  2   0  874
305  908  2   0  908
306  906  3   0  0  906
307  904  3   1  0  903
308  904  2   0  904
309  908  2   1  907
310  878  2   0  878
311  908  2   0  908
312  904  2   0  904
313  908  2   0  908
314  908  2   0  908
315  873  3   0  0  873
316  904  2   0  904
317  876  3   9  0  867
318  906  3   0  0  906
319  908  2   121  787
320  904  3   0  0  904
321  766  3   0  0  766
322  880  2   0  880
323  906  2   0  906
324  906  3   0  0  906
325  776  2   0  776
326  880  2   0  880
327  904  2   0  904
328  900  2   0  900
329  908  2   0  908
330  906  3   0  0  906
331  904  4   0  0  0  904
332  906  2   0  906
333  906  2   0  906
334  906  2   0  906
335  906  5   0  0  0  0  906
336  908  3   0  0  908
337  900  2   1  899
338  879  3   0  0  879
339  904  3   0  0  904
340  906  2   0  906
341  907  3   0  0  907
342  902  3   0  0  902
343  900  2   0  900
344  812  4   0  3  0  809
345  902  2   0  902
346  902  3   0  0  902
347  908  2   0  908
348  908  2   0  908
349  903  3   0  3  900
350  906  2   0  906
351  908  2   0  908
352  901  4   0  0  0  901
353  908  2   0  908
354  908  2   0  908
355  908  3   0  0  908
356  908  2   0  908
357  908  3   0  0  908
358  900  4   0  0  0  900
359  908  3   0  0  908
360  835  3   0  0  835
361  882  2   0  882
362  900  3   0  0  900
363  900  2   0  900
364  906  2   0  906
365  900  2   0  900
366  906  3   0  0  906
367  908  2   0  908
368  906  4   0  0  0  906
369  908  3   0  0  908
370  908  2   0  908
371  892  4   0  0  0  892
372  906  2   0  906
373  904  2   0  904
374  884  2   0  884
375  906  3   0  0  906
376  878  3   0  0  878
377  892  2   0  892
378  900  2   2  898
379  906  3   0  0  906
380  908  3   0  0  908
381  891  4   0  0  0  891
382  908  3   0  0  908
383  838  3   0  0  838
384  902  2   0  902
385  906  3   0  0  906
386  876  3   0  0  876
387  884  2   0  884
388  902  2   0  902
389  906  2   0  906
390  838  2   0  838
391  874  2   0  874
392  878  2   0  878
393  908  2   176  732
394  908  2   0  908
395  874  2   0  874
396  856  2   0  856
397  866  2   57  809
398  902  3   0  0  902
399  852  2   0  852
400  902  2   0  902
401  904  2   0  904
402  850  2   0  850
403  848  2   0  848
404  908  2   0  908
405  907  4   1  0  0  906
406  908  3   0  0  908
407  848  3   0  0  848
408  908  3   0  0  908
409  908  4   0  0  0  908
410  906  2   0  906
411  906  3   0  0  906
412  908  3   0  0  908
413  906  2   0  906
414  908  3   0  0  908
415  894  2   0  894
416  908  2   0  908
417  908  2   0  908
418  866  3   0  0  866
419  906  3   0  0  906
420  896  2   0  896
421  908  3   0  0  908
422  906  2   0  906
423  908  3   0  0  908
424  906  3   0  0  906
425  866  3   0  0  866
426  908  2   0  908
427  908  2   0  908
428  908  3   0  0  908
429  896  2   0  896
430  908  3   0  0  908
431  898  2   0  898
432  908  3   1  0  907
433  906  2   0  906
434  908  3   0  0  908
435  906  2   0  906
436  906  2   0  906
437  908  2   0  908
438  900  2   0  900
439  908  3   0  0  908
440  906  2   0  906
441  906  3   0  0  906
442  908  3   0  0  908
443  866  3   0  0  866
444  906  2   0  906
445  908  3   0  0  908
446  906  3   0  0  906
447  902  3   0  0  902
448  900  2   0  900
449  906  3   0  0  906
450  908  4   0  0  0  908
451  904  2   0  904
452  900  3   0  0  900
453  908  3   0  0  908
454  866  2   0  866
455  906  2   0  906
456  908  4   0  0  0  908
457  900  2   0  900
458  908  2   0  908
459  870  2   0  870
460  908  4   0  0  0  908
461  908  3   0  0  908
462  901  4   0  0  0  901
463  900  2   0  900
464  908  2   0  908
465  904  3   0  0  904
466  900  3   0  0  900
467  900  2   2  898
468  904  2   0  904
469  900  2   0  900
470  907  4   0  0  0  907
471  908  3   0  0  908
472  908  2   0  908
473  902  2   0  902
474  908  3   0  0  908
475  900  2   0  900
476  908  2   0  908
477  908  2   0  908
478  906  2   0  906
479  908  2   0  908
480  908  2   0  908
481  908  3   0  0  908
482  900  2   0  900
483  904  3   0  0  904
484  908  2   14  894
485  908  2   0  908
486  900  2   0  900
487  908  3   0  0  908
488  908  3   0  0  908
489  868  2   0  868
490  908  3   0  0  908
491  908  2   0  908
492  900  4   0  0  0  900
493  908  2   0  908
494  908  2   0  908
495  868  3   29  0  839
496  908  5   0  0  0  0  908
497  898  3   0  0  898
498  868  3   0  0  868
499  908  2   0  908
500  906  2   0  906
501  908  2   0  908
502  908  2   0  908
503  904  2   0  904
504  908  4   0  0  0  908
505  908  3   0  0  908
506  908  2   0  908
507  908  2   0  908
508  898  3   0  0  898
509  908  2   0  908
510  908  2   0  908
511  902  3   0  0  902
512  902  4   0  0  0  902
513  908  2   0  908
514  868  3   0  0  868
515  896  2   0  896
516  903  3   0  0  903
517  904  2   1  903
518  908  3   0  0  908
519  908  2   0  908
520  893  4   0  0  0  893
521  908  3   0  0  908
522  908  2   0  908
523  906  3   0  0  906
524  908  3   0  0  908
525  902  2   0  902
526  908  2   0  908
527  906  3   0  0  906
528  902  2   0  902

[pop]=7
1  16502  2   10  16492
2  16502  3   0  0  16502
3  16508  2   0  16508
4  16512  2   2  16510
5  16512  3   5  0  16507
6  16502  2   0  16502
7  16512  2   0  16512
8  16512  2   0  16512
9  16512  3   0  2  16510
10  16512  2   1  16511
11  16512  4   2  0  0  16510
12  16506  3   0  0  16506
13  16508  2   2  16506
14  16512  2   0  16512
15  16512  3   0  0  16512
16  16508  2   0  16508
17  16512  2   2  16510
18  16512  3   0  0  16512
19  16512  2   0  16512
20  16506  3   0  0  16506
21  16500  3   0  0  16500
22  16508  2   0  16508
23  16498  3   0  3  16495
24  16512  2   0  16512
25  16508  3   1  0  16507
26  16498  2   0  16498
27  16512  2   0  16512
28  16512  2   0  16512
29  16506  3   4  0  16502
30  16508  2   0  16508
31  16510  2   9481  7029
32  16512  4   0  0  0  16512
33  16510  3   0  0  16510
34  16512  2   0  16512
35  16508  2   0  16508
36  16510  3   0  0  16510
37  16510  2   2  16508
38  16492  4   0  0  0  16492
39  16512  3   0  0  16512
40  16510  3   0  0  16510
41  16512  2   0  16512
42  16512  3   0  0  16512
43  16490  3   0  0  16490
44  16512  2   7  16505
45  16512  3   2  0  16510
46  16454  3   1  0  16453
47  16510  4   10  2  1  16497
48  16512  2   0  16512
49  16512  2   1  16511
50  16512  2   3  16509
51  16510  2   1  16509
52  16400  3   0  0  16400
53  16512  3   0  0  16512
54  16510  3   0  0  16510
55  16512  3   0  0  16512
56  16510  5   2  0  0  0  16508
57  16512  3   0  4  16508
58  16510  3   6  0  16504
59  16510  3   0  1  16509
60  16508  3   0  1  16507
61  16506  3   0  0  16506
62  16512  2   0  16512
63  16248  2   0  16248
64  16506  2   34  16472
65  16512  2   0  16512
66  16512  4   0  0  0  16512
67  16194  2   1  16193
68  16502  2   0  16502
69  16512  4   0  8  1  16503
70  16512  3   1  0  16511
71  16508  3   0  1  16507
72  16512  3   6  0  16506
73  16434  2   0  16434
74  16119  3   0  0  16119
75  16502  3   0  6  16496
76  16505  4   1  0  0  16504
77  16512  2   0  16512
78  16512  4   0  1  0  16511
79  16496  2   2  16494
80  16500  2   0  16500
81  16512  2   0  16512
82  16502  2   0  16502
83  16512  3   0  0  16512
84  16402  2   0  16402
85  16512  2   0  16512
86  15648  2   0  15648
87  16512  2   0  16512
88  16508  2   0  16508
89  16372  2   0  16372
90  16360  2   1  16359
91  16474  3   0  0  16474
92  16470  2   0  16470
93  16480  2   0  16480
94  16512  3   0  0  16512
95  16510  2   0  16510
96  15029  3   0  14  15015
97  16510  2   0  16510
98  14905  4   0  1  0  14904
99  16356  2   0  16356
100  16510  2   0  16510
101  14814  2   0  14814
102  16447  4   0  0  0  16447
103  16510  2   0  16510
104  16510  2   0  16510
105  16510  2   0  16510
106  16256  2   2  16254
107  16512  3   0  0  16512
108  16430  2   13  16417
109  16508  2   0  16508
110  16478  2   1  16477
111  8308  2   7  8301
112  16498  2   1  16497
113  12894  3   0  1  12893
114  16506  2   0  16506
115  14840  2   0  14840
116  16512  2   0  16512
117  16512  2   0  16512
118  16512  2   0  16512
119  16512  2   0  16512
120  13157  3   0  0  13157
121  16488  2   1  16487
122  15810  2   0  15810
123  16488  3   1  2  16485
124  13248  2   0  13248
125  16512  2   0  16512
126  16508  2   324  16184
127  16498  3   0  0  16498
128  15918  2   0  15918
129  8328  2   30  8298
130  13340  2   1  13339
131  16512  3   1  0  16511
132  15354  2   0  15354
133  16510  2   0  16510
134  13390  2   0  13390
135  16512  4   0  0  0  16512
136  16498  2   4  16494
137  16512  3   1  0  16511
138  13369  3   0  0  13369
139  16512  4   0  1  0  16511
140  16510  2   0  16510
141  15322  2   0  15322
142  16512  2   16  16496
143  13258  2   0  13258
144  16498  3   0  0  16498
145  16456  3   0  0  16456
146  13220  2   6  13214
147  16506  2   0  16506
148  16510  2   0  16510
149  16496  2   0  16496
150  16512  2   1  16511
151  16495  3   0  0  16495
152  16283  3   0  1  16282
153  16494  2   13  16481
154  16512  2   3  16509
155  16512  2   0  16512
156  16512  2   0  16512
157  16492  2   0  16492
158  16512  2   0  16512
159  16512  2   1  16511
160  12788  2   0  12788
161  8048  2   0  8048
162  16507  3   1  0  16506
163  16040  2   3  16037
164  16508  3   0  0  16508
165  15826  2   7  15819
166  16512  3   0  0  16512
167  7974  3   0  19  7955
168  16469  3   0  3  16466
169  16506  2   0  16506
170  16291  3   1  1  16289
171  16464  3   0  0  16464
172  16512  2   0  16512
173  7944  3   3  0  7941
174  16506  3   0  0  16506
175  16462  2   2  16460
176  16512  3   395  0  16117
177  16453  4   0  0  0  16453
178  12738  2   824  11914
179  16512  2   0  16512
180  16325  3   0  0  16325
181  16512  2   0  16512
182  12724  3   0  0  12724
183  16388  2   8  16380
184  15595  4   0  1  1  15593
185  16512  2   1  16511
186  16512  3   0  0  16512
187  15318  2   0  15318
188  16414  2   36  16378
189  15375  4   0  1  5  15369
190  16512  3   0  0  16512
191  13212  3   71  0  13141
192  16408  2   1  16407
193  16468  3   14  1  16453
194  16462  3   0  0  16462
195  16512  2   1  16511
196  16416  2   0  16416
197  16394  2   0  16394
198  16512  2   0  16512
199  16392  3   0  0  16392
200  16512  3   1  0  16511
201  13050  3   0  0  13050
202  16407  3   0  1  16406
203  16512  3   0  0  16512
204  12941  4   0  0  0  12941
205  15464  3   0  0  15464
206  16512  3   0  0  16512
207  16512  2   0  16512
208  12839  3   0  0  12839
209  16512  3   0  0  16512
210  16512  3   0  0  16512
211  16508  3   1  1  16506
212  16278  5   0  1  0  0  16277
213  16512  2   1150  15362
214  16152  2   0  16152
215  16512  3   0  1  16511
216  16504  3   1  0  16503
217  16506  2   1  16505
218  16508  2   0  16508
219  16512  2   0  16512
220  16506  2   1  16505
221  16272  2   0  16272
222  16508  3   0  0  16508
223  5632  2   0  5632
224  16472  2   0  16472
225  16508  3   1  0  16507
226  16490  3   0  0  16490
227  16506  2   0  16506
228  16476  2   0  16476
229  16485  3   0  1  16484
230  15446  2   1  15445
231  16489  3   0  0  16489
232  16476  2   1  16475
233  16489  4   1  0  3  16485
234  15607  3   0  0  15607
235  16492  4   0  0  0  16492
236  16502  2   0  16502
237  16479  4   0  0  0  16479
238  6934  2   45  6889
239  16488  2   0  16488
240  16481  3   0  4  16477
241  16510  2   2  16508
242  16506  2   0  16506
243  16484  3   0  3  16481
244  16507  3   1  0  16506
245  16494  2   17  16477
246  16499  4   0  0  1  16498
247  16508  2   0  16508
248  16506  2   2  16504
249  16508  5   1  0  0  0  16507
250  8187  3   1  0  8186
251  16512  3   1  1  16510
252  16507  3   0  0  16507
253  16498  2   1  16497
254  16508  2   1  16507
255  16500  2   1  16499
256  16510  2   16510  0
257  16512  2   1  16511
258  16506  2   0  16506
259  16308  2   0  16308
260  16502  2   1  16501
261  16508  3   0  2  16506
262  16504  2   0  16504
263  16354  2   1  16353
264  16512  2   9  16503
265  16508  2   0  16508
266  16362  2   2  16360
267  16510  2   0  16510
268  16508  4   0  0  0  16508
269  16501  4   0  0  0  16501
270  16374  3   2  0  16372
271  16512  4   0  3  1  16508
272  16508  2   1  16507
273  10326  2   0  10326
274  16510  2   0  16510
275  16512  2   0  16512
276  11082  2   1  11081
277  16508  2   1  16507
278  16510  2   0  16510
279  11118  3   0  2  11116
280  16512  3   3  0  16509
281  16510  3   0  4  16506
282  16508  3   2  0  16506
283  16510  2   0  16510
284  16510  3   0  0  16510
285  16504  2   0  16504
286  16508  2   0  16508
287  16512  3   0  0  16512
288  12378  2   0  12378
289  16511  4   0  0  0  16511
290  16508  2   0  16508
291  16510  2   0  16510
292  16510  2   0  16510
293  12804  2   1  12803
294  16438  2   0  16438
295  16512  2   0  16512
296  16512  2   0  16512
297  13592  3   0  0  13592
298  16512  2   0  16512
299  16450  2   0  16450
300  16512  2   0  16512
301  16508  2   2  16506
302  16510  2   0  16510
303  16512  2   0  16512
304  16464  2   0  16464
305  16512  2   1  16511
306  16510  3   0  4  16506
307  16506  3   0  0  16506
308  16512  2   5  16507
309  16508  2   25  16483
310  16468  2   2  16466
311  16512  2   0  16512
312  16512  2   0  16512
313  16512  2   6  16506
314  16508  2   0  16508
315  16470  3   0  0  16470
316  16506  2   1  16505
317  16487  3   411  0  16076
318  16512  3   3  0  16509
319  16512  2   2163  14349
320  16508  3   0  0  16508
321  14951  3   0  0  14951
322  16488  2   6  16482
323  16512  2   3  16509
324  16512  3   0  0  16512
325  15128  2   1  15127
326  16490  2   0  16490
327  16512  2   0  16512
328  16512  2   1  16511
329  16510  2   0  16510
330  16510  3   0  2  16508
331  16509  4   0  0  0  16509
332  16510  2   0  16510
333  16512  2   1  16511
334  16510  2   2  16508
335  16512  5   2  0  0  0  16510
336  16509  3   0  0  16509
337  16512  2   1  16511
338  16497  3   4  3  16490
339  16510  3   0  1  16509
340  16512  2   7  16505
341  16511  3   1  0  16510
342  16511  3   0  0  16511
343  16512  2   0  16512
344  15673  4   1  93  4  15575
345  16510  2   0  16510
346  16512  3   0  0  16512
347  16510  2   0  16510
348  16512  2   6  16506
349  16511  3   0  205  16306
350  16512  2   5  16507
351  16512  2   4  16508
352  16510  4   0  0  0  16510
353  16512  2   2  16510
354  16512  2   0  16512
355  16510  3   0  0  16510
356  16506  2   0  16506
357  16511  3   0  0  16511
358  16510  4   1  0  1  16508
359  16510  3   0  2  16508
360  15884  3   0  0  15884
361  16484  2   10  16474
362  16510  3   0  0  16510
363  16512  2   0  16512
364  16506  2   0  16506
365  16510  2   0  16510
366  16512  3   0  0  16512
367  16512  2   0  16512
368  16512  4   7  0  1  16504
369  16510  3   0  0  16510
370  16506  2   0  16506
371  16509  4   0  0  0  16509
372  16512  2   0  16512
373  16506  2   0  16506
374  16458  2   0  16458
375  16512  3   4  0  16508
376  16430  3   0  0  16430
377  16472  2   0  16472
378  16512  2   9  16503
379  16504  3   0  2  16502
380  16510  3   1  1  16508
381  16458  4   0  1  0  16457
382  16512  3   0  1  16511
383  15883  3   0  0  15883
384  16510  2   0  16510
385  16504  3   0  0  16504
386  16381  3   2  0  16379
387  16438  2   0  16438
388  16510  2   2  16508
389  16504  2   0  16504
390  15868  2   0  15868
391  16368  2   25  16343
392  16414  2   0  16414
393  16512  2   4485  12027
394  16510  2   0  16510
395  16368  2   0  16368
396  16258  2   0  16258
397  16348  2   1335  15013
398  16510  3   1  0  16509
399  16232  2   4  16228
400  16510  2   0  16510
401  16504  2   2  16502
402  16206  2   0  16206
403  16168  2   0  16168
404  16512  2   0  16512
405  16507  4   0  0  0  16507
406  16512  3   0  0  16512
407  16056  3   0  0  16056
408  16512  3   2  0  16510
409  16506  4   5  0  0  16501
410  16512  2   0  16512
411  16437  3   1  2  16434
412  16510  3   0  0  16510
413  16444  2   0  16444
414  16512  3   1  7  16504
415  16510  2   2  16508
416  16510  2   0  16510
417  16512  2   0  16512
418  16264  3   3  0  16261
419  16512  3   0  2  16510
420  16512  2   2  16510
421  16511  3   0  0  16511
422  16446  2   0  16446
423  16512  3   4  0  16508
424  16512  3   0  0  16512
425  16264  3   1  1  16262
426  16512  2   0  16512
427  16512  2   0  16512
428  16506  3   0  0  16506
429  16512  2   0  16512
430  16512  3   0  1  16511
431  16510  2   0  16510
432  16510  3   0  1  16509
433  16488  2   0  16488
434  16512  3   0  0  16512
435  16492  2   0  16492
436  16512  2   2  16510
437  16512  2   6  16506
438  16494  2   2  16492
439  16508  3   1  1  16506
440  16512  2   0  16512
441  16512  3   0  0  16512
442  16512  3   0  1  16511
443  16264  3   0  0  16264
444  16512  2   2  16510
445  16507  3   1  0  16506
446  16512  3   0  0  16512
447  16512  3   0  0  16512
448  16494  2   0  16494
449  16492  3   0  0  16492
450  16512  4   0  0  8  16504
451  16490  2   81  16409
452  16494  3   0  0  16494
453  16506  3   0  0  16506
454  16264  2   0  16264
455  16512  2   0  16512
456  16512  4   0  0  1  16511
457  16492  2   0  16492
458  16512  2   0  16512
459  16264  2   0  16264
460  16512  4   0  0  0  16512
461  16512  3   0  2  16510
462  16512  4   0  0  0  16512
463  16512  2   3  16509
464  16508  2   1  16507
465  16512  3   0  1  16511
466  16512  3   0  0  16512
467  16500  2   37  16463
468  16512  2   0  16512
469  16512  2   1  16511
470  16512  4   0  0  0  16512
471  16508  3   0  1  16507
472  16512  2   0  16512
473  16508  2   0  16508
474  16512  3   0  1  16511
475  16498  2   0  16498
476  16510  2   4  16506
477  16508  2   0  16508
478  16510  2   0  16510
479  16512  2   0  16512
480  16512  2   5  16507
481  16510  3   0  0  16510
482  16506  2   0  16506
483  16512  3   0  0  16512
484  16504  2   237  16267
485  16510  2   4  16506
486  16506  2   0  16506
487  16512  3   0  0  16512
488  16505  3   0  1  16504
489  16264  2   1  16263
490  16512  3   0  0  16512
491  16506  2   0  16506
492  16499  4   0  0  43  16456
493  16512  2   0  16512
494  16508  2   1  16507
495  16264  3   133  0  16131
496  16512  5   0  0  0  0  16512
497  16499  3   0  0  16499
498  16264  3   0  1  16263
499  16512  2   1  16511
500  16510  2   1  16509
501  16506  2   3  16503
502  16512  2   1  16511
503  16512  2   0  16512
504  16507  4   1  0  0  16506
505  16510  3   0  0  16510
506  16512  2   0  16512
507  16508  2   1  16507
508  16496  3   0  0  16496
509  16506  2   1  16505
510  16508  2   0  16508
511  16512  3   0  0  16512
512  16510  4   0  0  0  16510
513  16508  2   0  16508
514  16264  3   0  0  16264
515  16466  2   0  16466
516  16510  3   0  0  16510
517  16510  2   0  16510
518  16508  3   0  0  16508
519  16510  2   0  16510
520  16457  4   0  0  1  16456
521  16512  3   0  0  16512
522  16502  2   4  16498
523  16510  3   1  1  16508
524  16512  3   0  2  16510
525  16510  2   0  16510
526  16496  2   0  16496
527  16510  3   0  0  16510
528  16510  2   105  16405

