[loci]=91

[populations]=7

[pop]=1
1  5585  2   2  5583
2  5841  2   9  5832
3  5834  2   153  5681
4  5833  2   7  5826
5  6403  6   0  0  0  0  0  6403
6  6425  2   0  6425
7  6483  2   0  6483
8  6600  2   0  6600
9  6810  3   0  6  6804
10  6858  5   1  0  3  0  6854
11  6900  2   0  6900
12  6903  2   0  6903
13  7307  2   0  7307
14  7339  2   0  7339
15  7365  4   2  0  0  7363
16  7368  4   14  0  0  7354
17  7378  3   0  0  7378
18  7395  3   0  0  7395
19  7409  4   0  0  1  7408
20  7417  3   4  0  7413
21  7313  2   0  7313
22  7368  3   0  0  7368
23  7396  4   0  0  0  7396
24  7436  2   0  7436
25  7485  3   0  0  7485
26  7491  4   0  0  2  7489
27  7651  2   1  7650
28  7686  5   10  0  1  0  7675
29  7701  2   2  7699
30  7784  3   0  0  7784
31  7815  3   1  0  7814
32  7813  4   0  0  0  7813
33  7818  4   1  0  0  7817
34  7826  2   2  7824
35  7845  2   1  7844
36  7854  2   0  7854
37  7863  2   0  7863
38  7872  3   0  0  7872
39  7881  3   0  1  7880
40  7889  4   3  0  0  7886
41  7895  4   0  0  1  7894
42  7896  4   0  0  0  7896
43  7905  3   0  2  7903
44  7905  2   0  7905
45  7904  3   0  0  7904
46  7902  2   0  7902
47  7905  2   1  7904
48  7904  4   1  0  0  7903
49  7907  3   0  0  7907
50  7914  3   0  0  7914
51  7919  3   0  0  7919
52  7922  4   0  0  0  7922
53  7914  3   1  0  7913
54  7919  2   0  7919
55  7916  2   0  7916
56  7919  2   0  7919
57  7923  2   11  7912
58  7917  3   0  0  7917
59  8068  3   0  7242  826
60  8030  3   0  0  8030
61  8027  3   2  0  8025
62  8016  4   3  0  0  8013
63  8040  2   0  8040
64  8030  2   6  8024
65  8070  3   0  11  8059
66  8126  3   1  4  8121
67  8132  3   0  0  8132
68  8133  2   0  8133
69  8137  3   3  0  8134
70  8062  3   1  0  8061
71  8091  2   0  8091
72  8203  2   0  8203
73  8205  2   0  8205
74  8213  8   5  0  0  0  1  0  0  8207
75  8295  2   2  8293
76  8325  3   0  7  8318
77  8346  2   0  8346
78  8352  3   1  0  8351
79  8358  3   0  0  8358
80  8362  3   0  0  8362
81  8361  2   0  8361
82  8346  3   0  0  8346
83  8340  2   0  8340
84  8317  4   0  0  4  8313
85  8304  5   0  0  0  0  8304
86  8293  2   0  8293
87  8233  4   0  0  1  8232
88  8228  2   0  8228
89  8220  3   0  1  8219
90  8198  3   175  0  8023
91  8196  2   0  8196

[pop]=2
1  8703  2   3  8700
2  8624  2   146  8478
3  8718  2   9  8709
4  8673  2   50  8623
5  8372  6   0  0  1  0  40  8331
6  8349  2   1  8348
7  8350  2   0  8350
8  8350  2   5  8345
9  8299  3   0  0  8299
10  8268  5   0  0  0  0  8268
11  8259  2   2  8257
12  8302  2   0  8302
13  8607  2   1  8606
14  8657  2   0  8657
15  8669  4   1  0  1  8667
16  8680  4   0  1  0  8679
17  8700  3   0  0  8700
18  8742  3   3  0  8739
19  8770  4   0  1  0  8769
20  8786  3   0  0  8786
21  8775  2   0  8775
22  8828  3   0  0  8828
23  8853  4   0  0  3  8850
24  8900  2   0  8900
25  8950  3   0  0  8950
26  8957  4   0  0  1  8956
27  9070  2   1  9069
28  9104  5   0  0  0  0  9104
29  9111  2   1  9110
30  9213  3   0  0  9213
31  9272  3   0  0  9272
32  9278  4   0  0  2  9276
33  9283  4   0  0  0  9283
34  9294  2   0  9294
35  9302  2   0  9302
36  9309  2   0  9309
37  9312  2   0  9312
38  9316  3   1  1  9314
39  9316  3   1  0  9315
40  9320  4   0  0  0  9320
41  9320  4   0  0  0  9320
42  9321  4   2  2  0  9317
43  9321  3   0  0  9321
44  9321  2   0  9321
45  9321  3   0  0  9321
46  9321  2   0  9321
47  9321  2   0  9321
48  9321  4   0  0  0  9321
49  9320  3   0  0  9320
50  9320  3   0  0  9320
51  9320  3   0  0  9320
52  9320  4   0  0  0  9320
53  9317  3   0  0  9317
54  9316  2   0  9316
55  9315  2   0  9315
56  9312  2   0  9312
57  9298  2   0  9298
58  9286  3   0  0  9286
59  9224  3   1  5860  3363
60  9246  3   0  1  9245
61  9246  3   0  0  9246
62  9245  4   1  0  0  9244
63  9242  2   0  9242
64  9235  2   0  9235
65  9235  3   2  991  8242
66  9267  3   0  1  9266
67  9272  3   0  0  9272
68  9274  2   0  9274
69  9277  3   0  1  9276
70  9277  3   1  0  9276
71  9279  2   0  9279
72  9287  2   0  9287
73  9291  2   0  9291
74  9294  8   0  0  0  0  0  0  0  9294
75  9297  2   0  9297
76  9299  3   0  17  9282
77  9289  2   0  9289
78  9301  3   0  0  9301
79  9304  3   0  0  9304
80  9305  3   0  0  9305
81  9305  2   0  9305
82  9262  3   0  0  9262
83  9262  2   0  9262
84  9300  4   0  0  0  9300
85  9302  5   0  0  0  0  9302
86  9297  2   0  9297
87  9288  4   0  0  0  9288
88  9289  2   0  9289
89  9289  3   1  0  9288
90  9282  3   13  0  9269
91  9280  2   0  9280

[pop]=3
1  5891  2   0  5891
2  5880  2   152  5728
3  5942  2   0  5942
4  5891  2   0  5891
5  5745  6   0  0  0  42  0  5703
6  5729  2   0  5729
7  5761  2   1  5760
8  5789  2   0  5789
9  5805  3   0  9  5796
10  5811  5   0  0  0  0  5811
11  5827  2   1  5826
12  5836  2   1  5835
13  6097  2   0  6097
14  6136  2   0  6136
15  6157  4   0  0  0  6157
16  6169  4   0  0  0  6169
17  6192  3   0  0  6192
18  6217  3   0  0  6217
19  6226  4   0  0  0  6226
20  6234  3   0  0  6234
21  6234  2   2  6232
22  6267  3   0  2  6265
23  6303  4   0  0  0  6303
24  6324  2   9  6315
25  6348  3   0  0  6348
26  6359  4   1  1  0  6357
27  6432  2   0  6432
28  6466  5   0  0  0  0  6466
29  6476  2   1  6475
30  6559  3   1  0  6558
31  6590  3   0  0  6590
32  6597  4   0  1  0  6596
33  6603  4   0  10  0  6593
34  6606  2   0  6606
35  6612  2   0  6612
36  6617  2   0  6617
37  6620  2   0  6620
38  6622  3   0  0  6622
39  6622  3   0  0  6622
40  6622  4   0  0  2  6620
41  6622  4   0  0  0  6622
42  6621  4   0  0  2  6619
43  6623  3   0  0  6623
44  6623  2   0  6623
45  6625  3   1  0  6624
46  6625  2   0  6625
47  6626  2   0  6626
48  6625  4   0  1  1  6623
49  6626  3   0  3  6623
50  6626  3   0  0  6626
51  6625  3   1  0  6624
52  6623  4   0  0  0  6623
53  6623  3   0  2  6621
54  6623  2   0  6623
55  6624  2   0  6624
56  6624  2   0  6624
57  6611  2   0  6611
58  6579  3   0  7  6572
59  6514  3   0  4570  1944
60  6531  3   0  0  6531
61  6517  3   0  0  6517
62  6510  4   0  0  0  6510
63  6510  2   0  6510
64  6498  2   0  6498
65  6504  3   0  0  6504
66  6546  3   0  0  6546
67  6558  3   0  0  6558
68  6564  2   0  6564
69  6564  3   0  0  6564
70  6568  3   0  1  6567
71  6575  2   0  6575
72  6577  2   6  6571
73  6579  2   0  6579
74  6579  8   1  0  1  0  0  0  0  6577
75  6580  2   0  6580
76  6579  3   0  0  6579
77  6579  2   3  6576
78  6581  3   0  0  6581
79  6582  3   0  0  6582
80  6584  3   1  0  6583
81  6584  2   0  6584
82  6577  3   0  0  6577
83  6577  2   0  6577
84  6558  4   1  0  0  6557
85  6552  5   0  0  0  0  6552
86  6551  2   0  6551
87  6529  4   0  0  0  6529
88  6528  2   0  6528
89  6521  3   0  0  6521
90  6521  3   0  0  6521
91  6520  2   0  6520

[pop]=4
1  3694  2   9  3685
2  3865  2   0  3865
3  3671  2   0  3671
4  3597  2   101  3496
5  3499  6   0  0  0  0  0  3499
6  3492  2   0  3492
7  3502  2   0  3502
8  3508  2   0  3508
9  3508  3   0  0  3508
10  3504  5   0  0  0  0  3504
11  3518  2   0  3518
12  3526  2   0  3526
13  3846  2   0  3846
14  3885  2   0  3885
15  3897  4   1  0  0  3896
16  3908  4   0  0  0  3908
17  3936  3   0  0  3936
18  3955  3   0  0  3955
19  3973  4   0  0  0  3973
20  3994  3   0  0  3994
21  3965  2   0  3965
22  4000  3   0  0  4000
23  4035  4   0  0  0  4035
24  4050  2   0  4050
25  4080  3   0  0  4080
26  4085  4   0  0  0  4085
27  4233  2   0  4233
28  4264  5   0  0  0  0  4264
29  4283  2   6  4277
30  4404  3   0  0  4404
31  4455  3   0  0  4455
32  4461  4   0  0  13  4448
33  4470  4   0  0  0  4470
34  4476  2   0  4476
35  4491  2   0  4491
36  4496  2   0  4496
37  4497  2   0  4497
38  4500  3   0  0  4500
39  4504  3   0  0  4504
40  4505  4   0  0  0  4505
41  4507  4   0  0  0  4507
42  4507  4   0  0  0  4507
43  4507  3   0  0  4507
44  4506  2   0  4506
45  4508  3   0  0  4508
46  4508  2   0  4508
47  4506  2   0  4506
48  4506  4   0  0  0  4506
49  4507  3   0  0  4507
50  4506  3   0  0  4506
51  4505  3   0  0  4505
52  4502  4   0  0  0  4502
53  4502  3   0  0  4502
54  4501  2   0  4501
55  4500  2   0  4500
56  4496  2   0  4496
57  4493  2   0  4493
58  4481  3   0  0  4481
59  4460  3   0  2268  2192
60  4475  3   0  0  4475
61  4478  3   0  0  4478
62  4475  4   0  0  0  4475
63  4473  2   0  4473
64  4471  2   0  4471
65  4483  3   0  0  4483
66  4487  3   0  0  4487
67  4488  3   0  0  4488
68  4490  2   0  4490
69  4490  3   0  0  4490
70  4491  3   0  0  4491
71  4494  2   0  4494
72  4498  2   0  4498
73  4498  2   0  4498
74  4498  8   0  0  0  0  0  0  0  4498
75  4498  2   0  4498
76  4497  3   0  1  4496
77  4490  2   0  4490
78  4501  3   0  0  4501
79  4501  3   0  0  4501
80  4500  3   0  0  4500
81  4501  2   0  4501
82  4472  3   0  0  4472
83  4471  2   0  4471
84  4496  4   0  0  0  4496
85  4496  5   0  0  0  0  4496
86  4496  2   0  4496
87  4491  4   0  0  0  4491
88  4490  2   0  4490
89  4490  3   0  0  4490
90  4490  3   0  0  4490
91  4490  2   0  4490

[pop]=5
1  38814  2   85  38729
2  39842  2   28  39814
3  39513  2   0  39513
4  39244  2   549  38695
5  39100  6   0  0  0  0  10  39090
6  39007  2   5  39002
7  39171  2   2  39169
8  39414  2   0  39414
9  39701  3   0  5  39696
10  39732  5   0  1  0  1  39730
11  39868  2   3  39865
12  39967  2   1  39966
13  42909  2   2  42907
14  43169  2   0  43169
15  43332  4   22  1  0  43309
16  43393  4   1  1  1  43390
17  43652  3   0  4  43648
18  43778  3   6  1  43771
19  43850  4   1  0  0  43849
20  43968  3   0  6  43962
21  43434  2   0  43434
22  43844  3   1  2  43841
23  44222  4   1  1  1  44219
24  44442  2   0  44442
25  44780  3   4  1  44775
26  44848  4   5  6  4  44833
27  45924  2   5  45919
28  46268  5   0  5  0  1  46262
29  46363  2   30  46333
30  46968  3   2  2  46964
31  47248  3   0  1  47247
32  47284  4   5  0  55  47224
33  47323  4   0  7  0  47316
34  47365  2   0  47365
35  47418  2   6  47412
36  47445  2   1  47444
37  47466  2   0  47466
38  47477  3   1  1  47475
39  47480  3   8  0  47472
40  47498  4   0  0  0  47498
41  47508  4   1  2  0  47505
42  47510  4   0  2  3  47505
43  47514  3   0  0  47514
44  47513  2   1  47512
45  47513  3   0  0  47513
46  47513  2   3  47510
47  47511  2   3  47508
48  47505  4   0  5  0  47500
49  47509  3   0  0  47509
50  47502  3   2  2  47498
51  47486  3   0  2  47484
52  47479  4   1  1  3  47474
53  47461  3   0  1  47460
54  47459  2   0  47459
55  47438  2   0  47438
56  47426  2   2  47424
57  47333  2   0  47333
58  47222  3   0  0  47222
59  46914  3   0  22918  23996
60  46951  3   1  0  46950
61  46895  3   0  1  46894
62  46872  4   0  0  2  46870
63  46852  2   1  46851
64  46816  2   0  46816
65  46840  3   1  12  46827
66  47066  3   0  0  47066
67  47104  3   3  0  47101
68  47144  2   0  47144
69  47140  3   0  0  47140
70  47082  3   5  0  47077
71  47146  2   0  47146
72  47243  2   0  47243
73  47240  2   3  47237
74  47260  8   4  1  3  0  1  1  0  47250
75  47309  2   0  47309
76  47336  3   0  12  47324
77  47237  2   0  47237
78  47369  3   1  1  47367
79  47367  3   3  1  47363
80  47370  3   0  1  47369
81  47368  2   4  47364
82  47022  3   1  0  47021
83  47019  2   2  47017
84  47260  4   0  2  0  47258
85  47204  5   1  1  1  1  47200
86  47188  2   2  47186
87  47057  4   1  1  0  47055
88  47021  2   0  47021
89  46986  3   0  0  46986
90  46926  3   1  0  46925
91  46912  2   0  46912

[pop]=6
1  471  2   0  471
2  492  2   2  490
3  481  2   1  480
4  476  2   7  469
5  488  6   0  0  0  0  2  486
6  493  2   0  493
7  497  2   0  497
8  495  2   0  495
9  504  3   0  0  504
10  512  5   0  0  0  0  512
11  509  2   1  508
12  515  2   0  515
13  543  2   0  543
14  549  2   0  549
15  551  4   0  0  0  551
16  554  4   0  0  0  554
17  553  3   0  0  553
18  554  3   0  0  554
19  560  4   0  0  0  560
20  566  3   0  0  566
21  559  2   0  559
22  570  3   0  0  570
23  575  4   0  0  0  575
24  576  2   0  576
25  578  3   0  0  578
26  575  4   0  0  4  571
27  588  2   1  587
28  596  5   0  0  0  0  596
29  598  2   0  598
30  612  3   0  0  612
31  616  3   0  0  616
32  618  4   0  0  0  618
33  619  4   0  0  0  619
34  619  2   0  619
35  621  2   1  620
36  621  2   0  621
37  621  2   0  621
38  621  3   0  0  621
39  621  3   0  0  621
40  623  4   0  0  0  623
41  623  4   0  0  0  623
42  623  4   0  0  0  623
43  623  3   0  0  623
44  623  2   0  623
45  624  3   0  0  624
46  626  2   0  626
47  624  2   0  624
48  624  4   0  0  0  624
49  626  3   1  0  625
50  628  3   0  0  628
51  628  3   0  0  628
52  628  4   0  0  0  628
53  630  3   0  0  630
54  629  2   0  629
55  629  2   2  627
56  629  2   0  629
57  626  2   0  626
58  623  3   0  0  623
59  623  3   0  319  304
60  623  3   0  0  623
61  622  3   0  0  622
62  623  4   0  0  0  623
63  623  2   0  623
64  623  2   0  623
65  618  3   0  3  615
66  627  3   0  0  627
67  627  3   0  0  627
68  626  2   0  626
69  626  3   0  0  626
70  624  3   1  0  623
71  628  2   0  628
72  628  2   0  628
73  628  2   0  628
74  630  8   0  0  0  0  0  0  0  630
75  630  2   0  630
76  630  3   0  1  629
77  627  2   0  627
78  630  3   0  0  630
79  629  3   0  0  629
80  628  3   0  0  628
81  628  2   0  628
82  618  3   0  0  618
83  621  2   0  621
84  623  4   0  0  0  623
85  622  5   0  0  0  0  622
86  624  2   0  624
87  620  4   0  0  0  620
88  619  2   0  619
89  619  3   0  0  619
90  616  3   1  0  615
91  614  2   0  614

[pop]=7
1  9303  2   75  9228
2  9433  2   40  9393
3  9239  2   1  9238
4  9194  2   219  8975
5  9020  6   1  1  0  0  2  9016
6  9005  2   0  9005
7  9026  2   0  9026
8  9040  2   0  9040
9  9027  3   0  0  9027
10  9048  5   0  0  5  0  9043
11  9046  2   0  9046
12  9066  2   0  9066
13  9405  2   0  9405
14  9433  2   2  9431
15  9458  4   0  20  0  9438
16  9473  4   0  0  0  9473
17  9510  3   2  70  9438
18  9539  3   74  0  9465
19  9551  4   0  0  0  9551
20  9575  3   1  71  9503
21  9589  2   0  9589
22  9630  3   0  0  9630
23  9670  4   0  0  0  9670
24  9703  2   0  9703
25  9737  3   0  0  9737
26  9748  4   0  0  20  9728
27  9852  2   49  9803
28  9891  5   0  0  0  0  9891
29  9907  2   0  9907
30  9999  3   0  0  9999
31  10054  3   0  0  10054
32  10065  4   0  0  4  10061
33  10073  4   0  1  3  10069
34  10089  2   0  10089
35  10099  2   7  10092
36  10105  2   1  10104
37  10108  2   8  10100
38  10111  3   0  0  10111
39  10113  3   0  0  10113
40  10116  4   0  0  0  10116
41  10116  4   0  0  0  10116
42  10117  4   0  0  0  10117
43  10117  3   4  0  10113
44  10117  2   2  10115
45  10117  3   0  1  10116
46  10118  2   0  10118
47  10117  2   0  10117
48  10117  4   0  1  0  10116
49  10118  3   0  0  10118
50  10116  3   0  0  10116
51  10116  3   0  0  10116
52  10114  4   0  0  0  10114
53  10111  3   0  0  10111
54  10111  2   3  10108
55  10107  2   34  10073
56  10108  2   1  10107
57  10101  2   0  10101
58  10098  3   1  0  10097
59  10081  3   0  5144  4937
60  10080  3   0  0  10080
61  10078  3   0  0  10078
62  10080  4   0  1  0  10079
63  10077  2   8  10069
64  10076  2   0  10076
65  10078  3   3  0  10075
66  10089  3   0  0  10089
67  10094  3   0  1  10093
68  10096  2   2  10094
69  10096  3   0  0  10096
70  10098  3   49  0  10049
71  10099  2   4  10095
72  10103  2   1  10102
73  10104  2   0  10104
74  10104  8   0  0  0  1  0  0  0  10103
75  10106  2   0  10106
76  10106  3   0  2  10104
77  10090  2   0  10090
78  10107  3   0  0  10107
79  10107  3   0  0  10107
80  10107  3   0  0  10107
81  10107  2   0  10107
82  10074  3   1  1  10072
83  10078  2   0  10078
84  10085  4   2  1  0  10082
85  10066  5   0  0  0  0  10066
86  10053  2   0  10053
87  9889  4   0  0  0  9889
88  9812  2   6  9806
89  9749  3   0  0  9749
90  9582  3   0  57  9525
91  9541  2   3  9538

