[loci]=344

[populations]=7

[pop]=1
1  10384  2   0  10384
2  9808  4   0  0  2  9806
3  10406  2   0  10406
4  10406  2   0  10406
5  10262  3   0  1  10261
6  10276  2   0  10276
7  10258  2   0  10258
8  10396  2   0  10396
9  10288  2   0  10288
10  10254  2   0  10254
11  10406  3   0  0  10406
12  10246  2   0  10246
13  10180  2   38  10142
14  10257  3   0  0  10257
15  3958  2   4  3954
16  3720  3   0  0  3720
17  10400  4   0  0  0  10400
18  3310  2   0  3310
19  10356  3   0  1  10355
20  9808  2   0  9808
21  10398  2   0  10398
22  10168  2   0  10168
23  3148  2   0  3148
24  8036  3   0  3  8033
25  9808  2   0  9808
26  10249  3   0  1  10248
27  10156  3   0  0  10156
28  10400  3   0  0  10400
29  9804  2   0  9804
30  10250  3   0  0  10250
31  3072  2   0  3072
32  10400  3   0  0  10400
33  10172  2   0  10172
34  2202  2   0  2202
35  10404  3   0  0  10404
36  10141  4   0  0  0  10141
37  1949  3   0  0  1949
38  7695  3   4  0  7691
39  10398  3   0  0  10398
40  10326  3   155  0  10171
41  10404  4   0  0  0  10404
42  10164  2   0  10164
43  10288  3   2  0  10286
44  9806  2   0  9806
45  10402  3   0  0  10402
46  10152  3   0  0  10152
47  10400  2   1  10399
48  9809  3   0  0  9809
49  10396  2   2  10394
50  10404  3   1  0  10403
51  10404  2   12  10392
52  8478  2   0  8478
53  10400  2   0  10400
54  10126  2   0  10126
55  10404  2   5  10399
56  10400  3   0  0  10400
57  9806  2   0  9806
58  10396  3   1  0  10395
59  10304  3   1  0  10303
60  8492  2   0  8492
61  10400  3   0  0  10400
62  10396  2   0  10396
63  10310  3   0  0  10310
64  10308  2   0  10308
65  10402  2   0  10402
66  10402  2   70  10332
67  10404  3   0  0  10404
68  10400  2   0  10400
69  10304  2   0  10304
70  10322  2   0  10322
71  3619  4   1  1  1  3616
72  10192  3   0  0  10192
73  10394  2   0  10394
74  10054  2   2  10052
75  10404  2   0  10404
76  4586  2   2  4584
77  10322  2   1  10321
78  10052  2   0  10052
79  8496  2   0  8496
80  10400  2   0  10400
81  10403  3   0  2674  7729
82  10406  3   0  0  10406
83  9790  2   0  9790
84  10170  3   1  1  10168
85  10402  3   2  0  10400
86  9789  3   828  0  8961
87  5157  3   0  0  5157
88  10008  3   0  0  10008
89  8494  2   0  8494
90  5494  3   172  0  5322
91  10362  3   0  0  10362
92  10404  2   0  10404
93  10400  3   0  6  10394
94  10130  2   0  10130
95  8479  2   0  8479
96  10382  2   0  10382
97  9720  2   0  9720
98  10370  2   0  10370
99  10406  2   0  10406
100  7004  3   0  0  7004
101  10386  2   0  10386
102  10376  2   0  10376
103  10398  2   0  10398
104  7102  2   0  7102
105  10344  4   0  1945  0  8399
106  10406  3   0  0  10406
107  10392  2   1  10391
108  7496  2   0  7496
109  10365  3   0  0  10365
110  10406  4   0  0  0  10406
111  10390  2   0  10390
112  10189  3   0  0  10189
113  10396  2   0  10396
114  9460  2   0  9460
115  8410  3   0  0  8410
116  10390  3   0  0  10390
117  10406  2   2  10404
118  10391  3   0  0  10391
119  10406  3   0  1412  8994
120  9758  3   1  0  9757
121  10394  3   0  0  10394
122  9518  5   0  0  0  0  9518
123  10361  3   2  0  10359
124  9696  2   1  9695
125  9538  3   0  0  9538
126  9014  3   0  0  9014
127  10361  3   0  0  10361
128  10260  2   0  10260
129  10354  2   2  10352
130  10406  2   1  10405
131  9012  2   0  9012
132  10402  2   0  10402
133  10392  2   0  10392
134  9376  2   0  9376
135  10402  2   1  10401
136  10400  2   0  10400
137  9692  2   0  9692
138  8314  2   3  8311
139  9368  2   3  9365
140  10400  2   0  10400
141  9656  3   39  0  9617
142  10396  2   4  10392
143  10374  2   0  10374
144  10402  2   3  10399
145  10398  2   0  10398
146  9624  3   0  3  9621
147  10382  3   0  0  10382
148  10360  2   0  10360
149  9608  3   0  1  9607
150  10398  2   0  10398
151  9599  3   0  0  9599
152  10406  3   0  0  10406
153  10358  2   0  10358
154  9648  2   0  9648
155  10388  2   1  10387
156  9896  2   0  9896
157  10386  2   0  10386
158  10406  2   2  10404
159  10404  2   2  10402
160  9501  3   0  1  9500
161  10402  2   22  10380
162  9498  2   0  9498
163  8163  2   0  8163
164  10328  3   1  0  10327
165  10406  2   0  10406
166  10364  2   0  10364
167  9424  2   2  9422
168  10391  3   0  0  10391
169  10402  4   0  0  0  10402
170  9696  2   4  9692
171  10330  3   0  0  10330
172  9373  4   0  0  0  9373
173  10404  2   0  10404
174  9338  3   50  0  9288
175  10400  4   0  0  0  10400
176  9718  2   2  9716
177  10380  2   0  10380
178  1370  3   3  0  1367
179  10382  2   0  10382
180  10364  2   1  10363
181  9246  2   0  9246
182  8010  2   5  8005
183  10090  3   0  0  10090
184  1528  2   0  1528
185  10402  3   0  1  10401
186  10362  2   0  10362
187  10336  2   3  10333
188  10402  2   4  10398
189  9975  3   0  0  9975
190  10331  3   0  0  10331
191  10400  2   0  10400
192  10402  3   0  0  10402
193  10359  4   0  0  0  10359
194  10332  2   0  10332
195  10240  3   1  0  10239
196  10376  3   4  1  10371
197  10402  2   0  10402
198  10328  2   1  10327
199  10402  3   1  0  10401
200  10106  2   0  10106
201  10404  2   1  10403
202  10328  2   0  10328
203  10402  4   1  0  0  10401
204  10386  2   2  10384
205  10112  2   0  10112
206  10402  2   2  10400
207  10402  2   0  10402
208  9778  3   0  1  9777
209  10402  3   0  0  10402
210  10406  4   0  2  0  10404
211  10330  2   0  10330
212  10332  2   1  10331
213  10340  2   2261  8079
214  10317  3   0  0  10317
215  10406  2   2  10404
216  10272  2   0  10272
217  10402  2   4  10398
218  10366  2   0  10366
219  10400  3   0  0  10400
220  10404  2   0  10404
221  9786  2   477  9309
222  10062  2   0  10062
223  10400  3   0  0  10400
224  10406  2   0  10406
225  10329  3   0  0  10329
226  10406  2   0  10406
227  9788  2   9  9779
228  10290  2   117  10173
229  10258  3   1  0  10257
230  9178  2   0  9178
231  10144  2   0  10144
232  9793  4   0  1  2  9790
233  10120  2   0  10120
234  10402  3   1  0  10401
235  10402  3   0  0  10402
236  10390  2   0  10390
237  10319  3   0  0  10319
238  10402  2   0  10402
239  10322  2   2  10320
240  10166  2   0  10166
241  9798  2   2  9796
242  10328  2   83  10245
243  10406  2   0  10406
244  10298  3   0  0  10298
245  10402  2   0  10402
246  10390  2   0  10390
247  10321  3   0  2  10319
248  10376  2   1  10375
249  10404  3   0  2  10402
250  10394  2   0  10394
251  10396  3   0  0  10396
252  10348  2   0  10348
253  10400  2   0  10400
254  10320  3   14  1  10305
255  10314  3   0  26  10288
256  8922  2   0  8922
257  10278  3   0  0  10278
258  10356  2   0  10356
259  10406  3   0  0  10406
260  10400  3   0  0  10400
261  10390  3   0  0  10390
262  8950  2   0  8950
263  9709  3   0  0  9709
264  10400  2   0  10400
265  10388  2   1  10387
266  8956  2   193  8763
267  9722  2   0  9722
268  10400  3   0  0  10400
269  9216  2   0  9216
270  10316  3   0  1007  9309
271  10404  3   0  9  10395
272  10383  3   0  0  10383
273  10336  3   8284  0  2052
274  10316  4   0  0  0  10316
275  9024  2   3  9021
276  10364  3   0  0  10364
277  10365  4   0  0  0  10365
278  10398  2   0  10398
279  9854  2   0  9854
280  10404  3   0  0  10404
281  10368  3   1  0  10367
282  9804  3   1  0  9803
283  9618  2   0  9618
284  10396  3   0  0  10396
285  10160  3   0  0  10160
286  9033  3   0  0  9033
287  10366  4   0  0  0  10366
288  9520  2   1  9519
289  10394  4   0  0  3  10391
290  10364  2   23  10341
291  10392  2   0  10392
292  10406  3   1  0  10405
293  9006  3   0  0  9006
294  9441  3   0  0  9441
295  10406  3   0  0  10406
296  10374  2   0  10374
297  10398  2   0  10398
298  9002  3   0  0  9002
299  10364  2   66  10298
300  9564  3   0  0  9564
301  9421  4   0  0  1  9420
302  10362  2   0  10362
303  10342  3   0  0  10342
304  10370  2   0  10370
305  10400  2   0  10400
306  10402  3   0  0  10402
307  9004  4   1  1  0  9002
308  10363  4   0  0  0  10363
309  10404  3   181  1  10222
310  8448  3   0  0  8448
311  10364  2   2  10362
312  9378  2   0  9378
313  10404  2   9  10395
314  9206  3   0  0  9206
315  10369  3   3  0  10366
316  10402  2   26  10376
317  10376  2   0  10376
318  9174  3   2  0  9172
319  10356  2   1  10355
320  10406  2   0  10406
321  10378  2   0  10378
322  8982  3   0  1  8981
323  10366  3   0  0  10366
324  9070  2   2  9068
325  10406  2   0  10406
326  10202  3   0  0  10202
327  8424  2   0  8424
328  10376  3   0  0  10376
329  8984  2   0  8984
330  10366  3   0  1  10365
331  8991  3   0  0  8991
332  10368  2   0  10368
333  9058  2   0  9058
334  10174  2   21  10153
335  10264  3   0  0  10264
336  10174  2   2  10172
337  10358  2   0  10358
338  10361  3   1  1  10359
339  10375  3   1  0  10374
340  10360  2   0  10360
341  8473  2   0  8473
342  10376  2   0  10376
343  8008  4   0  0  0  8008
344  10342  3   0  0  10342

[pop]=2
1  11576  2   0  11576
2  11573  4   0  0  2  11571
3  11578  2   0  11578
4  11576  2   3  11573
5  11578  3   0  0  11578
6  11560  2   0  11560
7  11576  2   0  11576
8  11578  2   0  11578
9  11562  2   2  11560
10  11516  2   0  11516
11  11578  3   9  0  11569
12  11578  2   0  11578
13  11522  2   0  11522
14  11516  3   0  0  11516
15  3856  2   0  3856
16  3571  3   0  0  3571
17  11578  4   0  0  0  11578
18  3050  2   2  3048
19  11562  3   0  0  11562
20  11574  2   0  11574
21  11578  2   0  11578
22  11520  2   0  11520
23  2812  2   3  2809
24  8398  3   0  0  8398
25  11574  2   2  11572
26  11516  3   0  0  11516
27  11515  3   0  0  11515
28  11570  3   0  0  11570
29  11572  2   0  11572
30  11516  3   0  0  11516
31  964  2   0  964
32  11576  3   0  0  11576
33  11578  2   0  11578
34  1636  2   0  1636
35  11576  3   0  0  11576
36  11510  4   0  0  0  11510
37  1388  3   0  0  1388
38  7817  3   5  0  7812
39  11576  3   1  0  11575
40  11566  3   5  0  11561
41  11577  4   1  0  0  11576
42  11572  2   0  11572
43  11552  3   0  0  11552
44  11572  2   0  11572
45  11578  3   0  2  11576
46  11572  3   1  0  11571
47  11576  2   0  11576
48  11574  3   0  0  11574
49  11576  2   1  11575
50  11570  3   3  0  11567
51  11578  2   0  11578
52  9233  2   0  9233
53  11578  2   0  11578
54  11510  2   0  11510
55  11578  2   25  11553
56  11578  3   0  0  11578
57  11574  2   0  11574
58  11576  3   0  0  11576
59  11578  3   0  2  11576
60  9245  2   0  9245
61  11578  3   0  0  11578
62  11576  2   0  11576
63  11564  3   0  0  11564
64  11578  2   0  11578
65  11574  2   2  11572
66  11576  2   2  11574
67  11572  3   1  0  11571
68  11576  2   0  11576
69  11564  2   1  11563
70  11578  2   1  11577
71  1713  4   0  0  0  1713
72  11506  3   0  0  11506
73  11578  2   0  11578
74  11494  2   0  11494
75  11578  2   0  11578
76  3330  2   32  3298
77  11578  2   0  11578
78  11490  2   0  11490
79  9253  2   0  9253
80  11578  2   0  11578
81  11577  3   0  2191  9386
82  11572  3   0  0  11572
83  11564  2   0  11564
84  11490  3   0  0  11490
85  11578  3   2  0  11576
86  11562  3   308  0  11254
87  4414  3   0  0  4414
88  11476  3   2  2  11472
89  9245  2   0  9245
90  4844  3   8  0  4836
91  11564  3   0  1  11563
92  11578  2   0  11578
93  11578  3   0  0  11578
94  11480  2   0  11480
95  9237  2   3  9234
96  11554  2   0  11554
97  11524  2   0  11524
98  11562  2   0  11562
99  11572  2   0  11572
100  7346  3   0  0  7346
101  11556  2   0  11556
102  11546  2   0  11546
103  11578  2   0  11578
104  7546  2   1  7545
105  11512  4   0  3348  0  8164
106  11572  3   1  1  11570
107  11554  2   2  11552
108  7930  2   2  7928
109  11578  3   0  1  11577
110  11573  4   0  0  0  11573
111  11556  2   0  11556
112  11500  3   0  0  11500
113  11576  2   0  11576
114  11470  2   0  11470
115  9172  3   0  0  9172
116  11560  3   0  0  11560
117  11572  2   0  11572
118  11566  3   0  0  11566
119  11573  3   0  260  11313
120  11428  3   0  1  11427
121  11575  3   0  1  11574
122  11482  5   0  0  0  0  11482
123  11532  3   0  0  11532
124  11392  2   3  11389
125  11487  3   0  0  11487
126  10336  3   1  0  10335
127  11533  3   1  0  11532
128  11522  2   0  11522
129  11564  2   0  11564
130  11578  2   0  11578
131  10338  2   0  10338
132  11576  2   0  11576
133  11572  2   0  11572
134  10784  2   3  10781
135  11578  2   1  11577
136  11566  2   0  11566
137  11380  2   0  11380
138  9056  2   4  9052
139  10788  2   0  10788
140  11566  2   2  11564
141  11375  3   1  0  11374
142  11568  2   0  11568
143  11554  2   0  11554
144  11578  2   0  11578
145  11570  2   0  11570
146  11522  3   0  0  11522
147  11560  3   1  1  11558
148  11566  2   2  11564
149  11358  3   0  0  11358
150  11574  2   0  11574
151  11360  3   3  0  11357
152  11578  3   0  0  11578
153  11566  2   1  11565
154  11526  2   0  11526
155  11562  2   0  11562
156  11376  2   1  11375
157  11560  2   3  11557
158  11578  2   0  11578
159  11560  2   0  11560
160  11326  3   0  0  11326
161  11578  2   2  11576
162  11330  2   1  11329
163  8807  2   0  8807
164  11545  3   0  0  11545
165  11578  2   0  11578
166  11566  2   0  11566
167  11312  2   0  11312
168  11574  3   0  0  11574
169  11556  4   0  0  0  11556
170  11548  2   0  11548
171  11548  3   0  1  11547
172  11297  4   0  1  6  11290
173  11570  2   7  11563
174  11280  3   1  0  11279
175  11555  4   1  0  0  11554
176  11562  2   0  11562
177  11554  2   0  11554
178  280  3   9  0  271
179  11552  2   0  11552
180  11564  2   0  11564
181  11244  2   0  11244
182  8610  2   0  8610
183  11474  3   0  0  11474
184  300  2   0  300
185  11578  3   0  0  11578
186  11564  2   0  11564
187  11552  2   0  11552
188  11568  2   0  11568
189  11335  3   1  0  11334
190  11553  3   1  0  11552
191  11578  2   0  11578
192  11578  3   0  0  11578
193  11571  4   0  0  0  11571
194  11552  2   0  11552
195  11372  3   0  0  11372
196  11560  3   14  0  11546
197  11564  2   0  11564
198  11556  2   0  11556
199  11578  3   0  0  11578
200  11430  2   0  11430
201  11578  2   0  11578
202  11546  2   4  11542
203  11578  4   3  0  0  11575
204  11544  2   0  11544
205  11432  2   0  11432
206  11576  2   0  11576
207  11578  2   0  11578
208  11574  3   1  1  11572
209  11576  3   0  0  11576
210  11578  4   0  0  1  11577
211  11556  2   0  11556
212  11448  2   1  11447
213  11546  2   4355  7191
214  11434  3   0  0  11434
215  11578  2   0  11578
216  11532  2   0  11532
217  11578  2   0  11578
218  11548  2   0  11548
219  11576  3   0  0  11576
220  11578  2   0  11578
221  11574  2   24  11550
222  11420  2   0  11420
223  11576  3   0  1  11575
224  11578  2   0  11578
225  11554  3   0  0  11554
226  11578  2   1  11577
227  11574  2   0  11574
228  11542  2   5  11537
229  11471  3   0  0  11471
230  10946  2   6  10940
231  11484  2   0  11484
232  11574  4   1  0  0  11573
233  11454  2   0  11454
234  11578  3   0  1  11577
235  11578  3   0  0  11578
236  11552  2   1  11551
237  11553  3   0  1  11552
238  11578  2   0  11578
239  11554  2   0  11554
240  11482  2   0  11482
241  11574  2   0  11574
242  11556  2   2  11554
243  11578  2   3  11575
244  11484  3   0  0  11484
245  11578  2   0  11578
246  11566  2   0  11566
247  11550  3   0  0  11550
248  11532  2   0  11532
249  11566  3   2  6  11558
250  11564  2   2  11562
251  11578  3   0  0  11578
252  11560  2   1  11559
253  11552  2   0  11552
254  11548  3   2  0  11546
255  11483  3   0  79  11404
256  11292  2   0  11292
257  11522  3   0  0  11522
258  11558  2   0  11558
259  11578  3   0  0  11578
260  11574  3   0  0  11574
261  11556  3   0  0  11556
262  11298  2   1  11297
263  11327  3   0  0  11327
264  11566  2   0  11566
265  11556  2   0  11556
266  11296  2   5  11291
267  11332  2   0  11332
268  11563  3   0  0  11563
269  10702  2   7  10695
270  11414  3   0  1991  9423
271  11560  3   0  0  11560
272  11554  3   0  7  11547
273  11330  3   5066  0  6264
274  11539  4   0  1  0  11538
275  11354  2   0  11354
276  11564  3   0  1  11563
277  11560  4   0  0  0  11560
278  11572  2   0  11572
279  11102  2   1  11101
280  11577  3   0  0  11577
281  11560  3   1  0  11559
282  11032  3   0  0  11032
283  11314  2   0  11314
284  11544  3   0  1  11543
285  11316  3   0  0  11316
286  11364  3   0  1  11363
287  11560  4   0  0  2  11558
288  11284  2   0  11284
289  11543  4   0  0  0  11543
290  11560  2   1  11559
291  11542  2   1  11541
292  11578  3   0  1  11577
293  11368  3   1  0  11367
294  11220  3   0  0  11220
295  11578  3   0  0  11578
296  11564  2   0  11564
297  11578  2   0  11578
298  11380  3   0  0  11380
299  11560  2   2  11558
300  10541  3   0  0  10541
301  11177  4   0  0  1  11176
302  11560  2   4  11556
303  11558  3   1  0  11557
304  11526  2   0  11526
305  11558  2   0  11558
306  11578  3   0  4  11574
307  11387  4   0  0  0  11387
308  11559  4   1  0  0  11558
309  11576  3   133  0  11443
310  9214  3   0  0  9214
311  11560  2   0  11560
312  10202  2   0  10202
313  11578  2   0  11578
314  10948  3   0  0  10948
315  11556  3   0  0  11556
316  11578  2   1  11577
317  11562  2   0  11562
318  9917  3   0  0  9917
319  11562  2   1  11561
320  11578  2   0  11578
321  11564  2   1  11563
322  11406  3   0  0  11406
323  11554  3   0  0  11554
324  9698  2   0  9698
325  11578  2   0  11578
326  11376  3   1  0  11375
327  9171  2   0  9171
328  11564  3   1  0  11563
329  11412  2   0  11412
330  11557  3   0  0  11557
331  9602  3   0  0  9602
332  11564  2   0  11564
333  11434  2   0  11434
334  11376  2   38  11338
335  11341  3   0  0  11341
336  11378  2   0  11378
337  11558  2   0  11558
338  11562  3   0  0  11562
339  11566  3   0  0  11566
340  11556  2   0  11556
341  9217  2   2  9215
342  11566  2   1  11565
343  9165  4   0  0  0  9165
344  11554  3   0  0  11554

[pop]=3
1  8644  2   0  8644
2  8625  4   0  0  1  8624
3  8654  2   0  8654
4  8654  2   0  8654
5  8650  3   0  0  8650
6  8654  2   12  8642
7  8650  2   2  8648
8  8646  2   0  8646
9  8654  2   0  8654
10  8610  2   0  8610
11  8654  3   0  0  8654
12  8646  2   0  8646
13  8580  2   0  8580
14  8613  3   0  0  8613
15  3582  2   0  3582
16  3404  3   0  0  3404
17  8646  4   0  0  0  8646
18  3070  2   0  3070
19  8624  3   0  0  8624
20  8622  2   6  8616
21  8646  2   0  8646
22  8586  2   0  8586
23  2872  2   184  2688
24  6072  3   0  2  6070
25  8622  2   0  8622
26  8615  3   0  0  8615
27  8580  3   0  0  8580
28  8654  3   0  0  8654
29  8624  2   0  8624
30  8616  3   1  3  8612
31  1654  2   0  1654
32  8648  3   5  0  8643
33  8636  2   0  8636
34  1722  2   0  1722
35  8654  3   0  1  8653
36  8577  4   0  0  0  8577
37  1515  3   0  2  1513
38  5704  3   0  0  5704
39  8650  3   0  0  8650
40  8654  3   0  0  8654
41  8654  4   0  0  0  8654
42  8634  2   0  8634
43  8600  3   0  0  8600
44  8626  2   0  8626
45  8654  3   0  0  8654
46  8629  3   0  0  8629
47  8654  2   0  8654
48  8626  3   0  0  8626
49  8644  2   10  8634
50  8652  3   0  0  8652
51  8654  2   0  8654
52  6624  2   0  6624
53  8654  2   0  8654
54  8576  2   2  8574
55  8654  2   0  8654
56  8654  3   1  1  8652
57  8622  2   0  8622
58  8644  3   0  1  8643
59  8654  3   0  0  8654
60  6627  2   0  6627
61  8654  3   0  1  8653
62  8644  2   0  8644
63  8652  3   1  1  8650
64  8654  2   0  8654
65  8654  2   0  8654
66  8654  2   0  8654
67  8652  3   0  0  8652
68  8654  2   0  8654
69  8648  2   0  8648
70  8654  2   0  8654
71  2068  4   0  0  0  2068
72  8604  3   0  0  8604
73  8652  2   0  8652
74  8552  2   0  8552
75  8654  2   0  8654
76  3128  2   1  3127
77  8654  2   1  8653
78  8550  2   0  8550
79  6632  2   5  6627
80  8654  2   0  8654
81  8653  3   0  398  8255
82  8652  3   0  0  8652
83  8624  2   0  8624
84  8606  3   0  0  8606
85  8654  3   1  0  8653
86  8617  3   1216  0  7401
87  3773  3   1  1  3771
88  8526  3   0  0  8526
89  6626  2   0  6626
90  4088  3   0  0  4088
91  8630  3   0  0  8630
92  8654  2   0  8654
93  8652  3   0  0  8652
94  8596  2   0  8596
95  6620  2   0  6620
96  8642  2   1  8641
97  8608  2   2  8606
98  8646  2   0  8646
99  8652  2   0  8652
100  5774  3   1  0  5773
101  8642  2   0  8642
102  8640  2   0  8640
103  8652  2   1  8651
104  5910  2   0  5910
105  8634  4   0  725  0  7909
106  8652  3   0  0  8652
107  8640  2   0  8640
108  6198  2   0  6198
109  8654  3   0  0  8654
110  8652  4   0  0  0  8652
111  8644  2   1  8643
112  8602  3   0  0  8602
113  8652  2   0  8652
114  8542  2   0  8542
115  6582  3   0  0  6582
116  8644  3   0  0  8644
117  8652  2   0  8652
118  8652  3   0  0  8652
119  8650  3   31  298  8321
120  8462  3   0  0  8462
121  8652  3   0  1  8651
122  8562  5   0  0  0  1  8561
123  8640  3   0  0  8640
124  8452  2   0  8452
125  8562  3   0  0  8562
126  7838  3   0  0  7838
127  8640  3   0  0  8640
128  8626  2   0  8626
129  8642  2   5  8637
130  8654  2   0  8654
131  7844  2   2  7842
132  8652  2   0  8652
133  8652  2   0  8652
134  8212  2   0  8212
135  8652  2   0  8652
136  8654  2   0  8654
137  8434  2   0  8434
138  6455  2   0  6455
139  8216  2   0  8216
140  8654  2   95  8559
141  8420  3   0  0  8420
142  8652  2   0  8652
143  8644  2   0  8644
144  8654  2   0  8654
145  8652  2   0  8652
146  8594  3   0  2  8592
147  8646  3   0  0  8646
148  8646  2   0  8646
149  8412  3   0  0  8412
150  8652  2   0  8652
151  8406  3   0  2  8404
152  8654  3   0  0  8654
153  8646  2   0  8646
154  8602  2   9  8593
155  8646  2   3  8643
156  8562  2   0  8562
157  8646  2   0  8646
158  8654  2   0  8654
159  8650  2   0  8650
160  8386  3   0  1  8385
161  8654  2   0  8654
162  8384  2   0  8384
163  6281  2   3  6278
164  8637  3   0  0  8637
165  8654  2   0  8654
166  8646  2   0  8646
167  8378  2   0  8378
168  8652  3   0  0  8652
169  8650  4   1  0  0  8649
170  8614  2   0  8614
171  8638  3   0  0  8638
172  8368  4   0  0  0  8368
173  8652  2   0  8652
174  8366  3   0  0  8366
175  8649  4   0  0  0  8649
176  8616  2   0  8616
177  8644  2   0  8644
178  490  3   0  0  490
179  8644  2   0  8644
180  8646  2   0  8646
181  8328  2   0  8328
182  6115  2   0  6115
183  8590  3   0  0  8590
184  518  2   0  518
185  8654  3   0  0  8654
186  8648  2   0  8648
187  8646  2   4  8642
188  8636  2   0  8636
189  8499  3   0  0  8499
190  8646  3   0  4  8642
191  8654  2   0  8654
192  8654  3   3  0  8651
193  8648  4   0  0  1  8647
194  8644  2   0  8644
195  8628  3   0  0  8628
196  8642  3   0  0  8642
197  8626  2   0  8626
198  8644  2   0  8644
199  8654  3   0  1  8653
200  8562  2   0  8562
201  8654  2   0  8654
202  8636  2   0  8636
203  8654  4   0  0  0  8654
204  8568  2   0  8568
205  8568  2   2  8566
206  8650  2   1  8649
207  8654  2   0  8654
208  8624  3   0  0  8624
209  8650  3   0  0  8650
210  8654  4   0  0  0  8654
211  8642  2   0  8642
212  8406  2   1  8405
213  8622  2   4910  3712
214  8372  3   1  0  8371
215  8654  2   0  8654
216  8626  2   0  8626
217  8654  2   0  8654
218  8646  2   0  8646
219  8650  3   1  0  8649
220  8654  2   0  8654
221  8624  2   0  8624
222  8536  2   0  8536
223  8650  3   0  0  8650
224  8654  2   0  8654
225  8643  3   0  0  8643
226  8654  2   0  8654
227  8624  2   3  8621
228  8628  2   0  8628
229  8568  3   0  0  8568
230  8230  2   0  8230
231  8584  2   24  8560
232  8624  4   0  0  1  8623
233  8566  2   0  8566
234  8650  3   2  0  8648
235  8650  3   0  0  8650
236  8652  2   0  8652
237  8632  3   0  0  8632
238  8650  2   0  8650
239  8632  2   0  8632
240  8588  2   1  8587
241  8624  2   0  8624
242  8636  2   0  8636
243  8654  2   0  8654
244  8606  3   0  0  8606
245  8654  2   0  8654
246  8652  2   0  8652
247  8644  3   0  0  8644
248  8644  2   0  8644
249  8654  3   0  0  8654
250  8652  2   3  8649
251  8648  3   0  0  8648
252  8640  2   0  8640
253  8648  2   0  8648
254  8643  3   0  0  8643
255  8619  3   0  2  8617
256  8216  2   0  8216
257  8624  3   0  0  8624
258  8634  2   0  8634
259  8654  3   0  0  8654
260  8654  3   0  0  8654
261  8654  3   2  0  8652
262  8238  2   1  8237
263  8550  3   0  0  8550
264  8654  2   0  8654
265  8650  2   1  8649
266  8248  2   0  8248
267  8552  2   0  8552
268  8654  3   0  0  8654
269  7718  2   0  7718
270  8614  3   0  10  8604
271  8651  3   0  0  8651
272  8648  3   0  0  8648
273  8536  3   4524  1  4011
274  8634  4   0  0  1  8633
275  8296  2   0  8296
276  8646  3   0  0  8646
277  8636  4   0  0  0  8636
278  8654  2   0  8654
279  8438  2   0  8438
280  8654  3   0  0  8654
281  8636  3   0  0  8636
282  8399  3   0  0  8399
283  8524  2   0  8524
284  8646  3   0  0  8646
285  8596  3   0  1  8595
286  8333  3   0  0  8333
287  8646  4   0  0  0  8646
288  8500  2   0  8500
289  8644  4   0  0  0  8644
290  8644  2   0  8644
291  8640  2   0  8640
292  8654  3   0  0  8654
293  8338  3   1  1  8336
294  8455  3   1  0  8454
295  8654  3   0  0  8654
296  8654  2   0  8654
297  8652  2   0  8652
298  8346  3   4  1  8341
299  8646  2   0  8646
300  8138  3   18  0  8120
301  8433  4   0  0  0  8433
302  8648  2   0  8648
303  8646  3   0  0  8646
304  8632  2   0  8632
305  8654  2   0  8654
306  8652  3   2  1  8649
307  8389  4   0  0  0  8389
308  8648  4   0  0  0  8648
309  8626  3   4249  0  4377
310  6536  3   0  0  6536
311  8648  2   0  8648
312  7922  2   7  7915
313  8654  2   0  8654
314  8245  3   0  0  8245
315  8636  3   1  1  8634
316  8652  2   0  8652
317  8652  2   0  8652
318  7796  3   1  0  7795
319  8650  2   0  8650
320  8654  2   2  8652
321  8654  2   0  8654
322  8414  3   0  0  8414
323  8648  3   0  0  8648
324  7640  2   0  7640
325  8654  2   0  8654
326  8622  3   0  0  8622
327  6520  2   0  6520
328  8654  3   0  1  8653
329  8430  2   0  8430
330  8648  3   0  0  8648
331  7599  3   0  0  7599
332  8652  2   0  8652
333  8462  2   0  8462
334  8616  2   0  8616
335  8562  3   0  0  8562
336  8620  2   0  8620
337  8636  2   4  8632
338  8651  3   0  0  8651
339  8654  3   0  11  8643
340  8648  2   3  8645
341  6589  2   0  6589
342  8654  2   0  8654
343  7088  4   0  1  0  7087
344  8640  3   32  0  8608

[pop]=4
1  6612  2   0  6612
2  6598  4   0  0  0  6598
3  6614  2   0  6614
4  6614  2   0  6614
5  6614  3   0  0  6614
6  6614  2   0  6614
7  6614  2   0  6614
8  6614  2   0  6614
9  6614  2   0  6614
10  6612  2   0  6612
11  6614  3   0  0  6614
12  6614  2   0  6614
13  6572  2   0  6572
14  6610  3   0  1  6609
15  2696  2   0  2696
16  2511  3   0  0  2511
17  6614  4   0  0  0  6614
18  2244  2   0  2244
19  6608  3   0  0  6608
20  6594  2   0  6594
21  6614  2   0  6614
22  6566  2   0  6566
23  2136  2   0  2136
24  3900  3   0  0  3900
25  6590  2   0  6590
26  6608  3   0  0  6608
27  6568  3   0  0  6568
28  6614  3   0  0  6614
29  6576  2   0  6576
30  6608  3   0  0  6608
31  440  2   0  440
32  6614  3   0  0  6614
33  6612  2   0  6612
34  1292  2   0  1292
35  6614  3   0  0  6614
36  6566  4   0  0  0  6566
37  1125  3   0  0  1125
38  3544  3   77  0  3467
39  6614  3   0  0  6614
40  6612  3   0  0  6612
41  6614  4   0  0  0  6614
42  6612  2   1  6611
43  6606  3   0  0  6606
44  6578  2   0  6578
45  6614  3   0  0  6614
46  6612  3   0  0  6612
47  6614  2   0  6614
48  6570  3   0  0  6570
49  6614  2   0  6614
50  6614  3   0  0  6614
51  6614  2   0  6614
52  4514  2   0  4514
53  6614  2   0  6614
54  6566  2   0  6566
55  6614  2   1  6613
56  6614  3   0  0  6614
57  6564  2   0  6564
58  6614  3   0  0  6614
59  6614  3   0  0  6614
60  4516  2   0  4516
61  6614  3   0  0  6614
62  6614  2   0  6614
63  6610  3   0  0  6610
64  6614  2   0  6614
65  6612  2   0  6612
66  6614  2   0  6614
67  6610  3   0  0  6610
68  6612  2   2  6610
69  6610  2   0  6610
70  6614  2   0  6614
71  959  4   0  0  0  959
72  6566  3   0  0  6566
73  6612  2   0  6612
74  6556  2   0  6556
75  6614  2   0  6614
76  1772  2   1  1771
77  6614  2   0  6614
78  6556  2   0  6556
79  4515  2   0  4515
80  6614  2   0  6614
81  6614  3   0  1216  5398
82  6614  3   0  0  6614
83  6496  2   1  6495
84  6534  3   0  0  6534
85  6614  3   1  0  6613
86  6483  3   249  0  6234
87  2291  3   0  0  2291
88  6538  3   0  0  6538
89  4511  2   0  4511
90  2556  3   0  0  2556
91  6612  3   0  0  6612
92  6614  2   0  6614
93  6614  3   0  0  6614
94  6490  2   0  6490
95  4507  2   0  4507
96  6614  2   0  6614
97  6408  2   0  6408
98  6600  2   0  6600
99  6614  2   0  6614
100  3890  3   0  0  3890
101  6614  2   0  6614
102  6592  2   0  6592
103  6614  2   0  6614
104  4002  2   0  4002
105  6552  4   0  2329  0  4223
106  6614  3   0  0  6614
107  6614  2   0  6614
108  4230  2   0  4230
109  6614  3   0  0  6614
110  6614  4   0  0  1  6613
111  6614  2   0  6614
112  6607  3   0  0  6607
113  6614  2   0  6614
114  6610  2   0  6610
115  4458  3   0  0  4458
116  6614  3   0  0  6614
117  6614  2   0  6614
118  6614  3   0  0  6614
119  6614  3   0  367  6247
120  6407  3   0  0  6407
121  6614  3   0  0  6614
122  6610  5   0  0  0  0  6610
123  6579  3   0  0  6579
124  6360  2   0  6360
125  6610  3   0  0  6610
126  5556  3   0  0  5556
127  6583  3   0  0  6583
128  6612  2   0  6612
129  6614  2   0  6614
130  6614  2   0  6614
131  5568  2   0  5568
132  6614  2   0  6614
133  6614  2   0  6614
134  5878  2   0  5878
135  6614  2   0  6614
136  6612  2   0  6612
137  6330  2   0  6330
138  4356  2   18  4338
139  5880  2   0  5880
140  6612  2   0  6612
141  6308  3   0  0  6308
142  6614  2   0  6614
143  6590  2   0  6590
144  6614  2   0  6614
145  6614  2   0  6614
146  6612  3   0  0  6612
147  6590  3   0  0  6590
148  6614  2   0  6614
149  6266  3   0  0  6266
150  6614  2   0  6614
151  6257  3   0  0  6257
152  6614  3   0  0  6614
153  6614  2   0  6614
154  6612  2   0  6612
155  6598  2   0  6598
156  6380  2   0  6380
157  6596  2   0  6596
158  6614  2   0  6614
159  6610  2   0  6610
160  6181  3   0  0  6181
161  6614  2   0  6614
162  6166  2   0  6166
163  4222  2   0  4222
164  6614  3   0  0  6614
165  6614  2   0  6614
166  6614  2   0  6614
167  6106  2   0  6106
168  6614  3   0  0  6614
169  6608  4   0  0  0  6608
170  6614  2   0  6614
171  6614  3   0  0  6614
172  6076  4   0  0  0  6076
173  6614  2   0  6614
174  6052  3   0  0  6052
175  6607  4   0  0  0  6607
176  6614  2   0  6614
177  6604  2   0  6604
178  26  3   0  0  26
179  6602  2   0  6602
180  6614  2   0  6614
181  6016  2   0  6016
182  4101  2   0  4101
183  6518  3   0  0  6518
184  28  2   0  28
185  6614  3   0  0  6614
186  6614  2   0  6614
187  6614  2   0  6614
188  6610  2   0  6610
189  6494  3   0  0  6494
190  6614  3   0  0  6614
191  6614  2   0  6614
192  6614  3   0  0  6614
193  6612  4   0  0  0  6612
194  6614  2   0  6614
195  6558  3   0  0  6558
196  6606  3   0  0  6606
197  6604  2   0  6604
198  6614  2   0  6614
199  6614  3   0  0  6614
200  6548  2   0  6548
201  6614  2   0  6614
202  6614  2   0  6614
203  6614  4   0  0  0  6614
204  6584  2   0  6584
205  6556  2   0  6556
206  6614  2   0  6614
207  6614  2   0  6614
208  6614  3   0  0  6614
209  6614  3   0  0  6614
210  6613  4   0  0  0  6613
211  6614  2   0  6614
212  6536  2   0  6536
213  6598  2   3187  3411
214  6526  3   0  0  6526
215  6614  2   0  6614
216  6602  2   0  6602
217  6614  2   0  6614
218  6612  2   0  6612
219  6614  3   0  0  6614
220  6614  2   0  6614
221  6614  2   0  6614
222  6592  2   0  6592
223  6614  3   0  0  6614
224  6614  2   0  6614
225  6614  3   0  0  6614
226  6614  2   0  6614
227  6614  2   0  6614
228  6612  2   0  6612
229  6564  3   0  0  6564
230  5622  2   0  5622
231  6580  2   0  6580
232  6614  4   0  0  0  6614
233  6596  2   0  6596
234  6614  3   0  0  6614
235  6614  3   0  0  6614
236  6606  2   0  6606
237  6614  3   0  0  6614
238  6614  2   0  6614
239  6614  2   0  6614
240  6606  2   0  6606
241  6614  2   0  6614
242  6614  2   0  6614
243  6614  2   0  6614
244  6562  3   0  0  6562
245  6614  2   0  6614
246  6612  2   1  6611
247  6614  3   0  0  6614
248  6612  2   0  6612
249  6614  3   0  2  6612
250  6612  2   0  6612
251  6614  3   0  0  6614
252  6614  2   0  6614
253  6614  2   0  6614
254  6614  3   0  0  6614
255  6553  3   0  28  6525
256  6480  2   3  6477
257  6614  3   0  0  6614
258  6614  2   0  6614
259  6614  3   0  0  6614
260  6614  3   0  0  6614
261  6610  3   0  0  6610
262  6484  2   0  6484
263  6004  3   0  0  6004
264  6612  2   0  6612
265  6610  2   0  6610
266  6484  2   0  6484
267  6010  2   0  6010
268  6612  3   0  0  6612
269  6244  2   0  6244
270  6522  3   0  79  6443
271  6608  3   0  45  6563
272  6611  3   0  0  6611
273  6436  3   3512  0  2924
274  6613  4   0  0  0  6613
275  6498  2   0  6498
276  6614  3   0  0  6614
277  6614  4   0  0  0  6614
278  6614  2   0  6614
279  6036  2   0  6036
280  6614  3   0  0  6614
281  6614  3   1  0  6613
282  5990  3   0  0  5990
283  5934  2   0  5934
284  6590  3   0  0  6590
285  6586  3   0  0  6586
286  6501  3   0  0  6501
287  6614  4   0  0  0  6614
288  5904  2   0  5904
289  6587  4   0  0  0  6587
290  6614  2   0  6614
291  6586  2   0  6586
292  6614  3   0  0  6614
293  6502  3   0  0  6502
294  5827  3   0  0  5827
295  6614  3   0  0  6614
296  6614  2   0  6614
297  6614  2   0  6614
298  6502  3   0  0  6502
299  6614  2   0  6614
300  5670  3   0  1  5669
301  5776  4   0  0  0  5776
302  6614  2   0  6614
303  6614  3   0  0  6614
304  6558  2   0  6558
305  6612  2   0  6612
306  6614  3   0  0  6614
307  6503  4   0  0  0  6503
308  6614  4   0  0  0  6614
309  6614  3   113  0  6501
310  4468  3   0  0  4468
311  6614  2   0  6614
312  5476  2   0  5476
313  6612  2   0  6612
314  5549  3   0  0  5549
315  6613  3   0  0  6613
316  6614  2   0  6614
317  6614  2   0  6614
318  5290  3   0  0  5290
319  6614  2   0  6614
320  6614  2   0  6614
321  6614  2   0  6614
322  6476  3   0  0  6476
323  6614  3   0  0  6614
324  5150  2   0  5150
325  6612  2   0  6612
326  6594  3   0  0  6594
327  4432  2   0  4432
328  6614  3   0  0  6614
329  6456  2   0  6456
330  6614  3   0  0  6614
331  5021  3   0  0  5021
332  6614  2   0  6614
333  6498  2   0  6498
334  6588  2   44  6544
335  6438  3   0  0  6438
336  6590  2   0  6590
337  6612  2   0  6612
338  6614  3   0  0  6614
339  6614  3   0  0  6614
340  6614  2   0  6614
341  4472  2   0  4472
342  6614  2   0  6614
343  4585  4   0  0  0  4585
344  6607  3   0  0  6607

[pop]=5
1  66704  2   0  66704
2  66735  4   1  2  2  66730
3  66730  2   0  66730
4  66736  2   0  66736
5  66621  3   1  7  66613
6  66612  2   1  66611
7  66634  2   1  66633
8  66706  2   2  66704
9  66630  2   0  66630
10  65888  2   2  65886
11  66736  3   72  22  66642
12  66590  2   0  66590
13  65870  2   1  65869
14  65886  3   1  0  65885
15  30810  2   23  30787
16  28980  3   1  11  28968
17  66710  4   0  0  1  66709
18  25864  2   3  25861
19  66656  3   2  2  66652
20  66726  2   0  66726
21  66706  2   0  66706
22  65882  2   0  65882
23  24360  2   2  24358
24  42510  3   2  1  42507
25  66728  2   0  66728
26  65904  3   0  0  65904
27  65860  3   1  0  65859
28  66722  3   1  1  66720
29  66720  2   2  66718
30  65898  3   0  13  65885
31  13288  2   3  13285
32  66705  3   1  1  66703
33  66376  2   6  66370
34  15922  2   3  15919
35  66726  3   1  0  66725
36  65816  4   3  1  1  65811
37  13656  3   0  0  13656
38  39498  3   195  0  39303
39  66706  3   4  5  66697
40  66660  3   1  1  66658
41  66730  4   1  0  0  66729
42  66350  2   1  66349
43  66540  3   0  1  66539
44  66720  2   1  66719
45  66728  3   1  1  66726
46  66345  3   1  1  66343
47  66734  2   1  66733
48  66719  3   1  0  66718
49  66694  2   0  66694
50  66706  3   2  2  66702
51  66682  2   0  66682
52  47451  2   0  47451
53  66734  2   2  66732
54  65760  2   0  65760
55  66682  2   218  66464
56  66731  3   0  0  66731
57  66718  2   2  66716
58  66691  3   1  4  66686
59  66676  3   0  1  66675
60  47532  2   2  47530
61  66732  3   2  0  66730
62  66690  2   3  66687
63  66630  3   0  0  66630
64  66678  2   0  66678
65  66724  2   0  66724
66  66660  2   0  66660
67  66692  3   9  1  66682
68  66724  2   9  66715
69  66608  2   1  66607
70  66684  2   0  66684
71  18567  4   0  0  0  18567
72  65682  3   1  1  65680
73  66716  2   0  66716
74  65592  2   0  65592
75  66684  2   0  66684
76  26626  2   178  26448
77  66680  2   3  66677
78  65574  2   35  65539
79  47741  2   0  47741
80  66724  2   2  66722
81  66693  3   1  8199  58493
82  66718  3   1  1  66716
83  66382  2   4  66378
84  65586  3   0  0  65586
85  66668  3   2  0  66666
86  66348  3   2700  0  63648
87  31587  3   0  0  31587
88  65446  3   0  0  65446
89  47764  2   12  47752
90  33616  3   5  1  33610
91  66602  3   0  0  66602
92  66734  2   2  66732
93  66724  3   1  0  66723
94  65442  2   2  65440
95  47720  2   0  47720
96  66582  2   12  66570
97  65490  2   0  65490
98  66590  2   2  66588
99  66730  2   2  66728
100  44820  3   0  2  44818
101  66592  2   2  66590
102  66492  2   4  66488
103  66730  2   0  66730
104  45866  2   1  45865
105  66376  4   1  26036  1  40338
106  66732  3   0  0  66732
107  66604  2   2  66602
108  48184  2   0  48184
109  66681  3   1  0  66680
110  66732  4   1  1  0  66730
111  66600  2   0  66600
112  66260  3   1  0  66259
113  66730  2   0  66730
114  65830  2   1  65829
115  47238  3   8  3  47227
116  66616  3   1  1  66614
117  66728  2   0  66728
118  66165  3   1  1  66163
119  66728  3   0  689  66039
120  64723  3   0  0  64723
121  66725  3   0  0  66725
122  65976  5   2  2  0  0  65972
123  66418  3   0  1  66417
124  64476  2   2  64474
125  66017  3   0  1  66016
126  59704  3   0  1  59703
127  66445  3   0  1  66444
128  66388  2   3  66385
129  66444  2   0  66444
130  66740  2   12  66728
131  59712  2   0  59712
132  66518  2   2  66516
133  66718  2   3  66715
134  61984  2   2  61982
135  66566  2   0  66566
136  66664  2   2  66662
137  64424  2   0  64424
138  46246  2   109  46137
139  62018  2   0  62018
140  66662  2   1  66661
141  64331  3   3  1  64327
142  66650  2   0  66650
143  66552  2   0  66552
144  66604  2   0  66604
145  66652  2   0  66652
146  66296  3   1  1  66294
147  66564  3   0  1  66563
148  66496  2   1  66495
149  64122  3   1  1  64120
150  66656  2   1  66655
151  64115  3   1  0  64114
152  66740  3   1  1  66738
153  66510  2   1  66509
154  66364  2   0  66364
155  66584  2   0  66584
156  64678  2   2  64676
157  66588  2   0  66588
158  66740  2   0  66740
159  66692  2   22  66670
160  63808  3   1  0  63807
161  66734  2   3  66731
162  63738  2   3  63735
163  44620  2   0  44620
164  66520  3   0  2  66518
165  66738  2   2  66736
166  66540  2   2  66538
167  63432  2   2  63430
168  66645  3   1  8  66636
169  66675  4   0  1  1  66673
170  66516  2   0  66516
171  66520  3   1  0  66519
172  63217  4   0  2  1  63214
173  66706  2   0  66706
174  63032  3   2  1  63029
175  66652  4   0  0  0  66652
176  66564  2   0  66564
177  66564  2   7  66557
178  6316  3   128  0  6188
179  66570  2   0  66570
180  66548  2   17  66531
181  62754  2   4  62750
182  43366  2   0  43366
183  65370  3   1  1  65368
184  6772  2   2  6770
185  66734  3   0  1  66733
186  66544  2   5  66539
187  66566  2   0  66566
188  66498  2   0  66498
189  64251  3   0  1  64250
190  66573  3   0  0  66573
191  66550  2   4  66546
192  66734  3   2  1  66731
193  66526  4   1  1  0  66524
194  66574  2   2  66572
195  65908  3   2  1  65905
196  66528  3   185  0  66343
197  66436  2   2  66434
198  66574  2   2  66572
199  66734  3   0  0  66734
200  65206  2   2  65204
201  66634  2   1  66633
202  66520  2   0  66520
203  66733  4   12  0  1  66720
204  66188  2   4  66184
205  65298  2   0  65298
206  66734  2   0  66734
207  66732  2   2  66730
208  66696  3   0  4  66692
209  66734  3   1  0  66733
210  66703  4   0  11  3  66689
211  66602  2   0  66602
212  65530  2   1  65529
213  66448  2   31243  35205
214  65379  3   0  0  65379
215  66708  2   0  66708
216  66088  2   0  66088
217  66728  2   0  66728
218  66568  2   3  66565
219  66732  3   0  1  66731
220  66680  2   4  66676
221  66706  2   2  66704
222  65324  2   2  65322
223  66732  3   1  0  66731
224  66686  2   2  66684
225  66591  3   0  0  66591
226  66710  2   1  66709
227  66706  2   0  66706
228  66192  2   2  66190
229  64760  3   1  0  64759
230  60374  2   26  60348
231  65664  2   2  65662
232  66709  4   2  0  2  66705
233  65686  2   7  65679
234  66730  3   0  3  66727
235  66730  3   1  2  66727
236  66620  2   2  66618
237  66284  3   7  10  66267
238  66730  2   0  66730
239  66304  2   0  66304
240  66024  2   2  66022
241  66692  2   0  66692
242  66326  2   2  66324
243  66722  2   0  66722
244  65332  3   1  0  65331
245  66698  2   2  66696
246  66676  2   1  66675
247  66578  3   0  0  66578
248  66126  2   1  66125
249  66657  3   0  51  66606
250  66686  2   2  66684
251  66724  3   1  1  66722
252  66394  2   1  66393
253  66336  2   0  66336
254  66562  3   0  0  66562
255  65721  3   1  981  64739
256  61840  2   4  61836
257  66394  3   1  1  66392
258  66372  2   4  66368
259  66694  3   1  1  66692
260  66710  3   1  1  66708
261  66613  3   0  0  66613
262  62000  2   1  61999
263  63979  3   1  1  63977
264  66704  2   3  66701
265  66606  2   2  66604
266  62012  2   1  62011
267  64032  2   0  64032
268  66704  3   0  11  66693
269  60140  2   0  60140
270  65887  3   3  1421  64463
271  66674  3   1  79  66594
272  66583  3   1  0  66582
273  65872  3   35870  0  30002
274  66490  4   4  0  0  66486
275  62560  2   0  62560
276  66488  3   0  1  66487
277  66437  4   0  1  1  66435
278  66638  2   2  66636
279  64454  2   0  64454
280  66636  3   1  1  66634
281  66446  3   1  0  66445
282  64156  3   0  1  64155
283  63532  2   4  63528
284  66636  3   1  0  66635
285  65996  3   1  0  65995
286  62662  3   4  0  62658
287  66511  4   2  4  3  66502
288  63040  2   4  63036
289  66622  4   0  0  1  66621
290  66528  2   2  66526
291  66602  2   2  66600
292  66683  3   1  0  66682
293  62664  3   18  0  62646
294  62599  3   0  0  62599
295  66680  3   1  1  66678
296  66656  2   5  66651
297  66698  2   0  66698
298  62720  3   0  0  62720
299  66526  2   0  66526
300  62354  3   1  4  62349
301  62335  4   1  1  0  62333
302  66524  2   1  66523
303  66566  3   0  0  66566
304  66512  2   3  66509
305  66674  2   6  66668
306  66708  3   0  1  66707
307  62870  4   0  0  1  62869
308  66519  4   0  1  0  66518
309  66706  3   808  2  65896
310  47262  3   0  0  47262
311  66512  2   0  66512
312  61032  2   0  61032
313  66708  2   1  66707
314  60896  3   1  1  60894
315  66442  3   0  0  66442
316  66710  2   1  66709
317  66666  2   4  66662
318  60003  3   1  1  60001
319  66556  2   2  66554
320  66618  2   0  66618
321  66668  2   2  66666
322  63100  3   0  0  63100
323  66494  3   0  1  66493
324  59230  2   2  59228
325  66720  2   0  66720
326  65882  3   0  0  65882
327  47181  2   0  47181
328  66668  3   1  1  66666
329  63236  2   2  63234
330  66492  3   0  0  66492
331  58847  3   1  3  58843
332  66514  2   0  66514
333  63556  2   2  63554
334  65714  2   547  65167
335  65859  3   1  1  65857
336  65676  2   0  65676
337  66424  2   0  66424
338  66401  3   0  0  66401
339  66666  3   0  0  66666
340  66418  2   0  66418
341  47610  2   0  47610
342  66668  2   3  66665
343  52295  4   1  0  1  52293
344  66297  3   0  1  66296

[pop]=6
1  908  2   0  908
2  900  4   0  0  0  900
3  908  2   0  908
4  908  2   0  908
5  908  3   0  0  908
6  906  2   0  906
7  906  2   0  906
8  908  2   0  908
9  906  2   0  906
10  892  2   0  892
11  908  3   0  0  908
12  906  2   0  906
13  892  2   0  892
14  895  3   0  0  895
15  440  2   0  440
16  427  3   0  0  427
17  908  4   0  0  0  908
18  388  2   0  388
19  908  3   0  0  908
20  898  2   0  898
21  908  2   0  908
22  896  2   0  896
23  352  2   0  352
24  556  3   0  0  556
25  898  2   0  898
26  896  3   0  0  896
27  896  3   0  0  896
28  908  3   0  0  908
29  896  2   0  896
30  896  3   0  0  896
31  232  2   0  232
32  908  3   0  0  908
33  904  2   0  904
34  260  2   0  260
35  905  3   0  0  905
36  895  4   0  0  0  895
37  219  3   0  0  219
38  518  3   1  0  517
39  908  3   0  0  908
40  904  3   3  0  901
41  908  4   0  0  0  908
42  904  2   0  904
43  906  3   0  0  906
44  898  2   0  898
45  908  3   0  0  908
46  904  3   0  0  904
47  908  2   2  906
48  897  3   0  0  897
49  908  2   0  908
50  906  3   0  0  906
51  908  2   0  908
52  609  2   0  609
53  908  2   0  908
54  898  2   0  898
55  908  2   5  903
56  908  3   0  0  908
57  898  2   0  898
58  906  3   0  0  906
59  906  3   0  0  906
60  612  2   0  612
61  908  3   0  0  908
62  906  2   0  906
63  904  3   0  0  904
64  906  2   0  906
65  908  2   0  908
66  908  2   0  908
67  904  3   0  0  904
68  908  2   0  908
69  904  2   1  903
70  908  2   0  908
71  303  4   0  0  0  303
72  886  3   0  0  886
73  908  2   0  908
74  896  2   0  896
75  908  2   0  908
76  406  2   6  400
77  908  2   1  907
78  896  2   0  896
79  619  2   0  619
80  908  2   0  908
81  908  3   0  126  782
82  908  3   0  0  908
83  884  2   0  884
84  886  3   0  0  886
85  906  3   0  0  906
86  884  3   62  0  822
87  462  3   0  0  462
88  892  3   0  0  892
89  623  2   0  623
90  484  3   0  0  484
91  906  3   0  0  906
92  906  2   0  906
93  908  3   0  0  908
94  886  2   0  886
95  622  2   0  622
96  904  2   0  904
97  852  2   0  852
98  904  2   0  904
99  908  2   0  908
100  612  3   0  0  612
101  906  2   0  906
102  904  2   0  904
103  908  2   0  908
104  626  2   0  626
105  896  4   0  267  0  629
106  908  3   0  0  908
107  906  2   0  906
108  658  2   0  658
109  906  3   0  0  906
110  908  4   0  0  0  908
111  906  2   0  906
112  904  3   0  0  904
113  908  2   0  908
114  886  2   0  886
115  613  3   0  0  613
116  906  3   0  0  906
117  908  2   0  908
118  895  3   0  0  895
119  908  3   0  17  891
120  874  3   0  0  874
121  908  3   0  0  908
122  886  5   0  0  0  0  886
123  898  3   0  0  898
124  872  2   0  872
125  886  3   0  0  886
126  802  3   0  0  802
127  899  3   0  0  899
128  904  2   0  904
129  906  2   0  906
130  908  2   0  908
131  802  2   0  802
132  906  2   0  906
133  908  2   0  908
134  834  2   1  833
135  906  2   0  906
136  908  2   0  908
137  870  2   0  870
138  603  2   3  600
139  836  2   0  836
140  906  2   1  905
141  866  3   0  0  866
142  906  2   0  906
143  902  2   0  902
144  908  2   0  908
145  906  2   0  906
146  890  3   0  0  890
147  904  3   0  0  904
148  906  2   0  906
149  862  3   0  0  862
150  906  2   0  906
151  859  3   0  0  859
152  908  3   0  0  908
153  906  2   0  906
154  892  2   0  892
155  904  2   1  903
156  876  2   0  876
157  904  2   0  904
158  908  2   0  908
159  904  2   0  904
160  853  3   0  0  853
161  908  2   0  908
162  856  2   0  856
163  580  2   0  580
164  904  3   0  0  904
165  908  2   0  908
166  904  2   0  904
167  850  2   0  850
168  904  3   0  0  904
169  904  4   0  0  0  904
170  898  2   0  898
171  906  3   0  0  906
172  845  4   1  0  0  844
173  908  2   0  908
174  834  3   0  0  834
175  904  4   0  0  0  904
176  898  2   0  898
177  906  2   0  906
178  162  3   7  0  155
179  906  2   0  906
180  904  2   0  904
181  830  2   0  830
182  561  2   0  561
183  888  3   0  0  888
184  168  2   0  168
185  908  3   0  0  908
186  904  2   0  904
187  902  2   0  902
188  900  2   0  900
189  877  3   0  0  877
190  902  3   0  0  902
191  896  2   0  896
192  908  3   0  0  908
193  904  4   0  0  0  904
194  906  2   0  906
195  900  3   0  0  900
196  906  3   1  0  905
197  898  2   0  898
198  906  2   0  906
199  908  3   0  0  908
200  890  2   0  890
201  904  2   0  904
202  906  2   0  906
203  908  4   0  0  0  908
204  892  2   0  892
205  892  2   0  892
206  908  2   0  908
207  908  2   0  908
208  900  3   0  0  900
209  908  3   0  0  908
210  907  4   0  0  0  907
211  904  2   0  904
212  872  2   0  872
213  904  2   442  462
214  870  3   0  0  870
215  908  2   0  908
216  898  2   0  898
217  908  2   0  908
218  906  2   0  906
219  908  3   0  0  908
220  906  2   0  906
221  900  2   2  898
222  880  2   0  880
223  908  3   0  0  908
224  906  2   0  906
225  904  3   0  0  904
226  908  2   0  908
227  900  2   0  900
228  902  2   0  902
229  836  3   0  0  836
230  792  2   0  792
231  894  2   0  894
232  900  4   0  0  0  900
233  888  2   0  888
234  908  3   0  0  908
235  908  3   0  0  908
236  906  2   0  906
237  901  3   0  0  901
238  908  2   0  908
239  902  2   0  902
240  890  2   0  890
241  900  2   0  900
242  904  2   1  903
243  908  2   0  908
244  848  3   0  0  848
245  906  2   0  906
246  906  2   0  906
247  904  3   0  0  904
248  878  2   0  878
249  908  3   0  1  907
250  906  2   0  906
251  906  3   0  0  906
252  904  2   0  904
253  892  2   0  892
254  904  3   0  0  904
255  875  3   0  12  863
256  750  2   1  749
257  902  3   0  0  902
258  902  2   0  902
259  906  3   0  0  906
260  908  3   0  0  908
261  906  3   0  0  906
262  756  2   0  756
263  844  3   0  0  844
264  906  2   0  906
265  906  2   0  906
266  758  2   0  758
267  844  2   0  844
268  906  3   0  0  906
269  832  2   0  832
270  887  3   0  34  853
271  908  3   0  1  907
272  904  3   0  0  904
273  888  3   471  0  417
274  903  4   0  0  0  903
275  770  2   0  770
276  906  3   0  0  906
277  902  4   0  0  0  902
278  908  2   0  908
279  842  2   0  842
280  904  3   0  0  904
281  902  3   0  0  902
282  842  3   0  0  842
283  834  2   0  834
284  902  3   0  0  902
285  893  3   0  0  893
286  775  3   0  0  775
287  906  4   0  0  0  906
288  826  2   0  826
289  902  4   1  0  0  901
290  906  2   0  906
291  900  2   0  900
292  906  3   0  1  905
293  776  3   0  0  776
294  813  3   0  0  813
295  906  3   0  0  906
296  906  2   0  906
297  908  2   0  908
298  768  3   0  0  768
299  906  2   0  906
300  820  3   0  0  820
301  811  4   0  0  0  811
302  906  2   0  906
303  906  3   0  0  906
304  900  2   0  900
305  904  2   0  904
306  908  3   0  0  908
307  781  4   0  0  0  781
308  906  4   0  0  0  906
309  908  3   50  0  858
310  620  3   0  0  620
311  906  2   0  906
312  794  2   0  794
313  908  2   0  908
314  780  3   0  0  780
315  902  3   0  0  902
316  908  2   0  908
317  906  2   0  906
318  780  3   0  0  780
319  902  2   0  902
320  906  2   0  906
321  906  2   0  906
322  804  3   2  0  802
323  906  3   1  0  905
324  764  2   0  764
325  908  2   0  908
326  890  3   0  0  890
327  615  2   0  615
328  906  3   0  0  906
329  810  2   0  810
330  906  3   0  0  906
331  759  3   0  0  759
332  902  2   0  902
333  824  2   0  824
334  886  2   4  882
335  889  3   0  0  889
336  888  2   0  888
337  902  2   0  902
338  894  3   0  0  894
339  906  3   0  0  906
340  906  2   0  906
341  624  2   0  624
342  906  2   0  906
343  675  4   0  0  0  675
344  900  3   0  0  900

[pop]=7
1  16504  2   8  16496
2  16512  4   0  2  5  16505
3  16510  2   2  16508
4  16512  2   0  16512
5  16508  3   0  0  16508
6  16494  2   0  16494
7  16510  2   0  16510
8  16512  2   0  16512
9  16496  2   0  16496
10  16464  2   0  16464
11  16512  3   16  0  16496
12  16506  2   3  16503
13  16422  2   0  16422
14  16481  3   0  0  16481
15  10750  2   0  10750
16  10310  3   0  0  10310
17  16512  4   1  1  0  16510
18  9462  2   0  9462
19  16495  3   0  0  16495
20  16512  2   0  16512
21  16512  2   2  16510
22  16422  2   4  16418
23  9056  2   6  9050
24  7586  3   0  0  7586
25  16512  2   0  16512
26  16486  3   1  0  16485
27  16418  3   0  1  16417
28  16508  3   0  0  16508
29  16512  2   0  16512
30  16486  3   0  5  16481
31  8772  2   0  8772
32  16511  3   0  0  16511
33  16438  2   0  16438
34  6740  2   0  6740
35  16508  3   0  0  16508
36  16418  4   1  0  0  16417
37  5950  3   1  0  5949
38  6744  3   35  1  6708
39  16512  3   0  0  16512
40  16508  3   0  1  16507
41  16510  4   0  2  2  16506
42  16388  2   0  16388
43  16472  3   0  0  16472
44  16512  2   1  16511
45  16510  3   0  0  16510
46  16357  3   1  0  16356
47  16510  2   142  16368
48  16512  3   0  1  16511
49  16512  2   0  16512
50  16500  3   0  0  16500
51  16444  2   0  16444
52  8503  2   3  8500
53  16508  2   0  16508
54  16432  2   0  16432
55  16446  2   6  16440
56  16508  3   0  0  16508
57  16512  2   0  16512
58  16512  3   1  0  16511
59  16510  3   0  0  16510
60  8798  2   0  8798
61  16506  3   0  0  16506
62  16512  2   0  16512
63  16504  3   0  0  16504
64  16510  2   3  16507
65  16512  2   0  16512
66  16490  2   0  16490
67  16486  3   0  0  16486
68  16510  2   0  16510
69  16504  2   0  16504
70  16510  2   1  16509
71  9863  4   0  0  0  9863
72  16480  3   0  0  16480
73  16512  2   2  16510
74  16444  2   0  16444
75  16506  2   2  16504
76  11058  2   90  10968
77  16510  2   4  16506
78  16444  2   0  16444
79  9515  2   0  9515
80  16506  2   0  16506
81  16508  3   0  1645  14863
82  16512  3   0  0  16512
83  16090  2   0  16090
84  16472  3   0  0  16472
85  16460  3   0  5  16455
86  15924  3   3141  1  12782
87  11703  3   0  0  11703
88  16442  3   0  0  16442
89  9690  2   0  9690
90  12014  3   0  0  12014
91  16512  3   1  0  16511
92  16510  2   0  16510
93  16510  3   0  0  16510
94  16466  2   0  16466
95  9745  2   0  9745
96  16496  2   0  16496
97  13830  2   0  13830
98  16372  2   0  16372
99  16512  2   0  16512
100  13578  3   0  0  13578
101  16500  2   0  16500
102  16420  2   1  16419
103  16510  2   5  16505
104  13748  2   0  13748
105  16278  4   0  4256  0  12022
106  16512  3   0  9  16503
107  16500  2   0  16500
108  14084  2   0  14084
109  16494  3   0  2  16492
110  16512  4   0  0  0  16512
111  16502  2   1  16501
112  16464  3   0  1  16463
113  16510  2   6  16504
114  16420  2   3  16417
115  9574  3   0  0  9574
116  16504  3   0  0  16504
117  16512  2   0  16512
118  15108  3   0  0  15108
119  16512  3   0  231  16281
120  16403  3   0  1  16402
121  16510  3   1  0  16509
122  16433  5   0  0  1  0  16432
123  16334  3   0  0  16334
124  16354  2   0  16354
125  16437  3   1  0  16436
126  15546  3   14  0  15532
127  16349  3   0  0  16349
128  16474  2   0  16474
129  16502  2   0  16502
130  16510  2   0  16510
131  15542  2   0  15542
132  16002  2   0  16002
133  16510  2   0  16510
134  15906  2   15  15891
135  16104  2   7  16097
136  16422  2   0  16422
137  16320  2   4  16316
138  9336  2   12  9324
139  15908  2   0  15908
140  16420  2   2  16418
141  16293  3   0  2  16291
142  16506  2   0  16506
143  16448  2   7  16441
144  16224  2   0  16224
145  16506  2   2  16504
146  16456  3   0  0  16456
147  16462  3   0  0  16462
148  16506  2   1  16505
149  16206  3   0  0  16206
150  16506  2   1  16505
151  16186  3   0  0  16186
152  16512  3   0  0  16512
153  16510  2   2  16508
154  16466  2   0  16466
155  16476  2   8  16468
156  16402  2   0  16402
157  16480  2   0  16480
158  16512  2   0  16512
159  16496  2   5  16491
160  15903  3   0  0  15903
161  16510  2   6  16504
162  15862  2   0  15862
163  8780  2   0  8780
164  16489  3   0  0  16489
165  16512  2   0  16512
166  16512  2   0  16512
167  15576  2   0  15576
168  16506  3   0  0  16506
169  16493  4   0  0  0  16493
170  16486  2   0  16486
171  16490  3   1  1  16488
172  15351  4   0  1  0  15350
173  16506  2   0  16506
174  15198  3   0  0  15198
175  16473  4   0  1  1  16471
176  16492  2   0  16492
177  16498  2   3  16495
178  7666  3   178  2  7486
179  16502  2   2  16500
180  16512  2   0  16512
181  14890  2   0  14890
182  8253  2   0  8253
183  16492  3   35  0  16457
184  7712  2   0  7712
185  16510  3   1  1  16508
186  16512  2   0  16512
187  16472  2   1  16471
188  16110  2   0  16110
189  15824  3   0  0  15824
190  16473  3   0  0  16473
191  16210  2   0  16210
192  16510  3   0  0  16510
193  16512  4   0  0  0  16512
194  16478  2   0  16478
195  16160  3   1  0  16159
196  16504  3   0  0  16504
197  15980  2   0  15980
198  16478  2   0  16478
199  16510  3   0  0  16510
200  16084  2   0  16084
201  16402  2   0  16402
202  16486  2   0  16486
203  16510  4   0  1  1  16508
204  15566  2   0  15566
205  16116  2   0  16116
206  16512  2   0  16512
207  16510  2   0  16510
208  16506  3   0  0  16506
209  16512  3   2  1  16509
210  16440  4   1  19  0  16420
211  16478  2   2  16476
212  14860  2   0  14860
213  16488  2   8648  7840
214  14805  3   0  2  14803
215  16504  2   0  16504
216  16512  2   12  16500
217  16510  2   0  16510
218  16496  2   0  16496
219  16512  3   0  23  16489
220  16382  2   1  16381
221  16508  2   0  16508
222  15330  2   0  15330
223  16512  3   0  0  16512
224  16396  2   0  16396
225  16479  3   1  1  16477
226  16508  2   0  16508
227  16508  2   0  16508
228  16512  2   0  16512
229  12039  3   0  1  12038
230  15012  2   90  14922
231  16268  2   1  16267
232  16510  4   0  0  0  16510
233  15710  2   17  15693
234  16512  3   0  0  16512
235  16512  3   0  0  16512
236  16464  2   0  16464
237  16512  3   0  0  16512
238  16512  2   26  16486
239  16510  2   0  16510
240  16134  2   0  16134
241  16508  2   0  16508
242  16512  2   0  16512
243  16510  2   0  16510
244  13692  3   0  1  13691
245  16488  2   0  16488
246  16506  2   3  16503
247  16473  3   1  0  16472
248  14976  2   0  14976
249  16492  3   0  0  16492
250  16506  2   2  16504
251  16512  3   0  0  16512
252  16512  2   0  16512
253  15670  2   2  15668
254  16453  3   0  0  16453
255  14960  3   0  259  14701
256  9096  2   2  9094
257  16394  3   0  0  16394
258  16512  2   0  16512
259  16396  3   0  0  16396
260  16506  3   37  0  16469
261  16478  3   0  1  16477
262  9212  2   0  9212
263  15947  3   0  3  15944
264  16506  2   0  16506
265  16474  2   0  16474
266  9218  2   0  9218
267  15936  2   5  15931
268  16507  3   1  0  16506
269  14454  2   0  14454
270  15752  3   0  722  15030
271  16503  3   0  2  16501
272  16453  3   0  0  16453
273  16204  3   7377  0  8827
274  16413  4   0  0  0  16413
275  9786  2   0  9786
276  16512  3   1  0  16511
277  16512  4   1  0  1  16510
278  16486  2   0  16486
279  15924  2   7  15917
280  16448  3   0  0  16448
281  16512  3   2  1  16509
282  15904  3   0  0  15904
283  15558  2   0  15558
284  16476  3   0  0  16476
285  16194  3   0  0  16194
286  10041  3   2  0  10039
287  16512  4   0  0  0  16512
288  15268  2   0  15268
289  16468  4   0  7  0  16461
290  16510  2   1  16509
291  16462  2   44  16418
292  16342  3   0  1  16341
293  10350  3   1  0  10349
294  14863  3   0  1  14862
295  16322  3   0  0  16322
296  16404  2   0  16404
297  16510  2   42  16468
298  10448  3   0  0  10448
299  16510  2   0  16510
300  15721  3   1  0  15720
301  14703  4   0  0  53  14650
302  16512  2   0  16512
303  16370  3   0  1  16369
304  16440  2   0  16440
305  16498  2   0  16498
306  16510  3   0  0  16510
307  10886  4   0  0  0  10886
308  16510  4   0  0  1  16509
309  16504  3   2039  0  14465
310  9578  3   3  1  9574
311  16510  2   0  16510
312  15528  2   0  15528
313  16508  2   0  16508
314  13696  3   0  0  13696
315  16510  3   0  0  16510
316  16510  2   1  16509
317  16408  2   0  16408
318  15377  3   0  0  15377
319  16282  2   0  16282
320  16132  2   0  16132
321  16410  2   0  16410
322  11768  3   24  0  11744
323  16508  3   0  0  16508
324  15238  2   0  15238
325  16510  2   3  16507
326  15138  3   0  1  15137
327  9655  2   4  9651
328  16410  3   3  0  16407
329  11980  2   0  11980
330  16506  3   1  0  16505
331  15187  3   0  0  15187
332  16182  2   3  16179
333  12398  2   0  12398
334  14766  2   44  14722
335  16294  3   0  2  16292
336  14656  2   0  14656
337  16510  2   0  16510
338  15770  3   0  0  15770
339  16421  3   0  0  16421
340  16484  2   0  16484
341  9873  2   0  9873
342  16422  2   0  16422
343  10216  4   0  0  0  10216
344  16508  3   2  0  16506

