[loci]=537

[populations]=7

[pop]=1
1  10355  4   0  0  0  10355
2  10346  3   0  1  10345
3  10384  2   0  10384
4  10353  3   0  1  10352
5  10402  2   87  10315
6  10381  4   1  0  1  10379
7  1239  3   0  0  1239
8  10406  2   0  10406
9  10220  2   0  10220
10  10402  2   0  10402
11  756  2   66  690
12  10354  3   0  0  10354
13  10356  2   2  10354
14  2522  2   0  2522
15  10406  2   0  10406
16  10396  2   0  10396
17  10354  2   2  10352
18  10348  2   0  10348
19  10380  2   0  10380
20  10362  2   0  10362
21  10406  2   0  10406
22  10314  2   0  10314
23  10354  2   26  10328
24  10400  2   0  10400
25  10404  2   0  10404
26  10406  2   0  10406
27  10406  2   493  9913
28  10401  4   0  1  0  10400
29  10404  3   2  0  10402
30  10353  3   1  0  10352
31  10347  3   2  0  10345
32  1410  2   0  1410
33  10398  2   40  10358
34  10404  2   4  10400
35  678  2   0  678
36  10354  2   0  10354
37  10346  2   0  10346
38  10374  2   0  10374
39  10406  3   0  0  10406
40  10406  3   0  0  10406
41  10402  3   0  0  10402
42  10371  3   0  0  10371
43  10376  2   0  10376
44  10404  2   0  10404
45  10394  3   0  0  10394
46  10376  3   1  0  10375
47  1508  2   1  1507
48  10404  2   0  10404
49  10406  3   0  0  10406
50  10406  2   2  10404
51  10406  2   0  10406
52  10404  4   0  0  0  10404
53  10356  2   0  10356
54  10406  3   0  1016  9390
55  10406  3   0  0  10406
56  10404  2   1283  9121
57  10384  3   2  0  10382
58  2587  3   1  0  2586
59  10406  2   0  10406
60  10402  2   0  10402
61  10354  2   1623  8731
62  10404  2   0  10404
63  10370  2   0  10370
64  10397  3   0  0  10397
65  10406  3   0  0  10406
66  10298  2   0  10298
67  10396  4   0  0  22  10374
68  10382  2   0  10382
69  10406  3   0  14  10392
70  10406  2   0  10406
71  10406  3   1  0  10405
72  10406  6   0  0  0  0  28  10378
73  10398  3   0  1  10397
74  10338  2   0  10338
75  10318  2   0  10318
76  10386  3   1  0  10385
77  10390  2   0  10390
78  10356  3   0  0  10356
79  10400  2   0  10400
80  10406  3   0  0  10406
81  10406  2   0  10406
82  10406  3   7890  0  2516
83  10400  5   378  0  18  0  10004
84  10404  2   0  10404
85  552  2   4  548
86  10329  4   0  0  0  10329
87  10402  2   0  10402
88  10304  3   0  0  10304
89  10404  2   0  10404
90  10376  2   0  10376
91  10400  2   0  10400
92  10402  2   0  10402
93  10394  3   0  0  10394
94  10395  4   12  0  0  10383
95  2566  2   0  2566
96  10404  2   2  10402
97  10400  2   0  10400
98  10406  2   2  10404
99  10402  3   0  0  10402
100  10406  2   0  10406
101  10400  2   0  10400
102  10400  5   0  0  0  0  10400
103  10400  2   0  10400
104  10404  2   13  10391
105  10404  2   0  10404
106  10400  2   19  10381
107  10380  3   0  0  10380
108  2684  3   0  2  2682
109  10406  5   0  24  0  4  10378
110  10406  3   0  656  9750
111  10406  2   0  10406
112  10406  2   1  10405
113  10404  3   0  0  10404
114  10397  3   0  0  10397
115  10406  2   0  10406
116  10406  3   0  18  10388
117  10406  3   0  0  10406
118  10406  3   8  0  10398
119  10292  4   2  0  0  10290
120  10394  5   0  1  8  0  10385
121  10402  3   0  1  10401
122  10404  3   1  0  10403
123  10406  2   0  10406
124  10406  3   0  0  10406
125  10406  2   0  10406
126  10405  4   38  0  0  10367
127  10266  2   3  10263
128  10406  3   3  0  10403
129  10404  2   67  10337
130  10404  2   0  10404
131  10404  4   330  1  1  10072
132  10406  3   0  0  10406
133  10406  3   4  0  10402
134  10404  2   0  10404
135  10406  4   0  0  0  10406
136  10404  3   0  160  10244
137  10404  2   0  10404
138  10245  3   0  0  10245
139  10404  2   0  10404
140  10406  3   0  14  10392
141  10406  2   0  10406
142  10246  3   1  0  10245
143  10406  3   0  1  10405
144  10402  2   3  10399
145  10406  3   0  0  10406
146  10276  4   1  0  0  10275
147  10378  3   0  0  10378
148  10392  2   128  10264
149  10404  2   15  10389
150  10406  3   0  0  10406
151  10406  2   0  10406
152  10406  3   0  0  10406
153  10404  3   0  0  10404
154  10406  2   0  10406
155  10406  3   1  26  10379
156  10406  3   0  0  10406
157  10404  2   41  10363
158  10406  3   0  0  10406
159  10406  6   0  0  3  0  0  10403
160  10406  2   0  10406
161  10406  3   0  0  10406
162  10406  2   0  10406
163  10406  3   1  0  10405
164  10246  2   0  10246
165  10406  3   0  0  10406
166  10406  3   0  0  10406
167  10406  2   5  10401
168  2412  3   0  0  2412
169  10406  3   0  6  10400
170  10404  2   0  10404
171  10406  2   825  9581
172  10406  2   0  10406
173  10406  2   0  10406
174  10406  3   0  2  10404
175  10406  3   0  291  10115
176  10406  3   0  0  10406
177  10406  2   0  10406
178  10196  2   0  10196
179  10406  2   0  10406
180  10406  3   0  0  10406
181  10404  3   0  0  10404
182  10404  3   0  0  10404
183  10406  2   0  10406
184  10200  2   0  10200
185  10388  3   0  4149  6239
186  10406  2   406  10000
187  10405  3   0  0  10405
188  10402  3   0  6195  4207
189  10388  2   0  10388
190  10406  3   0  0  10406
191  10404  4   4  0  0  10400
192  10406  3   0  1  10405
193  10406  2   0  10406
194  10406  4   0  1  2  10403
195  10404  6   7  0  1  0  0  10396
196  10406  6   0  0  1  0  0  10405
197  10178  2   4  10174
198  10386  2   0  10386
199  10186  2   0  10186
200  10374  2   0  10374
201  2238  2   0  2238
202  10404  4   146  0  1  10257
203  10404  2   24  10380
204  10406  3   3  0  10403
205  10406  2   0  10406
206  10406  5   0  0  0  0  10406
207  10404  2   0  10404
208  10368  2   9  10359
209  10170  2   0  10170
210  10394  3   0  0  10394
211  10406  3   0  0  10406
212  10404  3   0  0  10404
213  10400  3   0  1  10399
214  10133  3   1  11  10121
215  10162  4   0  0  0  10162
216  10362  3   13  0  10349
217  10404  3   0  18  10386
218  10404  3   0  2  10402
219  10404  3   1  0  10403
220  10405  3   299  0  10106
221  10406  3   1  0  10405
222  10399  4   0  443  0  9956
223  10406  6   0  1  0  1  0  10404
224  10406  2   3  10403
225  2135  3   1  0  2134
226  10404  4   1  0  3  10400
227  10402  2   3  10399
228  10078  3   0  0  10078
229  10402  2   0  10402
230  10394  2   0  10394
231  10404  3   0  0  10404
232  10395  3   1  0  10394
233  10402  2   1  10401
234  10063  4   1  0  0  10062
235  10390  3   0  0  10390
236  10402  3   0  1  10401
237  10406  2   0  10406
238  10400  3   0  0  10400
239  10404  5   0  0  0  0  10404
240  10402  2   0  10402
241  10406  3   0  0  10406
242  10406  3   0  0  10406
243  10394  3   1  0  10393
244  10402  3   0  0  10402
245  10040  2   0  10040
246  10402  2   4  10398
247  10402  4   0  0  1  10401
248  10406  4   0  0  2  10404
249  10402  2   0  10402
250  1946  2   0  1946
251  10404  2   2  10402
252  10406  2   0  10406
253  10391  3   0  0  10391
254  10091  3   0  0  10091
255  4924  2   0  4924
256  1862  2   0  1862
257  10394  2   4  10390
258  10406  2   0  10406
259  10398  2   0  10398
260  10065  3   3  6  10056
261  10376  2   0  10376
262  10400  2   0  10400
263  10399  3   0  0  10399
264  10406  5   0  0  0  0  10406
265  10406  2   6  10400
266  9414  2   0  9414
267  10286  3   0  0  10286
268  10404  3   1  0  10403
269  10406  2   0  10406
270  10398  3   0  1  10397
271  9939  4   2  0  0  9937
272  10406  2   1  10405
273  10406  2   1  10405
274  10406  3   0  0  10406
275  10404  3   0  0  10404
276  10366  3   61  0  10305
277  10298  2   0  10298
278  10321  3   4  0  10317
279  10402  2   1  10401
280  10406  3   1  0  10405
281  10398  2   1  10397
282  10101  3   0  0  10101
283  10406  2   0  10406
284  10404  2   0  10404
285  10299  3   0  0  10299
286  10401  8   0  1  0  0  2  0  0  10398
287  10320  4   0  9  1  10310
288  10406  4   229  23  0  10154
289  10406  7   0  2  229  37  1  0  10137
290  10398  5   4  0  1  0  10393
291  10406  2   1591  8815
292  10380  2   0  10380
293  10144  2   0  10144
294  10406  3   0  0  10406
295  10404  3   0  0  10404
296  10402  2   2  10400
297  10334  2   9  10325
298  10406  7   1  1  0  0  1  0  10403
299  10406  3   0  0  10406
300  10366  2   1  10365
301  10380  4   0  0  0  10380
302  10380  3   0  0  10380
303  10334  3   0  0  10334
304  10372  2   20  10352
305  10406  4   0  0  149  10257
306  10404  3   22  0  10382
307  10340  3   0  0  10340
308  10400  2   0  10400
309  10380  2   0  10380
310  10312  2   0  10312
311  10382  3   1  0  10381
312  10378  4   0  2  0  10376
313  10406  4   0  4  1  10401
314  10406  3   0  0  10406
315  10406  2   0  10406
316  10400  2   863  9537
317  10383  4   0  6  4  10373
318  10375  3   0  389  9986
319  10406  4   0  3638  0  6768
320  10404  3   1  0  10403
321  10406  3   0  0  10406
322  10406  3   0  0  10406
323  10406  2   0  10406
324  10372  2   0  10372
325  10338  3   0  0  10338
326  10406  2   3  10403
327  10166  2   1  10165
328  10406  4   0  0  1  10405
329  10340  2   0  10340
330  10406  3   0  5459  4947
331  10393  3   0  6  10387
332  10406  4   1  0  0  10405
333  10406  3   1  0  10405
334  10406  3   0  932  9474
335  10365  3   0  1  10364
336  10336  2   0  10336
337  10406  3   1  0  10405
338  10260  2   0  10260
339  10406  2   4  10402
340  10354  2   1  10353
341  10154  4   0  1  0  10153
342  10366  2   0  10366
343  10400  2   0  10400
344  10406  2   0  10406
345  10368  2   8  10360
346  10400  3   0  0  10400
347  10406  2   0  10406
348  10358  3   0  0  10358
349  10406  2   0  10406
350  10234  2   0  10234
351  10406  2   0  10406
352  10356  2   1  10355
353  10371  3   0  0  10371
354  10402  2   115  10287
355  10406  3   0  0  10406
356  10360  4   0  0  0  10360
357  10257  3   0  0  10257
358  10362  3   0  1  10361
359  10406  3   0  0  10406
360  10406  2   0  10406
361  10406  2   0  10406
362  10290  2   0  10290
363  10405  4   0  0  22  10383
364  10362  4   54  2  0  10306
365  10399  5   8282  0  0  0  2117
366  10402  2   0  10402
367  10406  4   364  0  15  10027
368  10406  4   2  0  10017  387
369  10362  3   0  0  10362
370  10363  4   0  1  0  10362
371  10406  3   0  0  10406
372  10305  3   0  0  10305
373  10368  4   0  13  0  10355
374  10402  2   0  10402
375  10362  2   0  10362
376  10358  3   0  730  9628
377  10328  4   0  0  0  10328
378  10371  4   0  0  0  10371
379  10405  3   0  0  10405
380  10404  2   0  10404
381  10406  2   4  10402
382  10364  2   0  10364
383  10228  3   0  0  10228
384  10358  2   0  10358
385  10388  2   0  10388
386  10328  3   1  0  10327
387  10372  2   0  10372
388  10404  3   0  1  10403
389  10406  4   2  0  0  10404
390  10370  2   0  10370
391  10406  2   0  10406
392  10386  2   0  10386
393  10406  3   3  0  10403
394  10346  3   0  1  10345
395  10402  2   1  10401
396  10374  2   1  10373
397  10406  4   0  0  0  10406
398  10406  2   416  9990
399  10378  2   1  10377
400  10406  2   199  10207
401  10406  2   38  10368
402  10402  2   1  10401
403  10376  2   0  10376
404  10324  2   103  10221
405  10206  3   0  0  10206
406  10404  3   0  0  10404
407  10406  2   0  10406
408  10183  4   0  1  0  10182
409  10406  2   368  10038
410  10399  3   457  0  9942
411  10404  2   13  10391
412  10406  2   0  10406
413  10378  3   0  0  10378
414  10308  3   0  0  10308
415  10404  4   0  2  0  10402
416  10406  3   0  0  10406
417  10402  2   0  10402
418  9932  3   0  0  9932
419  10406  3   0  0  10406
420  10380  2   0  10380
421  10396  2   1  10395
422  10406  2   0  10406
423  10384  2   0  10384
424  9798  2   0  9798
425  10304  2   0  10304
426  10392  2   13  10379
427  10406  4   0  0  0  10406
428  10404  3   8  0  10396
429  10389  3   0  0  10389
430  10390  2   0  10390
431  10406  3   1  0  10405
432  10404  2   0  10404
433  10406  3   0  2  10404
434  10378  3   0  57  10321
435  10402  3   0  1  10401
436  9618  3   0  0  9618
437  10404  2   0  10404
438  10406  2   2236  8170
439  10378  2   0  10378
440  10394  3   1  0  10393
441  10404  2   50  10354
442  10392  2   2  10390
443  10406  2   0  10406
444  10404  2   3  10401
445  10374  2   4249  6125
446  10394  4   0  0  0  10394
447  10406  2   0  10406
448  10406  2   0  10406
449  10350  2   0  10350
450  10406  2   1  10405
451  10404  2   0  10404
452  10406  3   1  0  10405
453  10406  2   0  10406
454  10406  2   2  10404
455  10394  2   0  10394
456  10374  2   0  10374
457  10406  2   27  10379
458  10401  4   0  5  0  10396
459  10406  3   1  0  10405
460  10054  2   0  10054
461  10398  2   0  10398
462  10406  2   0  10406
463  10320  3   0  0  10320
464  10398  2   0  10398
465  10092  2   6  10086
466  10406  2   241  10165
467  10284  2   0  10284
468  10130  2   0  10130
469  10406  3   0  0  10406
470  10162  2   0  10162
471  10283  4   0  0  0  10283
472  10402  3   0  0  10402
473  10406  4   0  0  0  10406
474  10347  4   0  1847  2  8498
475  10298  2   0  10298
476  10306  2   1  10305
477  10402  2   0  10402
478  10406  3   0  0  10406
479  10373  4   0  0  0  10373
480  10372  2   0  10372
481  10251  3   0  1697  8554
482  10402  2   0  10402
483  10406  2   0  10406
484  10168  2   0  10168
485  10396  3   0  0  10396
486  10320  2   0  10320
487  10388  3   0  0  10388
488  10305  3   0  0  10305
489  10400  2   0  10400
490  10398  2   8  10390
491  10384  2   0  10384
492  10398  2   0  10398
493  10376  3   0  10  10366
494  10398  3   0  0  10398
495  10312  2   0  10312
496  10396  2   0  10396
497  10328  3   3  0  10325
498  10398  2   0  10398
499  10338  3   0  0  10338
500  10386  2   0  10386
501  10406  2   2  10404
502  10334  3   0  0  10334
503  10188  2   2  10186
504  10394  2   42  10352
505  10404  3   0  1  10403
506  10400  3   0  0  10400
507  10338  4   0  0  0  10338
508  10399  3   0  0  10399
509  10386  2   0  10386
510  10332  4   0  0  355  9977
511  10308  2   0  10308
512  10272  3   0  0  10272
513  10394  3   0  0  10394
514  10404  2   0  10404
515  10010  3   0  1  10009
516  10400  3   1  0  10399
517  10339  3   0  0  10339
518  10326  2   0  10326
519  10296  2   0  10296
520  10282  3   0  0  10282
521  10404  2   0  10404
522  10406  2   0  10406
523  10406  2   2  10404
524  10406  2   0  10406
525  10331  3   3  9  10319
526  10400  2   0  10400
527  10396  2   0  10396
528  10386  2   6  10380
529  10280  4   0  0  0  10280
530  10406  2   637  9769
531  10330  2   0  10330
532  10400  2   0  10400
533  10402  2   0  10402
534  10345  3   0  1  10344
535  10402  2   0  10402
536  10400  3   0  0  10400
537  10404  3   0  28  10376

[pop]=2
1  11567  4   0  0  2  11565
2  11518  3   0  0  11518
3  11574  2   0  11574
4  11529  3   0  0  11529
5  11568  2   1  11567
6  11573  4   0  0  0  11573
7  463  3   0  0  463
8  11576  2   0  11576
9  11340  2   0  11340
10  11568  2   0  11568
11  190  2   2  188
12  11566  3   1  0  11565
13  11576  2   1  11575
14  456  2   0  456
15  11576  2   3  11573
16  11578  2   1  11577
17  11568  2   0  11568
18  11566  2   0  11566
19  11572  2   0  11572
20  11576  2   0  11576
21  11578  2   0  11578
22  11448  2   0  11448
23  11566  2   35  11531
24  11578  2   0  11578
25  11572  2   0  11572
26  11576  2   1  11575
27  11578  2   39  11539
28  11578  4   5  0  0  11573
29  11570  3   0  0  11570
30  11563  3   0  0  11563
31  11566  3   0  0  11566
32  510  2   0  510
33  11576  2   0  11576
34  11570  2   3  11567
35  176  2   0  176
36  11564  2   2  11562
37  11564  2   0  11564
38  11576  2   0  11576
39  11578  3   0  0  11578
40  11578  3   0  0  11578
41  11578  3   0  0  11578
42  11510  3   0  0  11510
43  11548  2   2  11546
44  11570  2   0  11570
45  11574  3   0  0  11574
46  11576  3   0  0  11576
47  602  2   0  602
48  11562  2   0  11562
49  11576  3   0  0  11576
50  11578  2   1  11577
51  11578  2   0  11578
52  11570  4   0  0  0  11570
53  11564  2   0  11564
54  11576  3   0  43  11533
55  11578  3   2  0  11576
56  11568  2   119  11449
57  11562  3   0  0  11562
58  479  3   0  0  479
59  11578  2   0  11578
60  11578  2   0  11578
61  11560  2   513  11047
62  11572  2   0  11572
63  11550  2   0  11550
64  11546  3   0  1  11545
65  11578  3   0  0  11578
66  11520  2   0  11520
67  11551  4   2  0  2  11547
68  11564  2   0  11564
69  11574  3   0  1  11573
70  11576  2   0  11576
71  11578  3   0  0  11578
72  11578  6   0  0  0  0  50  11528
73  11558  3   0  0  11558
74  11560  2   0  11560
75  11562  2   0  11562
76  11568  3   0  0  11568
77  11574  2   1  11573
78  11540  3   0  2  11538
79  11560  2   0  11560
80  11576  3   0  2  11574
81  11578  2   1  11577
82  11575  3   6711  1  4863
83  11562  5   19  0  2  0  11541
84  11576  2   0  11576
85  162  2   0  162
86  11560  4   0  0  0  11560
87  11578  2   0  11578
88  11560  3   1  1  11558
89  11576  2   0  11576
90  11550  2   0  11550
91  11576  2   0  11576
92  11566  2   0  11566
93  11572  3   0  0  11572
94  11576  4   62  0  0  11514
95  422  2   0  422
96  11576  2   0  11576
97  11574  2   0  11574
98  11578  2   0  11578
99  11576  3   0  0  11576
100  11578  2   0  11578
101  11572  2   0  11572
102  11576  5   0  0  0  0  11576
103  11572  2   0  11572
104  11574  2   0  11574
105  11578  2   0  11578
106  11572  2   1  11571
107  11568  3   0  0  11568
108  2105  3   1  1  2103
109  11576  5   1  0  0  0  11575
110  11578  3   0  41  11537
111  11578  2   0  11578
112  11574  2   1  11573
113  11578  3   0  0  11578
114  11576  3   0  0  11576
115  11576  2   0  11576
116  11576  3   0  60  11516
117  11578  3   0  0  11578
118  11578  3   0  0  11578
119  11549  4   0  2  1  11546
120  11576  5   0  0  34  0  11542
121  11572  3   0  0  11572
122  11578  3   0  0  11578
123  11576  2   0  11576
124  11578  3   0  0  11578
125  11578  2   0  11578
126  11574  4   1  0  0  11573
127  11556  2   0  11556
128  11576  3   2  0  11574
129  11576  2   11  11565
130  11578  2   0  11578
131  11568  4   31  0  0  11537
132  11576  3   0  0  11576
133  11578  3   0  0  11578
134  11576  2   0  11576
135  11578  4   0  0  0  11578
136  11574  3   0  3  11571
137  11578  2   11  11567
138  11549  3   0  0  11549
139  11578  2   0  11578
140  11576  3   0  0  11576
141  11578  2   0  11578
142  11546  3   0  0  11546
143  11578  3   1  0  11577
144  11566  2   0  11566
145  11576  3   0  0  11576
146  11552  4   0  0  1  11551
147  11569  3   1  1  11567
148  11574  2   7  11567
149  11574  2   1  11573
150  11578  3   3  2  11573
151  11578  2   0  11578
152  11578  3   0  0  11578
153  11574  3   0  0  11574
154  11578  2   0  11578
155  11577  3   1  8  11568
156  11578  3   0  0  11578
157  11566  2   10  11556
158  11576  3   0  1  11575
159  11578  6   0  0  2  0  0  11576
160  11576  2   0  11576
161  11578  3   0  0  11578
162  11576  2   2  11574
163  11578  3   0  0  11578
164  11552  2   2  11550
165  11578  3   0  0  11578
166  11574  3   0  0  11574
167  11578  2   0  11578
168  339  3   0  0  339
169  11576  3   1  3  11572
170  11576  2   0  11576
171  11574  2   174  11400
172  11578  2   10  11568
173  11578  2   0  11578
174  11578  3   0  0  11578
175  11578  3   0  9  11569
176  11576  3   0  0  11576
177  11578  2   0  11578
178  11516  2   7  11509
179  11576  2   0  11576
180  11576  3   0  0  11576
181  11574  3   0  0  11574
182  11574  3   1  0  11573
183  11578  2   0  11578
184  11516  2   0  11516
185  11562  3   1  5839  5722
186  11576  2   10  11566
187  11578  3   0  1  11577
188  11574  3   0  7760  3814
189  11570  2   0  11570
190  11576  3   1  2  11573
191  11575  4   3  0  0  11572
192  11576  3   1  0  11575
193  11578  2   0  11578
194  11578  4   1  0  12  11565
195  11572  6   1  0  5  0  0  11566
196  11578  6   1  0  0  0  0  11577
197  11550  2   0  11550
198  11570  2   9  11561
199  11510  2   0  11510
200  11566  2   0  11566
201  306  2   0  306
202  11572  4   7  0  7  11558
203  11572  2   0  11572
204  11578  3   0  0  11578
205  11578  2   0  11578
206  11576  5   0  0  0  0  11576
207  11574  2   0  11574
208  11568  2   2  11566
209  11508  2   9  11499
210  11570  3   1  0  11569
211  11564  3   0  0  11564
212  11572  3   0  1  11571
213  11570  3   0  0  11570
214  11550  3   0  1  11549
215  11505  4   1  0  0  11504
216  11564  3   0  1  11563
217  11574  3   0  11  11563
218  11577  3   0  0  11577
219  11572  3   0  0  11572
220  11577  3   1177  2  10398
221  11578  3   2  0  11576
222  11564  4   0  14  0  11550
223  11575  6   0  0  0  0  0  11575
224  11568  2   0  11568
225  266  3   0  0  266
226  11578  4   0  0  0  11578
227  11572  2   0  11572
228  11544  3   0  0  11544
229  11572  2   0  11572
230  11576  2   0  11576
231  11578  3   1  0  11577
232  11554  3   0  0  11554
233  11572  2   9  11563
234  11543  4   1  0  0  11542
235  11568  3   0  2  11566
236  11570  3   2  0  11568
237  11572  2   0  11572
238  11573  3   1  3  11569
239  11572  5   1  0  0  0  11571
240  11562  2   0  11562
241  11577  3   1  0  11576
242  11578  3   1  0  11577
243  11554  3   1  0  11553
244  11572  3   0  0  11572
245  11544  2   0  11544
246  11568  2   5  11563
247  11562  4   0  1  0  11561
248  11578  4   0  0  0  11578
249  11568  2   0  11568
250  244  2   0  244
251  11578  2   0  11578
252  11578  2   0  11578
253  11539  3   0  0  11539
254  11488  3   0  4  11484
255  7246  2   0  7246
256  230  2   0  230
257  11552  2   0  11552
258  11578  2   0  11578
259  11572  2   0  11572
260  11484  3   0  0  11484
261  11564  2   0  11564
262  11546  2   0  11546
263  11572  3   3  0  11569
264  11578  5   1  0  0  0  11577
265  11576  2   65  11511
266  10060  2   0  10060
267  11496  3   0  0  11496
268  11576  3   0  0  11576
269  11578  2   0  11578
270  11570  3   0  0  11570
271  11544  4   0  0  0  11544
272  11574  2   0  11574
273  11576  2   0  11576
274  11578  3   0  0  11578
275  11578  3   0  0  11578
276  11576  3   19  0  11557
277  11500  2   1  11499
278  11519  3   0  0  11519
279  11576  2   0  11576
280  11578  3   0  0  11578
281  11570  2   0  11570
282  11165  3   0  0  11165
283  11576  2   1  11575
284  11570  2   1  11569
285  11525  3   0  1  11524
286  11578  8   0  0  5  0  1  1  0  11571
287  11519  4   0  0  0  11519
288  11577  4   596  0  0  10981
289  11578  7   0  0  49  8  6  0  11515
290  11570  5   0  0  0  0  11570
291  11576  2   335  11241
292  11574  2   0  11574
293  11392  2   0  11392
294  11578  3   0  0  11578
295  11578  3   1  0  11577
296  11578  2   0  11578
297  11532  2   8  11524
298  11578  7   0  1  1  17  0  0  11559
299  11578  3   0  0  11578
300  11560  2   0  11560
301  11574  4   0  1  0  11573
302  11575  3   0  0  11575
303  11539  3   1  0  11538
304  11560  2   2  11558
305  11578  4   1  0  8  11569
306  11578  3   19  0  11559
307  11544  3   0  0  11544
308  11578  2   0  11578
309  11568  2   0  11568
310  11566  2   0  11566
311  11570  3   0  1  11569
312  11574  4   0  7  1  11566
313  11576  4   0  0  0  11576
314  11578  3   2  0  11576
315  11578  2   25  11553
316  11578  2   46  11532
317  11570  4   0  0  10  11560
318  11576  3   1  777  10798
319  11577  4   0  8393  0  3184
320  11578  3   0  0  11578
321  11578  3   0  0  11578
322  11577  3   0  1  11576
323  11578  2   0  11578
324  11576  2   0  11576
325  11526  3   0  0  11526
326  11578  2   0  11578
327  11308  2   0  11308
328  11578  4   0  0  0  11578
329  11572  2   0  11572
330  11576  3   1  1294  10281
331  11572  3   0  1  11571
332  11578  4   0  0  0  11578
333  11578  3   0  0  11578
334  11578  3   0  40  11538
335  11561  3   0  0  11561
336  11486  2   0  11486
337  11578  3   0  0  11578
338  11362  2   3  11359
339  11578  2   0  11578
340  11492  2   3  11489
341  11525  4   10  0  0  11515
342  11562  2   6  11556
343  11576  2   1  11575
344  11578  2   0  11578
345  11560  2   6  11554
346  11576  3   3  1  11572
347  11578  2   19  11559
348  11570  3   0  0  11570
349  11578  2   3  11575
350  11528  2   0  11528
351  11578  2   0  11578
352  11572  2   3  11569
353  11564  3   0  0  11564
354  11576  2   39  11537
355  11578  3   0  1  11577
356  11569  4   0  0  0  11569
357  11350  3   0  0  11350
358  11560  3   0  0  11560
359  11568  3   2  0  11566
360  11578  2   0  11578
361  11578  2   0  11578
362  11444  2   0  11444
363  11576  4   0  2  38  11536
364  11572  4   1  0  1  11570
365  11567  5   6518  0  2  2  5045
366  11576  2   0  11576
367  11578  4   12  0  3  11563
368  11578  4   1  0  11508  69
369  11570  3   0  2  11568
370  11578  4   0  0  0  11578
371  11568  3   0  0  11568
372  11467  3   0  0  11467
373  11572  4   0  5  1  11566
374  11576  2   0  11576
375  11568  2   1  11567
376  11557  3   0  1868  9689
377  11490  4   0  0  1  11489
378  11571  4   0  1  0  11570
379  11572  3   3  0  11569
380  11578  2   2  11576
381  11578  2   0  11578
382  11570  2   0  11570
383  11289  3   0  0  11289
384  11578  2   0  11578
385  11516  2   0  11516
386  11540  3   0  0  11540
387  11572  2   0  11572
388  11578  3   0  0  11578
389  11578  4   0  0  0  11578
390  11574  2   1  11573
391  11578  2   0  11578
392  11512  2   1  11511
393  11573  3   29  0  11544
394  11542  3   0  0  11542
395  11576  2   0  11576
396  11574  2   0  11574
397  11575  4   0  0  0  11575
398  11578  2   36  11542
399  11568  2   0  11568
400  11568  2   27  11541
401  11578  2   1  11577
402  11576  2   1  11575
403  11572  2   0  11572
404  11578  2   4  11574
405  11442  3   1  0  11441
406  11578  3   0  0  11578
407  11578  2   0  11578
408  11427  4   0  0  0  11427
409  11578  2   11  11567
410  11566  3   1151  0  10415
411  11578  2   2  11576
412  11578  2   0  11578
413  11574  3   0  0  11574
414  11578  3   2  0  11576
415  11578  4   0  0  0  11578
416  11578  3   1  0  11577
417  11578  2   0  11578
418  10900  3   30  0  10870
419  11574  3   0  0  11574
420  11562  2   0  11562
421  11564  2   0  11564
422  11578  2   0  11578
423  11576  2   0  11576
424  10690  2   0  10690
425  11576  2   0  11576
426  11514  2   0  11514
427  11578  4   0  0  0  11578
428  11576  3   0  0  11576
429  11577  3   0  0  11577
430  11544  2   0  11544
431  11578  3   0  0  11578
432  11578  2   0  11578
433  11578  3   0  0  11578
434  11561  3   0  8  11553
435  11578  3   0  0  11578
436  10285  3   3  1  10281
437  11548  2   2  11546
438  11578  2   4632  6946
439  11560  2   0  11560
440  11554  3   0  0  11554
441  11574  2   0  11574
442  11576  2   1  11575
443  11574  2   0  11574
444  11546  2   0  11546
445  11544  2   496  11048
446  11576  4   1  0  0  11575
447  11578  2   0  11578
448  11578  2   0  11578
449  11526  2   7  11519
450  11576  2   1  11575
451  11576  2   0  11576
452  11578  3   0  0  11578
453  11550  2   0  11550
454  11578  2   0  11578
455  11566  2   0  11566
456  11472  2   1  11471
457  11578  2   1  11577
458  11570  4   0  0  0  11570
459  11578  3   3  0  11575
460  11192  2   0  11192
461  11574  2   0  11574
462  11578  2   0  11578
463  11482  3   1  0  11481
464  11576  2   0  11576
465  11234  2   0  11234
466  11560  2   22  11538
467  11282  2   0  11282
468  11094  2   0  11094
469  11560  3   0  0  11560
470  11490  2   0  11490
471  11522  4   0  0  0  11522
472  11556  3   0  0  11556
473  11578  4   2  0  1  11575
474  11533  4   0  536  0  10997
475  11532  2   0  11532
476  11498  2   1  11497
477  11558  2   1  11557
478  11578  3   0  0  11578
479  11543  4   15  0  0  11528
480  11552  2   1  11551
481  11335  3   0  4912  6423
482  11558  2   2  11556
483  11548  2   0  11548
484  11498  2   0  11498
485  11576  3   4  0  11572
486  11514  2   0  11514
487  11578  3   0  0  11578
488  11437  3   0  0  11437
489  11578  2   0  11578
490  11578  2   0  11578
491  11558  2   2  11556
492  11578  2   0  11578
493  11558  3   1  0  11557
494  11578  3   0  0  11578
495  11536  2   0  11536
496  11554  2   0  11554
497  11516  3   0  0  11516
498  11556  2   14  11542
499  11524  3   0  0  11524
500  11578  2   3  11575
501  11568  2   0  11568
502  11562  3   0  0  11562
503  11510  2   1  11509
504  11564  2   87  11477
505  11578  3   0  0  11578
506  11560  3   0  0  11560
507  11532  4   0  0  0  11532
508  11572  3   0  0  11572
509  11578  2   2  11576
510  11369  4   0  8  13  11348
511  11408  2   0  11408
512  11391  3   0  0  11391
513  11564  3   0  0  11564
514  11578  2   0  11578
515  11283  3   0  0  11283
516  11562  3   0  0  11562
517  11532  3   0  4  11528
518  11378  2   0  11378
519  11398  2   0  11398
520  11398  3   0  0  11398
521  11562  2   0  11562
522  11568  2   0  11568
523  11548  2   0  11548
524  11578  2   0  11578
525  11560  3   0  0  11560
526  11578  2   0  11578
527  11572  2   0  11572
528  11578  2   0  11578
529  11407  4   1  0  0  11406
530  11550  2   53  11497
531  11560  2   0  11560
532  11578  2   0  11578
533  11564  2   0  11564
534  11540  3   0  0  11540
535  11578  2   0  11578
536  11562  3   0  0  11562
537  11566  3   1  3  11562

[pop]=3
1  8648  4   0  0  0  8648
2  8622  3   0  0  8622
3  8640  2   2  8638
4  8627  3   0  0  8627
5  8642  2   0  8642
6  8638  4   0  0  0  8638
7  1034  3   0  0  1034
8  8654  2   0  8654
9  8528  2   0  8528
10  8650  2   0  8650
11  240  2   0  240
12  8648  3   0  0  8648
13  8648  2   0  8648
14  654  2   0  654
15  8654  2   1  8653
16  8648  2   0  8648
17  8648  2   0  8648
18  8648  2   1  8647
19  8638  2   0  8638
20  8648  2   0  8648
21  8654  2   0  8654
22  8598  2   0  8598
23  8648  2   1  8647
24  8652  2   0  8652
25  8646  2   0  8646
26  8654  2   0  8654
27  8652  2   1  8651
28  8650  4   0  0  0  8650
29  8650  3   0  0  8650
30  8649  3   0  6  8643
31  8646  3   0  1  8645
32  1144  2   0  1144
33  8654  2   0  8654
34  8650  2   0  8650
35  214  2   0  214
36  8650  2   0  8650
37  8646  2   0  8646
38  8648  2   0  8648
39  8654  3   0  0  8654
40  8654  3   0  3  8651
41  8649  3   1  0  8648
42  8630  3   0  0  8630
43  8636  2   0  8636
44  8648  2   0  8648
45  8642  3   0  0  8642
46  8648  3   0  0  8648
47  1272  2   16  1256
48  8652  2   0  8652
49  8654  3   0  1  8653
50  8654  2   0  8654
51  8654  2   2  8652
52  8650  4   0  4  0  8646
53  8650  2   5  8645
54  8654  3   0  0  8654
55  8654  3   0  1  8653
56  8652  2   0  8652
57  8648  3   0  1  8647
58  661  3   0  0  661
59  8654  2   0  8654
60  8650  2   0  8650
61  8632  2   1007  7625
62  8648  2   0  8648
63  8646  2   0  8646
64  8640  3   0  0  8640
65  8654  3   0  0  8654
66  8636  2   2  8634
67  8641  4   4  1  0  8636
68  8648  2   0  8648
69  8650  3   0  0  8650
70  8654  2   0  8654
71  8654  3   0  0  8654
72  8654  6   0  0  1  0  0  8653
73  8650  3   0  0  8650
74  8644  2   2  8642
75  8642  2   2  8640
76  8647  3   0  0  8647
77  8642  2   0  8642
78  8648  3   0  0  8648
79  8650  2   8  8642
80  8654  3   0  0  8654
81  8654  2   0  8654
82  8640  3   4143  0  4497
83  8650  5   0  1  5  0  8644
84  8652  2   0  8652
85  170  2   0  170
86  8643  4   0  0  0  8643
87  8654  2   5  8649
88  8641  3   0  2  8639
89  8654  2   0  8654
90  8646  2   0  8646
91  8652  2   0  8652
92  8650  2   0  8650
93  8652  3   1  0  8651
94  8652  4   2  0  0  8650
95  604  2   0  604
96  8652  2   0  8652
97  8654  2   0  8654
98  8654  2   0  8654
99  8654  3   0  0  8654
100  8654  2   0  8654
101  8650  2   0  8650
102  8654  5   0  0  0  1  8653
103  8654  2   45  8609
104  8654  2   0  8654
105  8652  2   1  8651
106  8648  2   0  8648
107  8648  3   3  0  8645
108  2858  3   0  22  2836
109  8654  5   0  0  2  0  8652
110  8654  3   0  0  8654
111  8654  2   0  8654
112  8654  2   0  8654
113  8652  3   0  0  8652
114  8654  3   0  0  8654
115  8654  2   0  8654
116  8654  3   0  0  8654
117  8654  3   1  0  8653
118  8654  3   0  1  8653
119  8642  4   0  0  0  8642
120  8653  5   0  0  1  0  8652
121  8653  3   0  0  8653
122  8654  3   0  0  8654
123  8654  2   0  8654
124  8654  3   0  0  8654
125  8654  2   2  8652
126  8653  4   0  0  0  8653
127  8636  2   0  8636
128  8652  3   0  0  8652
129  8652  2   0  8652
130  8654  2   0  8654
131  8654  4   0  0  0  8654
132  8654  3   0  0  8654
133  8654  3   0  0  8654
134  8654  2   0  8654
135  8654  4   0  1  0  8653
136  8652  3   0  0  8652
137  8652  2   1  8651
138  8636  3   0  0  8636
139  8654  2   0  8654
140  8654  3   0  0  8654
141  8652  2   0  8652
142  8633  3   0  0  8633
143  8653  3   0  0  8653
144  8652  2   0  8652
145  8654  3   0  0  8654
146  8640  4   0  0  0  8640
147  8648  3   0  0  8648
148  8654  2   0  8654
149  8654  2   0  8654
150  8654  3   0  0  8654
151  8654  2   0  8654
152  8654  3   1  0  8653
153  8648  3   0  0  8648
154  8652  2   4  8648
155  8654  3   0  0  8654
156  8654  3   0  2  8652
157  8654  2   0  8654
158  8654  3   0  0  8654
159  8653  6   0  0  0  0  0  8653
160  8654  2   0  8654
161  8652  3   0  0  8652
162  8654  2   0  8654
163  8654  3   0  0  8654
164  8638  2   0  8638
165  8654  3   0  0  8654
166  8654  3   0  0  8654
167  8654  2   0  8654
168  485  3   0  0  485
169  8654  3   0  0  8654
170  8652  2   0  8652
171  8654  2   673  7981
172  8654  2   0  8654
173  8654  2   0  8654
174  8654  3   0  1  8653
175  8654  3   0  0  8654
176  8654  3   0  0  8654
177  8654  2   0  8654
178  8624  2   0  8624
179  8654  2   0  8654
180  8654  3   0  0  8654
181  8654  3   1  0  8653
182  8648  3   0  0  8648
183  8654  2   0  8654
184  8624  2   0  8624
185  8654  3   0  597  8057
186  8654  2   0  8654
187  8654  3   1  0  8653
188  8650  3   0  3327  5323
189  8654  2   0  8654
190  8654  3   0  0  8654
191  8654  4   0  0  0  8654
192  8654  3   0  0  8654
193  8654  2   2  8652
194  8654  4   5  0  0  8649
195  8646  6   1  0  0  0  0  8645
196  8652  6   2  0  0  0  2  8648
197  8640  2   0  8640
198  8652  2   5  8647
199  8616  2   63  8553
200  8648  2   0  8648
201  396  2   0  396
202  8654  4   1  0  0  8653
203  8654  2   0  8654
204  8654  3   2  16  8636
205  8654  2   0  8654
206  8652  5   0  6  1  0  8645
207  8652  2   0  8652
208  8650  2   0  8650
209  8608  2   0  8608
210  8652  3   0  1  8651
211  8652  3   0  0  8652
212  8654  3   0  0  8654
213  8645  3   0  0  8645
214  8641  3   0  0  8641
215  8608  4   0  0  0  8608
216  8646  3   0  0  8646
217  8654  3   1  1  8652
218  8654  3   0  0  8654
219  8654  3   0  0  8654
220  8646  3   2573  0  6073
221  8654  3   119  1  8534
222  8641  4   0  0  0  8641
223  8652  6   0  0  1  0  3  8648
224  8652  2   0  8652
225  357  3   0  0  357
226  8654  4   0  0  0  8654
227  8652  2   0  8652
228  8642  3   1  1  8640
229  8654  2   0  8654
230  8654  2   12  8642
231  8654  3   0  0  8654
232  8640  3   0  0  8640
233  8652  2   0  8652
234  8642  4   2  2  0  8638
235  8650  3   0  0  8650
236  8652  3   0  0  8652
237  8654  2   2  8652
238  8654  3   0  0  8654
239  8654  5   2  0  0  1  8651
240  8652  2   3  8649
241  8654  3   0  0  8654
242  8654  3   0  0  8654
243  8638  3   1  0  8637
244  8652  3   1  0  8651
245  8642  2   1  8641
246  8650  2   0  8650
247  8649  4   0  0  0  8649
248  8654  4   0  0  0  8654
249  8652  2   5  8647
250  292  2   4  288
251  8654  2   0  8654
252  8654  2   0  8654
253  8629  3   0  0  8629
254  8601  3   0  0  8601
255  6348  2   0  6348
256  264  2   0  264
257  8642  2   0  8642
258  8654  2   2  8652
259  8652  2   0  8652
260  8594  3   1  0  8593
261  8646  2   0  8646
262  8644  2   0  8644
263  8652  3   0  0  8652
264  8654  5   0  0  0  0  8654
265  8654  2   39  8615
266  7864  2   12  7852
267  8648  3   0  0  8648
268  8654  3   0  0  8654
269  8654  2   0  8654
270  8652  3   0  0  8652
271  8642  4   66  1  0  8575
272  8654  2   0  8654
273  8650  2   0  8650
274  8654  3   1  0  8653
275  8654  3   0  0  8654
276  8653  3   21  1  8631
277  8648  2   0  8648
278  8634  3   1  1  8632
279  8654  2   0  8654
280  8654  3   0  1  8653
281  8652  2   0  8652
282  8534  3   0  0  8534
283  8654  2   0  8654
284  8624  2   0  8624
285  8607  3   1  0  8606
286  8654  8   0  0  0  1  0  0  0  8653
287  8648  4   0  0  18  8630
288  8652  4   907  1  0  7744
289  8654  7   0  1  0  2  0  4  8647
290  8652  5   1  0  0  1  8650
291  8654  2   457  8197
292  8650  2   0  8650
293  8508  2   0  8508
294  8654  3   1  0  8653
295  8654  3   0  0  8654
296  8654  2   0  8654
297  8648  2   0  8648
298  8654  7   0  0  0  0  0  0  8654
299  8654  3   0  0  8654
300  8648  2   0  8648
301  8650  4   0  0  0  8650
302  8652  3   0  2  8650
303  8648  3   0  1  8647
304  8640  2   0  8640
305  8654  4   0  0  0  8654
306  8654  3   0  0  8654
307  8648  3   0  1  8647
308  8652  2   49  8603
309  8644  2   2  8642
310  8634  2   0  8634
311  8650  3   0  0  8650
312  8652  4   0  0  0  8652
313  8648  4   0  0  0  8648
314  8654  3   0  0  8654
315  8654  2   0  8654
316  8654  2   0  8654
317  8649  4   0  0  0  8649
318  8649  3   0  1402  7247
319  8654  4   0  7913  0  741
320  8654  3   0  0  8654
321  8654  3   0  0  8654
322  8654  3   3  0  8651
323  8654  2   2  8652
324  8652  2   0  8652
325  8608  3   0  0  8608
326  8652  2   0  8652
327  8556  2   2  8554
328  8654  4   0  0  0  8654
329  8638  2   0  8638
330  8634  3   0  2645  5989
331  8649  3   0  0  8649
332  8654  4   0  0  0  8654
333  8654  3   0  0  8654
334  8654  3   0  0  8654
335  8649  3   0  4  8645
336  8604  2   0  8604
337  8652  3   0  0  8652
338  8604  2   0  8604
339  8654  2   0  8654
340  8610  2   0  8610
341  8599  4   0  0  0  8599
342  8648  2   0  8648
343  8650  2   0  8650
344  8652  2   0  8652
345  8648  2   0  8648
346  8650  3   0  2  8648
347  8654  2   0  8654
348  8652  3   0  0  8652
349  8654  2   0  8654
350  8614  2   0  8614
351  8654  2   0  8654
352  8642  2   0  8642
353  8648  3   0  0  8648
354  8652  2   0  8652
355  8654  3   0  1  8653
356  8652  4   0  0  0  8652
357  8597  3   12  0  8585
358  8650  3   0  0  8650
359  8646  3   0  0  8646
360  8650  2   7  8643
361  8654  2   0  8654
362  8632  2   0  8632
363  8653  4   2  0  70  8581
364  8646  4   0  0  0  8646
365  8649  5   6293  0  0  0  2356
366  8652  2   0  8652
367  8654  4   0  0  0  8654
368  8654  4   0  1  8601  52
369  8652  3   0  1  8651
370  8652  4   1  0  0  8651
371  8646  3   2  0  8644
372  8637  3   0  0  8637
373  8629  4   0  0  0  8629
374  8654  2   0  8654
375  8652  2   0  8652
376  8649  3   1  515  8133
377  8640  4   1  3  0  8636
378  8646  4   13  0  2  8631
379  8652  3   0  0  8652
380  8652  2   0  8652
381  8654  2   0  8654
382  8654  2   2  8652
383  8580  3   0  0  8580
384  8652  2   9  8643
385  8622  2   0  8622
386  8630  3   1  0  8629
387  8646  2   8  8638
388  8652  3   0  0  8652
389  8654  4   0  0  0  8654
390  8654  2   0  8654
391  8654  2   0  8654
392  8622  2   2  8620
393  8633  3   0  2  8631
394  8636  3   0  0  8636
395  8652  2   0  8652
396  8654  2   0  8654
397  8637  4   0  0  0  8637
398  8654  2   0  8654
399  8646  2   0  8646
400  8652  2   0  8652
401  8654  2   0  8654
402  8654  2   0  8654
403  8654  2   0  8654
404  8652  2   0  8652
405  8594  3   0  0  8594
406  8650  3   0  0  8650
407  8654  2   0  8654
408  8594  4   0  0  0  8594
409  8654  2   4  8650
410  8647  3   2559  0  6088
411  8652  2   0  8652
412  8654  2   0  8654
413  8654  3   0  1  8653
414  8652  3   0  0  8652
415  8650  4   0  0  1  8649
416  8654  3   0  0  8654
417  8654  2   0  8654
418  8408  3   0  0  8408
419  8644  3   0  0  8644
420  8644  2   0  8644
421  8652  2   0  8652
422  8654  2   0  8654
423  8654  2   2  8652
424  8296  2   2  8294
425  8652  2   0  8652
426  8606  2   0  8606
427  8654  4   0  0  0  8654
428  8652  3   0  0  8652
429  8654  3   0  2  8652
430  8640  2   0  8640
431  8654  3   0  0  8654
432  8650  2   42  8608
433  8654  3   0  0  8654
434  8642  3   0  0  8642
435  8654  3   0  0  8654
436  8083  3   0  0  8083
437  8652  2   0  8652
438  8644  2   4898  3746
439  8642  2   0  8642
440  8650  3   0  0  8650
441  8652  2   0  8652
442  8654  2   0  8654
443  8648  2   1  8647
444  8652  2   0  8652
445  8636  2   666  7970
446  8654  4   0  0  0  8654
447  8654  2   0  8654
448  8654  2   0  8654
449  8652  2   0  8652
450  8654  2   0  8654
451  8648  2   2  8646
452  8654  3   0  0  8654
453  8652  2   0  8652
454  8654  2   1  8653
455  8654  2   2  8652
456  8520  2   0  8520
457  8654  2   0  8654
458  8648  4   0  0  0  8648
459  8654  3   0  1  8653
460  8506  2   0  8506
461  8650  2   1  8649
462  8654  2   0  8654
463  8636  3   0  1  8635
464  8654  2   0  8654
465  8514  2   0  8514
466  8630  2   0  8630
467  8544  2   0  8544
468  8440  2   0  8440
469  8630  3   0  0  8630
470  8614  2   4  8610
471  8599  4   0  0  0  8599
472  8650  3   0  0  8650
473  8654  4   0  0  0  8654
474  8645  4   0  41  0  8604
475  8604  2   14  8590
476  8618  2   0  8618
477  8650  2   0  8650
478  8654  3   0  0  8654
479  8650  4   0  0  0  8650
480  8652  2   0  8652
481  8544  3   0  2020  6524
482  8650  2   1  8649
483  8654  2   0  8654
484  8618  2   0  8618
485  8647  3   0  0  8647
486  8618  2   0  8618
487  8652  3   0  0  8652
488  8586  3   0  0  8586
489  8654  2   0  8654
490  8650  2   0  8650
491  8648  2   125  8523
492  8650  2   1  8649
493  8650  3   0  1  8649
494  8652  3   7  1  8644
495  8604  2   4  8600
496  8646  2   0  8646
497  8622  3   11  4  8607
498  8646  2   0  8646
499  8626  3   0  0  8626
500  8652  2   0  8652
501  8634  2   0  8634
502  8644  3   0  0  8644
503  8620  2   0  8620
504  8650  2   1  8649
505  8654  3   0  0  8654
506  8646  3   0  0  8646
507  8628  4   0  0  0  8628
508  8654  3   2  0  8652
509  8652  2   0  8652
510  8589  4   0  0  0  8589
511  8592  2   0  8592
512  8591  3   0  1  8590
513  8650  3   0  0  8650
514  8654  2   0  8654
515  8580  3   4  0  8576
516  8646  3   1  0  8645
517  8627  3   0  0  8627
518  8584  2   0  8584
519  8590  2   4  8586
520  8594  3   0  0  8594
521  8650  2   0  8650
522  8634  2   2  8632
523  8654  2   0  8654
524  8654  2   0  8654
525  8644  3   0  0  8644
526  8650  2   0  8650
527  8654  2   0  8654
528  8652  2   0  8652
529  8596  4   0  0  0  8596
530  8654  2   0  8654
531  8644  2   5  8639
532  8650  2   0  8650
533  8646  2   4  8642
534  8637  3   0  0  8637
535  8650  2   0  8650
536  8652  3   0  0  8652
537  8646  3   0  0  8646

[pop]=4
1  6614  4   0  0  1  6613
2  6492  3   0  0  6492
3  6406  2   0  6406
4  6517  3   0  0  6517
5  6610  2   0  6610
6  6415  4   0  0  0  6415
7  267  3   0  0  267
8  6614  2   0  6614
9  6370  2   0  6370
10  6610  2   0  6610
11  6  2   0  6
12  6614  3   0  0  6614
13  6614  2   0  6614
14  36  2   0  36
15  6614  2   0  6614
16  6614  2   0  6614
17  6614  2   0  6614
18  6614  2   0  6614
19  6608  2   0  6608
20  6612  2   0  6612
21  6614  2   0  6614
22  6476  2   0  6476
23  6614  2   88  6526
24  6614  2   0  6614
25  6610  2   0  6610
26  6614  2   0  6614
27  6614  2   0  6614
28  6614  4   0  0  0  6614
29  6614  3   0  0  6614
30  6614  3   0  0  6614
31  6614  3   0  0  6614
32  306  2   0  306
33  6614  2   0  6614
34  6614  2   0  6614
35  6  2   0  6
36  6614  2   0  6614
37  6614  2   0  6614
38  6614  2   0  6614
39  6614  3   0  0  6614
40  6614  3   0  0  6614
41  6614  3   0  0  6614
42  6540  3   0  0  6540
43  6556  2   0  6556
44  6610  2   1  6609
45  6612  3   0  0  6612
46  6614  3   0  0  6614
47  348  2   0  348
48  6600  2   0  6600
49  6614  3   0  0  6614
50  6614  2   0  6614
51  6614  2   0  6614
52  6614  4   0  0  0  6614
53  6614  2   0  6614
54  6614  3   0  0  6614
55  6614  3   0  0  6614
56  6614  2   0  6614
57  6614  3   0  0  6614
58  44  3   0  1  43
59  6614  2   0  6614
60  6614  2   0  6614
61  6614  2   790  5824
62  6610  2   0  6610
63  6534  2   0  6534
64  6581  3   0  0  6581
65  6614  3   0  0  6614
66  6456  2   0  6456
67  6587  4   0  0  0  6587
68  6614  2   0  6614
69  6610  3   0  0  6610
70  6614  2   0  6614
71  6614  3   0  0  6614
72  6614  6   0  0  0  0  221  6393
73  6593  3   0  0  6593
74  6614  2   0  6614
75  6614  2   0  6614
76  6596  3   0  0  6596
77  6610  2   0  6610
78  6586  3   0  0  6586
79  6596  2   0  6596
80  6614  3   0  0  6614
81  6614  2   0  6614
82  6614  3   3564  0  3050
83  6596  5   0  0  0  0  6596
84  6614  2   0  6614
85  2  2   0  2
86  6614  4   0  0  0  6614
87  6612  2   0  6612
88  6614  3   0  0  6614
89  6614  2   1  6613
90  6570  2   0  6570
91  6614  2   0  6614
92  6608  2   0  6608
93  6610  3   0  0  6610
94  6614  4   0  0  0  6614
95  44  2   0  44
96  6614  2   0  6614
97  6614  2   0  6614
98  6614  2   0  6614
99  6614  3   0  0  6614
100  6614  2   0  6614
101  6612  2   0  6612
102  6614  5   0  0  0  0  6614
103  6610  2   0  6610
104  6614  2   0  6614
105  6614  2   0  6614
106  6610  2   0  6610
107  6614  3   0  0  6614
108  853  3   0  0  853
109  6614  5   0  0  0  0  6614
110  6614  3   0  0  6614
111  6614  2   0  6614
112  6614  2   0  6614
113  6614  3   0  0  6614
114  6614  3   0  0  6614
115  6614  2   0  6614
116  6614  3   0  44  6570
117  6614  3   0  0  6614
118  6614  3   0  0  6614
119  6614  4   0  0  0  6614
120  6613  5   0  0  8  0  6605
121  6612  3   0  0  6612
122  6613  3   0  0  6613
123  6614  2   0  6614
124  6614  3   0  0  6614
125  6614  2   0  6614
126  6614  4   0  0  0  6614
127  6612  2   0  6612
128  6614  3   0  0  6614
129  6614  2   0  6614
130  6614  2   0  6614
131  6612  4   0  0  4  6608
132  6614  3   0  0  6614
133  6614  3   0  0  6614
134  6614  2   0  6614
135  6614  4   0  0  0  6614
136  6614  3   0  0  6614
137  6614  2   0  6614
138  6612  3   0  0  6612
139  6614  2   0  6614
140  6614  3   0  0  6614
141  6614  2   0  6614
142  6612  3   0  0  6612
143  6614  3   0  0  6614
144  6612  2   0  6612
145  6614  3   0  0  6614
146  6614  4   0  0  0  6614
147  6614  3   0  0  6614
148  6612  2   0  6612
149  6614  2   0  6614
150  6614  3   0  0  6614
151  6614  2   0  6614
152  6614  3   0  0  6614
153  6614  3   0  0  6614
154  6614  2   0  6614
155  6614  3   0  21  6593
156  6614  3   0  0  6614
157  6610  2   0  6610
158  6614  3   0  0  6614
159  6614  6   0  0  0  0  0  6614
160  6614  2   0  6614
161  6614  3   0  0  6614
162  6614  2   0  6614
163  6614  3   0  0  6614
164  6614  2   0  6614
165  6614  3   1  0  6613
166  6614  3   0  0  6614
167  6614  2   0  6614
168  29  3   0  0  29
169  6614  3   0  0  6614
170  6614  2   0  6614
171  6614  2   95  6519
172  6614  2   0  6614
173  6614  2   2  6612
174  6614  3   0  0  6614
175  6614  3   0  0  6614
176  6614  3   0  0  6614
177  6614  2   0  6614
178  6612  2   0  6612
179  6614  2   0  6614
180  6614  3   0  0  6614
181  6614  3   0  0  6614
182  6614  3   0  0  6614
183  6614  2   0  6614
184  6612  2   0  6612
185  6610  3   0  3563  3047
186  6614  2   0  6614
187  6614  3   0  0  6614
188  6613  3   0  3457  3156
189  6614  2   0  6614
190  6614  3   0  0  6614
191  6614  4   0  0  0  6614
192  6614  3   0  0  6614
193  6614  2   0  6614
194  6614  4   0  0  10  6604
195  6612  6   0  3  0  0  0  6609
196  6614  6   0  0  0  0  0  6614
197  6614  2   0  6614
198  6610  2   0  6610
199  6612  2   0  6612
200  6614  2   0  6614
201  24  2   0  24
202  6614  4   0  0  0  6614
203  6614  2   0  6614
204  6614  3   0  0  6614
205  6614  2   0  6614
206  6614  5   0  0  0  0  6614
207  6614  2   0  6614
208  6612  2   0  6612
209  6612  2   0  6612
210  6614  3   0  0  6614
211  6608  3   0  0  6608
212  6614  3   0  0  6614
213  6612  3   0  0  6612
214  6614  3   0  4  6610
215  6612  4   0  0  0  6612
216  6614  3   0  0  6614
217  6614  3   0  0  6614
218  6614  3   0  0  6614
219  6614  3   0  0  6614
220  6614  3   319  0  6295
221  6614  3   0  0  6614
222  6612  4   0  0  0  6612
223  6612  6   0  0  0  0  0  6612
224  6606  2   0  6606
225  20  3   0  0  20
226  6614  4   0  0  0  6614
227  6614  2   0  6614
228  6614  3   0  0  6614
229  6614  2   0  6614
230  6614  2   0  6614
231  6614  3   0  0  6614
232  6608  3   0  0  6608
233  6614  2   6  6608
234  6614  4   0  0  0  6614
235  6614  3   0  0  6614
236  6614  3   0  0  6614
237  6614  2   0  6614
238  6614  3   0  0  6614
239  6614  5   0  0  0  0  6614
240  6614  2   0  6614
241  6614  3   0  0  6614
242  6614  3   0  0  6614
243  6608  3   0  0  6608
244  6600  3   0  0  6600
245  6614  2   0  6614
246  6612  2   0  6612
247  6614  4   0  0  0  6614
248  6614  4   0  0  0  6614
249  6598  2   0  6598
250  14  2   0  14
251  6614  2   0  6614
252  6614  2   0  6614
253  6602  3   0  0  6602
254  6612  3   0  0  6612
255  2888  2   0  2888
256  14  2   0  14
257  6610  2   0  6610
258  6614  2   0  6614
259  6614  2   0  6614
260  6612  3   0  0  6612
261  6614  2   0  6614
262  6590  2   0  6590
263  6614  3   0  0  6614
264  6614  5   0  0  0  0  6614
265  6614  2   6  6608
266  5534  2   0  5534
267  6594  3   0  0  6594
268  6614  3   0  0  6614
269  6614  2   0  6614
270  6614  3   0  0  6614
271  6614  4   0  0  0  6614
272  6614  2   0  6614
273  6614  2   0  6614
274  6614  3   0  0  6614
275  6614  3   0  0  6614
276  6610  3   6  0  6604
277  6596  2   0  6596
278  6511  3   0  0  6511
279  6614  2   0  6614
280  6614  3   0  0  6614
281  6614  2   0  6614
282  6471  3   0  0  6471
283  6612  2   0  6612
284  6606  2   0  6606
285  6596  3   0  0  6596
286  6614  8   0  0  0  0  0  0  0  6614
287  6605  4   0  0  0  6605
288  6614  4   310  0  0  6304
289  6614  7   0  0  0  0  1  0  6613
290  6614  5   0  0  0  0  6614
291  6612  2   148  6464
292  6612  2   0  6612
293  6600  2   0  6600
294  6614  3   0  0  6614
295  6614  3   0  0  6614
296  6614  2   0  6614
297  6612  2   0  6612
298  6614  7   0  0  0  0  0  0  6614
299  6614  3   0  0  6614
300  6614  2   0  6614
301  6612  4   0  0  0  6612
302  6614  3   0  0  6614
303  6612  3   0  0  6612
304  6574  2   0  6574
305  6614  4   0  0  0  6614
306  6614  3   276  0  6338
307  6612  3   0  0  6612
308  6604  2   0  6604
309  6584  2   0  6584
310  6612  2   0  6612
311  6614  3   0  0  6614
312  6612  4   0  0  0  6612
313  6614  4   0  0  0  6614
314  6614  3   0  0  6614
315  6614  2   1  6613
316  6610  2   0  6610
317  6597  4   0  0  1  6596
318  6611  3   0  866  5745
319  6611  4   0  4309  0  2302
320  6614  3   0  0  6614
321  6614  3   0  0  6614
322  6614  3   0  0  6614
323  6614  2   0  6614
324  6614  2   1  6613
325  6578  3   0  0  6578
326  6614  2   0  6614
327  6198  2   0  6198
328  6614  4   0  0  0  6614
329  6612  2   0  6612
330  6610  3   0  253  6357
331  6606  3   0  0  6606
332  6614  4   0  0  0  6614
333  6614  3   0  0  6614
334  6614  3   0  0  6614
335  6614  3   0  0  6614
336  6606  2   5  6601
337  6614  3   0  0  6614
338  6536  2   0  6536
339  6614  2   0  6614
340  6610  2   0  6610
341  6604  4   0  0  0  6604
342  6614  2   0  6614
343  6610  2   0  6610
344  6614  2   0  6614
345  6614  2   0  6614
346  6610  3   0  0  6610
347  6614  2   0  6614
348  6614  3   1  0  6613
349  6614  2   0  6614
350  6608  2   1  6607
351  6614  2   0  6614
352  6612  2   0  6612
353  6614  3   0  0  6614
354  6610  2   1  6609
355  6614  3   0  0  6614
356  6614  4   0  1  0  6613
357  6517  3   0  0  6517
358  6614  3   0  0  6614
359  6614  3   0  0  6614
360  6614  2   0  6614
361  6614  2   0  6614
362  6346  2   0  6346
363  6613  4   0  0  31  6582
364  6614  4   0  0  0  6614
365  6614  5   2787  0  0  0  3827
366  6610  2   0  6610
367  6614  4   0  0  0  6614
368  6614  4   0  0  6574  40
369  6614  3   3  0  6611
370  6614  4   0  0  0  6614
371  6614  3   0  0  6614
372  6361  3   0  0  6361
373  6614  4   4  0  0  6610
374  6610  2   0  6610
375  6614  2   0  6614
376  6614  3   0  955  5659
377  6386  4   0  0  0  6386
378  6614  4   0  0  0  6614
379  6614  3   0  0  6614
380  6614  2   0  6614
381  6614  2   0  6614
382  6614  2   0  6614
383  6510  3   0  0  6510
384  6614  2   0  6614
385  6612  2   0  6612
386  6612  3   0  0  6612
387  6614  2   0  6614
388  6614  3   0  0  6614
389  6614  4   0  0  0  6614
390  6614  2   0  6614
391  6614  2   0  6614
392  6614  2   0  6614
393  6610  3   199  0  6411
394  6612  3   0  0  6612
395  6610  2   2  6608
396  6614  2   0  6614
397  6610  4   0  0  0  6610
398  6614  2   0  6614
399  6614  2   0  6614
400  6614  2   0  6614
401  6614  2   0  6614
402  6612  2   0  6612
403  6614  2   0  6614
404  6614  2   0  6614
405  6434  3   0  0  6434
406  6614  3   1  0  6613
407  6614  2   0  6614
408  6419  4   0  0  0  6419
409  6614  2   0  6614
410  6614  3   320  0  6294
411  6614  2   0  6614
412  6614  2   0  6614
413  6614  3   0  0  6614
414  6614  3   0  0  6614
415  6614  4   0  0  0  6614
416  6614  3   0  0  6614
417  6612  2   1  6611
418  6312  3   0  0  6312
419  6610  3   0  0  6610
420  6614  2   0  6614
421  6614  2   0  6614
422  6614  2   0  6614
423  6614  2   0  6614
424  6212  2   0  6212
425  6614  2   0  6614
426  6612  2   0  6612
427  6614  4   0  0  0  6614
428  6614  3   0  2  6612
429  6614  3   0  0  6614
430  6606  2   0  6606
431  6614  3   0  0  6614
432  6614  2   0  6614
433  6614  3   0  0  6614
434  6612  3   0  0  6612
435  6612  3   0  0  6612
436  6003  3   0  0  6003
437  6612  2   1  6611
438  6612  2   2523  4089
439  6612  2   0  6612
440  6614  3   0  0  6614
441  6614  2   0  6614
442  6614  2   0  6614
443  6610  2   0  6610
444  6612  2   1  6611
445  6614  2   341  6273
446  6614  4   0  0  0  6614
447  6614  2   0  6614
448  6614  2   0  6614
449  6412  2   0  6412
450  6614  2   0  6614
451  6614  2   0  6614
452  6614  3   0  0  6614
453  6612  2   0  6612
454  6614  2   0  6614
455  6606  2   0  6606
456  6604  2   0  6604
457  6614  2   0  6614
458  6605  4   0  0  0  6605
459  6614  3   0  0  6614
460  6480  2   0  6480
461  6614  2   0  6614
462  6614  2   0  6614
463  6611  3   0  0  6611
464  6614  2   0  6614
465  6494  2   0  6494
466  6610  2   0  6610
467  6548  2   0  6548
468  6486  2   0  6486
469  6610  3   0  0  6610
470  6612  2   0  6612
471  6608  4   0  0  0  6608
472  6608  3   1  0  6607
473  6614  4   0  0  0  6614
474  6587  4   0  851  0  5736
475  6608  2   0  6608
476  6564  2   0  6564
477  6608  2   0  6608
478  6614  3   0  0  6614
479  6601  4   0  0  0  6601
480  6606  2   0  6606
481  6540  3   0  1997  4543
482  6608  2   0  6608
483  6614  2   3  6611
484  6614  2   0  6614
485  6612  3   0  0  6612
486  6578  2   0  6578
487  6607  3   0  0  6607
488  6564  3   0  0  6564
489  6614  2   0  6614
490  6614  2   0  6614
491  6602  2   0  6602
492  6614  2   0  6614
493  6604  3   0  0  6604
494  6612  3   0  0  6612
495  6604  2   0  6604
496  6610  2   0  6610
497  6580  3   0  0  6580
498  6610  2   0  6610
499  6580  3   0  0  6580
500  6610  2   0  6610
501  6610  2   0  6610
502  6614  3   0  0  6614
503  6614  2   0  6614
504  6602  2   12  6590
505  6612  3   0  0  6612
506  6610  3   0  0  6610
507  6584  4   0  0  1  6583
508  6614  3   0  0  6614
509  6610  2   0  6610
510  6573  4   0  0  0  6573
511  6554  2   0  6554
512  6538  3   0  0  6538
513  6604  3   0  0  6604
514  6612  2   0  6612
515  6550  3   0  0  6550
516  6610  3   8  1  6601
517  6582  3   0  0  6582
518  6576  2   0  6576
519  6552  2   0  6552
520  6537  3   0  0  6537
521  6606  2   0  6606
522  6610  2   0  6610
523  6614  2   0  6614
524  6614  2   0  6614
525  6614  3   0  0  6614
526  6614  2   0  6614
527  6614  2   0  6614
528  6610  2   0  6610
529  6536  4   0  0  0  6536
530  6614  2   0  6614
531  6614  2   0  6614
532  6614  2   0  6614
533  6610  2   0  6610
534  6582  3   0  0  6582
535  6614  2   0  6614
536  6606  3   0  0  6606
537  6610  3   0  0  6610

[pop]=5
1  66655  4   0  1  28  66626
2  66452  3   1  5  66446
3  66706  2   0  66706
4  66514  3   1  0  66513
5  66714  2   2  66712
6  66684  4   0  3  1  66680
7  8060  3   5  5  8050
8  66736  2   2  66734
9  65888  2   2  65886
10  66710  2   14  66696
11  3790  2   4  3786
12  66232  3   0  6  66226
13  66524  2   0  66524
14  8006  2   0  8006
15  66736  2   13  66723
16  66706  2   4  66702
17  66650  2   0  66650
18  66252  2   3  66249
19  66696  2   2  66694
20  66558  2   2  66556
21  66740  2   0  66740
22  66358  2   2  66356
23  66654  2   942  65712
24  66668  2   0  66668
25  66726  2   6  66720
26  66734  2   0  66734
27  66740  2   45  66695
28  66715  4   0  13  1  66701
29  66728  3   2  1  66725
30  66644  3   1  1  66642
31  66234  3   1  0  66233
32  8600  2   3  8597
33  66734  2   0  66734
34  66726  2   0  66726
35  3654  2   0  3654
36  66640  2   0  66640
37  66204  2   2  66202
38  66620  2   7  66613
39  66711  3   1  0  66710
40  66740  3   1  0  66739
41  66728  3   12  0  66716
42  66533  3   1  1  66531
43  66604  2   1  66603
44  66728  2   10  66718
45  66711  3   1  2  66708
46  66622  3   0  1  66621
47  9298  2   1  9297
48  66718  2   6  66712
49  66736  3   0  0  66736
50  66738  2   0  66738
51  66740  2   0  66740
52  66728  4   13  0  8  66707
53  66634  2   0  66634
54  66738  3   0  8  66730
55  66740  3   0  0  66740
56  66726  2   49  66677
57  66694  3   0  0  66694
58  8176  3   0  7  8169
59  66740  2   0  66740
60  66728  2   2  66726
61  66610  2   8647  57963
62  66728  2   0  66728
63  66512  2   2  66510
64  66656  3   1  12  66643
65  66724  3   0  2  66722
66  66224  2   0  66224
67  66667  4   4  1  0  66662
68  66694  2   2  66692
69  66730  3   3  0  66727
70  66740  2   6  66734
71  66738  3   0  1  66737
72  66740  6   1  0  0  0  1207  65532
73  66684  3   3  0  66681
74  66588  2   0  66588
75  66096  2   0  66096
76  66692  3   0  3  66689
77  66704  2   0  66704
78  66551  3   1  0  66550
79  66686  2   0  66686
80  66740  3   1  8  66731
81  66738  2   3  66735
82  66729  3   28507  0  38222
83  66690  5   15  0  1  1  66673
84  66728  2   7  66721
85  3332  2   0  3332
86  66573  4   1  1  1  66570
87  66698  2   0  66698
88  66067  3   3  0  66064
89  66730  2   2  66728
90  66638  2   2  66636
91  66736  2   3  66733
92  66704  2   4  66700
93  66695  3   0  6  66689
94  66697  4   529  5  1  66162
95  8026  2   0  8026
96  66730  2   0  66730
97  66694  2   3  66691
98  66726  2   0  66726
99  66736  3   0  1  66735
100  66740  2   0  66740
101  66714  2   9  66705
102  66698  5   0  1  1  0  66696
103  66696  2   3  66693
104  66720  2   5  66715
105  66730  2   0  66730
106  66706  2   4  66702
107  66689  3   0  1  66688
108  18339  3   0  0  18339
109  66740  5   0  1  0  0  66739
110  66737  3   3  6  66728
111  66736  2   0  66736
112  66722  2   0  66722
113  66730  3   4  1  66725
114  66687  3   0  1  66686
115  66736  2   2  66734
116  66740  3   1  572  66167
117  66740  3   0  1  66739
118  66736  3   0  0  66736
119  66527  4   1  4  0  66522
120  66681  5   0  0  346  0  66335
121  66718  3   3  0  66715
122  66724  3   0  0  66724
123  66740  2   2  66738
124  66740  3   3  0  66737
125  66736  2   1  66735
126  66724  4   0  0  0  66724
127  65878  2   0  65878
128  66738  3   1  0  66737
129  66734  2   0  66734
130  66724  2   0  66724
131  66731  4   14  6  3  66708
132  66740  3   4  2  66734
133  66737  3   0  1  66736
134  66738  2   0  66738
135  66735  4   2  1  2  66730
136  66722  3   12  1  66709
137  66730  2   4  66726
138  65817  3   3  1  65813
139  66722  2   2  66720
140  66738  3   2  0  66736
141  66738  2   2  66736
142  65810  3   0  1  65809
143  66738  3   0  4  66734
144  66732  2   0  66732
145  66740  3   1  0  66739
146  66507  4   0  1  0  66506
147  66687  3   0  0  66687
148  66660  2   11  66649
149  66734  2   14  66720
150  66736  3   0  0  66736
151  66740  2   0  66740
152  66738  3   0  1  66737
153  66719  3   10  0  66709
154  66730  2   0  66730
155  66738  3   1  256  66481
156  66711  3   1  6  66704
157  66732  2   0  66732
158  66738  3   1  0  66737
159  66733  6   1  1  2  1  1  66727
160  66738  2   2  66736
161  66724  3   1  0  66723
162  66738  2   0  66738
163  66724  3   0  8  66716
164  66494  2   0  66494
165  66740  3   0  0  66740
166  66734  3   6  1  66727
167  66680  2   0  66680
168  7310  3   0  1  7309
169  66736  3   0  5  66731
170  66732  2   3  66729
171  66738  2   1226  65512
172  66740  2   1  66739
173  66732  2   4  66728
174  66722  3   2  13  66707
175  66740  3   1  2  66737
176  66732  3   0  1  66731
177  66730  2   2  66728
178  65618  2   0  65618
179  66734  2   0  66734
180  66733  3   1  0  66732
181  66732  3   0  4  66728
182  66684  3   0  1  66683
183  66720  2   2  66718
184  65628  2   3  65625
185  66710  3   0  38057  28653
186  66734  2   1  66733
187  66724  3   0  2  66722
188  66723  3   1  35408  31314
189  66728  2   2  66726
190  66734  3   0  0  66734
191  66729  4   2  1  0  66726
192  66731  3   0  0  66731
193  66734  2   0  66734
194  66714  4   1  2  112  66599
195  66658  6   9  6  9  0  0  66634
196  66714  6   5  1  0  0  0  66708
197  66472  2   0  66472
198  66544  2   0  66544
199  65582  2   0  65582
200  66664  2   1  66663
201  6680  2   18  6662
202  66719  4   3  0  7  66709
203  66730  2   0  66730
204  66734  3   0  0  66734
205  66712  2   2  66710
206  66710  5   2  5  1  1  66701
207  66704  2   2  66702
208  66466  2   0  66466
209  65524  2   0  65524
210  66690  3   0  0  66690
211  66720  3   1  4  66715
212  66710  3   1  0  66709
213  66625  3   0  0  66625
214  66461  3   4  16  66441
215  65505  4   0  1  2  65502
216  66660  3   0  0  66660
217  66736  3   1  68  66667
218  66592  3   1  7  66584
219  66707  3   0  1  66706
220  66735  3   5537  0  61198
221  66723  3   6  2  66715
222  66599  4   1  6  1  66591
223  66692  6   0  0  0  0  0  66692
224  66720  2   0  66720
225  6280  3   1  1  6278
226  66687  4   0  0  0  66687
227  66702  2   0  66702
228  66434  3   0  1  66433
229  66730  2   0  66730
230  66730  2   0  66730
231  66671  3   4  1  66666
232  66541  3   0  2  66539
233  66702  2   95  66607
234  66434  4   13  0  1  66420
235  66674  3   1  0  66673
236  66729  3   0  0  66729
237  66734  2   0  66734
238  66568  3   0  37  66531
239  66684  5   2  0  0  4  66678
240  66708  2   0  66708
241  66733  3   2  1  66730
242  66714  3   0  1  66713
243  66512  3   3  2  66507
244  66672  3   0  1  66671
245  66430  2   0  66430
246  66724  2   60  66664
247  66699  4   2  0  0  66697
248  66711  4   1  1  0  66709
249  66664  2   0  66664
250  5592  2   0  5592
251  66732  2   0  66732
252  66704  2   2  66702
253  66441  3   1  14  66426
254  65262  3   1  0  65261
255  41944  2   2  41942
256  5300  2   0  5300
257  66658  2   0  66658
258  66694  2   0  66694
259  66684  2   2  66682
260  65220  3   6  1  65213
261  66634  2   0  66634
262  66616  2   2  66614
263  66682  3   0  1  66681
264  66675  5   0  1  0  8  66666
265  66718  2   63  66655
266  61490  2   0  61490
267  66406  3   1  1  66404
268  66571  3   0  1  66570
269  66704  2   1  66703
270  66678  3   0  0  66678
271  66405  4   6  0  1  66398
272  66670  2   1  66669
273  66702  2   4  66698
274  66678  3   0  1  66677
275  66722  3   1  0  66721
276  66701  3   88  0  66613
277  66424  2   0  66424
278  66114  3   0  1  66113
279  66594  2   1  66593
280  66704  3   0  2  66702
281  66670  2   0  66670
282  65423  3   1  2  65420
283  66664  2   1  66663
284  66696  2   0  66696
285  65299  3   0  0  65299
286  66734  8   0  0  0  4  8  1  2  66719
287  66476  4   1  1  1  66473
288  66639  4   3398  2  0  63239
289  66715  7   2  0  326  9  101  0  66277
290  66660  5   1  2  0  3  66654
291  66678  2   232  66446
292  66710  2   0  66710
293  66244  2   2  66242
294  66695  3   0  0  66695
295  66727  3   0  0  66727
296  66738  2   0  66738
297  66520  2   12  66508
298  66720  7   0  0  7  3  0  1  66709
299  66698  3   1  1  66696
300  66348  2   1  66347
301  66710  4   1  0  1  66708
302  66606  3   6  0  66600
303  66546  3   1  0  66545
304  66462  2   3  66459
305  66678  4   0  1  1  66676
306  66728  3   733  0  65995
307  66580  3   1  0  66579
308  66648  2   0  66648
309  66530  2   0  66530
310  66700  2   4  66696
311  66624  3   0  0  66624
312  66714  4   1  43  0  66670
313  66715  4   2  0  1  66712
314  66726  3   0  4  66722
315  66738  2   0  66738
316  66666  2   19  66647
317  66613  4   1  0  56  66556
318  66719  3   2  7456  59261
319  66709  4   0  33552  1  33156
320  66733  3   0  1  66732
321  66738  3   1  1  66736
322  66720  3   0  0  66720
323  66722  2   0  66722
324  66722  2   2  66720
325  66032  3   1  0  66031
326  66732  2   1  66731
327  65796  2   1  65795
328  66738  4   10  1  0  66727
329  66710  2   0  66710
330  66688  3   0  4170  62518
331  66652  3   1  0  66651
332  66725  4   0  0  1  66724
333  66722  3   0  8  66714
334  66724  3   1  10  66713
335  66362  3   0  0  66362
336  66574  2   1  66573
337  66734  3   0  2  66732
338  66182  2   0  66182
339  66726  2   0  66726
340  66600  2   1  66599
341  66636  4   0  0  0  66636
342  66644  2   0  66644
343  66668  2   0  66668
344  66734  2   8  66726
345  66658  2   104  66554
346  66675  3   0  0  66675
347  66734  2   0  66734
348  66646  3   4  1  66641
349  66724  2   2  66722
350  66660  2   1  66659
351  66736  2   2  66734
352  66710  2   15  66695
353  66654  3   1  4  66649
354  66674  2   95  66579
355  66725  3   2  0  66723
356  66648  4   2  0  2  66644
357  66127  3   0  0  66127
358  66359  3   2  0  66357
359  66718  3   0  1  66717
360  66732  2   0  66732
361  66738  2   2  66736
362  66292  2   0  66292
363  66730  4   2  3  245  66480
364  66712  4   1  1  1  66709
365  66693  5   33308  4  40  9  33332
366  66684  2   4  66680
367  66736  4   5  1  3  66727
368  66729  4   0  0  66412  317
369  66654  3   5  1  66648
370  66726  4   5  0  1  66720
371  66719  3   0  1  66718
372  66369  3   1  0  66368
373  66711  4   5  19  8  66679
374  66694  2   0  66694
375  66658  2   1  66657
376  66372  3   0  8213  58159
377  66410  4   2  1  0  66407
378  66709  4   0  5  0  66704
379  66710  3   0  0  66710
380  66698  2   5  66693
381  66738  2   0  66738
382  66668  2   0  66668
383  65922  3   1  1  65920
384  66726  2   0  66726
385  66650  2   2  66648
386  66700  3   0  0  66700
387  66708  2   0  66708
388  66698  3   0  0  66698
389  66738  4   0  1  0  66737
390  66684  2   1  66683
391  66730  2   2  66728
392  66654  2   0  66654
393  66719  3   580  0  66139
394  66698  3   3  0  66695
395  66704  2   41  66663
396  66684  2   1  66683
397  66722  4   0  0  2  66720
398  66732  2   7  66725
399  66710  2   1  66709
400  66710  2   8  66702
401  66740  2   1  66739
402  66702  2   0  66702
403  66688  2   0  66688
404  66726  2   1  66725
405  65829  3   0  0  65829
406  66732  3   2  0  66730
407  66724  2   3  66721
408  65757  4   4  0  1  65752
409  66740  2   1  66739
410  66701  3   5569  2  61130
411  66692  2   0  66692
412  66740  2   0  66740
413  66699  3   4  0  66695
414  66728  3   0  1  66727
415  66731  4   0  1  2  66728
416  66740  3   1  0  66739
417  66694  2   10  66684
418  63859  3   0  1  63858
419  66730  3   2  1  66727
420  66704  2   5  66699
421  66696  2   2  66694
422  66738  2   0  66738
423  66708  2   0  66708
424  62770  2   0  62770
425  66726  2   0  66726
426  66622  2   3  66619
427  66740  4   6  1  0  66733
428  66674  3   10  1  66663
429  66710  3   0  0  66710
430  66600  2   2  66598
431  66738  3   1  0  66737
432  66724  2   0  66724
433  66740  3   0  0  66740
434  66695  3   2  8  66685
435  66676  3   4  0  66672
436  60941  3   0  4  60937
437  66722  2   13  66709
438  66736  2   26374  40362
439  66690  2   3  66687
440  66664  3   1  3  66660
441  66662  2   0  66662
442  66718  2   0  66718
443  66734  2   1  66733
444  66722  2   1  66721
445  66644  2   3197  63447
446  66721  4   0  0  0  66721
447  66712  2   2  66710
448  66736  2   2  66734
449  66472  2   3  66469
450  66710  2   2  66708
451  66714  2   0  66714
452  66733  3   0  1  66732
453  66724  2   2  66722
454  66716  2   0  66716
455  66616  2   0  66616
456  66412  2   3  66409
457  66714  2   0  66714
458  66574  4   1  0  1  66572
459  66730  3   3  0  66727
460  64118  2   2  64116
461  66664  2   0  66664
462  66712  2   0  66712
463  66479  3   0  0  66479
464  66722  2   2  66720
465  64500  2   0  64500
466  66710  2   9  66701
467  64384  2   1  64383
468  64310  2   2  64308
469  66710  3   1  1  66708
470  66208  2   0  66208
471  66505  4   1  0  0  66504
472  66710  3   0  1  66709
473  66736  4   0  1  0  66735
474  66608  4   2  7750  0  58856
475  66528  2   0  66528
476  66456  2   0  66456
477  66710  2   1  66709
478  66735  3   1  2  66732
479  66689  4   0  1  1  66687
480  66674  2   12  66662
481  65513  3   0  21864  43649
482  66708  2   10  66698
483  66730  2   37  66693
484  66230  2   0  66230
485  66718  3   4  0  66714
486  66518  2   6  66512
487  66697  3   0  4  66693
488  65855  3   1  2  65852
489  66636  2   2  66634
490  66712  2   0  66712
491  66700  2   1  66699
492  66714  2   0  66714
493  66696  3   2  3  66691
494  66729  3   0  0  66729
495  66562  2   0  66562
496  66690  2   0  66690
497  66568  3   0  0  66568
498  66692  2   2  66690
499  66594  3   0  1  66593
500  66698  2   0  66698
501  66728  2   0  66728
502  66587  3   0  0  66587
503  66268  2   0  66268
504  66706  2   810  65896
505  66731  3   3  1  66727
506  66708  3   10  1  66697
507  66606  4   3  1  0  66602
508  66723  3   0  0  66723
509  66700  2   4  66696
510  65227  4   0  5  4  65218
511  65752  2   0  65752
512  65726  3   4  0  65722
513  66702  3   1  16  66685
514  66730  2   0  66730
515  65182  3   0  0  65182
516  66706  3   3  2  66701
517  66611  3   1  5  66605
518  65236  2   2  65234
519  65686  2   0  65686
520  65798  3   1  1  65796
521  66708  2   3  66705
522  66722  2   0  66722
523  66734  2   0  66734
524  66732  2   0  66732
525  66580  3   3  0  66577
526  66728  2   2  66726
527  66716  2   2  66714
528  66696  2   0  66696
529  65811  4   0  1  0  65810
530  66734  2   9  66725
531  66580  2   0  66580
532  66728  2   3  66725
533  66704  2   0  66704
534  66628  3   1  0  66627
535  66728  2   0  66728
536  66700  3   1  0  66699
537  66699  3   0  0  66699

[pop]=6
1  906  4   0  0  0  906
2  896  3   0  0  896
3  896  2   0  896
4  896  3   0  0  896
5  906  2   1  905
6  902  4   0  0  0  902
7  172  3   0  0  172
8  908  2   0  908
9  898  2   0  898
10  906  2   0  906
11  132  2   0  132
12  900  3   0  0  900
13  906  2   0  906
14  186  2   0  186
15  908  2   1  907
16  908  2   0  908
17  906  2   0  906
18  900  2   1  899
19  906  2   0  906
20  906  2   0  906
21  908  2   0  908
22  902  2   0  902
23  906  2   9  897
24  908  2   0  908
25  906  2   0  906
26  906  2   0  906
27  908  2   5  903
28  908  4   0  1  0  907
29  906  3   0  0  906
30  906  3   0  0  906
31  901  3   0  0  901
32  188  2   0  188
33  908  2   0  908
34  906  2   0  906
35  134  2   0  134
36  906  2   0  906
37  900  2   0  900
38  906  2   0  906
39  908  3   0  0  908
40  908  3   0  0  908
41  908  3   0  0  908
42  904  3   0  0  904
43  902  2   0  902
44  906  2   0  906
45  908  3   0  0  908
46  906  3   0  0  906
47  192  2   0  192
48  908  2   0  908
49  906  3   0  0  906
50  908  2   0  908
51  908  2   0  908
52  908  4   0  0  0  908
53  906  2   0  906
54  906  3   0  1  905
55  908  3   0  0  908
56  908  2   10  898
57  906  3   0  0  906
58  187  3   0  0  187
59  908  2   0  908
60  908  2   0  908
61  906  2   87  819
62  906  2   0  906
63  902  2   0  902
64  904  3   0  1  903
65  908  3   0  0  908
66  896  2   0  896
67  904  4   0  0  0  904
68  908  2   0  908
69  906  3   0  0  906
70  908  2   0  908
71  908  3   0  0  908
72  908  6   0  0  0  0  12  896
73  906  3   0  0  906
74  906  2   0  906
75  898  2   0  898
76  904  3   0  0  904
77  908  2   1  907
78  905  3   0  0  905
79  906  2   0  906
80  908  3   0  0  908
81  908  2   0  908
82  908  3   423  0  485
83  906  5   0  0  0  0  906
84  908  2   0  908
85  132  2   0  132
86  906  4   0  0  0  906
87  908  2   0  908
88  895  3   0  0  895
89  906  2   0  906
90  906  2   0  906
91  908  2   0  908
92  908  2   0  908
93  904  3   0  0  904
94  906  4   20  0  0  886
95  182  2   1  181
96  908  2   0  908
97  908  2   0  908
98  908  2   0  908
99  908  3   0  0  908
100  908  2   0  908
101  908  2   0  908
102  908  5   0  0  0  0  908
103  906  2   0  906
104  908  2   0  908
105  908  2   0  908
106  906  2   0  906
107  908  3   0  0  908
108  273  3   0  0  273
109  908  5   0  0  0  0  908
110  908  3   0  5  903
111  908  2   0  908
112  908  2   1  907
113  908  3   0  0  908
114  908  3   0  0  908
115  906  2   0  906
116  908  3   0  7  901
117  908  3   0  0  908
118  908  3   0  0  908
119  905  4   0  0  0  905
120  908  5   0  0  8  0  900
121  906  3   0  0  906
122  908  3   0  0  908
123  908  2   0  908
124  908  3   0  0  908
125  908  2   0  908
126  907  4   1  0  0  906
127  892  2   0  892
128  906  3   0  0  906
129  908  2   1  907
130  908  2   0  908
131  906  4   1  0  0  905
132  908  3   0  0  908
133  908  3   0  0  908
134  908  2   0  908
135  908  4   0  0  0  908
136  906  3   0  0  906
137  908  2   0  908
138  892  3   0  0  892
139  908  2   0  908
140  908  3   0  0  908
141  908  2   0  908
142  893  3   0  0  893
143  906  3   0  0  906
144  906  2   0  906
145  908  3   0  0  908
146  908  4   0  0  0  908
147  908  3   0  0  908
148  908  2   1  907
149  908  2   0  908
150  908  3   0  0  908
151  908  2   0  908
152  908  3   0  0  908
153  906  3   0  0  906
154  908  2   0  908
155  906  3   0  2  904
156  908  3   0  2  906
157  906  2   1  905
158  908  3   0  0  908
159  908  6   0  0  0  0  0  908
160  908  2   0  908
161  908  3   0  0  908
162  908  2   0  908
163  908  3   0  0  908
164  904  2   0  904
165  906  3   0  0  906
166  908  3   0  0  908
167  908  2   0  908
168  178  3   0  0  178
169  908  3   0  1  907
170  908  2   0  908
171  908  2   32  876
172  908  2   1  907
173  908  2   0  908
174  908  3   0  1  907
175  906  3   0  1  905
176  908  3   0  0  908
177  908  2   0  908
178  890  2   0  890
179  908  2   0  908
180  907  3   0  0  907
181  908  3   0  0  908
182  906  3   0  0  906
183  908  2   0  908
184  890  2   0  890
185  908  3   0  444  464
186  908  2   2  906
187  908  3   0  0  908
188  907  3   0  493  414
189  908  2   1  907
190  908  3   0  0  908
191  906  4   1  0  0  905
192  908  3   0  0  908
193  908  2   0  908
194  908  4   0  0  2  906
195  906  6   0  0  0  0  0  906
196  908  6   0  0  0  0  0  908
197  906  2   0  906
198  904  2   0  904
199  888  2   3  885
200  906  2   0  906
201  162  2   2  160
202  905  4   1  0  0  904
203  908  2   0  908
204  908  3   0  0  908
205  908  2   0  908
206  908  5   0  0  0  0  908
207  908  2   0  908
208  902  2   0  902
209  886  2   0  886
210  906  3   0  0  906
211  908  3   0  0  908
212  906  3   0  0  906
213  902  3   0  0  902
214  906  3   0  1  905
215  887  4   0  0  0  887
216  906  3   0  0  906
217  906  3   0  0  906
218  908  3   0  0  908
219  906  3   0  0  906
220  908  3   94  0  814
221  908  3   0  0  908
222  900  4   0  2  0  898
223  908  6   0  0  0  0  0  908
224  908  2   0  908
225  160  3   0  0  160
226  907  4   0  0  0  907
227  908  2   0  908
228  904  3   0  0  904
229  906  2   0  906
230  908  2   0  908
231  906  3   0  0  906
232  900  3   0  0  900
233  908  2   1  907
234  904  4   0  0  0  904
235  906  3   0  0  906
236  906  3   0  0  906
237  908  2   0  908
238  908  3   0  1  907
239  906  5   0  0  0  0  906
240  908  2   0  908
241  908  3   0  0  908
242  908  3   0  0  908
243  900  3   0  0  900
244  908  3   0  0  908
245  904  2   0  904
246  908  2   0  908
247  908  4   0  0  0  908
248  908  4   0  0  0  908
249  908  2   0  908
250  148  2   0  148
251  908  2   0  908
252  908  2   0  908
253  896  3   0  0  896
254  879  3   0  0  879
255  510  2   0  510
256  136  2   0  136
257  906  2   0  906
258  906  2   0  906
259  908  2   0  908
260  876  3   0  0  876
261  906  2   0  906
262  904  2   0  904
263  908  3   0  0  908
264  904  5   0  0  0  0  904
265  908  2   7  901
266  788  2   0  788
267  904  3   0  0  904
268  902  3   0  0  902
269  908  2   0  908
270  908  3   0  0  908
271  902  4   0  0  0  902
272  904  2   0  904
273  906  2   0  906
274  904  3   0  0  904
275  908  3   0  0  908
276  908  3   0  0  908
277  904  2   0  904
278  888  3   1  0  887
279  906  2   0  906
280  908  3   0  0  908
281  908  2   0  908
282  868  3   0  0  868
283  906  2   0  906
284  904  2   0  904
285  864  3   0  0  864
286  908  8   0  0  0  0  0  0  0  908
287  906  4   0  0  0  906
288  906  4   47  0  0  859
289  908  7   0  0  7  0  3  0  898
290  908  5   0  0  0  0  908
291  908  2   17  891
292  908  2   0  908
293  896  2   0  896
294  906  3   0  0  906
295  908  3   0  0  908
296  908  2   0  908
297  906  2   0  906
298  908  7   0  0  0  0  0  0  908
299  908  3   0  0  908
300  904  2   0  904
301  908  4   0  0  0  908
302  907  3   0  0  907
303  906  3   0  0  906
304  906  2   0  906
305  907  4   0  0  0  907
306  908  3   6  0  902
307  906  3   0  0  906
308  906  2   0  906
309  906  2   0  906
310  908  2   0  908
311  908  3   0  0  908
312  908  4   0  1  0  907
313  906  4   0  0  0  906
314  908  3   0  0  908
315  908  2   0  908
316  908  2   2  906
317  908  4   0  0  0  908
318  908  3   0  121  787
319  908  4   0  524  0  384
320  908  3   0  0  908
321  908  3   0  0  908
322  908  3   0  0  908
323  908  2   0  908
324  908  2   0  908
325  896  3   0  0  896
326  908  2   0  908
327  872  2   0  872
328  908  4   0  0  0  908
329  908  2   0  908
330  908  3   0  109  799
331  908  3   0  0  908
332  908  4   0  0  0  908
333  908  3   0  0  908
334  908  3   0  4  904
335  904  3   0  0  904
336  906  2   0  906
337  908  3   0  0  908
338  884  2   0  884
339  908  2   0  908
340  906  2   0  906
341  906  4   0  0  0  906
342  908  2   0  908
343  908  2   0  908
344  908  2   0  908
345  908  2   1  907
346  908  3   0  0  908
347  908  2   0  908
348  906  3   0  0  906
349  908  2   1  907
350  906  2   0  906
351  908  2   0  908
352  908  2   0  908
353  908  3   0  0  908
354  908  2   4  904
355  908  3   0  0  908
356  905  4   0  0  0  905
357  886  3   0  1  885
358  904  3   0  0  904
359  906  3   0  0  906
360  908  2   0  908
361  908  2   0  908
362  892  2   0  892
363  908  4   0  0  7  901
364  908  4   0  0  0  908
365  907  5   488  0  1  0  418
366  908  2   0  908
367  908  4   0  0  0  908
368  908  4   0  0  902  6
369  906  3   0  0  906
370  908  4   0  0  0  908
371  906  3   0  0  906
372  893  3   0  0  893
373  908  4   5  2  0  901
374  908  2   0  908
375  906  2   0  906
376  904  3   0  97  807
377  896  4   0  0  0  896
378  908  4   0  0  0  908
379  908  3   0  0  908
380  908  2   0  908
381  908  2   0  908
382  906  2   0  906
383  888  3   0  0  888
384  908  2   0  908
385  908  2   0  908
386  906  3   0  0  906
387  908  2   0  908
388  908  3   0  0  908
389  908  4   0  0  0  908
390  906  2   0  906
391  908  2   0  908
392  908  2   2  906
393  908  3   9  0  899
394  906  3   0  0  906
395  908  2   0  908
396  906  2   0  906
397  908  4   0  0  0  908
398  908  2   1  907
399  908  2   0  908
400  908  2   2  906
401  908  2   1  907
402  908  2   0  908
403  906  2   0  906
404  908  2   1  907
405  887  3   0  0  887
406  908  3   0  0  908
407  908  2   0  908
408  888  4   0  0  0  888
409  908  2   0  908
410  908  3   97  0  811
411  908  2   0  908
412  908  2   0  908
413  906  3   0  0  906
414  908  3   0  0  908
415  908  4   0  0  0  908
416  908  3   0  0  908
417  908  2   0  908
418  868  3   0  0  868
419  908  3   0  0  908
420  908  2   0  908
421  908  2   0  908
422  908  2   0  908
423  906  2   0  906
424  844  2   0  844
425  908  2   0  908
426  906  2   0  906
427  908  4   1  0  0  907
428  906  3   0  0  906
429  906  3   0  0  906
430  906  2   0  906
431  908  3   0  0  908
432  908  2   0  908
433  908  3   0  0  908
434  908  3   0  2  906
435  906  3   0  0  906
436  821  3   0  0  821
437  908  2   0  908
438  908  2   385  523
439  908  2   0  908
440  908  3   0  0  908
441  906  2   2  904
442  906  2   0  906
443  908  2   0  908
444  908  2   0  908
445  908  2   70  838
446  906  4   0  0  0  906
447  908  2   0  908
448  908  2   0  908
449  892  2   0  892
450  908  2   0  908
451  906  2   0  906
452  908  3   0  0  908
453  908  2   0  908
454  908  2   0  908
455  904  2   0  904
456  906  2   0  906
457  908  2   0  908
458  906  4   0  0  1  905
459  908  3   0  0  908
460  886  2   0  886
461  904  2   0  904
462  908  2   0  908
463  904  3   0  0  904
464  906  2   0  906
465  890  2   0  890
466  908  2   2  906
467  886  2   1  885
468  886  2   0  886
469  908  3   0  0  908
470  900  2   0  900
471  902  4   0  0  0  902
472  906  3   0  0  906
473  908  4   0  0  0  908
474  905  4   0  92  0  813
475  902  2   0  902
476  898  2   0  898
477  908  2   1  907
478  908  3   0  0  908
479  903  4   0  0  0  903
480  906  2   1  905
481  893  3   0  308  585
482  908  2   0  908
483  908  2   0  908
484  900  2   0  900
485  908  3   0  0  908
486  898  2   0  898
487  908  3   0  0  908
488  892  3   0  0  892
489  902  2   0  902
490  906  2   0  906
491  904  2   0  904
492  908  2   1  907
493  904  3   0  0  904
494  908  3   0  0  908
495  906  2   0  906
496  908  2   0  908
497  898  3   0  0  898
498  908  2   2  906
499  900  3   0  0  900
500  908  2   0  908
501  908  2   0  908
502  902  3   0  0  902
503  902  2   0  902
504  904  2   1  903
505  908  3   0  0  908
506  908  3   0  0  908
507  900  4   0  0  0  900
508  906  3   0  0  906
509  908  2   0  908
510  890  4   0  0  0  890
511  890  2   0  890
512  900  3   0  0  900
513  904  3   0  0  904
514  908  2   0  908
515  895  3   0  0  895
516  906  3   0  0  906
517  898  3   0  0  898
518  890  2   0  890
519  888  2   0  888
520  900  3   0  0  900
521  908  2   0  908
522  908  2   0  908
523  908  2   0  908
524  908  2   0  908
525  902  3   0  0  902
526  908  2   0  908
527  906  2   0  906
528  908  2   0  908
529  900  4   0  0  0  900
530  908  2   3  905
531  902  2   0  902
532  908  2   0  908
533  908  2   0  908
534  898  3   0  1  897
535  908  2   0  908
536  904  3   0  0  904
537  908  3   0  0  908

[pop]=7
1  16508  4   1  0  0  16507
2  16464  3   0  1  16463
3  16508  2   0  16508
4  16480  3   0  0  16480
5  16510  2   0  16510
6  16507  4   0  0  0  16507
7  7914  3   0  0  7914
8  16510  2   0  16510
9  16166  2   0  16166
10  16502  2   0  16502
11  7600  2   0  7600
12  16510  3   0  0  16510
13  16436  2   0  16436
14  7928  2   6  7922
15  16512  2   1  16511
16  16512  2   0  16512
17  16508  2   0  16508
18  16510  2   1  16509
19  16502  2   0  16502
20  16470  2   0  16470
21  16512  2   4  16508
22  16336  2   0  16336
23  16508  2   563  15945
24  16498  2   2  16496
25  16512  2   1  16511
26  16512  2   1  16511
27  16512  2   0  16512
28  16512  4   0  2  0  16510
29  16504  3   0  0  16504
30  16507  3   0  0  16507
31  16509  3   0  0  16509
32  7992  2   0  7992
33  16510  2   0  16510
34  16504  2   0  16504
35  7618  2   2  7616
36  16508  2   1  16507
37  16508  2   0  16508
38  16498  2   0  16498
39  16512  3   0  4  16508
40  16512  3   0  0  16512
41  16512  3   0  1  16511
42  16401  3   0  0  16401
43  16492  2   0  16492
44  16512  2   0  16512
45  16510  3   0  0  16510
46  16504  3   0  0  16504
47  8082  2   0  8082
48  16504  2   0  16504
49  16512  3   3  0  16509
50  16512  2   2  16510
51  16512  2   0  16512
52  16510  4   3  0  0  16507
53  16508  2   0  16508
54  16512  3   1  3  16508
55  16512  3   0  0  16512
56  16510  2   3  16507
57  16506  3   0  0  16506
58  7930  3   0  1  7929
59  16512  2   2  16510
60  16512  2   0  16512
61  16506  2   1223  15283
62  16512  2   4  16508
63  16502  2   1  16501
64  16461  3   0  37  16424
65  16512  3   6  0  16506
66  16502  2   0  16502
67  16465  4   0  1  0  16464
68  16506  2   0  16506
69  16512  3   0  13  16499
70  16512  2   4  16508
71  16512  3   0  0  16512
72  16512  6   0  1  0  1  25  16485
73  16476  3   0  0  16476
74  16498  2   0  16498
75  16512  2   0  16512
76  16503  3   0  0  16503
77  16506  2   0  16506
78  16505  3   0  0  16505
79  16484  2   0  16484
80  16512  3   0  1  16511
81  16512  2   5  16507
82  16512  3   7382  0  9130
83  16488  5   0  0  10  0  16478
84  16512  2   15  16497
85  7624  2   0  7624
86  16497  4   0  0  4  16493
87  16508  2   0  16508
88  16505  3   1  0  16504
89  16512  2   0  16512
90  16504  2   0  16504
91  16512  2   0  16512
92  16496  2   0  16496
93  16508  3   0  8  16500
94  16512  4   799  0  0  15713
95  7924  2   3  7921
96  16510  2   0  16510
97  16506  2   0  16506
98  16510  2   0  16510
99  16512  3   1  0  16511
100  16512  2   2  16510
101  16496  2   0  16496
102  16506  5   1  0  0  0  16505
103  16510  2   1  16509
104  16496  2   0  16496
105  16510  2   3  16507
106  16510  2   8  16502
107  16502  3   0  0  16502
108  9093  3   0  1  9092
109  16512  5   0  5  0  0  16507
110  16512  3   0  3  16509
111  16512  2   144  16368
112  16498  2   0  16498
113  16510  3   6  0  16504
114  16503  3   1  0  16502
115  16510  2   0  16510
116  16512  3   0  74  16438
117  16512  3   4  0  16508
118  16512  3   0  0  16512
119  16493  4   0  0  0  16493
120  16498  5   1  1  49  2  16445
121  16512  3   0  0  16512
122  16510  3   0  1  16509
123  16512  2   0  16512
124  16512  3   0  2  16510
125  16512  2   0  16512
126  16501  4   0  1  1  16499
127  16498  2   0  16498
128  16512  3   0  1  16511
129  16512  2   0  16512
130  16510  2   7  16503
131  16504  4   2  0  0  16502
132  16512  3   2  0  16510
133  16512  3   0  0  16512
134  16512  2   12  16500
135  16512  4   2  0  2  16508
136  16502  3   1  0  16501
137  16510  2   4  16506
138  16494  3   0  0  16494
139  16510  2   0  16510
140  16512  3   0  0  16512
141  16512  2   0  16512
142  16493  3   0  0  16493
143  16510  3   0  0  16510
144  16504  2   0  16504
145  16512  3   0  2  16510
146  16491  4   0  0  0  16491
147  16501  3   2  0  16499
148  16472  2   0  16472
149  16512  2   0  16512
150  16512  3   0  0  16512
151  16512  2   5  16507
152  16512  3   0  0  16512
153  16506  3   0  1  16505
154  16510  2   0  16510
155  16512  3   0  2  16510
156  16509  3   0  6  16503
157  16502  2   0  16502
158  16512  3   0  0  16512
159  16512  6   0  0  0  0  0  16512
160  16512  2   0  16512
161  16508  3   0  1  16507
162  16512  2   0  16512
163  16508  3   0  0  16508
164  16488  2   0  16488
165  16512  3   0  1  16511
166  16512  3   0  1  16511
167  16502  2   0  16502
168  7880  3   2  0  7878
169  16512  3   0  0  16512
170  16512  2   0  16512
171  16512  2   1424  15088
172  16512  2   0  16512
173  16512  2   0  16512
174  16508  3   0  0  16508
175  16512  3   0  2  16510
176  16512  3   1  10  16501
177  16512  2   0  16512
178  16476  2   0  16476
179  16512  2   2  16510
180  16512  3   0  8  16504
181  16512  3   0  0  16512
182  16502  3   0  2  16500
183  16508  2   0  16508
184  16474  2   0  16474
185  16502  3   0  7535  8967
186  16512  2   2  16510
187  16512  3   0  0  16512
188  16512  3   0  8569  7943
189  16508  2   0  16508
190  16512  3   0  0  16512
191  16512  4   1  12  1  16498
192  16512  3   0  0  16512
193  16512  2   0  16512
194  16509  4   0  0  12  16497
195  16498  6   3  0  0  2  1  16492
196  16504  6   0  0  0  5  0  16499
197  16486  2   0  16486
198  16084  2   0  16084
199  16466  2   0  16466
200  16500  2   2  16498
201  7826  2   0  7826
202  16511  4   0  1  0  16510
203  16510  2   0  16510
204  16512  3   0  0  16512
205  16508  2   0  16508
206  16504  5   0  0  0  0  16504
207  16512  2   0  16512
208  15838  2   0  15838
209  16462  2   1  16461
210  16508  3   0  0  16508
211  16500  3   0  0  16500
212  16512  3   0  0  16512
213  16485  3   5  0  16480
214  16487  3   1  5  16481
215  16460  4   0  0  0  16460
216  16500  3   0  0  16500
217  16512  3   0  3  16509
218  16341  3   0  0  16341
219  16512  3   0  0  16512
220  16512  3   1819  0  14693
221  16512  3   1  0  16511
222  16465  4   0  4  1  16460
223  16504  6   1  2  0  0  1  16500
224  16500  2   0  16500
225  7775  3   0  0  7775
226  16496  4   0  1  0  16495
227  16512  2   0  16512
228  16486  3   0  1  16485
229  16512  2   2  16510
230  16510  2   0  16510
231  16488  3   0  0  16488
232  16418  3   0  0  16418
233  16512  2   32  16480
234  16488  4   0  0  1  16487
235  16506  3   57  0  16449
236  16512  3   0  0  16512
237  16510  2   0  16510
238  16256  3   0  112  16144
239  16507  5   0  1  1  0  16505
240  16510  2   0  16510
241  16510  3   0  0  16510
242  16512  3   0  0  16512
243  16394  3   0  0  16394
244  16492  3   0  1  16491
245  16488  2   1  16487
246  16512  2   0  16512
247  16509  4   0  0  0  16509
248  16511  4   0  0  0  16511
249  16480  2   0  16480
250  7592  2   0  7592
251  16510  2   0  16510
252  16508  2   0  16508
253  16260  3   0  0  16260
254  16442  3   0  0  16442
255  11108  2   0  11108
256  7392  2   2  7390
257  16502  2   0  16502
258  16508  2   0  16508
259  16512  2   0  16512
260  16439  3   1  0  16438
261  16502  2   2  16500
262  16440  2   0  16440
263  16512  3   0  0  16512
264  16462  5   1  0  1  0  16460
265  16512  2   13  16499
266  14956  2   0  14956
267  16212  3   0  0  16212
268  16290  3   0  0  16290
269  16504  2   1  16503
270  16512  3   1  0  16511
271  16478  4   0  0  0  16478
272  16464  2   0  16464
273  16496  2   0  16496
274  16468  3   0  0  16468
275  16512  3   0  1  16511
276  16507  3   25  0  16482
277  16244  2   1  16243
278  15235  3   0  0  15235
279  16346  2   0  16346
280  16504  3   0  0  16504
281  16512  2   7  16505
282  15885  3   1  0  15884
283  16470  2   0  16470
284  16506  2   1  16505
285  14053  3   0  1  14052
286  16511  8   2  0  3  2  3  0  0  16501
287  16296  4   0  5  2  16289
288  16438  4   1995  0  1  14442
289  16505  7   0  3  9  0  50  0  16443
290  16512  5   0  1  0  0  16511
291  16484  2   317  16167
292  16508  2   4  16504
293  16226  2   0  16226
294  16495  3   0  2  16493
295  16512  3   0  3  16509
296  16512  2   0  16512
297  16360  2   0  16360
298  16505  7   0  0  0  0  0  0  16505
299  16495  3   0  0  16495
300  16510  2   0  16510
301  16508  4   0  0  0  16508
302  16511  3   0  0  16511
303  16371  3   0  0  16371
304  16026  2   0  16026
305  16483  4   0  0  1  16482
306  16512  3   40  1  16471
307  16396  3   0  0  16396
308  16466  2   0  16466
309  16218  2   0  16218
310  16498  2   0  16498
311  16512  3   0  0  16512
312  16510  4   1  8  0  16501
313  16496  4   0  0  0  16496
314  16506  3   0  0  16506
315  16512  2   0  16512
316  16476  2   2  16474
317  16387  4   0  0  0  16387
318  16510  3   0  3621  12889
319  16511  4   1  9745  0  6765
320  16512  3   0  0  16512
321  16512  3   0  0  16512
322  16512  3   0  2  16510
323  16508  2   2  16506
324  16510  2   1  16509
325  15960  3   0  1  15959
326  16512  2   0  16512
327  16062  2   0  16062
328  16512  4   1  1  0  16510
329  16502  2   12  16490
330  16496  3   0  2196  14300
331  16472  3   0  0  16472
332  16512  4   0  4  0  16508
333  16508  3   0  0  16508
334  16512  3   0  0  16512
335  16510  3   1  2  16507
336  16386  2   0  16386
337  16512  3   0  0  16512
338  16158  2   0  16158
339  16512  2   0  16512
340  16392  2   0  16392
341  16495  4   1  0  1  16493
342  16466  2   0  16466
343  16492  2   2  16490
344  16512  2   0  16512
345  16472  2   8  16464
346  16494  3   0  0  16494
347  16512  2   0  16512
348  16495  3   7  4  16484
349  16512  2   43  16469
350  16500  2   0  16500
351  16512  2   0  16512
352  16502  2   0  16502
353  16474  3   0  0  16474
354  16498  2   9  16489
355  16510  3   1  0  16509
356  16496  4   1  0  0  16495
357  16117  3   0  0  16117
358  16510  3   0  0  16510
359  16498  3   0  0  16498
360  16512  2   0  16512
361  16512  2   0  16512
362  16338  2   2  16336
363  16510  4   0  1  208  16301
364  16502  4   0  0  0  16502
365  16500  5   8582  0  71  0  7847
366  16500  2   0  16500
367  16512  4   16  0  0  16496
368  16510  4   0  1  16472  37
369  16496  3   0  0  16496
370  16510  4   0  0  3  16507
371  16496  3   0  0  16496
372  16380  3   0  3  16377
373  16502  4   0  0  0  16502
374  16504  2   12  16492
375  16496  2   1  16495
376  16507  3   0  2342  14165
377  16408  4   0  0  1  16407
378  16502  4   0  0  2  16500
379  16506  3   0  1  16505
380  16500  2   0  16500
381  16512  2   0  16512
382  16502  2   0  16502
383  16024  3   0  0  16024
384  16510  2   0  16510
385  16456  2   0  16456
386  16504  3   0  1  16503
387  16502  2   0  16502
388  16498  3   13  0  16485
389  16512  4   0  0  1  16511
390  16506  2   1  16505
391  16512  2   0  16512
392  16456  2   0  16456
393  16510  3   14  0  16496
394  16506  3   0  0  16506
395  16504  2   0  16504
396  16506  2   8  16498
397  16510  4   1  1  0  16508
398  16512  2   0  16512
399  16502  2   0  16502
400  16504  2   0  16504
401  16512  2   0  16512
402  16504  2   0  16504
403  16508  2   2  16506
404  16510  2   0  16510
405  16405  3   0  1  16404
406  16512  3   0  1  16511
407  16510  2   0  16510
408  16393  4   0  0  0  16393
409  16512  2   1  16511
410  16497  3   1865  0  14632
411  16492  2   0  16492
412  16512  2   3  16509
413  16509  3   0  0  16509
414  16510  3   0  0  16510
415  16512  4   1  0  0  16511
416  16512  3   0  1  16511
417  16504  2   0  16504
418  15436  3   0  0  15436
419  16510  3   0  0  16510
420  16498  2   1  16497
421  16494  2   0  16494
422  16512  2   2  16510
423  16510  2   0  16510
424  15206  2   0  15206
425  16508  2   4  16504
426  16462  2   0  16462
427  16512  4   0  0  2  16510
428  16479  3   3  1  16475
429  16510  3   1  0  16509
430  16422  2   0  16422
431  16512  3   0  1  16511
432  16512  2   22  16490
433  16512  3   1  0  16511
434  16498  3   0  1  16497
435  16496  3   0  0  16496
436  14822  3   0  11  14811
437  16512  2   1  16511
438  16512  2   7407  9105
439  16496  2   10  16486
440  16474  3   0  0  16474
441  16460  2   0  16460
442  16510  2   0  16510
443  16510  2   0  16510
444  16512  2   0  16512
445  16462  2   936  15526
446  16512  4   0  6  1  16505
447  16504  2   2  16502
448  16512  2   0  16512
449  16480  2   0  16480
450  16504  2   0  16504
451  16512  2   0  16512
452  16512  3   0  0  16512
453  16512  2   0  16512
454  16510  2   3  16507
455  16392  2   2  16390
456  16442  2   0  16442
457  16510  2   0  16510
458  16249  4   0  0  151  16098
459  16512  3   0  0  16512
460  15912  2   0  15912
461  16482  2   1  16481
462  16510  2   12  16498
463  16328  3   0  0  16328
464  16512  2   0  16512
465  15988  2   0  15988
466  16508  2   0  16508
467  15678  2   0  15678
468  15780  2   0  15780
469  16510  3   4  0  16506
470  16452  2   0  16452
471  16396  4   0  1  1  16394
472  16504  3   0  0  16504
473  16512  4   0  0  0  16512
474  16456  4   0  1699  0  14757
475  16446  2   0  16446
476  16368  2   0  16368
477  16506  2   12  16494
478  16512  3   0  0  16512
479  16483  4   0  0  0  16483
480  16494  2   135  16359
481  16112  3   2  3479  12631
482  16506  2   2  16504
483  16512  2   0  16512
484  16462  2   2  16460
485  16510  3   0  2  16508
486  16400  2   2  16398
487  16506  3   1  0  16505
488  16119  3   0  0  16119
489  16348  2   0  16348
490  16512  2   0  16512
491  16492  2   0  16492
492  16512  2   3  16509
493  16494  3   0  0  16494
494  16510  3   0  0  16510
495  16482  2   0  16482
496  16482  2   2  16480
497  16406  3   4  0  16402
498  16490  2   0  16490
499  16416  3   2  0  16414
500  16506  2   0  16506
501  16510  2   0  16510
502  16496  3   1  1  16494
503  16466  2   1  16465
504  16498  2   10  16488
505  16510  3   0  0  16510
506  16490  3   1  0  16489
507  16432  4   8  0  0  16424
508  16512  3   0  6  16506
509  16506  2   0  16506
510  15869  4   1  0  0  15868
511  16096  2   3  16093
512  16272  3   0  1  16271
513  16498  3   0  2  16496
514  16510  2   43  16467
515  16060  3   0  0  16060
516  16490  3   0  0  16490
517  16429  3   1  0  16428
518  15876  2   0  15876
519  16070  2   0  16070
520  16290  3   0  0  16290
521  16504  2   0  16504
522  16510  2   0  16510
523  16512  2   0  16512
524  16512  2   2  16510
525  16495  3   2  0  16493
526  16512  2   0  16512
527  16510  2   1  16509
528  16506  2   0  16506
529  16293  4   0  0  5  16288
530  16512  2   4  16508
531  16498  2   0  16498
532  16512  2   0  16512
533  16490  2   1  16489
534  16448  3   0  0  16448
535  16512  2   5  16507
536  16508  3   0  9  16499
537  16496  3   0  1  16495

