[loci]=208

[populations]=7

[pop]=1
1  10398  2   0  10398
2  10406  2   0  10406
3  9526  2   6  9520
4  10406  2   0  10406
5  9792  2   0  9792
6  10368  2   0  10368
7  9528  3   0  2  9526
8  9766  2   1  9765
9  9798  2   0  9798
10  10373  3   0  0  10373
11  9800  3   0  3  9797
12  10400  2   0  10400
13  9797  4   0  0  0  9797
14  10406  2   0  10406
15  9533  6   10  0  0  2  1  9520
16  9794  3   1  1  9792
17  912  2   1  911
18  10400  2   0  10400
19  9544  2   0  9544
20  9780  3   2  0  9778
21  10394  3   0  0  10394
22  9794  2   0  9794
23  10378  3   0  0  10378
24  9868  2   0  9868
25  9783  3   35  0  9748
26  10382  3   0  0  10382
27  9784  2   8  9776
28  10406  4   0  0  0  10406
29  9544  2   1  9543
30  10390  3   0  0  10390
31  4504  2   0  4504
32  9548  2   4  9544
33  4492  2   0  4492
34  9544  2   6  9538
35  9790  2   0  9790
36  10390  2   45  10345
37  4370  2   0  4370
38  10398  2   0  10398
39  9546  4   3  0  0  9543
40  9790  4   0  0  0  9790
41  10388  2   0  10388
42  9788  2   0  9788
43  4364  2   0  4364
44  9537  3   2  4  9531
45  9790  2   0  9790
46  9527  5   0  3  0  0  9524
47  9792  2   0  9792
48  9792  3   0  13  9779
49  4336  3   0  0  4336
50  9530  4   1  0  7  9522
51  9792  4   0  449  1  9342
52  10294  2   9277  1017
53  10406  2   3  10403
54  9790  2   0  9790
55  906  2   0  906
56  9524  2   1  9523
57  10292  2   0  10292
58  9796  3   0  0  9796
59  906  3   0  51  855
60  9796  2   0  9796
61  10284  2   1  10283
62  906  2   0  906
63  10390  2   0  10390
64  9514  2   8  9506
65  9798  3   0  0  9798
66  10406  2   0  10406
67  9796  2   0  9796
68  10390  3   1  0  10389
69  9487  4   0  0  1  9486
70  9806  3   0  0  9806
71  10390  4   0  0  0  10390
72  9477  4   4  0  0  9473
73  10290  2   0  10290
74  9806  2   0  9806
75  9463  3   9  0  9454
76  10400  2   2  10398
77  9452  2   2  9450
78  10298  2   0  10298
79  9864  3   0  0  9864
80  9441  3   0  0  9441
81  9801  4   6  0  0  9795
82  9806  3   0  0  9806
83  10162  2   0  10162
84  10390  3   1  48  10341
85  10390  2   0  10390
86  10402  4   0  3  1  10398
87  8492  2   4  8488
88  3936  2   0  3936
89  9430  3   0  0  9430
90  10108  2   0  10108
91  9886  2   0  9886
92  9421  4   0  0  1  9420
93  10295  4   0  0  0  10295
94  8463  2   0  8463
95  9809  3   0  0  9809
96  902  2   0  902
97  9405  3   1  0  9404
98  9802  2   0  9802
99  10304  2   0  10304
100  8516  2   0  8516
101  9810  2   0  9810
102  10332  3   0  0  10332
103  9398  3   0  0  9398
104  10304  3   1  0  10303
105  9382  2   0  9382
106  9792  2   0  9792
107  10378  2   0  10378
108  9359  4   0  0  0  9359
109  9802  4   0  0  0  9802
110  9792  2   0  9792
111  9910  2   0  9910
112  10384  3   0  0  10384
113  9292  2   52  9240
114  9802  4   0  0  2  9800
115  10372  2   6  10366
116  10316  2   0  10316
117  10376  2   0  10376
118  9304  3   0  1  9303
119  9912  2   0  9912
120  9245  4   2  1  0  9242
121  9802  3   1  0  9801
122  10320  2   0  10320
123  10354  2   0  10354
124  9809  3   0  0  9809
125  9233  4   0  0  0  9233
126  9802  3   0  0  9802
127  10324  4   0  1  0  10323
128  9798  3   0  0  9798
129  10370  3   0  0  10370
130  9196  2   0  9196
131  9748  2   0  9748
132  9198  3   0  0  9198
133  9932  2   0  9932
134  10330  2   30  10300
135  9030  2   0  9030
136  10340  3   58  0  10282
137  8516  2   0  8516
138  906  2   188  718
139  10362  3   9  5  10348
140  10338  2   0  10338
141  9140  2   10  9130
142  10341  3   0  0  10341
143  10353  3   1  0  10352
144  9112  3   0  0  9112
145  9121  5   0  0  0  1  9120
146  10370  3   0  0  10370
147  906  2   0  906
148  9942  2   0  9942
149  9241  3   1  0  9240
150  2813  3   2  1  2810
151  9266  2   0  9266
152  9798  3   0  0  9798
153  10404  2   0  10404
154  9422  2   0  9422
155  10254  2   0  10254
156  9798  2   0  9798
157  9048  2   0  9048
158  10290  2   0  10290
159  10338  2   0  10338
160  10372  2   0  10372
161  9044  2   0  9044
162  9806  3   0  11  9795
163  10404  2   0  10404
164  9926  2   0  9926
165  10330  2   0  10330
166  10384  3   0  0  10384
167  9806  2   0  9806
168  10316  2   0  10316
169  9023  4   1  0  1  9021
170  9936  2   0  9936
171  10356  2   0  10356
172  10376  2   1  10375
173  8997  3   0  0  8997
174  9614  2   0  9614
175  9802  2   0  9802
176  8990  2   0  8990
177  9802  3   14  0  9788
178  9799  4   0  0  1  9798
179  10282  4   0  0  0  10282
180  8958  3   0  0  8958
181  9651  3   22  0  9629
182  9592  2   1  9591
183  9802  3   0  0  9802
184  10406  2   0  10406
185  10358  2   0  10358
186  10378  3   0  0  10378
187  9652  3   0  0  9652
188  9798  3   0  0  9798
189  9820  2   3  9817
190  10406  2   0  10406
191  10264  2   1  10263
192  10374  2   0  10374
193  9660  3   0  0  9660
194  10394  4   0  2  0  10392
195  9798  2   0  9798
196  10260  2   8  10252
197  9680  6   0  1  1  1  0  9677
198  12  2   2  10
199  9732  3   1666  0  8066
200  10366  2   0  10366
201  9798  2   0  9798
202  9733  3   0  0  9733
203  10390  2   1  10389
204  9800  3   0  0  9800
205  9902  2   0  9902
206  8914  6   0  0  0  0  0  8914
207  9749  4   0  0  1  9748
208  8894  5   0  0  1  0  8893

[pop]=2
1  11578  2   0  11578
2  11578  2   0  11578
3  11554  2   19  11535
4  11578  2   0  11578
5  11554  2   0  11554
6  11568  2   0  11568
7  11552  3   0  0  11552
8  11570  2   0  11570
9  11560  2   2  11558
10  11565  3   0  1  11564
11  11560  3   0  17  11543
12  11578  2   0  11578
13  11557  4   1  0  0  11556
14  11578  2   1  11577
15  11543  6   1038  0  2  2  11  10490
16  11553  3   0  1  11552
17  292  2   0  292
18  11578  2   0  11578
19  11540  2   0  11540
20  11572  3   0  0  11572
21  11473  3   0  0  11473
22  11554  2   10  11544
23  11496  3   0  0  11496
24  11544  2   0  11544
25  11572  3   0  1  11571
26  11570  3   0  0  11570
27  11572  2   0  11572
28  11578  4   0  0  0  11578
29  11536  2   0  11536
30  11470  3   0  0  11470
31  3310  2   0  3310
32  11538  2   0  11538
33  3274  2   0  3274
34  11532  2   3  11529
35  11572  2   0  11572
36  11470  2   2  11468
37  3108  2   0  3108
38  11578  2   0  11578
39  11534  4   0  0  0  11534
40  11572  4   0  1  0  11571
41  11472  2   0  11472
42  11558  2   0  11558
43  3086  2   0  3086
44  11533  3   5  1  11527
45  11572  2   0  11572
46  11529  5   0  0  0  0  11529
47  11572  2   2  11570
48  11553  3   0  1  11552
49  3052  3   0  0  3052
50  11528  4   0  2  3  11523
51  11572  4   0  172  10  11390
52  11466  2   7737  3729
53  11578  2   0  11578
54  11552  2   0  11552
55  292  2   0  292
56  11520  2   1  11519
57  11478  2   0  11478
58  11576  3   0  0  11576
59  292  3   0  0  292
60  11572  2   0  11572
61  11482  2   0  11482
62  292  2   2  290
63  11570  2   0  11570
64  11518  2   0  11518
65  11576  3   1  25  11550
66  11578  2   0  11578
67  11576  2   0  11576
68  11570  3   0  0  11570
69  11517  4   0  11  11  11495
70  11550  3   5  0  11545
71  11570  4   0  1  0  11569
72  11517  4   0  0  0  11517
73  11486  2   2  11484
74  11552  2   1  11551
75  11516  3   7  0  11509
76  11578  2   18  11560
77  11512  2   0  11512
78  11490  2   0  11490
79  11549  3   0  0  11549
80  11511  3   0  0  11511
81  11576  4   3  2  0  11571
82  11552  3   0  0  11552
83  11408  2   0  11408
84  11578  3   3  3  11572
85  11570  2   0  11570
86  11578  4   0  0  1  11577
87  9284  2   0  9284
88  2566  2   0  2566
89  11505  3   0  1  11504
90  11392  2   0  11392
91  11550  2   0  11550
92  11504  4   0  0  0  11504
93  11486  4   0  1  3  11482
94  9277  2   0  9277
95  11557  3   0  0  11557
96  288  2   0  288
97  11503  3   3  0  11500
98  11576  2   0  11576
99  11490  2   0  11490
100  9322  2   0  9322
101  11558  2   0  11558
102  11553  3   0  0  11553
103  11500  3   0  0  11500
104  11494  3   0  0  11494
105  11498  2   0  11498
106  11544  2   0  11544
107  11576  2   0  11576
108  11495  4   0  1  0  11494
109  11576  4   0  0  0  11576
110  11546  2   0  11546
111  11552  2   0  11552
112  11568  3   0  0  11568
113  11494  2   14  11480
114  11576  4   1  0  2  11573
115  11578  2   0  11578
116  11538  2   1  11537
117  11576  2   0  11576
118  11494  3   0  0  11494
119  11552  2   0  11552
120  11489  4   1  0  0  11488
121  11574  3   0  0  11574
122  11492  2   1  11491
123  11574  2   0  11574
124  11561  3   0  0  11561
125  11483  4   0  0  0  11483
126  11574  3   4  0  11570
127  11511  4   0  0  0  11511
128  11557  3   1  0  11556
129  11574  3   0  0  11574
130  11476  2   0  11476
131  11160  2   1  11159
132  11471  3   1  0  11470
133  11552  2   1  11551
134  11506  2   2  11504
135  11210  2   0  11210
136  11512  3   83  0  11429
137  9321  2   0  9321
138  292  2   183  109
139  11570  3   1  11  11558
140  11514  2   9  11505
141  11452  2   7  11445
142  11521  3   1  1  11519
143  11570  3   0  0  11570
144  11456  3   0  0  11456
145  11288  5   0  0  2  0  11286
146  11553  3   0  0  11553
147  292  2   2  290
148  11550  2   1  11549
149  11336  3   0  0  11336
150  2055  3   0  0  2055
151  11362  2   0  11362
152  11568  3   0  1  11567
153  11574  2   0  11574
154  11422  2   0  11422
155  11480  2   0  11480
156  11568  2   0  11568
157  11436  2   0  11436
158  11514  2   0  11514
159  11566  2   0  11566
160  11552  2   0  11552
161  11424  2   0  11424
162  11576  3   0  0  11576
163  11574  2   0  11574
164  11544  2   0  11544
165  11566  2   0  11566
166  11532  3   0  0  11532
167  11576  2   0  11576
168  11566  2   0  11566
169  11415  4   0  0  0  11415
170  11534  2   0  11534
171  11556  2   0  11556
172  11556  2   0  11556
173  11402  3   0  0  11402
174  11516  2   0  11516
175  11576  2   0  11576
176  11398  2   0  11398
177  11576  3   71  0  11505
178  11482  4   0  0  0  11482
179  11563  4   0  0  0  11563
180  11386  3   0  0  11386
181  11526  3   0  0  11526
182  11434  2   0  11434
183  11575  3   0  15  11560
184  11578  2   2  11576
185  11556  2   1  11555
186  11557  3   0  0  11557
187  11528  3   0  0  11528
188  11572  3   0  1  11571
189  11492  2   0  11492
190  11578  2   13  11565
191  11560  2   0  11560
192  11560  2   3  11557
193  11531  3   1  0  11530
194  11535  4   0  2  2  11531
195  11572  2   3  11569
196  11554  2   0  11554
197  11540  6   1  0  0  0  0  11539
198  4  2   0  4
199  11558  3   3063  0  8495
200  11518  2   4  11514
201  11574  2   0  11574
202  11569  3   0  0  11569
203  11532  2   0  11532
204  11574  3   0  0  11574
205  11502  2   0  11502
206  11348  6   3  0  0  0  1  11344
207  11571  4   0  0  0  11571
208  11348  5   14  1  0  0  11333

[pop]=3
1  8654  2   0  8654
2  8654  2   0  8654
3  8578  2   2  8576
4  8654  2   0  8654
5  8620  2   3  8617
6  8632  2   0  8632
7  8578  3   1  0  8577
8  8618  2   0  8618
9  8618  2   0  8618
10  8632  3   1  0  8631
11  8616  3   3  1  8612
12  8652  2   28  8624
13  8615  4   0  8  0  8607
14  8654  2   0  8654
15  8578  6   0  0  0  0  0  8578
16  8614  3   3  0  8611
17  486  2   0  486
18  8654  2   0  8654
19  8578  2   0  8578
20  8618  3   0  0  8618
21  8625  3   0  0  8625
22  8612  2   0  8612
23  8639  3   0  0  8639
24  8584  2   0  8584
25  8620  3   0  0  8620
26  8634  3   0  1  8633
27  8620  2   0  8620
28  8654  4   0  0  0  8654
29  8576  2   0  8576
30  8622  3   0  1  8621
31  2762  2   0  2762
32  8576  2   0  8576
33  2768  2   0  2768
34  8576  2   0  8576
35  8622  2   0  8622
36  8614  2   0  8614
37  2690  2   0  2690
38  8654  2   0  8654
39  8576  4   2  1  0  8573
40  8622  4   1  0  0  8621
41  8614  2   0  8614
42  8600  2   2  8598
43  2662  2   0  2662
44  8578  3   0  0  8578
45  8622  2   0  8622
46  8578  5   0  0  0  0  8578
47  8622  2   0  8622
48  8598  3   0  0  8598
49  2672  3   0  0  2672
50  8578  4   0  0  0  8578
51  8622  4   2  34  0  8586
52  8598  2   3180  5418
53  8652  2   0  8652
54  8598  2   1  8597
55  486  2   0  486
56  8578  2   0  8578
57  8610  2   0  8610
58  8624  3   0  0  8624
59  486  3   0  0  486
60  8622  2   0  8622
61  8610  2   0  8610
62  486  2   15  471
63  8642  2   0  8642
64  8578  2   0  8578
65  8622  3   0  0  8622
66  8652  2   1  8651
67  8624  2   0  8624
68  8640  3   0  0  8640
69  8576  4   2  0  2  8572
70  8606  3   0  0  8606
71  8640  4   0  0  0  8640
72  8576  4   0  0  0  8576
73  8612  2   0  8612
74  8610  2   0  8610
75  8576  3   0  0  8576
76  8652  2   0  8652
77  8576  2   0  8576
78  8612  2   0  8612
79  8586  3   0  0  8586
80  8576  3   0  1  8575
81  8621  4   0  0  0  8621
82  8614  3   0  0  8614
83  8588  2   10  8578
84  8654  3   0  0  8654
85  8642  2   0  8642
86  8652  4   0  0  0  8652
87  6585  2   18  6567
88  2490  2   2  2488
89  8578  3   0  0  8578
90  8572  2   0  8572
91  8588  2   0  8588
92  8577  4   0  0  0  8577
93  8614  4   0  0  0  8614
94  6582  2   0  6582
95  8624  3   0  0  8624
96  486  2   0  486
97  8576  3   4  1  8571
98  8622  2   0  8622
99  8618  2   0  8618
100  6574  2   0  6574
101  8622  2   0  8622
102  8626  3   0  0  8626
103  8574  3   0  0  8574
104  8616  3   0  0  8616
105  8572  2   1  8571
106  8622  2   0  8622
107  8646  2   0  8646
108  8573  4   0  0  0  8573
109  8622  4   1  0  1  8620
110  8622  2   3  8619
111  8586  2   0  8586
112  8642  3   0  0  8642
113  8566  2   0  8566
114  8622  4   0  0  0  8622
115  8646  2   0  8646
116  8618  2   0  8618
117  8644  2   8  8636
118  8570  3   0  0  8570
119  8586  2   0  8586
120  8563  4   0  0  0  8563
121  8621  3   0  1  8620
122  8622  2   0  8622
123  8646  2   4  8642
124  8626  3   0  0  8626
125  8559  4   3  0  0  8556
126  8620  3   0  0  8620
127  8626  4   0  0  0  8626
128  8624  3   0  0  8624
129  8640  3   0  0  8640
130  8556  2   0  8556
131  8344  2   0  8344
132  8553  3   0  0  8553
133  8580  2   0  8580
134  8608  2   0  8608
135  8420  2   0  8420
136  8632  3   0  0  8632
137  6589  2   0  6589
138  486  2   308  178
139  8638  3   0  0  8638
140  8612  2   0  8612
141  8532  2   1  8531
142  8634  3   3  0  8631
143  8633  3   0  0  8633
144  8521  3   0  0  8521
145  8458  5   0  0  0  0  8458
146  8627  3   0  0  8627
147  486  2   0  486
148  8584  2   0  8584
149  8481  3   0  0  8481
150  2160  3   0  0  2160
151  8488  2   52  8436
152  8626  3   0  0  8626
153  8650  2   12  8638
154  8528  2   2  8526
155  8552  2   0  8552
156  8626  2   3  8623
157  8456  2   38  8418
158  8598  2   0  8598
159  8626  2   0  8626
160  8638  2   0  8638
161  8446  2   0  8446
162  8624  3   1  0  8623
163  8652  2   1  8651
164  8586  2   0  8586
165  8622  2   0  8622
166  8644  3   0  0  8644
167  8624  2   0  8624
168  8624  2   1  8623
169  8425  4   0  0  0  8425
170  8588  2   0  8588
171  8624  2   7  8617
172  8642  2   0  8642
173  8398  3   0  0  8398
174  8588  2   0  8588
175  8624  2   0  8624
176  8406  2   0  8406
177  8624  3   0  0  8624
178  8634  4   0  0  0  8634
179  8623  4   0  0  0  8623
180  8376  3   0  0  8376
181  8602  3   0  0  8602
182  8478  2   0  8478
183  8624  3   1  0  8623
184  8650  2   0  8650
185  8634  2   0  8634
186  8643  3   0  0  8643
187  8604  3   1  0  8603
188  8626  3   0  0  8626
189  8642  2   0  8642
190  8650  2   0  8650
191  8620  2   0  8620
192  8648  2   0  8648
193  8608  3   0  0  8608
194  8650  4   0  0  0  8650
195  8626  2   0  8626
196  8616  2   2  8614
197  8613  6   0  0  0  0  0  8613
198  4  2   2  2
199  8608  3   3810  0  4798
200  8624  2   1  8623
201  8626  2   0  8626
202  8623  3   1  0  8622
203  8650  2   0  8650
204  8622  3   0  0  8622
205  8562  2   0  8562
206  8298  6   0  0  0  0  0  8298
207  8624  4   25  0  0  8599
208  8264  5   0  0  0  0  8264

[pop]=4
1  6614  2   0  6614
2  6614  2   0  6614
3  6506  2   1  6505
4  6614  2   0  6614
5  6612  2   0  6612
6  6614  2   4  6610
7  6505  3   0  0  6505
8  6614  2   0  6614
9  6610  2   0  6610
10  6614  3   0  0  6614
11  6609  3   0  107  6502
12  6614  2   0  6614
13  6610  4   1  0  1  6608
14  6614  2   0  6614
15  6489  6   5  0  0  0  0  6484
16  6609  3   0  0  6609
17  1620  2   0  1620
18  6614  2   0  6614
19  6480  2   122  6358
20  6614  3   0  0  6614
21  6602  3   0  1  6601
22  6608  2   0  6608
23  6606  3   0  0  6606
24  6614  2   0  6614
25  6614  3   0  0  6614
26  6614  3   0  0  6614
27  6614  2   0  6614
28  6614  4   0  0  0  6614
29  6458  2   0  6458
30  6600  3   0  0  6600
31  1496  2   0  1496
32  6452  2   0  6452
33  1484  2   0  1484
34  6436  2   0  6436
35  6614  2   0  6614
36  6600  2   0  6600
37  1398  2   0  1398
38  6614  2   0  6614
39  6427  4   1  0  0  6426
40  6614  4   0  0  0  6614
41  6602  2   0  6602
42  6610  2   0  6610
43  1364  2   0  1364
44  6424  3   0  0  6424
45  6614  2   0  6614
46  6409  5   0  0  0  0  6409
47  6614  2   0  6614
48  6608  3   0  0  6608
49  1350  3   0  0  1350
50  6399  4   0  0  1  6398
51  6614  4   0  0  0  6614
52  6608  2   3655  2953
53  6614  2   0  6614
54  6608  2   0  6608
55  1620  2   0  1620
56  6386  2   0  6386
57  6610  2   0  6610
58  6614  3   1  0  6613
59  1620  3   0  0  1620
60  6614  2   0  6614
61  6610  2   0  6610
62  1620  2   2  1618
63  6614  2   9  6605
64  6374  2   0  6374
65  6614  3   0  0  6614
66  6614  2   0  6614
67  6614  2   49  6565
68  6614  3   0  0  6614
69  6362  4   0  0  2  6360
70  6610  3   0  2  6608
71  6614  4   0  0  0  6614
72  6349  4   1  0  0  6348
73  6610  2   0  6610
74  6610  2   0  6610
75  6348  3   0  0  6348
76  6614  2   0  6614
77  6342  2   0  6342
78  6610  2   0  6610
79  6614  3   0  0  6614
80  6342  3   0  0  6342
81  6614  4   6  0  0  6608
82  6612  3   0  0  6612
83  6596  2   0  6596
84  6614  3   0  0  6614
85  6614  2   0  6614
86  6614  4   0  0  0  6614
87  4529  2   0  4529
88  1064  2   0  1064
89  6324  3   0  0  6324
90  6596  2   0  6596
91  6614  2   0  6614
92  6315  4   0  0  0  6315
93  6611  4   0  0  0  6611
94  4529  2   0  4529
95  6612  3   0  0  6612
96  1620  2   0  1620
97  6300  3   0  0  6300
98  6614  2   0  6614
99  6610  2   0  6610
100  4529  2   0  4529
101  6612  2   0  6612
102  6609  3   0  1  6608
103  6296  3   0  0  6296
104  6610  3   0  0  6610
105  6294  2   0  6294
106  6614  2   0  6614
107  6614  2   0  6614
108  6276  4   0  0  0  6276
109  6614  4   0  0  0  6614
110  6614  2   0  6614
111  6614  2   0  6614
112  6614  3   0  0  6614
113  6238  2   0  6238
114  6614  4   0  0  0  6614
115  6614  2   0  6614
116  6610  2   0  6610
117  6614  2   0  6614
118  6266  3   0  0  6266
119  6614  2   0  6614
120  6253  4   0  0  0  6253
121  6614  3   0  0  6614
122  6610  2   0  6610
123  6614  2   0  6614
124  6614  3   0  0  6614
125  6240  4   0  1  0  6239
126  6614  3   1  0  6613
127  6611  4   0  0  0  6611
128  6614  3   0  0  6614
129  6614  3   0  0  6614
130  6242  2   9  6233
131  6530  2   1  6529
132  6236  3   0  0  6236
133  6614  2   0  6614
134  6600  2   0  6600
135  6222  2   0  6222
136  6612  3   383  0  6229
137  4528  2   0  4528
138  1620  2   950  670
139  6614  3   0  39  6575
140  6598  2   0  6598
141  6218  2   20  6198
142  6612  3   0  0  6612
143  6614  3   0  1  6613
144  6213  3   0  0  6213
145  6292  5   0  0  0  0  6292
146  6612  3   0  0  6612
147  1620  2   0  1620
148  6614  2   0  6614
149  6336  3   0  0  6336
150  763  3   0  0  763
151  6360  2   0  6360
152  6614  3   0  0  6614
153  6614  2   0  6614
154  6426  2   0  6426
155  6536  2   0  6536
156  6614  2   0  6614
157  6218  2   0  6218
158  6608  2   0  6608
159  6614  2   0  6614
160  6610  2   0  6610
161  6214  2   0  6214
162  6614  3   0  0  6614
163  6614  2   0  6614
164  6614  2   0  6614
165  6614  2   0  6614
166  6612  3   0  0  6612
167  6614  2   0  6614
168  6614  2   0  6614
169  6214  4   0  0  0  6214
170  6614  2   0  6614
171  6612  2   0  6612
172  6612  2   1  6611
173  6215  3   0  0  6215
174  6556  2   0  6556
175  6614  2   10  6604
176  6234  2   0  6234
177  6613  3   85  0  6528
178  6565  4   0  0  0  6565
179  6614  4   0  0  1  6613
180  6234  3   0  0  6234
181  6577  3   0  0  6577
182  6598  2   0  6598
183  6614  3   0  0  6614
184  6614  2   0  6614
185  6610  2   0  6610
186  6612  3   0  0  6612
187  6582  3   0  0  6582
188  6614  3   0  0  6614
189  6572  2   13  6559
190  6614  2   0  6614
191  6614  2   0  6614
192  6612  2   0  6612
193  6584  3   0  0  6584
194  6612  4   0  0  0  6612
195  6614  2   0  6614
196  6614  2   0  6614
197  6590  6   0  0  0  0  0  6590
198  0  2   0  0
199  6597  3   855  0  5742
200  6580  2   1  6579
201  6614  2   0  6614
202  6601  3   0  0  6601
203  6612  2   0  6612
204  6614  3   5  0  6609
205  6614  2   0  6614
206  6209  6   0  0  0  0  0  6209
207  6603  4   0  0  0  6603
208  6260  5   0  0  0  0  6260

[pop]=5
1  66740  2   2  66738
2  66740  2   29  66711
3  65768  2   136  65632
4  66732  2   8  66724
5  66640  2   0  66640
6  66428  2   13  66415
7  65776  3   0  0  65776
8  66608  2   0  66608
9  66624  2   0  66624
10  66448  3   0  0  66448
11  66609  3   0  414  66195
12  66738  2   0  66738
13  66587  4   1  0  0  66586
14  66738  2   3  66735
15  65816  6   10  10  1  13  54  65728
16  66557  3   0  2  66555
17  5376  2   4  5372
18  66738  2   3  66735
19  65820  2   52  65768
20  66648  3   0  4  66644
21  66488  3   0  2  66486
22  66574  2   0  66574
23  66554  3   1  0  66553
24  65026  2   2  65024
25  66653  3   1  0  66652
26  66532  3   2  0  66530
27  66660  2   0  66660
28  66736  4   1  1  1  66733
29  65814  2   3  65811
30  66456  3   4  0  66452
31  25634  2   0  25634
32  65806  2   0  65806
33  25530  2   3  25527
34  65770  2   2  65768
35  66684  2   18  66666
36  66394  2   0  66394
37  24750  2   3  24747
38  66738  2   1  66737
39  65757  4   1  0  1  65755
40  66683  4   0  1  1  66681
41  66394  2   2  66392
42  66530  2   0  66530
43  24588  2   0  24588
44  65742  3   30  0  65712
45  66688  2   2  66686
46  65712  5   0  1  1  1  65709
47  66692  2   0  66692
48  66519  3   1  3  66515
49  24338  3   0  1  24337
50  65683  4   0  0  4  65679
51  66694  4   0  167  7  66520
52  66332  2   43754  22578
53  66728  2   1  66727
54  66506  2   0  66506
55  5300  2   6  5294
56  65648  2   4  65644
57  66372  2   9  66363
58  66712  3   0  1  66711
59  5300  3   0  7  5293
60  66702  2   4  66698
61  66368  2   9  66359
62  5296  2   7  5289
63  66598  2   20  66578
64  65622  2   0  65622
65  66704  3   0  1  66703
66  66706  2   0  66706
67  66708  2   34  66674
68  66602  3   0  1  66601
69  65549  4   19  10  17  65503
70  66528  3   0  1  66527
71  66603  4   1  0  1  66601
72  65497  4   3  1  0  65493
73  66388  2   5  66383
74  66552  2   1  66551
75  65465  3   178  1  65286
76  66694  2   85  66609
77  65406  2   0  65406
78  66410  2   2  66408
79  65100  3   1  2  65097
80  65365  3   1  0  65364
81  66708  4   177  3  1  66527
82  66562  3   0  1  66561
83  65858  2   0  65858
84  66716  3   8  1  66707
85  66596  2   1  66595
86  66591  4   0  0  0  66591
87  47905  2   0  47905
88  20786  2   0  20786
89  65247  3   1  0  65246
90  65674  2   7  65667
91  65188  2   5  65183
92  65238  4   3  1  1  65233
93  66433  4   1  0  0  66432
94  47868  2   3  47865
95  66599  3   0  2  66597
96  5178  2   1  5177
97  65170  3   3  9  65158
98  66712  2   0  66712
99  66448  2   3  66445
100  47971  2   10  47961
101  66626  2   5  66621
102  66531  3   0  1  66530
103  65144  3   1  1  65142
104  66438  3   0  3  66435
105  65082  2   1  65081
106  66606  2   2  66604
107  66606  2   0  66606
108  65022  4   1  0  1  65020
109  66704  4   0  0  0  66704
110  66618  2   0  66618
111  65192  2   8  65184
112  66551  3   2  1  66548
113  64882  2   16  64866
114  66701  4   0  1  5  66695
115  66132  2   12  66120
116  66458  2   1  66457
117  66590  2   0  66590
118  64926  3   0  0  64926
119  65180  2   1  65179
120  64739  4   6  0  1  64732
121  66699  3   0  1  66698
122  66472  2   2  66470
123  65928  2   0  65928
124  66680  3   0  0  66680
125  64678  4   0  28  0  64650
126  66696  3   13  1  66682
127  66485  4   2  0  1  66482
128  66661  3   0  2  66659
129  66510  3   1  3  66506
130  64604  2   7  64597
131  63808  2   0  63808
132  64561  3   0  1  64560
133  65142  2   24  65118
134  66432  2   0  66432
135  64106  2   0  64106
136  66532  3   1757  4  64771
137  47971  2   1  47970
138  5338  2   2904  2434
139  66432  3   0  211  66221
140  66470  2   1  66469
141  64348  2   160  64188
142  66540  3   0  0  66540
143  66404  3   5  10  66389
144  64276  3   1  2  64273
145  64527  5   4  1  0  0  64522
146  66211  3   0  1  66210
147  5338  2   1  5337
148  65122  2   1  65121
149  64889  3   0  1  64888
150  14837  3   0  0  14837
151  65012  2   1  65011
152  66699  3   0  0  66699
153  66700  2   0  66700
154  65386  2   0  65386
155  65402  2   2  65400
156  66702  2   0  66702
157  63916  2   0  63916
158  65598  2   9  65589
159  66248  2   2  66246
160  66652  2   4  66648
161  63838  2   2  63836
162  66720  3   0  0  66720
163  66706  2   1  66705
164  64908  2   0  64908
165  66212  2   2  66210
166  66658  3   3  1  66654
167  66712  2   2  66710
168  66152  2   1  66151
169  63654  4   1  1  0  63652
170  64770  2   0  64770
171  66588  2   0  66588
172  66674  2   45  66629
173  63478  3   7  7  63464
174  66030  2   0  66030
175  66700  2   3  66697
176  63470  2   3  63467
177  66696  3   453  5  66238
178  66299  4   2  1  0  66296
179  66020  4   2  2  3  66013
180  63294  3   7  0  63287
181  66191  3   0  1  66190
182  64382  2   0  64382
183  66684  3   0  1  66683
184  66714  2   1  66713
185  66592  2   1  66591
186  66676  3   3  1  66672
187  66216  3   0  1  66215
188  66718  3   0  0  66718
189  66418  2   74  66344
190  66714  2   0  66714
191  65926  2   1  65925
192  66682  2   0  66682
193  66257  3   0  1  66256
194  66690  4   0  23  0  66667
195  66724  2   4  66720
196  65858  2   0  65858
197  66344  6   0  0  0  0  1  66343
198  66  2   8  58
199  66493  3   10463  0  56030
200  66242  2   13  66229
201  66730  2   4  66726
202  66520  3   0  1  66519
203  66684  2   2  66682
204  66645  3   5  0  66640
205  63694  2   2  63692
206  62824  6   0  1  0  2  1  62820
207  66575  4   0  1  16  66558
208  62786  5   4  4  1  1  62776

[pop]=6
1  908  2   0  908
2  906  2   0  906
3  886  2   1  885
4  906  2   0  906
5  896  2   1  895
6  902  2   0  902
7  886  3   0  0  886
8  900  2   0  900
9  896  2   0  896
10  902  3   0  0  902
11  896  3   0  7  889
12  908  2   0  908
13  896  4   0  0  0  896
14  906  2   0  906
15  884  6   4  0  0  0  1  879
16  896  3   0  0  896
17  204  2   0  204
18  908  2   0  908
19  884  2   4  880
20  900  3   0  0  900
21  902  3   0  0  902
22  896  2   0  896
23  908  3   0  0  908
24  888  2   0  888
25  900  3   0  0  900
26  902  3   0  0  902
27  900  2   0  900
28  906  4   0  0  0  906
29  882  2   1  881
30  902  3   0  0  902
31  380  2   0  380
32  882  2   0  882
33  378  2   0  378
34  882  2   0  882
35  900  2   0  900
36  898  2   0  898
37  374  2   0  374
38  908  2   0  908
39  879  4   0  0  0  879
40  900  4   0  0  0  900
41  898  2   0  898
42  896  2   0  896
43  370  2   0  370
44  880  3   0  0  880
45  900  2   0  900
46  880  5   0  0  0  0  880
47  900  2   0  900
48  896  3   0  0  896
49  362  3   0  0  362
50  879  4   0  0  0  879
51  900  4   0  4  1  895
52  902  2   598  304
53  908  2   0  908
54  896  2   0  896
55  206  2   0  206
56  876  2   1  875
57  904  2   0  904
58  896  3   0  0  896
59  206  3   0  1  205
60  900  2   0  900
61  904  2   0  904
62  206  2   3  203
63  902  2   0  902
64  874  2   0  874
65  900  3   0  1  899
66  908  2   1  907
67  896  2   0  896
68  902  3   0  0  902
69  876  4   1  0  0  875
70  896  3   0  0  896
71  902  4   0  0  0  902
72  876  4   0  0  0  876
73  904  2   0  904
74  896  2   0  896
75  876  3   1  0  875
76  904  2   0  904
77  874  2   0  874
78  904  2   0  904
79  889  3   0  0  889
80  874  3   0  0  874
81  900  4   0  0  0  900
82  896  3   0  0  896
83  896  2   0  896
84  908  3   0  0  908
85  902  2   0  902
86  908  4   0  0  0  908
87  630  2   0  630
88  292  2   0  292
89  871  3   0  0  871
90  894  2   0  894
91  888  2   0  888
92  868  4   0  0  0  868
93  904  4   0  0  0  904
94  630  2   0  630
95  896  3   0  0  896
96  194  2   0  194
97  867  3   1  0  866
98  900  2   0  900
99  904  2   0  904
100  633  2   0  633
101  896  2   0  896
102  907  3   0  0  907
103  868  3   0  0  868
104  902  3   0  0  902
105  866  2   0  866
106  896  2   0  896
107  904  2   2  902
108  865  4   0  0  0  865
109  900  4   0  0  0  900
110  896  2   0  896
111  888  2   0  888
112  900  3   0  0  900
113  858  2   0  858
114  900  4   0  0  0  900
115  898  2   0  898
116  906  2   0  906
117  904  2   0  904
118  858  3   0  0  858
119  888  2   0  888
120  859  4   0  0  0  859
121  900  3   0  1  899
122  904  2   0  904
123  888  2   0  888
124  896  3   0  0  896
125  860  4   0  0  0  860
126  900  3   0  0  900
127  904  4   0  0  0  904
128  896  3   0  0  896
129  902  3   0  0  902
130  860  2   0  860
131  850  2   0  850
132  858  3   0  0  858
133  888  2   0  888
134  900  2   0  900
135  850  2   0  850
136  904  3   23  0  881
137  633  2   3  630
138  206  2   121  85
139  902  3   0  2  900
140  900  2   0  900
141  860  2   7  853
142  904  3   0  0  904
143  902  3   0  0  902
144  859  3   0  0  859
145  861  5   0  0  0  0  861
146  898  3   0  0  898
147  206  2   0  206
148  888  2   0  888
149  868  3   0  0  868
150  183  3   0  0  183
151  866  2   1  865
152  896  3   0  0  896
153  908  2   0  908
154  872  2   0  872
155  890  2   0  890
156  896  2   0  896
157  856  2   0  856
158  870  2   0  870
159  902  2   0  902
160  906  2   0  906
161  858  2   0  858
162  896  3   0  0  896
163  908  2   0  908
164  884  2   0  884
165  902  2   0  902
166  908  3   0  0  908
167  896  2   0  896
168  900  2   0  900
169  857  4   0  0  0  857
170  872  2   0  872
171  906  2   0  906
172  906  2   0  906
173  857  3   0  0  857
174  892  2   0  892
175  896  2   1  895
176  858  2   0  858
177  896  3   4  0  892
178  893  4   0  0  0  893
179  898  4   0  0  0  898
180  858  3   0  0  858
181  893  3   0  0  893
182  874  2   0  874
183  896  3   0  1  895
184  908  2   1  907
185  906  2   0  906
186  906  3   0  0  906
187  894  3   0  0  894
188  896  3   0  0  896
189  898  2   0  898
190  908  2   0  908
191  898  2   0  898
192  906  2   0  906
193  894  3   0  0  894
194  908  4   0  0  0  908
195  896  2   0  896
196  898  2   0  898
197  893  6   0  0  0  0  0  893
198  0  2   0  0
199  895  3   171  0  724
200  904  2   0  904
201  896  2   0  896
202  897  3   0  0  897
203  908  2   0  908
204  893  3   0  0  893
205  834  2   0  834
206  857  6   0  0  0  0  0  857
207  898  4   0  0  0  898
208  859  5   0  1  0  0  858

[pop]=7
1  16512  2   2  16510
2  16512  2   0  16512
3  16508  2   32  16476
4  16512  2   2  16510
5  16510  2   1  16509
6  16512  2   0  16512
7  16508  3   6  0  16502
8  16512  2   21  16491
9  16512  2   0  16512
10  16512  3   0  0  16512
11  16512  3   0  505  16007
12  16512  2   0  16512
13  16512  4   2  0  0  16510
14  16512  2   0  16512
15  16509  6   1  0  0  22  0  16486
16  16510  3   0  224  16286
17  7646  2   0  7646
18  16512  2   0  16512
19  16512  2   1  16511
20  16512  3   0  0  16512
21  16327  3   1  0  16326
22  16510  2   0  16510
23  16500  3   0  1  16499
24  16508  2   0  16508
25  16512  3   0  0  16512
26  16512  3   0  0  16512
27  16512  2   0  16512
28  16512  4   0  0  0  16512
29  16510  2   0  16510
30  16216  3   0  0  16216
31  9658  2   2  9656
32  16510  2   0  16510
33  9650  2   0  9650
34  16510  2   1  16509
35  16512  2   0  16512
36  16120  2   0  16120
37  9554  2   0  9554
38  16512  2   1  16511
39  16509  4   0  0  0  16509
40  16512  4   0  1  0  16511
41  16092  2   0  16092
42  16508  2   0  16508
43  9552  2   5  9547
44  16508  3   0  0  16508
45  16512  2   0  16512
46  16508  5   1  10  0  0  16497
47  16512  2   0  16512
48  16510  3   0  0  16510
49  9492  3   1  0  9491
50  16508  4   0  0  0  16508
51  16512  4   0  344  3  16165
52  16470  2   10413  6057
53  16512  2   0  16512
54  16508  2   1  16507
55  7594  2   0  7594
56  16508  2   0  16508
57  16468  2   0  16468
58  16506  3   0  0  16506
59  7582  3   1  0  7581
60  16512  2   0  16512
61  16468  2   1  16467
62  7576  2   3  7573
63  16512  2   0  16512
64  16506  2   0  16506
65  16512  3   0  0  16512
66  16504  2   0  16504
67  16506  2   0  16506
68  16510  3   0  0  16510
69  16510  4   0  6  4  16500
70  16510  3   0  0  16510
71  16510  4   0  0  0  16510
72  16507  4   0  0  1  16506
73  16472  2   0  16472
74  16510  2   0  16510
75  16506  3   0  0  16506
76  16512  2   15  16497
77  16506  2   0  16506
78  16474  2   0  16474
79  16508  3   0  0  16508
80  16503  3   0  0  16503
81  16512  4   68  0  2  16442
82  16512  3   2  0  16510
83  16256  2   0  16256
84  16504  3   2  0  16502
85  16510  2   1  16509
86  16459  4   1  0  0  16458
87  10085  2   1  10084
88  7982  2   0  7982
89  16502  3   0  0  16502
90  16064  2   0  16064
91  16508  2   1  16507
92  16499  4   0  0  0  16499
93  16476  4   0  7  0  16469
94  10076  2   0  10076
95  16512  3   2  0  16510
96  7166  2   1  7165
97  16499  3   7  1  16491
98  16510  2   2  16508
99  16476  2   0  16476
100  10121  2   0  10121
101  16510  2   0  16510
102  16472  3   1  0  16471
103  16498  3   0  0  16498
104  16474  3   2  0  16472
105  16494  2   0  16494
106  16492  2   0  16492
107  16512  2   10  16502
108  16497  4   0  0  0  16497
109  16510  4   5  1  0  16504
110  16494  2   0  16494
111  16506  2   0  16506
112  16510  3   0  0  16510
113  16496  2   1  16495
114  16510  4   10  0  2  16498
115  15886  2   0  15886
116  16474  2   0  16474
117  16512  2   0  16512
118  16498  3   1  0  16497
119  16500  2   31  16469
120  16495  4   3  1  0  16491
121  16510  3   1  0  16509
122  16482  2   0  16482
123  15480  2   0  15480
124  16512  3   2  1  16509
125  16495  4   0  0  1  16494
126  16506  3   1  0  16505
127  16484  4   0  0  0  16484
128  16508  3   0  0  16508
129  16512  3   0  0  16512
130  16486  2   0  16486
131  14062  2   0  14062
132  16488  3   0  0  16488
133  16458  2   13  16445
134  16404  2   0  16404
135  16340  2   12  16328
136  16492  3   200  0  16292
137  10122  2   0  10122
138  7662  2   5407  2255
139  16512  3   0  23  16489
140  16420  2   0  16420
141  16476  2   10  16466
142  16494  3   0  0  16494
143  16512  3   0  0  16512
144  16473  3   1  0  16472
145  16383  5   0  0  1  0  16382
146  15793  3   1  0  15792
147  7666  2   77  7589
148  16376  2   0  16376
149  16410  3   0  0  16410
150  3380  3   0  0  3380
151  16422  2   10  16412
152  16510  3   6  0  16504
153  16504  2   0  16504
154  16458  2   0  16458
155  16268  2   0  16268
156  16510  2   0  16510
157  16462  2   0  16462
158  14260  2   3  14257
159  16508  2   0  16508
160  16488  2   0  16488
161  16454  2   0  16454
162  16510  3   0  0  16510
163  16506  2   0  16506
164  15712  2   3  15709
165  16508  2   0  16508
166  16508  3   0  0  16508
167  16508  2   0  16508
168  16508  2   0  16508
169  16457  4   0  0  0  16457
170  15120  2   2  15118
171  16494  2   0  16494
172  16494  2   0  16494
173  16449  3   1  1  16447
174  16498  2   2  16496
175  16494  2   0  16494
176  16452  2   0  16452
177  16485  3   10  0  16475
178  16281  4   0  0  0  16281
179  16508  4   0  0  0  16508
180  16444  3   0  4  16440
181  16499  3   0  0  16499
182  15120  2   2  15118
183  16469  3   0  0  16469
184  16506  2   0  16506
185  16492  2   0  16492
186  16499  3   0  0  16499
187  16499  3   0  0  16499
188  16512  3   1  0  16511
189  16412  2   1  16411
190  16506  2   0  16506
191  16508  2   0  16508
192  16500  2   0  16500
193  16501  3   0  0  16501
194  16510  4   1  1  0  16508
195  16512  2   11  16501
196  16508  2   1  16507
197  16505  6   0  0  0  0  0  16505
198  2  2   0  2
199  16510  3   1856  1  14653
200  16452  2   29  16423
201  16512  2   0  16512
202  16510  3   0  0  16510
203  16506  2   0  16506
204  16359  3   1  1  16357
205  12222  2   0  12222
206  16424  6   0  1  1  0  6  16416
207  16510  4   0  0  0  16510
208  16414  5   4  0  0  0  16410

