[loci]=125

[populations]=7

[pop]=1
1  9752  3   109  0  9643
2  3552  2   0  3552
3  9686  2   0  9686
4  9749  3   2  1  9746
5  7708  2   0  7708
6  5078  2   2  5076
7  10390  2   0  10390
8  10374  2   0  10374
9  7856  3   0  1  7855
10  7906  2   0  7906
11  9560  3   0  0  9560
12  10396  2   2  10394
13  9744  2   1  9743
14  7933  3   1  1  7931
15  9817  3   0  0  9817
16  10406  3   0  0  10406
17  5249  3   0  0  5249
18  9850  3   0  0  9850
19  10406  2   54  10352
20  10406  2   0  10406
21  4028  2   0  4028
22  7788  2   0  7788
23  9716  3   0  1  9715
24  8057  5   0  0  0  0  8057
25  9615  3   0  0  9615
26  8057  3   0  1  8056
27  4201  3   0  0  4201
28  7822  2   0  7822
29  9730  3   0  0  9730
30  10386  2   1  10385
31  8068  3   0  0  8068
32  10110  2   0  10110
33  4384  2   0  4384
34  10398  2   13  10385
35  9736  2   6  9730
36  10390  2   1  10389
37  10406  2   0  10406
38  10398  3   0  0  10398
39  9631  3   0  0  9631
40  10390  3   1  29  10360
41  8232  2   857  7375
42  10406  3   0  0  10406
43  10360  2   0  10360
44  10394  3   0  3  10391
45  10406  2   1  10405
46  9676  2   0  9676
47  10250  3   2  0  10248
48  10384  2   0  10384
49  9638  2   0  9638
50  4094  6   0  0  0  0  30  4064
51  9690  2   0  9690
52  9756  2   1  9755
53  7456  2   0  7456
54  10268  3   0  0  10268
55  7371  3   0  0  7371
56  3947  3   0  0  3947
57  10404  2   0  10404
58  7380  3   0  0  7380
59  10398  3   0  3  10395
60  9758  2   0  9758
61  9631  3   0  0  9631
62  7224  2   2  7222
63  9695  3   0  0  9695
64  10398  3   0  0  10398
65  9632  2   0  9632
66  6880  2   0  6880
67  10404  2   0  10404
68  10406  3   0  0  10406
69  9613  3   0  62  9551
70  10406  2   0  10406
71  9713  3   0  0  9713
72  9437  3   0  2  9435
73  10406  2   0  10406
74  10394  2   0  10394
75  9540  2   0  9540
76  10394  2   537  9857
77  9462  2   0  9462
78  10406  4   0  40  0  10366
79  8296  2   0  8296
80  10394  2   1  10393
81  10393  3   0  0  10393
82  6472  2   0  6472
83  9475  3   0  0  9475
84  9517  4   0  0  0  9517
85  10406  3   0  0  10406
86  2659  3   0  0  2659
87  9727  3   0  1  9726
88  10392  3   0  0  10392
89  9508  2   0  9508
90  9505  3   0  0  9505
91  10406  2   2  10404
92  9728  2   0  9728
93  10392  2   0  10392
94  10406  2   0  10406
95  10406  2   2  10404
96  10406  3   0  2  10404
97  10347  4   0  1  512  9834
98  9549  4   0  0  0  9549
99  9464  3   0  0  9464
100  10404  3   0  0  10404
101  9436  2   1  9435
102  10404  2   0  10404
103  10298  3   0  1  10297
104  10404  2   0  10404
105  10304  2   0  10304
106  10406  2   0  10406
107  10406  4   0  0  0  10406
108  3256  3   0  0  3256
109  8965  3   0  0  8965
110  9735  3   0  0  9735
111  10404  4   0  0  0  10404
112  8976  2   0  8976
113  9736  2   6  9730
114  10406  2   0  10406
115  10406  3   0  6  10400
116  9644  3   0  0  9644
117  10406  2   3  10403
118  9740  2   0  9740
119  9584  2   0  9584
120  9738  2   2  9736
121  10406  2   0  10406
122  10266  2   6  10260
123  10232  2   0  10232
124  10406  3   0  0  10406
125  9040  2   0  9040

[pop]=2
1  11552  3   7  0  11545
2  2650  2   0  2650
3  11396  2   2  11394
4  11552  3   0  1  11551
5  8954  2   0  8954
6  3250  2   0  3250
7  11578  2   0  11578
8  11574  2   0  11574
9  9178  3   0  0  9178
10  9320  2   0  9320
11  11376  3   0  1  11375
12  11556  2   0  11556
13  11548  2   0  11548
14  9347  3   1  0  9346
15  11531  3   0  0  11531
16  11578  3   0  1  11577
17  3329  3   0  1  3328
18  11540  3   0  0  11540
19  11578  2   3  11575
20  11578  2   0  11578
21  3424  2   0  3424
22  8600  2   1  8599
23  11428  3   0  0  11428
24  9518  5   0  0  0  0  9518
25  11404  3   0  0  11404
26  9510  3   0  0  9510
27  1772  3   0  0  1772
28  8564  2   1  8563
29  11434  3   0  1  11433
30  11578  2   0  11578
31  9492  3   0  0  9492
32  11556  2   0  11556
33  2066  2   0  2066
34  11562  2   52  11510
35  11434  2   0  11434
36  11578  2   0  11578
37  11578  2   0  11578
38  11560  3   4  13  11543
39  11556  3   3  0  11553
40  11578  3   0  1  11577
41  9490  2   357  9133
42  11578  3   1  0  11577
43  11438  2   0  11438
44  11578  3   0  0  11578
45  11578  2   0  11578
46  11454  2   1  11453
47  11566  3   0  0  11566
48  11514  2   0  11514
49  11556  2   0  11556
50  3708  6   0  0  0  0  58  3650
51  11462  2   0  11462
52  11444  2   0  11444
53  8728  2   1  8727
54  11570  3   0  0  11570
55  6672  3   0  0  6672
56  3440  3   2  1  3437
57  11578  2   0  11578
58  8598  3   0  0  8598
59  11559  3   0  0  11559
60  11446  2   0  11446
61  11558  3   0  0  11558
62  8336  2   1  8335
63  11476  3   0  0  11476
64  11559  3   0  0  11559
65  11558  2   0  11558
66  6114  2   0  6114
67  11578  2   1  11577
68  11568  3   0  0  11568
69  11556  3   0  35  11521
70  11570  2   0  11570
71  11497  3   0  0  11497
72  11213  3   0  0  11213
73  11574  2   0  11574
74  11556  2   0  11556
75  11552  2   0  11552
76  11568  2   252  11316
77  11250  2   0  11250
78  11578  4   0  3  0  11575
79  8766  2   0  8766
80  11574  2   0  11574
81  11555  3   0  0  11555
82  5058  2   0  5058
83  11265  3   1  0  11264
84  11554  4   1  0  0  11553
85  11578  3   1  0  11577
86  902  3   0  0  902
87  11513  3   0  0  11513
88  11574  3   0  0  11574
89  11294  2   0  11294
90  11553  3   0  0  11553
91  11578  2   0  11578
92  11508  2   0  11508
93  11574  2   2  11572
94  11578  2   3  11575
95  11578  2   0  11578
96  11578  3   0  0  11578
97  11543  4   0  0  335  11208
98  11315  4   0  0  0  11315
99  11554  3   1  0  11553
100  11576  3   0  0  11576
101  11552  2   1  11551
102  11576  2   0  11576
103  11536  3   0  0  11536
104  11576  2   0  11576
105  11576  2   0  11576
106  11576  2   0  11576
107  11578  4   0  0  0  11578
108  1460  3   0  0  1460
109  10499  3   0  1  10498
110  11524  3   0  0  11524
111  11576  4   0  0  0  11576
112  10522  2   0  10522
113  11522  2   0  11522
114  11578  2   0  11578
115  11578  3   0  0  11578
116  11151  3   1  1  11149
117  11578  2   0  11578
118  11528  2   0  11528
119  11334  2   1  11333
120  11528  2   0  11528
121  11578  2   0  11578
122  11574  2   0  11574
123  11576  2   0  11576
124  11578  3   0  0  11578
125  10680  2   0  10680

[pop]=3
1  8616  3   0  0  8616
2  2630  2   0  2630
3  8590  2   0  8590
4  8615  3   2  0  8613
5  6564  2   0  6564
6  3958  2   0  3958
7  8654  2   4  8650
8  8652  2   7  8645
9  6716  3   0  0  6716
10  6826  2   0  6826
11  8552  3   1  0  8551
12  8640  2   0  8640
13  8612  2   0  8612
14  6847  3   0  20  6827
15  8592  3   0  0  8592
16  8654  3   0  0  8654
17  3465  3   0  0  3465
18  8607  3   0  3  8604
19  8654  2   0  8654
20  8654  2   0  8654
21  3334  2   2  3332
22  7398  2   0  7398
23  8592  3   0  1  8591
24  6955  5   0  0  0  0  6955
25  8569  3   0  0  8569
26  6965  3   0  0  6965
27  2864  3   0  0  2864
28  7382  2   0  7382
29  8598  3   0  1  8597
30  8652  2   0  8652
31  6959  3   0  1  6958
32  8626  2   3  8623
33  3018  2   0  3018
34  8638  2   0  8638
35  8600  2   0  8600
36  8652  2   0  8652
37  8654  2   0  8654
38  8638  3   0  0  8638
39  8606  3   0  0  8606
40  8652  3   0  0  8652
41  6880  2   5  6875
42  8654  3   0  1  8653
43  8508  2   0  8508
44  8654  3   0  1  8653
45  8654  2   1  8653
46  8592  2   0  8592
47  8643  3   0  0  8643
48  8568  2   0  8568
49  8604  2   2  8602
50  3514  6   1  0  0  0  3  3510
51  8594  2   6  8588
52  8606  2   0  8606
53  6458  2   0  6458
54  8644  3   0  0  8644
55  5952  3   0  0  5952
56  3343  3   0  0  3343
57  8654  2   0  8654
58  6370  3   0  0  6370
59  8638  3   1  0  8637
60  8606  2   0  8606
61  8604  3   0  0  8604
62  6136  2   0  6136
63  8595  3   0  0  8595
64  8638  3   1  1  8636
65  8604  2   0  8604
66  5794  2   0  5794
67  8654  2   0  8654
68  8624  3   0  0  8624
69  8598  3   0  0  8598
70  8626  2   0  8626
71  8605  3   1  0  8604
72  8499  3   0  0  8499
73  8632  2   0  8632
74  8634  2   0  8634
75  8594  2   13  8581
76  8648  2   594  8054
77  8512  2   2  8510
78  8654  4   0  0  0  8654
79  7378  2   1  7377
80  8654  2   2  8652
81  8635  3   0  0  8635
82  5236  2   0  5236
83  8526  3   0  0  8526
84  8592  4   0  0  1  8591
85  8654  3   0  0  8654
86  1261  3   0  0  1261
87  8605  3   0  0  8605
88  8654  3   0  0  8654
89  8534  2   0  8534
90  8592  3   0  0  8592
91  8654  2   0  8654
92  8604  2   0  8604
93  8654  2   0  8654
94  8654  2   0  8654
95  8654  2   0  8654
96  8654  3   0  0  8654
97  8629  4   0  1  162  8466
98  8554  4   0  0  0  8554
99  8592  3   0  0  8592
100  8653  3   0  0  8653
101  8588  2   2  8586
102  8654  2   20  8634
103  8616  3   0  0  8616
104  8654  2   3  8651
105  8654  2   0  8654
106  8652  2   0  8652
107  8654  4   0  0  0  8654
108  1924  3   1  0  1923
109  8175  3   0  0  8175
110  8606  3   0  0  8606
111  8654  4   1  0  0  8653
112  8188  2   0  8188
113  8606  2   1  8605
114  8654  2   7  8647
115  8652  3   0  0  8652
116  8379  3   0  0  8379
117  8654  2   0  8654
118  8608  2   0  8608
119  8566  2   0  8566
120  8604  2   0  8604
121  8654  2   0  8654
122  8654  2   0  8654
123  8650  2   6  8644
124  8652  3   0  0  8652
125  8252  2   0  8252

[pop]=4
1  6611  3   0  0  6611
2  1626  2   0  1626
3  6592  2   0  6592
4  6609  3   0  0  6609
5  4118  2   0  4118
6  3188  2   0  3188
7  6614  2   0  6614
8  6614  2   0  6614
9  4222  3   0  0  4222
10  4266  2   0  4266
11  5794  3   0  0  5794
12  6614  2   0  6614
13  6610  2   0  6610
14  4288  3   0  0  4288
15  6600  3   0  0  6600
16  6614  3   0  0  6614
17  3611  3   1  0  3610
18  6607  3   0  0  6607
19  6614  2   0  6614
20  6614  2   0  6614
21  1868  2   0  1868
22  5320  2   0  5320
23  6601  3   0  0  6601
24  4386  5   0  0  0  0  4386
25  5882  3   1  0  5881
26  4383  3   0  0  4383
27  3113  3   0  0  3113
28  5328  2   0  5328
29  6604  3   0  0  6604
30  6614  2   0  6614
31  4371  3   0  0  4371
32  6612  2   0  6612
33  3252  2   0  3252
34  6614  2   78  6536
35  6608  2   1  6607
36  6614  2   0  6614
37  6614  2   0  6614
38  6614  3   0  0  6614
39  6612  3   0  0  6612
40  6614  3   0  0  6614
41  4444  2   482  3962
42  6614  3   0  0  6614
43  6592  2   0  6592
44  6614  3   0  0  6614
45  6614  2   0  6614
46  6034  2   0  6034
47  6614  3   0  0  6614
48  6600  2   0  6600
49  6614  2   0  6614
50  1874  6   0  0  0  0  49  1825
51  6072  2   0  6072
52  6606  2   0  6606
53  3810  2   0  3810
54  6614  3   0  0  6614
55  5074  3   0  0  5074
56  1769  3   0  0  1769
57  6614  2   0  6614
58  3770  3   0  0  3770
59  6614  3   0  0  6614
60  6608  2   0  6608
61  6614  3   0  0  6614
62  3652  2   0  3652
63  6155  3   0  0  6155
64  6614  3   0  0  6614
65  6614  2   0  6614
66  4840  2   0  4840
67  6614  2   0  6614
68  6612  3   0  0  6612
69  6614  3   0  0  6614
70  6614  2   0  6614
71  6248  3   0  2  6246
72  6542  3   0  1  6541
73  6614  2   1  6613
74  6614  2   0  6614
75  6614  2   0  6614
76  6614  2   491  6123
77  6548  2   0  6548
78  6614  4   0  0  0  6614
79  5866  2   0  5866
80  6614  2   0  6614
81  6614  3   0  8  6606
82  4272  2   0  4272
83  6551  3   0  1  6550
84  6614  4   5  0  0  6609
85  6614  3   0  0  6614
86  561  3   0  0  561
87  6314  3   0  0  6314
88  6614  3   0  0  6614
89  6554  2   0  6554
90  6614  3   0  0  6614
91  6614  2   0  6614
92  6328  2   0  6328
93  6614  2   0  6614
94  6614  2   0  6614
95  6614  2   0  6614
96  6614  3   0  0  6614
97  6613  4   0  0  162  6451
98  6558  4   0  1  0  6557
99  6614  3   0  0  6614
100  6614  3   0  0  6614
101  6614  2   0  6614
102  6614  2   0  6614
103  6612  3   0  0  6612
104  6614  2   0  6614
105  6614  2   0  6614
106  6614  2   0  6614
107  6614  4   0  0  0  6614
108  894  3   0  0  894
109  6386  3   0  0  6386
110  6390  3   3  0  6387
111  6614  4   0  0  0  6614
112  6396  2   0  6396
113  6404  2   1  6403
114  6614  2   0  6614
115  6614  3   0  0  6614
116  6533  3   0  0  6533
117  6614  2   0  6614
118  6418  2   0  6418
119  6562  2   0  6562
120  6420  2   0  6420
121  6614  2   0  6614
122  6614  2   0  6614
123  6614  2   0  6614
124  6614  3   0  0  6614
125  6446  2   0  6446

[pop]=5
1  66564  3   0  0  66564
2  19398  2   0  19398
3  66386  2   0  66386
4  66530  3   1  1  66528
5  52344  2   10  52334
6  25346  2   0  25346
7  66740  2   1  66739
8  66730  2   0  66730
9  53310  3   4  0  53306
10  53782  2   2  53780
11  65644  3   0  0  65644
12  66706  2   0  66706
13  66500  2   2  66498
14  53973  3   0  11  53962
15  66112  3   3  1  66108
16  66739  3   2  0  66737
17  30241  3   0  0  30241
18  66250  3   0  0  66250
19  66740  2   0  66740
20  66740  2   0  66740
21  23304  2   0  23304
22  55858  2   0  55858
23  66488  3   1  1  66486
24  54738  5   1  10  1  1  54725
25  65783  3   1  2  65780
26  54812  3   1  5  54806
27  21050  3   1  4  21045
28  55686  2   2  55684
29  66514  3   1  4  66509
30  66730  2   2  66728
31  54845  3   1  0  54844
32  66520  2   1  66519
33  22378  2   5  22373
34  66720  2   467  66253
35  66526  2   1  66525
36  66730  2   1  66729
37  66740  2   5  66735
38  66718  3   0  3  66715
39  66192  3   0  1  66191
40  66728  3   0  0  66728
41  55424  2   5269  50155
42  66740  3   2  0  66738
43  66260  2   0  66260
44  66737  3   1  0  66736
45  66738  2   0  66738
46  66034  2   0  66034
47  66601  3   1  1  66599
48  66502  2   0  66502
49  66276  2   0  66276
50  24117  6   0  1  0  1  1476  22639
51  66104  2   0  66104
52  66580  2   10  66570
53  50880  2   0  50880
54  66616  3   1  2  66613
55  46455  3   1  1  46453
56  22043  3   0  1  22042
57  66674  2   0  66674
58  50432  3   2  0  50430
59  66713  3   0  1  66712
60  66582  2   0  66582
61  66248  3   0  1  66247
62  49304  2   24  49280
63  66151  3   2  0  66149
64  66711  3   0  0  66711
65  66238  2   17  66221
66  41736  2   2  41734
67  66710  2   2  66708
68  66708  3   0  1  66707
69  66132  3   1  18  66113
70  66714  2   4  66710
71  66210  3   0  0  66210
72  64997  3   1  0  64996
73  66722  2   24  66698
74  66610  2   2  66608
75  65982  2   0  65982
76  66700  2   4008  62692
77  65244  2   0  65244
78  66736  4   0  2  0  66734
79  53930  2   0  53930
80  66714  2   0  66714
81  66558  3   3  10  66545
82  41488  2   0  41488
83  65416  3   0  2  65414
84  65896  4   2  4  0  65890
85  66736  3   0  2  66734
86  12339  3   0  0  12339
87  66286  3   0  0  66286
88  66706  3   1  1  66704
89  65544  2   8  65536
90  65864  3   1  1  65862
91  66712  2   8  66704
92  66280  2   5  66275
93  66704  2   0  66704
94  66736  2   0  66736
95  66702  2   0  66702
96  66691  3   1  0  66690
97  66325  4   1  0  3422  62902
98  65791  4   1  0  1  65789
99  65763  3   1  2  65760
100  66731  3   1  1  66729
101  65654  2   0  65654
102  66732  2   2  66730
103  66016  3   1  0  66015
104  66734  2   0  66734
105  66642  2   2  66640
106  66740  2   1  66739
107  66683  4   1  1  2  66679
108  17168  3   0  6  17162
109  61328  3   0  0  61328
110  66329  3   16  4  66309
111  66735  4   1  3  4  66727
112  61486  2   2  61484
113  66344  2   1  66343
114  66736  2   8  66728
115  66739  3   0  1  66738
116  65105  3   0  0  65105
117  66736  2   0  66736
118  66344  2   3  66341
119  65962  2   0  65962
120  66338  2   0  66338
121  66734  2   2  66732
122  66634  2   0  66634
123  66708  2   0  66708
124  66739  3   3  4  66732
125  62428  2   2  62426

[pop]=6
1  894  3   0  0  894
2  242  2   0  242
3  892  2   0  892
4  894  3   0  0  894
5  686  2   0  686
6  414  2   0  414
7  908  2   0  908
8  908  2   1  907
9  698  3   0  0  698
10  692  2   0  692
11  866  3   0  0  866
12  906  2   0  906
13  894  2   0  894
14  695  3   0  0  695
15  899  3   1  0  898
16  908  3   0  0  908
17  492  3   0  0  492
18  899  3   0  0  899
19  908  2   0  908
20  908  2   0  908
21  320  2   0  320
22  734  2   0  734
23  896  3   0  0  896
24  706  5   0  0  0  0  706
25  865  3   0  0  865
26  707  3   0  0  707
27  399  3   0  0  399
28  730  2   0  730
29  896  3   0  0  896
30  908  2   0  908
31  707  3   0  0  707
32  904  2   0  904
33  412  2   0  412
34  908  2   7  901
35  894  2   0  894
36  908  2   0  908
37  908  2   1  907
38  908  3   0  0  908
39  892  3   0  0  892
40  908  3   0  0  908
41  730  2   75  655
42  908  3   0  0  908
43  902  2   0  902
44  908  3   0  0  908
45  908  2   0  908
46  872  2   1  871
47  906  3   0  0  906
48  904  2   0  904
49  894  2   0  894
50  331  6   0  0  0  0  16  315
51  874  2   0  874
52  896  2   0  896
53  654  2   0  654
54  906  3   0  0  906
55  675  3   0  0  675
56  312  3   0  0  312
57  906  2   0  906
58  652  3   0  0  652
59  908  3   0  0  908
60  896  2   0  896
61  896  3   0  0  896
62  634  2   0  634
63  880  3   0  0  880
64  908  3   0  0  908
65  896  2   0  896
66  586  2   0  586
67  908  2   0  908
68  906  3   0  0  906
69  896  3   0  3  893
70  906  2   0  906
71  884  3   0  0  884
72  860  3   0  0  860
73  906  2   0  906
74  908  2   0  908
75  892  2   0  892
76  908  2   58  850
77  868  2   0  868
78  908  4   0  0  0  908
79  728  2   0  728
80  908  2   0  908
81  906  3   0  1  905
82  600  2   0  600
83  874  3   0  0  874
84  894  4   1  0  0  893
85  908  3   0  0  908
86  219  3   0  0  219
87  886  3   0  0  886
88  908  3   0  0  908
89  880  2   0  880
90  894  3   0  0  894
91  908  2   0  908
92  888  2   0  888
93  908  2   1  907
94  908  2   0  908
95  908  2   0  908
96  908  3   0  0  908
97  904  4   0  0  55  849
98  883  4   0  0  0  883
99  890  3   0  0  890
100  908  3   0  0  908
101  890  2   0  890
102  908  2   0  908
103  894  3   0  0  894
104  908  2   0  908
105  906  2   0  906
106  908  2   0  908
107  908  4   0  0  0  908
108  284  3   0  0  284
109  818  3   0  0  818
110  891  3   1  0  890
111  908  4   0  0  0  908
112  818  2   0  818
113  892  2   0  892
114  908  2   0  908
115  908  3   0  0  908
116  886  3   0  0  886
117  908  2   0  908
118  892  2   0  892
119  890  2   0  890
120  892  2   0  892
121  908  2   0  908
122  904  2   0  904
123  908  2   0  908
124  908  3   0  0  908
125  828  2   0  828

[pop]=7
1  16508  3   0  3  16505
2  5206  2   3  5203
3  16452  2   0  16452
4  16507  3   0  0  16507
5  12542  2   0  12542
6  8880  2   0  8880
7  16512  2   1  16511
8  16510  2   1  16509
9  12710  3   0  0  12710
10  12806  2   0  12806
11  16294  3   0  0  16294
12  16506  2   0  16506
13  16504  2   0  16504
14  12836  3   0  0  12836
15  16310  3   0  0  16310
16  16512  3   0  0  16512
17  10017  3   0  0  10017
18  16362  3   1  0  16361
19  16512  2   0  16512
20  16512  2   12  16500
21  6346  2   0  6346
22  13306  2   1  13305
23  16479  3   0  0  16479
24  12972  5   0  0  0  0  12972
25  16336  3   1  0  16335
26  12985  3   0  0  12985
27  9369  3   0  0  9369
28  13200  2   0  13200
29  16486  3   0  0  16486
30  16512  2   0  16512
31  12964  3   0  0  12964
32  16456  2   0  16456
33  9564  2   0  9564
34  16508  2   3  16505
35  16486  2   0  16486
36  16512  2   0  16512
37  16512  2   5  16507
38  16508  3   0  0  16508
39  16506  3   0  0  16506
40  16511  3   0  0  16511
41  13176  2   1284  11892
42  16512  3   0  0  16512
43  16456  2   3  16453
44  16512  3   0  0  16512
45  16512  2   0  16512
46  16406  2   0  16406
47  16497  3   0  0  16497
48  16492  2   2  16490
49  16508  2   0  16508
50  5986  6   0  1  2  0  165  5818
51  16426  2   0  16426
52  16490  2   0  16490
53  12198  2   11  12187
54  16500  3   0  0  16500
55  12330  3   1  0  12329
56  5533  3   5  2  5526
57  16484  2   2  16482
58  12098  3   0  0  12098
59  16508  3   0  0  16508
60  16490  2   4  16486
61  16508  3   1  0  16507
62  11908  2   0  11908
63  16446  3   0  1  16445
64  16507  3   0  0  16507
65  16508  2   0  16508
66  12064  2   0  12064
67  16512  2   0  16512
68  16512  3   1  0  16511
69  16508  3   0  2  16506
70  16512  2   0  16512
71  16464  3   0  0  16464
72  15213  3   0  0  15213
73  16512  2   0  16512
74  16454  2   0  16454
75  16510  2   0  16510
76  16506  2   1035  15471
77  15566  2   0  15566
78  16512  4   1  1  1  16509
79  13774  2   1  13773
80  16510  2   0  16510
81  16381  3   0  0  16381
82  10986  2   6  10980
83  15802  3   0  0  15802
84  16507  4   0  0  0  16507
85  16512  3   0  0  16512
86  6137  3   1  1  6135
87  16490  3   1  0  16489
88  16506  3   1  0  16505
89  16042  2   0  16042
90  16506  3   0  0  16506
91  16512  2   0  16512
92  16488  2   0  16488
93  16506  2   37  16469
94  16512  2   0  16512
95  16512  2   0  16512
96  16510  3   0  0  16510
97  16119  4   0  0  1451  14668
98  16282  4   0  0  0  16282
99  16503  3   0  0  16503
100  16510  3   0  0  16510
101  16492  2   2  16490
102  16510  2   1  16509
103  15658  3   0  0  15658
104  16510  2   0  16510
105  16508  2   0  16508
106  16512  2   1  16511
107  16498  4   0  1  0  16497
108  8234  3   0  0  8234
109  14948  3   1  0  14947
110  16492  3   0  0  16492
111  16510  4   0  0  0  16510
112  14990  2   0  14990
113  16494  2   1  16493
114  16512  2   5  16507
115  16512  3   1  1  16510
116  15776  3   0  0  15776
117  16512  2   0  16512
118  16496  2   0  16496
119  16382  2   1  16381
120  16494  2   0  16494
121  16512  2   0  16512
122  16506  2   0  16506
123  16506  2   0  16506
124  16512  3   0  0  16512
125  15064  2   0  15064

