[loci]=508

[populations]=7

[pop]=1
1  9048  3   2  2  9044
2  10280  2   0  10280
3  8650  4   0  0  0  8650
4  10406  2   1  10405
5  9798  2   0  9798
6  10398  2   0  10398
7  9766  2   216  9550
8  9808  2   0  9808
9  10364  4   0  2  0  10362
10  9798  2   0  9798
11  9218  2   0  9218
12  10310  2   2  10308
13  8743  3   0  0  8743
14  9796  3   0  0  9796
15  9806  3   1  2  9803
16  10310  2   3  10307
17  8801  3   0  1  8800
18  9754  2   1  9753
19  10405  3   0  0  10405
20  10406  2   1  10405
21  10364  2   0  10364
22  9794  2   0  9794
23  10398  2   0  10398
24  9766  2   0  9766
25  9806  2   2  9804
26  8948  2   2  8946
27  9750  2   0  9750
28  10406  2   0  10406
29  10406  2   1  10405
30  10338  2   0  10338
31  9074  2   0  9074
32  7528  2   0  7528
33  10406  2   0  10406
34  9364  2   2  9362
35  9512  2   0  9512
36  10348  2   0  10348
37  9188  2   0  9188
38  9802  3   0  1  9801
39  7389  3   0  0  7389
40  9796  3   0  1  9795
41  9802  3   0  1  9801
42  9802  3   0  0  9802
43  9802  2   0  9802
44  9505  3   0  0  9505
45  9765  3   0  0  9765
46  9802  2   0  9802
47  9796  2   0  9796
48  4610  2   0  4610
49  9246  2   1  9245
50  9314  2   0  9314
51  9128  2   0  9128
52  9798  3   0  0  9798
53  9242  2   18  9224
54  10352  2   0  10352
55  10352  3   0  0  10352
56  10400  2   0  10400
57  4288  3   0  0  4288
58  10354  2   0  10354
59  9369  4   0  0  0  9369
60  10399  3   0  0  10399
61  10397  3   0  0  10397
62  9422  2   5  9417
63  9802  3   0  0  9802
64  8796  2   0  8796
65  9790  3   0  0  9790
66  9403  3   0  0  9403
67  10400  2   8  10392
68  9786  2   0  9786
69  10346  2   0  10346
70  10344  2   0  10344
71  9780  4   0  0  0  9780
72  10398  2   0  10398
73  10382  2   2318  8064
74  9787  3   0  0  9787
75  9785  3   0  0  9785
76  9776  3   0  0  9776
77  10393  3   0  2  10391
78  10389  3   0  0  10389
79  10349  3   0  2  10347
80  10304  3   0  285  10019
81  10384  4   0  1  0  10383
82  10348  2   0  10348
83  10390  2   0  10390
84  9792  4   5  0  0  9787
85  10362  2   1960  8402
86  10279  3   0  0  10279
87  9769  3   0  12  9757
88  10360  2   0  10360
89  9775  3   55  1  9719
90  9794  3   0  0  9794
91  10382  2   1  10381
92  9774  3   1  1  9772
93  10404  3   0  0  10404
94  9464  2   0  9464
95  10375  3   1  0  10374
96  10402  3   0  0  10402
97  9668  2   0  9668
98  10381  3   0  0  10381
99  10406  3   0  0  10406
100  10384  2   4  10380
101  7094  2   0  7094
102  3254  2   0  3254
103  9442  4   0  0  0  9442
104  9404  2   0  9404
105  9652  2   1  9651
106  10390  3   5290  0  5100
107  8938  2   0  8938
108  10382  2   0  10382
109  10406  2   0  10406
110  10404  3   0  1  10403
111  10352  2   3  10349
112  10406  3   1  0  10405
113  9752  2   11  9741
114  8302  2   0  8302
115  10334  2   0  10334
116  9904  2   0  9904
117  9748  2   0  9748
118  8358  2   0  8358
119  9743  3   0  7  9736
120  9796  2   1  9795
121  10330  3   0  0  10330
122  10406  2   1  10405
123  8424  2   0  8424
124  9748  2   1  9747
125  10318  2   0  10318
126  10398  3   0  0  10398
127  10362  2   0  10362
128  9752  2   0  9752
129  10406  2   0  10406
130  10390  2   2  10388
131  10396  2   81  10315
132  10300  2   0  10300
133  10406  2   0  10406
134  10364  2   0  10364
135  10406  3   0  0  10406
136  9752  3   0  0  9752
137  9796  2   0  9796
138  10388  2   0  10388
139  10400  2   2  10398
140  9728  2   1  9727
141  10406  2   0  10406
142  10226  2   0  10226
143  10389  3   0  0  10389
144  9543  4   2  0  1  9540
145  10164  2   0  10164
146  10406  2   4  10402
147  8096  2   0  8096
148  9566  5   0  94  0  1  9471
149  9726  3   0  0  9726
150  10401  3   0  0  10401
151  10100  3   0  0  10100
152  10382  2   20  10362
153  9586  2   2  9584
154  10384  2   460  9924
155  10406  3   1  0  10405
156  9772  3   1  0  9771
157  9757  3   0  0  9757
158  10406  3   2  1  10403
159  9799  3   0  18  9781
160  10402  3   1  0  10401
161  9694  2   1  9693
162  10406  3   0  0  10406
163  10394  3   0  2  10392
164  9567  3   0  0  9567
165  9686  3   0  0  9686
166  10406  4   0  0  0  10406
167  9056  3   0  0  9056
168  10406  2   0  10406
169  10394  3   0  0  10394
170  6174  2   0  6174
171  1586  3   0  0  1586
172  10392  2   3  10389
173  9730  3   0  0  9730
174  10404  2   0  10404
175  10406  2   0  10406
176  9722  2   0  9722
177  10397  3   0  0  10397
178  9209  3   0  0  9209
179  5968  2   4  5964
180  9716  2   0  9716
181  10358  3   1  0  10357
182  10406  3   0  0  10406
183  10368  2   0  10368
184  10404  3   0  0  10404
185  2144  2   0  2144
186  10406  2   0  10406
187  10404  3   0  0  10404
188  9716  2   3  9713
189  9855  4   1  0  2  9852
190  5730  3   0  0  5730
191  10368  2   3  10365
192  8078  2   0  8078
193  10373  3   0  1  10372
194  9700  3   0  0  9700
195  4226  2   1403  2823
196  9914  2   785  9129
197  9696  2   0  9696
198  10382  2   0  10382
199  10402  2   0  10402
200  8294  2   0  8294
201  10385  3   0  0  10385
202  1586  3   1  0  1585
203  9664  2   2  9662
204  10402  3   0  0  10402
205  8281  3   0  0  8281
206  10386  2   0  10386
207  1600  2   22  1578
208  8276  2   0  8276
209  10402  2   0  10402
210  10378  2   5  10373
211  9626  2   0  9626
212  10392  2   0  10392
213  10168  2   0  10168
214  10382  2   0  10382
215  8110  2   0  8110
216  2728  2   0  2728
217  4993  3   0  0  4993
218  1604  2   0  1604
219  7868  3   0  1  7867
220  10134  2   0  10134
221  10346  2   0  10346
222  1588  2   0  1588
223  6396  3   0  0  6396
224  10394  3   0  0  10394
225  10402  2   2  10400
226  1632  3   0  0  1632
227  10341  3   0  0  10341
228  7898  2   0  7898
229  10335  3   0  1  10334
230  4748  4   3  0  1  4744
231  9664  2   0  9664
232  1632  2   7  1625
233  10404  2   0  10404
234  10328  2   3  10325
235  10320  3   1  0  10319
236  4641  4   0  0  0  4641
237  10333  3   152  0  10181
238  7993  4   0  0  0  7993
239  10187  3   0  0  10187
240  4600  2   0  4600
241  8138  2   0  8138
242  8307  3   0  0  8307
243  8584  2   1  8583
244  10232  2   0  10232
245  10386  3   0  0  10386
246  10348  2   0  10348
247  8621  3   0  0  8621
248  10386  2   1965  8421
249  10404  2   0  10404
250  9636  2   0  9636
251  8622  3   0  1  8621
252  10369  3   4255  0  6114
253  10404  2   0  10404
254  10400  2   0  10400
255  10386  2   3  10383
256  8748  3   7  0  8741
257  10384  2   19  10365
258  10174  5   1  0  2  0  10171
259  2094  2   0  2094
260  8866  2   0  8866
261  10268  3   1  0  10267
262  10394  2   1  10393
263  10386  3   0  0  10386
264  10270  2   0  10270
265  10404  2   144  10260
266  3364  2   0  3364
267  8902  3   1  0  8901
268  9604  2   5  9599
269  2104  2   0  2104
270  10398  2   0  10398
271  10404  2   1  10403
272  10384  3   0  0  10384
273  4300  2   0  4300
274  10394  3   1  0  10393
275  9192  3   0  0  9192
276  10274  2   0  10274
277  10404  3   1  0  10403
278  10386  3   0  0  10386
279  8970  2   0  8970
280  9268  2   0  9268
281  10274  2   0  10274
282  3952  2   0  3952
283  9560  2   0  9560
284  10284  2   0  10284
285  3628  2   0  3628
286  9496  2   0  9496
287  10388  2   8  10380
288  8997  3   0  0  8997
289  10406  2   1  10405
290  9462  2   0  9462
291  10368  3   3  0  10365
292  10374  2   0  10374
293  10373  4   0  0  0  10373
294  4154  2   0  4154
295  10397  3   1  1  10395
296  10290  2   42  10248
297  9374  4   475  0  0  8899
298  10365  3   1  0  10364
299  4490  2   0  4490
300  9676  2   0  9676
301  10402  2   0  10402
302  10384  2   0  10384
303  8836  2   0  8836
304  10402  2   0  10402
305  10406  2   0  10406
306  8822  2   1  8821
307  10404  2   0  10404
308  10406  3   0  0  10406
309  10404  2   1  10403
310  10282  3   0  0  10282
311  9458  2   9  9449
312  9462  2   0  9462
313  10406  2   24  10382
314  10341  3   0  18  10323
315  8847  3   0  0  8847
316  10370  3   0  0  10370
317  5350  2   0  5350
318  8604  3   0  0  8604
319  9390  2   0  9390
320  10405  3   0  0  10405
321  10406  3   0  0  10406
322  2104  4   0  0  0  2104
323  9805  3   0  0  9805
324  8402  2   0  8402
325  10248  2   0  10248
326  10406  2   0  10406
327  8410  2   0  8410
328  9757  3   0  0  9757
329  5904  3   0  0  5904
330  6959  3   3270  0  3689
331  10406  2   2  10404
332  10356  2   0  10356
333  9757  3   0  0  9757
334  6660  2   0  6660
335  2088  3   0  1  2087
336  10406  2   0  10406
337  9643  3   0  0  9643
338  10406  2   0  10406
339  6276  3   0  0  6276
340  10404  3   0  0  10404
341  6378  2   0  6378
342  10406  3   0  0  10406
343  5512  2   0  5512
344  10375  3   0  0  10375
345  9770  2   0  9770
346  10396  3   1  0  10395
347  6348  2   1  6347
348  5568  2   0  5568
349  9436  2   1  9435
350  2264  2   2  2262
351  9906  2   0  9906
352  6574  3   0  0  6574
353  6275  3   0  0  6275
354  9548  2   0  9548
355  10381  4   0  0  0  10381
356  6634  2   0  6634
357  9636  2   0  9636
358  2462  2   0  2462
359  10027  3   0  11  10016
360  10388  3   0  0  10388
361  6977  3   0  0  6977
362  2502  2   9  2493
363  6130  3   0  0  6130
364  5945  3   1  0  5944
365  10387  3   0  0  10387
366  6066  2   0  6066
367  10406  2   0  10406
368  10400  2   0  10400
369  10406  2   1  10405
370  9760  2   0  9760
371  2680  2   0  2680
372  10406  3   0  0  10406
373  10406  3   0  197  10209
374  9788  2   0  9788
375  3204  2   0  3204
376  2524  2   0  2524
377  5764  2   0  5764
378  9766  2   0  9766
379  5722  3   0  0  5722
380  10406  2   3649  6757
381  2406  2   0  2406
382  10278  2   1  10277
383  8306  2   0  8306
384  10402  2   22  10380
385  9774  2   0  9774
386  9306  2   0  9306
387  10404  2   2  10402
388  2202  2   0  2202
389  9770  2   0  9770
390  10404  2   0  10404
391  9430  2   1  9429
392  10404  2   0  10404
393  10406  2   0  10406
394  6436  2   0  6436
395  10406  4   0  0  0  10406
396  10334  2   0  10334
397  9766  3   0  0  9766
398  10300  2   0  10300
399  1804  2   0  1804
400  10406  3   0  0  10406
401  9730  2   0  9730
402  10406  3   0  1  10405
403  6466  2   0  6466
404  10342  2   0  10342
405  10406  2   0  10406
406  10406  2   0  10406
407  9712  2   10  9702
408  5222  2   0  5222
409  10400  2   0  10400
410  10406  3   0  0  10406
411  9606  4   0  0  0  9606
412  10406  2   0  10406
413  9754  3   0  609  9145
414  10404  2   27  10377
415  10304  2   5  10299
416  5572  2   0  5572
417  9668  2   10  9658
418  9638  2   0  9638
419  10357  3   0  0  10357
420  10406  2   1  10405
421  9742  2   0  9742
422  10404  2   1657  8747
423  9626  2   326  9300
424  10354  2   0  10354
425  10406  2   0  10406
426  10406  2   0  10406
427  10406  3   0  0  10406
428  10295  3   0  4  10291
429  9668  2   1  9667
430  5414  2   3  5411
431  9216  3   2  0  9214
432  4918  2   133  4785
433  10350  2   0  10350
434  4655  3   0  10  4645
435  10403  3   1  1657  8745
436  10348  2   0  10348
437  9356  2   2  9354
438  10406  2   0  10406
439  10334  2   0  10334
440  9384  2   4  9380
441  4408  2   0  4408
442  10404  2   6  10398
443  10406  3   0  0  10406
444  4174  2   3  4171
445  10404  3   0  0  10404
446  10406  2   1  10405
447  3476  2   2  3474
448  4108  2   0  4108
449  9292  2   0  9292
450  9732  2   0  9732
451  10406  2   0  10406
452  9743  3   0  0  9743
453  3634  3   0  2  3632
454  10398  2   0  10398
455  9744  4   5  0  0  9739
456  10398  2   0  10398
457  10404  3   0  0  10404
458  10404  3   0  1  10403
459  9745  3   0  1  9744
460  10394  2   0  10394
461  10281  3   0  0  10281
462  9904  2   1  9903
463  10406  3   0  0  10406
464  3063  3   0  0  3063
465  10404  2   1  10403
466  2876  2   0  2876
467  10404  2   0  10404
468  10406  2   0  10406
469  9648  2   2  9646
470  9808  3   0  1  9807
471  4360  2   2  4358
472  10406  2   2  10404
473  10404  2   0  10404
474  8452  2   0  8452
475  2210  3   0  1  2209
476  9526  2   0  9526
477  9416  2   1  9415
478  10406  2   0  10406
479  10368  2   0  10368
480  10404  2   2  10402
481  9484  2   5  9479
482  10316  2   0  10316
483  10378  3   1  0  10377
484  9452  2   0  9452
485  9774  3   0  0  9774
486  10406  3   0  0  10406
487  10383  3   0  0  10383
488  10366  2   0  10366
489  10386  3   0  0  10386
490  8658  4   0  0  0  8658
491  10406  2   0  10406
492  10402  2   0  10402
493  10364  2   0  10364
494  10402  2   0  10402
495  8236  2   1294  6942
496  10406  2   0  10406
497  9818  2   0  9818
498  10144  2   0  10144
499  9464  2   0  9464
500  9818  2   2  9816
501  9782  3   0  0  9782
502  7904  2   1  7903
503  10404  2   0  10404
504  10390  2   785  9605
505  10190  2   0  10190
506  7884  2   2  7882
507  9562  2   0  9562
508  9818  2   0  9818

[pop]=2
1  10271  3   0  2  10269
2  11544  2   1  11543
3  10859  4   0  1  0  10858
4  11578  2   0  11578
5  11572  2   0  11572
6  11556  2   0  11556
7  11572  2   16  11556
8  11560  2   3  11557
9  11547  4   0  0  0  11547
10  11574  2   0  11574
11  10494  2   0  10494
12  11546  2   0  11546
13  10952  3   0  1  10951
14  11576  3   0  0  11576
15  11559  3   0  1  11558
16  11546  2   0  11546
17  11023  3   0  3  11020
18  11292  2   0  11292
19  11578  3   0  0  11578
20  11578  2   0  11578
21  11548  2   0  11548
22  11574  2   0  11574
23  11552  2   0  11552
24  11572  2   0  11572
25  11562  2   0  11562
26  11160  2   0  11160
27  11296  2   0  11296
28  11578  2   0  11578
29  11576  2   0  11576
30  11554  2   0  11554
31  11270  2   2  11268
32  6536  2   0  6536
33  11578  2   0  11578
34  10926  2   0  10926
35  10926  2   0  10926
36  11560  2   0  11560
37  11346  2   0  11346
38  11576  3   0  1  11575
39  6204  3   0  0  6204
40  11526  3   0  1  11525
41  11560  3   0  0  11560
42  11576  3   0  0  11576
43  11560  2   1  11559
44  10917  3   0  0  10917
45  11548  3   0  0  11548
46  11576  2   1  11575
47  11510  2   1  11509
48  2226  2   0  2226
49  10784  2   0  10784
50  11434  2   3  11431
51  10586  2   0  10586
52  11560  3   0  0  11560
53  10762  2   6  10756
54  11566  2   6  11560
55  11573  3   1  0  11572
56  11544  2   0  11544
57  1909  3   0  0  1909
58  11572  2   0  11572
59  11460  4   0  0  0  11460
60  11578  3   0  0  11578
61  11531  3   0  0  11531
62  11472  2   1  11471
63  11576  3   0  0  11576
64  10064  2   0  10064
65  11564  3   0  0  11564
66  11476  3   0  0  11476
67  11532  2   1  11531
68  11564  2   0  11564
69  11564  2   0  11564
70  11562  2   0  11562
71  11568  4   0  0  0  11568
72  11578  2   1  11577
73  11484  2   6732  4752
74  11564  3   0  0  11564
75  11564  3   0  0  11564
76  11568  3   1  0  11567
77  11578  3   0  0  11578
78  11578  3   0  0  11578
79  11543  3   0  0  11543
80  11515  3   0  18  11497
81  11578  4   0  0  0  11578
82  11550  2   0  11550
83  11564  2   0  11564
84  11555  4   0  0  0  11555
85  11530  2   97  11433
86  11547  3   1  0  11546
87  11568  3   0  2  11566
88  11550  2   0  11550
89  11564  3   4  0  11560
90  11555  3   0  0  11555
91  11578  2   0  11578
92  11565  3   0  0  11565
93  11565  3   5  0  11560
94  11514  2   0  11514
95  11557  3   0  0  11557
96  11542  3   0  0  11542
97  11092  2   0  11092
98  11559  3   0  0  11559
99  11566  3   0  1  11565
100  11560  2   171  11389
101  7070  2   0  7070
102  908  2   5  903
103  11508  4   0  0  2  11506
104  11508  2   0  11508
105  11436  2   0  11436
106  11556  3   2519  0  9037
107  10834  2   0  10834
108  11558  2   0  11558
109  11572  2   0  11572
110  11578  3   0  0  11578
111  11568  2   0  11568
112  11571  3   0  3  11568
113  11564  2   3  11561
114  9698  2   0  9698
115  11536  2   1  11535
116  11396  2   3  11393
117  11564  2   0  11564
118  9786  2   0  9786
119  11525  3   0  0  11525
120  11552  2   1  11551
121  11534  3   0  0  11534
122  11572  2   0  11572
123  9904  2   0  9904
124  11528  2   1  11527
125  11532  2   0  11532
126  11555  3   0  0  11555
127  11570  2   0  11570
128  11534  2   2  11532
129  11576  2   0  11576
130  11564  2   0  11564
131  11556  2   0  11556
132  11516  2   0  11516
133  11576  2   0  11576
134  11572  2   0  11572
135  11572  3   0  0  11572
136  11536  3   0  0  11536
137  11548  2   0  11548
138  11560  2   0  11560
139  11554  2   0  11554
140  11562  2   0  11562
141  11574  2   0  11574
142  11516  2   0  11516
143  11561  3   0  1  11560
144  11395  4   0  0  0  11395
145  11504  2   4  11500
146  11572  2   10  11562
147  8986  2   0  8986
148  11406  5   0  2  0  0  11404
149  11562  3   13  0  11549
150  11560  3   0  0  11560
151  11495  3   1  0  11494
152  11558  2   0  11558
153  11434  2   0  11434
154  11576  2   21  11555
155  11576  3   0  0  11576
156  11536  3   0  0  11536
157  11533  3   0  0  11533
158  11575  3   11  0  11564
159  11345  3   0  1  11344
160  11562  3   0  0  11562
161  11552  2   0  11552
162  11576  3   0  0  11576
163  11564  3   0  2  11562
164  11451  3   0  0  11451
165  11546  3   0  0  11546
166  11576  4   0  1  0  11575
167  10955  3   0  1  10954
168  11578  2   1  11577
169  11564  3   0  0  11564
170  4042  2   0  4042
171  321  3   0  0  321
172  11576  2   0  11576
173  11504  3   0  0  11504
174  11570  2   1  11569
175  11568  2   0  11568
176  11502  2   0  11502
177  11578  3   0  0  11578
178  11398  3   14  0  11384
179  3842  2   0  3842
180  11528  2   0  11528
181  11555  3   0  0  11555
182  11578  3   0  1  11577
183  11554  2   1  11553
184  11564  3   0  0  11564
185  408  2   0  408
186  11578  2   1  11577
187  11572  3   0  0  11572
188  11524  2   1  11523
189  11270  4   0  0  0  11270
190  3589  3   0  0  3589
191  11574  2   0  11574
192  10380  2   5  10375
193  11565  3   0  0  11565
194  11523  3   0  1  11522
195  1932  2   683  1249
196  11274  2   33  11241
197  11518  2   0  11518
198  11568  2   0  11568
199  11570  2   0  11570
200  10506  2   0  10506
201  11569  3   0  0  11569
202  360  3   0  0  360
203  11502  2   1  11501
204  11570  3   0  0  11570
205  10507  3   0  0  10507
206  11560  2   2  11558
207  358  2   0  358
208  10488  2   2  10486
209  11570  2   0  11570
210  11562  2   4  11558
211  11526  2   16  11510
212  11574  2   0  11574
213  11458  2   2  11456
214  11574  2   0  11574
215  10432  2   0  10432
216  620  2   0  620
217  2712  3   0  0  2712
218  394  2   4  390
219  10324  3   1  4  10319
220  11448  2   0  11448
221  11564  2   2  11562
222  386  2   0  386
223  4944  3   0  0  4944
224  11570  3   0  0  11570
225  11570  2   0  11570
226  410  3   0  0  410
227  11561  3   0  1  11560
228  9806  2   0  9806
229  11561  3   0  0  11561
230  2496  4   2  0  0  2494
231  11522  2   4  11518
232  408  2   2  406
233  11570  2   0  11570
234  11562  2   0  11562
235  11548  3   0  0  11548
236  2391  4   2  0  0  2389
237  11550  3   7  0  11543
238  7739  4   0  0  0  7739
239  11495  3   0  0  11495
240  2366  2   0  2366
241  8094  2   0  8094
242  8468  3   0  2  8466
243  10754  2   7  10747
244  11524  2   0  11524
245  11576  3   0  0  11576
246  11564  2   3  11561
247  10784  3   0  0  10784
248  11564  2   98  11466
249  11578  2   1  11577
250  11522  2   0  11522
251  9320  3   1  0  9319
252  11556  3   2460  0  9096
253  11578  2   0  11578
254  11562  2   1  11561
255  11576  2   0  11576
256  9526  3   0  3  9523
257  11576  2   16  11560
258  11539  5   0  0  0  0  11539
259  436  2   0  436
260  9894  2   0  9894
261  11522  3   0  0  11522
262  11562  2   1  11561
263  11574  3   0  0  11574
264  11524  2   1  11523
265  11578  2   4  11574
266  1658  2   0  1658
267  10983  3   0  1  10982
268  11514  2   0  11514
269  442  2   0  442
270  11572  2   0  11572
271  11578  2   0  11578
272  11554  3   1  2  11551
273  2144  2   2  2142
274  11572  3   3  2  11567
275  10788  3   0  6  10782
276  11528  2   0  11528
277  11577  3   0  0  11577
278  11578  3   0  0  11578
279  11030  2   0  11030
280  10888  2   1  10887
281  11532  2   0  11532
282  1940  2   19  1921
283  11510  2   0  11510
284  11530  2   1  11529
285  2188  2   0  2188
286  11490  2   0  11490
287  11566  2   30  11536
288  11069  3   0  0  11069
289  11578  2   0  11578
290  11472  2   0  11472
291  11571  3   0  1  11570
292  11570  2   0  11570
293  11572  4   0  0  0  11572
294  3160  2   0  3160
295  11578  3   1  2  11575
296  11534  2   0  11534
297  11418  4   20  0  1  11397
298  11559  3   0  0  11559
299  3716  2   0  3716
300  11472  2   1  11471
301  11578  2   2  11576
302  11568  2   10  11558
303  10954  2   1  10953
304  11578  2   0  11578
305  11576  2   1  11575
306  10942  2   0  10942
307  11578  2   0  11578
308  11577  3   0  0  11577
309  11578  2   0  11578
310  11529  3   0  0  11529
311  11440  2   0  11440
312  11290  2   0  11290
313  11576  2   3  11573
314  11551  3   0  0  11551
315  11287  3   0  2  11285
316  11576  3   0  0  11576
317  4898  2   0  4898
318  10762  3   0  0  10762
319  11428  2   0  11428
320  11578  3   1  0  11577
321  11577  3   0  0  11577
322  467  4   0  0  0  467
323  11455  3   0  0  11455
324  11122  2   0  11122
325  11510  2   0  11510
326  11578  2   3  11575
327  7908  2   1  7907
328  11476  3   0  0  11476
329  5943  3   2  0  5941
330  5875  3   451  0  5424
331  11578  2   0  11578
332  11526  2   0  11526
333  11481  3   0  1  11480
334  6054  2   0  6054
335  492  3   1  0  491
336  11578  2   0  11578
337  10911  3   0  0  10911
338  11578  2   0  11578
339  6689  3   0  0  6689
340  11574  3   0  0  11574
341  6874  2   0  6874
342  11578  3   0  0  11578
343  3164  2   0  3164
344  11552  3   0  1  11551
345  11510  2   0  11510
346  11564  3   0  0  11564
347  5680  2   6  5674
348  3310  2   1  3309
349  10048  2   0  10048
350  594  2   0  594
351  11178  2   0  11178
352  7342  3   0  1  7341
353  5584  3   0  1  5583
354  10272  2   0  10272
355  11565  4   0  0  1  11564
356  7554  2   0  7554
357  10446  2   0  10446
358  1466  2   0  1466
359  11323  3   0  2  11321
360  11560  3   0  0  11560
361  6848  3   0  0  6848
362  1494  2   0  1494
363  5280  3   0  0  5280
364  3837  3   0  6  3831
365  11558  3   0  0  11558
366  5186  2   0  5186
367  11578  2   0  11578
368  11566  2   0  11566
369  11570  2   1  11569
370  11336  2   0  11336
371  968  2   0  968
372  11571  3   0  0  11571
373  11578  3   0  13  11565
374  11516  2   0  11516
375  1078  2   0  1078
376  1508  2   0  1508
377  4802  2   0  4802
378  11342  2   0  11342
379  4716  3   0  0  4716
380  11574  2   6263  5311
381  1396  2   0  1396
382  11522  2   10  11512
383  9340  2   0  9340
384  11578  2   0  11578
385  11492  2   1  11491
386  11250  2   0  11250
387  11572  2   1  11571
388  1164  2   0  1164
389  11330  2   0  11330
390  11574  2   0  11574
391  11406  2   0  11406
392  11578  2   0  11578
393  11574  2   0  11574
394  5168  2   1  5167
395  11574  4   0  0  0  11574
396  11538  2   0  11538
397  11323  3   0  0  11323
398  11556  2   0  11556
399  814  2   2  812
400  11578  3   0  0  11578
401  11442  2   0  11442
402  11578  3   0  5  11573
403  5172  2   3  5169
404  11548  2   7  11541
405  11578  2   0  11578
406  11570  2   0  11570
407  11412  2   0  11412
408  4588  2   11  4577
409  11578  2   0  11578
410  11578  3   1  0  11577
411  11534  4   0  0  0  11534
412  11578  2   1  11577
413  11290  3   0  28  11262
414  11568  2   130  11438
415  11558  2   0  11558
416  5120  2   0  5120
417  11354  2   11  11343
418  11542  2   0  11542
419  11552  3   0  0  11552
420  11578  2   0  11578
421  11280  2   0  11280
422  11578  2   2316  9262
423  11324  2   15  11309
424  11554  2   0  11554
425  11578  2   1  11577
426  11578  2   0  11578
427  11578  3   0  1  11577
428  11556  3   0  0  11556
429  11544  2   8  11536
430  4908  2   0  4908
431  10932  3   0  0  10932
432  4240  2   17  4223
433  11546  2   0  11546
434  3999  3   0  0  3999
435  11578  3   0  2316  9262
436  11540  2   0  11540
437  10998  2   0  10998
438  11576  2   0  11576
439  11536  2   0  11536
440  11002  2   1  11001
441  3742  2   0  3742
442  11578  2   0  11578
443  11577  3   0  0  11577
444  3422  2   0  3422
445  11578  3   0  9  11569
446  11578  2   6  11572
447  1878  2   1  1877
448  3334  2   1  3333
449  10932  2   1  10931
450  11546  2   0  11546
451  11578  2   0  11578
452  11549  3   0  1  11548
453  2804  3   0  0  2804
454  11578  2   3  11575
455  11549  4   13  0  2  11534
456  11578  2   0  11578
457  11576  3   0  0  11576
458  11566  3   0  0  11566
459  11551  3   0  0  11551
460  11576  2   0  11576
461  11458  3   0  0  11458
462  11478  2   0  11478
463  11576  3   0  0  11576
464  2021  3   0  0  2021
465  11578  2   0  11578
466  1770  2   12  1758
467  11574  2   0  11574
468  11578  2   0  11578
469  11434  2   0  11434
470  11574  3   0  0  11574
471  1812  2   0  1812
472  11574  2   0  11574
473  11578  2   0  11578
474  9958  2   0  9958
475  1171  3   0  0  1171
476  11400  2   0  11400
477  10590  2   1  10589
478  11572  2   0  11572
479  11570  2   0  11570
480  11578  2   0  11578
481  11388  2   0  11388
482  11502  2   0  11502
483  11570  3   0  0  11570
484  11374  2   0  11374
485  11564  3   0  0  11564
486  11578  3   0  0  11578
487  11578  3   0  0  11578
488  11568  2   2  11566
489  11578  3   0  1  11577
490  10709  4   0  0  0  10709
491  11578  2   0  11578
492  11578  2   0  11578
493  11568  2   0  11568
494  11578  2   0  11578
495  9852  2   62  9790
496  11578  2   0  11578
497  11574  2   0  11574
498  11502  2   0  11502
499  11270  2   0  11270
500  11574  2   0  11574
501  11568  3   3  0  11565
502  9854  2   6  9848
503  11578  2   0  11578
504  11576  2   31  11545
505  11512  2   4  11508
506  9794  2   0  9794
507  11366  2   0  11366
508  11572  2   0  11572

[pop]=3
1  7919  3   11  0  7908
2  8632  2   0  8632
3  8099  4   0  1  0  8098
4  8654  2   1  8653
5  8618  2   0  8618
6  8650  2   0  8650
7  8624  2   0  8624
8  8620  2   0  8620
9  8561  4   0  0  3  8558
10  8620  2   0  8620
11  8058  2   0  8058
12  8634  2   0  8634
13  8157  3   0  0  8157
14  8626  3   0  0  8626
15  8620  3   0  0  8620
16  8634  2   0  8634
17  8214  3   0  0  8214
18  8596  2   0  8596
19  8652  3   0  0  8652
20  8652  2   0  8652
21  8564  2   0  8564
22  8620  2   0  8620
23  8644  2   0  8644
24  8624  2   0  8624
25  8620  2   0  8620
26  8338  2   0  8338
27  8598  2   0  8598
28  8652  2   0  8652
29  8652  2   0  8652
30  8644  2   0  8644
31  8422  2   0  8422
32  6368  2   31  6337
33  8654  2   1  8653
34  8428  2   0  8428
35  8296  2   2  8294
36  8646  2   2  8644
37  8460  2   2  8458
38  8626  3   0  0  8626
39  6113  3   1  16  6096
40  8624  3   0  0  8624
41  8615  3   0  0  8615
42  8626  3   0  0  8626
43  8614  2   2  8612
44  8260  3   2  0  8258
45  8618  3   1  0  8617
46  8624  2   1  8623
47  8622  2   0  8622
48  3034  2   0  3034
49  8146  2   0  8146
50  8498  2   0  8498
51  8314  2   1  8313
52  8613  3   0  1  8612
53  8138  2   0  8138
54  8646  2   0  8646
55  8639  3   0  0  8639
56  8638  2   0  8638
57  2676  3   0  0  2676
58  8636  2   0  8636
59  8509  4   0  0  0  8509
60  8654  3   0  4  8650
61  8632  3   0  0  8632
62  8520  2   0  8520
63  8622  3   0  0  8622
64  8084  2   0  8084
65  8620  3   1  0  8619
66  8521  3   0  0  8521
67  8634  2   0  8634
68  8620  2   0  8620
69  8636  2   0  8636
70  8632  2   23  8609
71  8619  4   0  0  0  8619
72  8654  2   0  8654
73  8560  2   4210  4350
74  8620  3   1  0  8619
75  8620  3   0  1  8619
76  8617  3   0  0  8617
77  8654  3   0  0  8654
78  8652  3   0  0  8652
79  8647  3   1  0  8646
80  8616  3   0  0  8616
81  8651  4   0  0  0  8651
82  8648  2   0  8648
83  8646  2   0  8646
84  8626  4   0  0  0  8626
85  8626  2   0  8626
86  8620  3   0  0  8620
87  8616  3   0  0  8616
88  8648  2   1  8647
89  8622  3   0  0  8622
90  8626  3   0  2  8624
91  8650  2   0  8650
92  8622  3   0  0  8622
93  8647  3   0  0  8647
94  8546  2   2  8544
95  8650  3   0  0  8650
96  8634  3   2  0  8632
97  8490  2   0  8490
98  8650  3   0  1  8649
99  8648  3   0  0  8648
100  8650  2   135  8515
101  6660  2   2  6658
102  1366  2   0  1366
103  8548  4   0  0  2  8546
104  8546  2   0  8546
105  8576  2   0  8576
106  8646  3   4123  1  4522
107  8330  2   3  8327
108  8650  2   0  8650
109  8648  2   0  8648
110  8654  3   0  0  8654
111  8608  2   1  8607
112  8648  3   0  0  8648
113  8620  2   0  8620
114  7834  2   0  7834
115  8644  2   0  8644
116  8364  2   0  8364
117  8620  2   1  8619
118  7880  2   0  7880
119  8611  3   0  0  8611
120  8626  2   0  8626
121  8644  3   0  0  8644
122  8652  2   14  8638
123  7976  2   0  7976
124  8612  2   0  8612
125  8642  2   0  8642
126  8645  3   0  0  8645
127  8616  2   0  8616
128  8614  2   0  8614
129  8654  2   0  8654
130  8654  2   0  8654
131  8648  2   0  8648
132  8560  2   0  8560
133  8654  2   0  8654
134  8622  2   0  8622
135  8652  3   0  1  8651
136  8618  3   0  0  8618
137  8626  2   0  8626
138  8654  2   0  8654
139  8648  2   1  8647
140  8618  2   1  8617
141  8652  2   1  8651
142  8628  2   0  8628
143  8654  3   12  0  8642
144  8587  4   0  0  0  8587
145  8620  2   0  8620
146  8652  2   0  8652
147  7350  2   18  7332
148  8588  5   1  0  0  0  8587
149  8618  3   0  0  8618
150  8648  3   2  0  8646
151  8616  3   0  1  8615
152  8608  2   0  8608
153  8590  2   0  8590
154  8632  2   0  8632
155  8650  3   0  0  8650
156  8626  3   0  0  8626
157  8616  3   0  0  8616
158  8648  3   0  0  8648
159  8561  3   0  0  8561
160  8650  3   0  0  8650
161  8616  2   0  8616
162  8652  3   1  0  8651
163  8620  3   1  0  8619
164  8597  3   1  0  8596
165  8612  3   1  0  8611
166  8652  4   1  0  0  8651
167  8467  3   0  0  8467
168  8654  2   0  8654
169  8654  3   0  0  8654
170  4556  2   2  4554
171  558  3   0  0  558
172  8642  2   0  8642
173  8610  3   0  3  8607
174  8648  2   1  8647
175  8650  2   0  8650
176  8608  2   0  8608
177  8647  3   0  0  8647
178  8519  3   0  0  8519
179  4350  2   0  4350
180  8626  2   0  8626
181  8646  3   0  0  8646
182  8654  3   0  0  8654
183  8652  2   0  8652
184  8648  3   0  0  8648
185  792  2   0  792
186  8654  2   0  8654
187  8648  3   0  0  8648
188  8626  2   0  8626
189  8499  4   0  0  0  8499
190  4176  3   1  0  4175
191  8640  2   0  8640
192  7430  2   0  7430
193  8650  3   0  0  8650
194  8625  3   0  0  8625
195  2840  2   490  2350
196  8504  2   0  8504
197  8624  2   0  8624
198  8650  2   0  8650
199  8646  2   0  8646
200  7612  2   0  7612
201  8650  3   0  0  8650
202  580  3   0  0  580
203  8624  2   0  8624
204  8648  3   0  0  8648
205  7651  3   0  0  7651
206  8648  2   0  8648
207  588  2   5  583
208  7642  2   0  7642
209  8648  2   0  8648
210  8650  2   423  8227
211  8564  2   0  8564
212  8634  2   1  8633
213  8614  2   0  8614
214  8622  2   0  8622
215  7510  2   0  7510
216  910  2   0  910
217  3506  3   0  0  3506
218  618  2   0  618
219  7286  3   0  0  7286
220  8610  2   0  8610
221  8648  2   0  8648
222  602  2   0  602
223  5380  3   0  0  5380
224  8650  3   0  0  8650
225  8638  2   0  8638
226  618  3   0  0  618
227  8648  3   0  0  8648
228  7288  2   0  7288
229  8648  3   0  0  8648
230  3376  4   6  0  1  3369
231  8570  2   0  8570
232  640  2   0  640
233  8650  2   0  8650
234  8644  2   0  8644
235  8644  3   0  0  8644
236  3278  4   0  1  0  3277
237  8644  3   0  1  8643
238  6977  4   0  0  0  6977
239  8602  3   0  0  8602
240  3284  2   0  3284
241  7146  2   2  7144
242  7329  3   1  0  7328
243  8192  2   2  8190
244  8612  2   0  8612
245  8627  3   0  2  8625
246  8646  2   0  8646
247  8241  3   0  0  8241
248  8650  2   0  8650
249  8640  2   0  8640
250  8560  2   0  8560
251  7758  3   0  0  7758
252  8633  3   4106  0  4527
253  8640  2   1  8639
254  8650  2   0  8650
255  8626  2   0  8626
256  7842  3   0  0  7842
257  8628  2   0  8628
258  8626  5   0  0  0  0  8626
259  638  2   0  638
260  7998  2   0  7998
261  8618  3   0  1  8617
262  8650  2   0  8650
263  8625  3   0  0  8625
264  8622  2   0  8622
265  8640  2   0  8640
266  2310  2   0  2310
267  8448  3   1  0  8447
268  8544  2   0  8544
269  638  2   0  638
270  8630  2   0  8630
271  8640  2   0  8640
272  8643  3   0  0  8643
273  2966  2   0  2966
274  8625  3   1  0  8624
275  8390  3   0  0  8390
276  8624  2   0  8624
277  8640  3   0  0  8640
278  8626  3   0  0  8626
279  8488  2   0  8488
280  8426  2   0  8426
281  8624  2   0  8624
282  2324  2   1  2323
283  8540  2   23  8517
284  8626  2   0  8626
285  2790  2   0  2790
286  8514  2   0  8514
287  8624  2   0  8624
288  8500  3   0  0  8500
289  8640  2   1  8639
290  8504  2   2  8502
291  8649  3   0  0  8649
292  8622  2   0  8622
293  8649  4   1  0  0  8648
294  3628  2   0  3628
295  8650  3   0  0  8650
296  8630  2   20  8610
297  8478  4   0  0  0  8478
298  8610  3   1  1  8608
299  4082  2   2  4080
300  8580  2   0  8580
301  8650  2   0  8650
302  8654  2   0  8654
303  8414  2   0  8414
304  8650  2   0  8650
305  8654  2   0  8654
306  8402  2   0  8402
307  8650  2   0  8650
308  8636  3   0  0  8636
309  8650  2   0  8650
310  8617  3   0  1  8616
311  8564  2   0  8564
312  8570  2   0  8570
313  8654  2   0  8654
314  8606  3   0  0  8606
315  8392  3   0  0  8392
316  8651  3   0  1  8650
317  5080  2   0  5080
318  8234  3   0  0  8234
319  8546  2   3  8543
320  8652  3   0  0  8652
321  8654  3   0  0  8654
322  650  4   0  0  0  650
323  8556  3   0  1  8555
324  8334  2   0  8334
325  8602  2   8  8594
326  8654  2   0  8654
327  6672  2   0  6672
328  8596  3   1  0  8595
329  5818  3   0  0  5818
330  6203  3   13  1  6189
331  8652  2   0  8652
332  8616  2   4  8612
333  8598  3   0  0  8598
334  5590  2   1  5589
335  688  3   0  0  688
336  8652  2   0  8652
337  8237  3   1  1  8235
338  8654  2   1  8653
339  6370  3   0  0  6370
340  8632  3   0  0  8632
341  6482  2   0  6482
342  8654  3   0  0  8654
343  4178  2   0  4178
344  8632  3   0  1  8631
345  8610  2   0  8610
346  8644  3   0  0  8644
347  6228  2   2  6226
348  4312  2   0  4312
349  7882  2   1  7881
350  768  2   0  768
351  8450  2   0  8450
352  6747  3   0  0  6747
353  6190  3   0  0  6190
354  8040  2   0  8040
355  8639  4   0  1  4  8634
356  6862  2   0  6862
357  8140  2   2  8138
358  2170  2   0  2170
359  8545  3   0  0  8545
360  8619  3   0  1  8618
361  5890  3   0  0  5890
362  2198  2   0  2198
363  6113  3   0  0  6113
364  4779  3   0  0  4779
365  8618  3   0  22  8596
366  6104  2   0  6104
367  8654  2   0  8654
368  8650  2   0  8650
369  8646  2   0  8646
370  8598  2   2  8596
371  1098  2   0  1098
372  8648  3   0  0  8648
373  8654  3   0  0  8654
374  8608  2   1  8607
375  1834  2   0  1834
376  2262  2   0  2262
377  5884  2   5  5879
378  8600  2   0  8600
379  5844  3   0  0  5844
380  8628  2   2568  6060
381  2180  2   2  2178
382  8636  2   2  8634
383  7600  2   0  7600
384  8652  2   0  8652
385  8600  2   11  8589
386  8454  2   0  8454
387  8652  2   0  8652
388  1902  2   3  1899
389  8604  2   0  8604
390  8652  2   0  8652
391  8544  2   0  8544
392  8654  2   0  8654
393  8652  2   0  8652
394  5730  2   0  5730
395  8654  4   1  0  0  8653
396  8638  2   0  8638
397  8600  3   0  0  8600
398  8634  2   1  8633
399  1342  2   0  1342
400  8654  3   0  0  8654
401  8582  2   3  8579
402  8654  3   0  2  8652
403  5764  2   0  5764
404  8638  2   0  8638
405  8652  2   2  8650
406  8652  2   0  8652
407  8564  2   0  8564
408  5628  2   0  5628
409  8652  2   0  8652
410  8652  3   0  0  8652
411  8588  4   16  0  0  8572
412  8652  2   0  8652
413  8584  3   0  0  8584
414  8652  2   2  8650
415  8630  2   0  8630
416  5806  2   0  5806
417  8544  2   0  8544
418  8590  2   6  8584
419  8640  3   0  0  8640
420  8652  2   0  8652
421  8570  2   0  8570
422  8640  2   4095  4545
423  8482  2   0  8482
424  8640  2   0  8640
425  8652  2   0  8652
426  8654  2   0  8654
427  8654  3   0  0  8654
428  8630  3   0  0  8630
429  8586  2   0  8586
430  5682  2   0  5682
431  8248  3   0  0  8248
432  5198  2   1  5197
433  8642  2   0  8642
434  5068  3   0  0  5068
435  8647  3   0  4092  4555
436  8644  2   0  8644
437  8352  2   0  8352
438  8650  2   0  8650
439  8642  2   0  8642
440  8374  2   0  8374
441  4768  2   1  4767
442  8652  2   0  8652
443  8654  3   1  0  8653
444  4468  2   1  4467
445  8653  3   0  0  8653
446  8654  2   1  8653
447  2140  2   0  2140
448  4360  2   0  4360
449  8208  2   0  8208
450  8598  2   0  8598
451  8654  2   0  8654
452  8603  3   1  0  8602
453  3856  3   0  9  3847
454  8652  2   0  8652
455  8606  4   0  0  0  8606
456  8652  2   1  8651
457  8654  3   0  0  8654
458  8650  3   0  0  8650
459  8607  3   0  0  8607
460  8652  2   0  8652
461  8612  3   0  0  8612
462  8584  2   0  8584
463  8652  3   0  0  8652
464  2974  3   0  1  2973
465  8654  2   0  8654
466  2776  2   0  2776
467  8650  2   0  8650
468  8652  2   0  8652
469  8570  2   0  8570
470  8619  3   0  0  8619
471  2936  2   0  2936
472  8644  2   0  8644
473  8654  2   0  8654
474  8000  2   5  7995
475  2097  3   0  0  2097
476  8554  2   0  8554
477  8172  2   0  8172
478  8648  2   3  8645
479  8646  2   0  8646
480  8652  2   0  8652
481  8546  2   0  8546
482  8606  2   0  8606
483  8647  3   0  0  8647
484  8532  2   5  8527
485  8618  3   0  0  8618
486  8654  3   0  0  8654
487  8650  3   0  0  8650
488  8652  2   0  8652
489  8650  3   0  0  8650
490  8417  4   0  0  0  8417
491  8652  2   0  8652
492  8652  2   0  8652
493  8652  2   0  8652
494  8652  2   3  8649
495  7768  2   2  7766
496  8654  2   0  8654
497  8620  2   0  8620
498  8604  2   0  8604
499  8378  2   2  8376
500  8620  2   0  8620
501  8620  3   0  1  8619
502  7776  2   3  7773
503  8650  2   1  8649
504  8650  2   0  8650
505  8608  2   0  8608
506  7756  2   0  7756
507  8446  2   0  8446
508  8620  2   0  8620

[pop]=4
1  5089  3   0  4  5085
2  6612  2   0  6612
3  5986  4   0  0  0  5986
4  6614  2   0  6614
5  6614  2   2  6612
6  6614  2   1  6613
7  6614  2   0  6614
8  6574  2   0  6574
9  6613  4   1  0  0  6612
10  6614  2   0  6614
11  5254  2   0  5254
12  6612  2   0  6612
13  6043  3   0  0  6043
14  6614  3   0  0  6614
15  6582  3   0  0  6582
16  6612  2   0  6612
17  6089  3   0  0  6089
18  6576  2   0  6576
19  6614  3   0  0  6614
20  6614  2   0  6614
21  6614  2   0  6614
22  6614  2   0  6614
23  6614  2   0  6614
24  6614  2   0  6614
25  6594  2   0  6594
26  6166  2   0  6166
27  6574  2   0  6574
28  6614  2   0  6614
29  6614  2   0  6614
30  6614  2   0  6614
31  6238  2   0  6238
32  3522  2   0  3522
33  6614  2   0  6614
34  6406  2   0  6406
35  5694  2   0  5694
36  6614  2   0  6614
37  6310  2   0  6310
38  6614  3   1  0  6613
39  3390  3   0  0  3390
40  6614  3   0  13  6601
41  6602  3   0  0  6602
42  6614  3   0  0  6614
43  6602  2   0  6602
44  5689  3   0  0  5689
45  6608  3   0  0  6608
46  6614  2   0  6614
47  6610  2   0  6610
48  2870  2   4  2866
49  5440  2   0  5440
50  6386  2   0  6386
51  6198  2   0  6198
52  6606  3   0  0  6606
53  5426  2   0  5426
54  6614  2   0  6614
55  6612  3   0  0  6612
56  6612  2   0  6612
57  2708  3   0  0  2708
58  6612  2   0  6612
59  6419  4   0  0  0  6419
60  6614  3   0  0  6614
61  6609  3   0  0  6609
62  6430  2   0  6430
63  6614  3   0  0  6614
64  5838  2   0  5838
65  6610  3   0  0  6610
66  6437  3   0  0  6437
67  6606  2   0  6606
68  6610  2   0  6610
69  6612  2   2  6610
70  6612  2   0  6612
71  6614  4   0  0  0  6614
72  6614  2   0  6614
73  6592  2   1424  5168
74  6610  3   0  0  6610
75  6610  3   0  0  6610
76  6614  3   0  0  6614
77  6614  3   0  0  6614
78  6614  3   0  0  6614
79  6547  3   0  0  6547
80  6607  3   0  0  6607
81  6614  4   7  0  0  6607
82  6552  2   0  6552
83  6614  2   2  6612
84  6610  4   0  0  0  6610
85  6610  2   0  6610
86  6608  3   0  0  6608
87  6614  3   0  0  6614
88  6562  2   0  6562
89  6612  3   0  0  6612
90  6610  3   0  0  6610
91  6614  2   0  6614
92  6611  3   0  0  6611
93  6614  3   0  0  6614
94  6482  2   0  6482
95  6571  3   0  0  6571
96  6606  3   0  0  6606
97  6570  2   0  6570
98  6579  3   0  0  6579
99  6614  3   0  0  6614
100  6584  2   0  6584
101  4144  2   0  4144
102  2010  2   0  2010
103  6474  4   0  0  0  6474
104  6470  2   0  6470
105  6588  2   0  6588
106  6614  3   965  0  5649
107  6032  2   0  6032
108  6592  2   0  6592
109  6614  2   0  6614
110  6614  3   0  0  6614
111  6612  2   0  6612
112  6614  3   0  0  6614
113  6608  2   0  6608
114  5050  2   0  5050
115  6612  2   1  6611
116  6506  2   0  6506
117  6608  2   0  6608
118  5112  2   0  5112
119  6598  3   0  0  6598
120  6608  2   0  6608
121  6612  3   0  0  6612
122  6614  2   0  6614
123  5166  2   0  5166
124  6598  2   0  6598
125  6612  2   0  6612
126  6609  3   0  0  6609
127  6614  2   0  6614
128  6600  2   0  6600
129  6612  2   0  6612
130  6598  2   0  6598
131  6610  2   0  6610
132  6586  2   0  6586
133  6614  2   0  6614
134  6614  2   0  6614
135  6614  3   0  0  6614
136  6600  3   0  0  6600
137  6606  2   0  6606
138  6598  2   0  6598
139  6612  2   0  6612
140  6604  2   0  6604
141  6612  2   0  6612
142  6610  2   0  6610
143  6600  3   0  0  6600
144  6406  4   0  0  0  6406
145  6606  2   0  6606
146  6612  2   0  6612
147  5958  2   0  5958
148  6418  5   0  0  0  0  6418
149  6600  3   0  0  6600
150  6613  3   0  0  6613
151  6601  3   0  0  6601
152  6602  2   0  6602
153  6444  2   0  6444
154  6614  2   0  6614
155  6614  3   0  0  6614
156  6604  3   0  0  6604
157  6602  3   0  0  6602
158  6614  3   0  0  6614
159  6573  3   0  0  6573
160  6614  3   0  0  6614
161  6578  2   0  6578
162  6614  3   0  0  6614
163  6604  3   0  0  6604
164  6460  3   0  0  6460
165  6571  3   0  0  6571
166  6614  4   0  0  0  6614
167  5824  3   0  0  5824
168  6614  2   0  6614
169  6601  3   0  0  6601
170  4332  2   0  4332
171  41  3   0  0  41
172  6614  2   0  6614
173  6592  3   0  0  6592
174  6610  2   0  6610
175  6614  2   0  6614
176  6590  2   0  6590
177  6614  3   0  0  6614
178  6437  3   0  0  6437
179  4216  2   0  4216
180  6498  2   0  6498
181  6614  3   0  0  6614
182  6614  3   0  0  6614
183  6596  2   0  6596
184  6614  3   0  0  6614
185  1624  2   0  1624
186  6614  2   4  6610
187  6604  3   0  0  6604
188  6496  2   0  6496
189  6345  4   0  0  0  6345
190  4091  3   0  0  4091
191  6612  2   0  6612
192  5604  2   0  5604
193  6614  3   0  0  6614
194  6480  3   0  0  6480
195  1718  2   676  1042
196  6362  2   0  6362
197  6468  2   0  6468
198  6614  2   0  6614
199  6606  2   0  6606
200  5752  2   0  5752
201  6614  3   0  0  6614
202  40  3   0  0  40
203  6454  2   0  6454
204  6608  3   0  0  6608
205  5781  3   0  0  5781
206  6614  2   0  6614
207  46  2   0  46
208  5784  2   0  5784
209  6608  2   0  6608
210  6614  2   20  6594
211  6594  2   0  6594
212  6612  2   0  6612
213  6564  2   0  6564
214  6614  2   0  6614
215  5712  2   0  5712
216  1838  2   0  1838
217  3636  3   0  0  3636
218  52  2   1  51
219  5592  3   0  0  5592
220  6560  2   0  6560
221  6614  2   0  6614
222  48  2   0  48
223  3818  3   0  0  3818
224  6614  3   0  0  6614
225  6610  2   0  6610
226  52  3   0  0  52
227  6614  3   0  0  6614
228  5860  2   0  5860
229  6614  3   0  0  6614
230  3502  4   0  3  0  3499
231  6594  2   0  6594
232  46  2   0  46
233  6608  2   0  6608
234  6614  2   0  6614
235  6612  3   0  0  6612
236  3440  4   0  0  0  3440
237  6612  3   0  0  6612
238  5280  4   0  0  0  5280
239  6598  3   0  0  6598
240  3406  2   0  3406
241  5450  2   0  5450
242  5572  3   0  0  5572
243  6286  2   7  6279
244  6608  2   0  6608
245  6614  3   0  0  6614
246  6612  2   104  6508
247  6312  3   0  0  6312
248  6614  2   0  6614
249  6614  2   0  6614
250  6592  2   0  6592
251  5886  3   0  0  5886
252  6614  3   972  0  5642
253  6614  2   0  6614
254  6602  2   0  6602
255  6614  2   0  6614
256  5980  3   0  0  5980
257  6612  2   142  6470
258  6612  5   0  0  0  0  6612
259  64  2   0  64
260  6112  2   0  6112
261  6609  3   0  0  6609
262  6598  2   0  6598
263  6612  3   0  0  6612
264  6610  2   0  6610
265  6614  2   0  6614
266  1094  2   0  1094
267  6420  3   0  0  6420
268  6586  2   0  6586
269  70  2   0  70
270  6612  2   0  6612
271  6614  2   0  6614
272  6599  3   0  0  6599
273  3234  2   0  3234
274  6612  3   0  0  6612
275  6378  3   0  0  6378
276  6610  2   0  6610
277  6614  3   0  0  6614
278  6612  3   0  0  6612
279  6438  2   0  6438
280  6412  2   0  6412
281  6610  2   0  6610
282  2346  2   0  2346
283  6570  2   0  6570
284  6610  2   0  6610
285  1310  2   0  1310
286  6554  2   0  6554
287  6610  2   139  6471
288  6439  3   0  0  6439
289  6614  2   0  6614
290  6546  2   0  6546
291  6610  3   0  0  6610
292  6610  2   0  6610
293  6610  4   0  0  0  6610
294  1622  2   0  1622
295  6614  3   0  0  6614
296  6610  2   0  6610
297  6510  4   0  0  0  6510
298  6606  3   0  0  6606
299  1960  2   0  1960
300  6612  2   0  6612
301  6614  2   0  6614
302  6608  2   0  6608
303  6392  2   0  6392
304  6614  2   0  6614
305  6614  2   0  6614
306  6380  2   0  6380
307  6614  2   0  6614
308  6614  3   0  0  6614
309  6614  2   0  6614
310  6610  3   0  0  6610
311  6612  2   0  6612
312  6544  2   0  6544
313  6614  2   0  6614
314  6608  3   0  0  6608
315  6349  3   0  0  6349
316  6607  3   0  1  6606
317  2718  2   0  2718
318  6320  3   0  0  6320
319  6612  2   0  6612
320  6614  3   0  0  6614
321  6614  3   0  0  6614
322  71  4   0  0  0  71
323  6609  3   0  0  6609
324  6200  2   0  6200
325  6604  2   0  6604
326  6614  2   0  6614
327  4546  2   0  4546
328  6612  3   0  0  6612
329  3266  3   0  0  3266
330  3368  3   243  0  3125
331  6614  2   0  6614
332  6610  2   0  6610
333  6612  3   1  0  6611
334  3842  2   1  3841
335  88  3   0  0  88
336  6614  2   0  6614
337  5372  3   0  0  5372
338  6614  2   0  6614
339  3725  3   0  0  3725
340  6612  3   0  0  6612
341  3826  2   1  3825
342  6614  3   0  0  6614
343  1638  2   0  1638
344  6614  3   0  0  6614
345  6612  2   1  6611
346  6614  3   0  0  6614
347  3350  2   1  3349
348  1668  2   0  1668
349  5388  2   0  5388
350  144  2   0  144
351  5608  2   0  5608
352  4065  3   0  2  4063
353  3314  3   0  0  3314
354  5480  2   0  5480
355  6614  4   0  0  0  6614
356  4164  2   0  4164
357  5544  2   0  5544
358  506  2   0  506
359  5705  3   0  0  5705
360  6603  3   0  0  6603
361  4115  3   0  0  4115
362  506  2   0  506
363  3145  3   0  0  3145
364  1886  3   0  0  1886
365  6601  3   0  0  6601
366  3104  2   0  3104
367  6614  2   8  6606
368  6614  2   0  6614
369  6614  2   0  6614
370  6554  2   0  6554
371  470  2   0  470
372  6614  3   0  0  6614
373  6614  3   0  0  6614
374  6612  2   0  6612
375  2216  2   2  2214
376  514  2   0  514
377  2868  2   0  2868
378  6556  2   0  6556
379  2826  3   0  0  2826
380  6610  2   3782  2828
381  484  2   0  484
382  5948  2   1  5947
383  5768  2   0  5768
384  6614  2   0  6614
385  6612  2   0  6612
386  5900  2   0  5900
387  6614  2   0  6614
388  394  2   0  394
389  6554  2   0  6554
390  6614  2   0  6614
391  6058  2   1  6057
392  6614  2   0  6614
393  6614  2   0  6614
394  2164  2   0  2164
395  6614  4   0  0  0  6614
396  6020  2   0  6020
397  6557  3   0  0  6557
398  6358  2   0  6358
399  266  2   0  266
400  6614  3   1  0  6613
401  6606  2   0  6606
402  6614  3   0  0  6614
403  2244  2   0  2244
404  6042  2   0  6042
405  6614  2   0  6614
406  6612  2   0  6612
407  6602  2   0  6602
408  2368  2   0  2368
409  6614  2   0  6614
410  6614  3   0  0  6614
411  6373  4   0  0  0  6373
412  6614  2   0  6614
413  6543  3   0  0  6543
414  6612  2   14  6598
415  6448  2   0  6448
416  2664  2   0  2664
417  6600  2   146  6454
418  6426  2   0  6426
419  6060  3   0  0  6060
420  6614  2   0  6614
421  6540  2   0  6540
422  6614  2   971  5643
423  6590  2   0  6590
424  6050  2   0  6050
425  6614  2   0  6614
426  6614  2   0  6614
427  6614  3   0  0  6614
428  6459  3   0  0  6459
429  6462  2   0  6462
430  2460  2   0  2460
431  6352  3   0  0  6352
432  2014  2   0  2014
433  5968  2   0  5968
434  1914  3   0  0  1914
435  6614  3   0  971  5643
436  5954  2   0  5954
437  6394  2   0  6394
438  6614  2   0  6614
439  5912  2   0  5912
440  6400  2   0  6400
441  1744  2   0  1744
442  6614  2   0  6614
443  6614  3   0  0  6614
444  1508  2   0  1508
445  6614  3   0  0  6614
446  6614  2   0  6614
447  1356  2   0  1356
448  1406  2   0  1406
449  6528  2   0  6528
450  6542  2   6  6536
451  6614  2   0  6614
452  6551  3   0  0  6551
453  1124  3   0  0  1124
454  6614  2   0  6614
455  6556  4   32  0  0  6524
456  6614  2   0  6614
457  6614  3   0  0  6614
458  6614  3   0  0  6614
459  6557  3   0  0  6557
460  6614  2   0  6614
461  6608  3   0  0  6608
462  6364  2   0  6364
463  6614  3   0  0  6614
464  753  3   0  0  753
465  6614  2   0  6614
466  668  2   0  668
467  6614  2   0  6614
468  6614  2   0  6614
469  6268  2   0  6268
470  6614  3   0  0  6614
471  2634  2   0  2634
472  6614  2   0  6614
473  6614  2   0  6614
474  6042  2   0  6042
475  405  3   0  0  405
476  6174  2   0  6174
477  5074  2   0  5074
478  6614  2   0  6614
479  6614  2   0  6614
480  6614  2   0  6614
481  6158  2   0  6158
482  6614  2   2  6612
483  6614  3   0  0  6614
484  6126  2   0  6126
485  6610  3   0  0  6610
486  6614  3   0  0  6614
487  6612  3   0  0  6612
488  6612  2   0  6612
489  6614  3   0  0  6614
490  6202  4   0  0  1  6201
491  6614  2   1  6613
492  6614  2   0  6614
493  6612  2   0  6612
494  6614  2   0  6614
495  4774  2   0  4774
496  6614  2   0  6614
497  6614  2   4  6610
498  6612  2   0  6612
499  6582  2   0  6582
500  6614  2   0  6614
501  6610  3   0  0  6610
502  4750  2   0  4750
503  6614  2   0  6614
504  6612  2   0  6612
505  6612  2   0  6612
506  4726  2   0  4726
507  6590  2   0  6590
508  6612  2   0  6612

[pop]=5
1  60446  3   2  133  60311
2  66488  2   2  66486
3  61962  4   0  1  0  61961
4  66732  2   3  66729
5  66732  2   3  66729
6  66728  2   0  66728
7  66480  2   5  66475
8  66556  2   0  66556
9  66596  4   0  0  23  66573
10  66730  2   5  66725
11  61506  2   0  61506
12  66514  2   0  66514
13  62550  3   0  0  62550
14  66722  3   0  1  66721
15  66563  3   0  1  66562
16  66514  2   0  66514
17  62890  3   1  14  62875
18  66130  2   2  66128
19  66730  3   1  1  66728
20  66728  2   1  66727
21  66600  2   4  66596
22  66730  2   1  66729
23  66728  2   4  66724
24  66522  2   2  66520
25  66568  2   0  66568
26  63770  2   1  63769
27  66108  2   0  66108
28  66726  2   2  66724
29  66728  2   2  66726
30  66592  2   2  66590
31  64272  2   0  64272
32  47698  2   1  47697
33  66736  2   2  66734
34  64978  2   0  64978
35  63436  2   0  63436
36  66620  2   2  66618
37  64662  2   0  64662
38  66734  3   0  1  66733
39  46428  3   0  2  46426
40  66694  3   2  5  66687
41  66553  3   17  4  66532
42  66736  3   0  1  66735
43  66544  2   0  66544
44  63321  3   5  1  63315
45  66486  3   0  1  66485
46  66736  2   1  66735
47  66670  2   0  66670
48  23870  2   6  23864
49  62294  2   1  62293
50  65112  2   0  65112
51  63910  2   1  63909
52  66528  3   2  0  66526
53  62140  2   20  62120
54  66630  2   17  66613
55  66712  3   0  1  66711
56  66712  2   2  66710
57  22065  3   0  1  22064
58  66710  2   2  66708
59  65225  4   0  0  1  65224
60  66732  3   2  2  66728
61  66714  3   1  4  66709
62  65314  2   1  65313
63  66735  3   0  1  66734
64  62150  2   2  62148
65  66545  3   0  0  66545
66  65313  3   1  1  65311
67  66712  2   1  66711
68  66546  2   4  66542
69  66706  2   0  66706
70  66704  2   0  66704
71  66675  4   1  0  1  66673
72  66728  2   0  66728
73  66554  2   18545  48009
74  66558  3   0  2  66556
75  66561  3   1  0  66560
76  66658  3   0  1  66657
77  66717  3   1  0  66716
78  66711  3   1  6  66704
79  66292  3   1  0  66291
80  66419  3   1  3  66415
81  66702  4   13  0  0  66689
82  66344  2   2  66342
83  66684  2   0  66684
84  66627  4   0  0  1  66626
85  66482  2   75  66407
86  66621  3   1  0  66620
87  66607  3   1  2  66604
88  66400  2   1  66399
89  66557  3   0  1  66556
90  66647  3   2  0  66645
91  66686  2   3  66683
92  66549  3   13  0  66536
93  66707  3   0  1  66706
94  65446  2   0  65446
95  66521  3   0  1  66520
96  66723  3   0  2  66721
97  65648  2   3  65645
98  66544  3   2  1  66541
99  66720  3   1  0  66719
100  66548  2   2  66546
101  51068  2   0  51068
102  14934  2   38  14896
103  65393  4   0  0  3  65390
104  65338  2   0  65338
105  65614  2   1  65613
106  66646  3   6682  0  59964
107  62914  2   0  62914
108  66586  2   0  66586
109  66724  2   11  66713
110  66738  3   0  0  66738
111  66236  2   2  66234
112  66725  3   2  6  66717
113  66556  2   6  66550
114  59832  2   3  59829
115  66616  2   4  66612
116  64198  2   0  64198
117  66556  2   1  66555
118  60300  2   2  60298
119  66393  3   1  0  66392
120  66686  2   38  66648
121  66612  3   0  2  66610
122  66730  2   0  66730
123  60782  2   3  60779
124  66434  2   0  66434
125  66616  2   6  66610
126  66716  3   0  4  66712
127  66386  2   0  66386
128  66510  2   15  66495
129  66726  2   0  66726
130  66626  2   0  66626
131  66718  2   0  66718
132  66234  2   2  66232
133  66740  2   0  66740
134  66412  2   5  66407
135  66728  3   0  0  66728
136  66546  3   1  2  66543
137  66688  2   2  66686
138  66638  2   2  66636
139  66728  2   1  66727
140  66502  2   1  66501
141  66740  2   1  66739
142  66506  2   2  66504
143  66640  3   0  4  66636
144  65604  4   1  4  1  65598
145  66440  2   0  66440
146  66732  2   84  66648
147  55602  2   0  55602
148  65661  5   0  1  0  0  65660
149  66492  3   0  1  66491
150  66728  3   0  1  66727
151  66339  3   0  0  66339
152  66628  2   0  66628
153  65728  2   35  65693
154  66550  2   12  66538
155  66730  3   0  1  66729
156  66652  3   1  1  66650
157  66530  3   0  1  66529
158  66720  3   83  1  66636
159  65501  3   1  1  65499
160  66725  3   1  1  66723
161  66280  2   1  66279
162  66716  3   0  1  66715
163  66664  3   0  1  66663
164  65764  3   0  0  65764
165  66233  3   0  7  66226
166  66715  4   0  0  1  66714
167  64523  3   1  0  64522
168  66740  2   4  66736
169  66582  3   1  0  66581
170  38670  2   0  38670
171  5896  3   1  2  5893
172  66604  2   0  66604
173  66326  3   1  0  66325
174  66714  2   0  66714
175  66690  2   2  66688
176  66258  2   3  66255
177  66611  3   3  1  66607
178  63682  3   0  1  63681
179  37410  2   0  37410
180  66538  2   3  66535
181  65573  3   0  0  65573
182  66740  3   1  0  66739
183  66132  2   0  66132
184  66722  3   0  0  66722
185  8724  2   0  8724
186  66740  2   42  66698
187  66704  3   3  1  66700
188  66534  2   1  66533
189  62494  4   0  1  0  62493
190  35763  3   0  0  35763
191  66676  2   0  66676
192  54156  2   0  54156
193  65922  3   0  0  65922
194  66536  3   1  0  66535
195  24594  2   9725  14869
196  62636  2   7  62629
197  66518  2   0  66518
198  66108  2   0  66108
199  66712  2   3  66709
200  55486  2   1  55485
201  66213  3   0  0  66213
202  6318  3   0  7  6311
203  66502  2   0  66502
204  66716  3   1  2  66713
205  55629  3   1  0  55628
206  66706  2   0  66706
207  6396  2   12  6384
208  55498  2   0  55498
209  66714  2   0  66714
210  66700  2   16  66684
211  65582  2   0  65582
212  66716  2   1  66715
213  66134  2   0  66134
214  66510  2   3  66507
215  54658  2   3  54655
216  11966  2   0  11966
217  29947  3   0  0  29947
218  6622  2   19  6603
219  53258  3   4  1  53253
220  66022  2   2  66020
221  66658  2   0  66658
222  6526  2   0  6526
223  42512  3   0  1  42511
224  66400  3   3  1  66396
225  66686  2   0  66686
226  6686  3   3  0  6683
227  66623  3   0  0  66623
228  53608  2   2  53606
229  66608  3   1  0  66607
230  27980  4   13  14  1  27952
231  65884  2   1  65883
232  6722  2   0  6722
233  66696  2   0  66696
234  66580  2   0  66580
235  66507  3   0  1  66506
236  27005  4   3  0  0  27002
237  66523  3   11  0  66512
238  54331  4   2  1  0  54328
239  66188  3   20  1  66167
240  26580  2   3  26577
241  55936  2   0  55936
242  57342  3   0  1  57341
243  60398  2   216  60182
244  66330  2   3  66327
245  66585  3   0  0  66585
246  66578  2   309  66269
247  60695  3   1  1  60693
248  66204  2   74  66130
249  66720  2   2  66718
250  65808  2   3  65805
251  60282  3   0  0  60282
252  66128  3   6715  1  59412
253  66720  2   1  66719
254  66514  2   0  66514
255  66584  2   0  66584
256  61078  3   0  22  61056
257  66584  2   546  66038
258  66137  5   0  1  2  2  66132
259  7902  2   0  7902
260  62156  2   5  62151
261  66378  3   16  0  66362
262  66444  2   1  66443
263  66579  3   3  4  66572
264  66398  2   1  66397
265  66724  2   2  66722
266  20316  2   4  20312
267  62685  3   1  0  62684
268  65726  2   0  65726
269  8040  2   1  8039
270  66694  2   0  66694
271  66724  2   0  66724
272  66291  3   0  0  66291
273  23824  2   0  23824
274  66670  3   0  0  66670
275  64584  3   1  0  64583
276  66432  2   2  66430
277  66726  3   0  1  66725
278  66580  3   1  0  66579
279  63156  2   3  63153
280  64848  2   1  64847
281  66438  2   3  66435
282  19688  2   57  19631
283  65562  2   0  65562
284  66466  2   4  66462
285  23114  2   2  23112
286  65322  2   1  65321
287  66616  2   563  66053
288  63371  3   1  2  63368
289  66722  2   0  66722
290  65172  2   0  65172
291  66659  3   0  0  66659
292  66552  2   0  66552
293  66665  4   0  1  1  66663
294  27626  2   4  27622
295  66689  3   1  2  66686
296  66484  2   0  66484
297  64762  4   4  2  0  64756
298  66446  3   3  3  66440
299  30562  2   0  30562
300  64816  2   0  64816
301  66720  2   0  66720
302  66664  2   0  66664
303  62352  2   15  62337
304  66726  2   1  66725
305  66632  2   1  66631
306  62190  2   0  62190
307  66726  2   3  66723
308  66726  3   1  3  66722
309  66728  2   2  66726
310  66449  3   1  0  66448
311  64206  2   0  64206
312  65946  2   2  65944
313  66664  2   0  66664
314  66356  3   4  0  66352
315  63426  3   1  0  63425
316  66610  3   1  1  66608
317  37392  2   1  37391
318  60500  3   1  1  60498
319  63986  2   0  63986
320  66731  3   0  1  66730
321  66684  3   4  0  66680
322  8527  4   1  0  1  8525
323  64788  3   1  1  64786
324  62046  2   2  62044
325  66336  2   0  66336
326  66714  2   1  66713
327  54472  2   3  54469
328  66477  3   0  2  66475
329  42172  3   0  1  42171
330  49945  3   4617  0  45328
331  66736  2   0  66736
332  66154  2   0  66154
333  66484  3   1  0  66483
334  39192  2   2  39190
335  8830  3   0  0  8830
336  66736  2   3  66733
337  62900  3   0  0  62900
338  66724  2   2  66722
339  45880  3   1  2  45877
340  66691  3   1  1  66689
341  46758  2   1  46757
342  66736  3   1  0  66735
343  30906  2   51  30855
344  66451  3   0  3  66448
345  66596  2   3  66593
346  66650  3   0  1  66649
347  49356  2   2  49354
348  31714  2   2  31712
349  62052  2   19  62033
350  10026  2   0  10026
351  64168  2   2  64166
352  48735  3   1  182  48552
353  48994  3   3  1  48990
354  62766  2   1  62765
355  66517  4   1  1  4  66511
356  49368  2   2  49366
357  63322  2   0  63322
358  16554  2   3  16551
359  64817  3   2  0  64815
360  66586  3   1  0  66585
361  41774  3   1  5  41768
362  16778  2   0  16778
363  47896  3   1  1  47894
364  35073  3   0  0  35073
365  66577  3   1  0  66576
366  47594  2   0  47594
367  66738  2   1  66737
368  66658  2   0  66658
369  66706  2   0  66706
370  66282  2   0  66282
371  13280  2   2  13278
372  66712  3   1  1  66710
373  66736  3   0  8  66728
374  66650  2   2  66648
375  16310  2   0  16310
376  16994  2   2  16992
377  45456  2   0  45456
378  66292  2   15  66277
379  45150  3   1  2  45147
380  66732  2   46153  20579
381  16274  2   0  16274
382  66238  2   15  66223
383  58940  2   5  58935
384  66684  2   0  66684
385  66626  2   0  66626
386  64366  2   2  64364
387  66692  2   0  66692
388  14280  2   1  14279
389  66296  2   7  66289
390  66692  2   0  66692
391  65086  2   2  65084
392  66704  2   0  66704
393  66696  2   2  66694
394  42170  2   2  42168
395  66727  4   0  1  4  66722
396  66434  2   1  66433
397  66253  3   0  1  66252
398  66342  2   0  66342
399  10562  2   6  10556
400  66734  3   0  2  66732
401  66502  2   1  66501
402  66734  3   2  3  66729
403  42668  2   2  42666
404  66452  2   0  66452
405  66738  2   1  66737
406  66714  2   4  66710
407  66426  2   0  66426
408  42348  2   29  42319
409  66712  2   0  66712
410  66738  3   0  4  66734
411  65879  4   0  8  1  65870
412  66738  2   1  66737
413  66162  3   1  26  66135
414  66676  2   1127  65549
415  66276  2   0  66276
416  44564  2   13  44551
417  66220  2   261  65959
418  65996  2   0  65996
419  66471  3   0  1  66470
420  66738  2   6  66732
421  66102  2   3  66099
422  66732  2   6577  60155
423  66108  2   3  66105
424  66462  2   3  66459
425  66738  2   1  66737
426  66734  2   1  66733
427  66738  3   1  0  66737
428  66124  3   0  0  66124
429  66068  2   9  66059
430  43252  2   0  43252
431  63122  3   6  1  63115
432  38922  2   7  38915
433  66414  2   2  66412
434  37612  3   8  0  37604
435  66729  3   0  6576  60153
436  66404  2   5  66399
437  64090  2   0  64090
438  66678  2   0  66678
439  66354  2   3  66351
440  64300  2   0  64300
441  35166  2   1  35165
442  66732  2   0  66732
443  66739  3   0  0  66739
444  32944  2   0  32944
445  66732  3   2  3  66727
446  66740  2   0  66740
447  20702  2   0  20702
448  32160  2   1  32159
449  64740  2   2  64738
450  66330  2   0  66330
451  66736  2   2  66734
452  66366  3   0  0  66366
453  27954  3   1  0  27953
454  66700  2   81  66619
455  66379  4   210  0  0  66169
456  66698  2   1  66697
457  66732  3   1  0  66731
458  66534  3   2  1  66531
459  66395  3   1  0  66394
460  66688  2   0  66688
461  66492  3   3  1  66488
462  64164  2   13  64151
463  66707  3   0  2  66705
464  21684  3   1  0  21683
465  66732  2   1  66731
466  20024  2   0  20024
467  66540  2   0  66540
468  66580  2   0  66580
469  63408  2   17  63391
470  66663  3   18  1  66644
471  21300  2   0  21300
472  66654  2   0  66654
473  66728  2   4  66724
474  60572  2   0  60572
475  14368  3   1  0  14367
476  62884  2   10  62874
477  61138  2   1  61137
478  66642  2   0  66642
479  66626  2   2  66624
480  66726  2   0  66726
481  62738  2   0  62738
482  65026  2   0  65026
483  66641  3   1  3  66637
484  62550  2   0  62550
485  66574  3   0  9  66565
486  66659  3   0  8  66651
487  66625  3   0  0  66625
488  66702  2   0  66702
489  66644  3   1  0  66643
490  61186  4   1  2  0  61183
491  66672  2   2  66670
492  66712  2   2  66710
493  66702  2   4  66698
494  66704  2   1  66703
495  56950  2   8  56942
496  66686  2   2  66684
497  66650  2   0  66650
498  66212  2   2  66210
499  64342  2   0  64342
500  66642  2   0  66642
501  66624  3   6  0  66618
502  56876  2   5  56871
503  66720  2   0  66720
504  66636  2   5  66631
505  66340  2   0  66340
506  56668  2   0  56668
507  64938  2   2  64936
508  66644  2   2  66642

[pop]=6
1  791  3   0  1  790
2  908  2   0  908
3  833  4   0  0  0  833
4  908  2   0  908
5  900  2   0  900
6  908  2   0  908
7  896  2   0  896
8  894  2   0  894
9  908  4   0  0  0  908
10  900  2   0  900
11  792  2   0  792
12  908  2   0  908
13  834  3   0  0  834
14  900  3   0  0  900
15  894  3   0  0  894
16  908  2   0  908
17  842  3   0  1  841
18  884  2   0  884
19  906  3   0  0  906
20  908  2   0  908
21  908  2   0  908
22  900  2   0  900
23  906  2   0  906
24  894  2   0  894
25  896  2   0  896
26  848  2   0  848
27  886  2   0  886
28  908  2   0  908
29  908  2   0  908
30  908  2   0  908
31  858  2   0  858
32  608  2   1  607
33  906  2   0  906
34  876  2   0  876
35  834  2   0  834
36  908  2   0  908
37  862  2   0  862
38  900  3   0  0  900
39  591  3   0  0  591
40  896  3   0  0  896
41  896  3   1  0  895
42  900  3   0  0  900
43  896  2   0  896
44  831  3   0  0  831
45  898  3   0  0  898
46  900  2   0  900
47  896  2   0  896
48  394  2   0  394
49  802  2   0  802
50  874  2   0  874
51  864  2   0  864
52  896  3   0  0  896
53  804  2   0  804
54  908  2   0  908
55  908  3   0  0  908
56  906  2   0  906
57  377  3   0  0  377
58  908  2   0  908
59  873  4   0  0  0  873
60  906  3   0  0  906
61  906  3   0  0  906
62  874  2   0  874
63  900  3   0  0  900
64  820  2   0  820
65  898  3   0  0  898
66  872  3   0  0  872
67  906  2   0  906
68  898  2   0  898
69  908  2   0  908
70  908  2   0  908
71  900  4   0  0  0  900
72  906  2   0  906
73  904  2   287  617
74  898  3   0  0  898
75  898  3   0  0  898
76  900  3   0  0  900
77  906  3   0  0  906
78  906  3   0  0  906
79  890  3   0  0  890
80  902  3   0  1  901
81  906  4   2  0  0  904
82  894  2   0  894
83  906  2   0  906
84  900  4   0  0  0  900
85  902  2   4  898
86  908  3   0  0  908
87  900  3   0  0  900
88  894  2   0  894
89  898  3   0  0  898
90  900  3   0  0  900
91  906  2   0  906
92  898  3   0  0  898
93  907  3   0  0  907
94  878  2   0  878
95  897  3   0  0  897
96  908  3   0  0  908
97  872  2   0  872
98  899  3   0  0  899
99  908  3   0  0  908
100  900  2   1  899
101  668  2   0  668
102  314  2   3  311
103  875  4   0  0  0  875
104  878  2   0  878
105  892  2   0  892
106  908  3   156  0  752
107  820  2   0  820
108  900  2   0  900
109  908  2   0  908
110  906  3   0  0  906
111  894  2   0  894
112  908  3   0  0  908
113  898  2   0  898
114  758  2   0  758
115  906  2   0  906
116  902  2   0  902
117  898  2   0  898
118  762  2   0  762
119  898  3   0  0  898
120  900  2   0  900
121  906  3   0  0  906
122  908  2   0  908
123  766  2   0  766
124  898  2   0  898
125  906  2   0  906
126  906  3   0  0  906
127  898  2   0  898
128  898  2   2  896
129  908  2   0  908
130  904  2   0  904
131  906  2   0  906
132  906  2   0  906
133  908  2   0  908
134  900  2   0  900
135  908  3   0  0  908
136  898  3   0  0  898
137  900  2   0  900
138  904  2   0  904
139  906  2   0  906
140  898  2   0  898
141  908  2   0  908
142  904  2   0  904
143  905  3   0  0  905
144  866  4   0  0  0  866
145  906  2   0  906
146  908  2   1  907
147  734  2   0  734
148  864  5   0  0  0  0  864
149  898  3   0  0  898
150  906  3   0  0  906
151  906  3   0  1  905
152  908  2   0  908
153  866  2   0  866
154  902  2   6  896
155  908  3   0  0  908
156  900  3   0  0  900
157  898  3   0  0  898
158  908  3   0  0  908
159  900  3   0  0  900
160  906  3   0  0  906
161  888  2   0  888
162  908  3   0  0  908
163  908  3   0  0  908
164  875  3   0  0  875
165  885  3   0  0  885
166  908  4   0  0  0  908
167  815  3   0  0  815
168  908  2   0  908
169  906  3   0  0  906
170  562  2   0  562
171  131  3   0  0  131
172  904  2   0  904
173  896  3   0  0  896
174  906  2   0  906
175  908  2   0  908
176  896  2   0  896
177  906  3   1  0  905
178  828  3   0  0  828
179  548  2   0  548
180  886  2   0  886
181  877  3   0  0  877
182  908  3   0  0  908
183  898  2   1  897
184  906  3   0  0  906
185  242  2   0  242
186  908  2   0  908
187  906  3   0  0  906
188  886  2   0  886
189  857  4   0  0  0  857
190  526  3   0  0  526
191  908  2   0  908
192  776  2   0  776
193  886  3   0  0  886
194  886  3   0  0  886
195  346  2   126  220
196  858  2   1  857
197  886  2   0  886
198  894  2   0  894
199  906  2   0  906
200  794  2   0  794
201  896  3   0  0  896
202  152  3   0  0  152
203  886  2   0  886
204  906  3   0  0  906
205  803  3   0  0  803
206  906  2   0  906
207  154  2   0  154
208  804  2   0  804
209  904  2   0  904
210  906  2   2  904
211  890  2   0  890
212  908  2   0  908
213  894  2   0  894
214  902  2   0  902
215  788  2   0  788
216  274  2   0  274
217  463  3   1  0  462
218  158  2   0  158
219  780  3   0  0  780
220  896  2   0  896
221  906  2   0  906
222  160  2   0  160
223  570  3   1  0  569
224  906  3   0  0  906
225  908  2   0  908
226  166  3   0  0  166
227  906  3   0  0  906
228  768  2   0  768
229  906  3   0  0  906
230  438  4   1  0  0  437
231  894  2   0  894
232  170  2   0  170
233  902  2   0  902
234  906  2   0  906
235  904  3   0  0  904
236  425  4   0  0  0  425
237  906  3   0  0  906
238  725  4   0  0  0  725
239  896  3   0  0  896
240  408  2   0  408
241  742  2   0  742
242  764  3   0  0  764
243  840  2   0  840
244  898  2   0  898
245  904  3   0  0  904
246  906  2   4  902
247  844  3   0  0  844
248  896  2   4  892
249  908  2   0  908
250  894  2   0  894
251  793  3   0  0  793
252  896  3   152  0  744
253  908  2   0  908
254  900  2   0  900
255  906  2   0  906
256  800  3   0  0  800
257  904  2   9  895
258  900  5   0  0  0  0  900
259  184  2   0  184
260  820  2   0  820
261  903  3   0  0  903
262  898  2   0  898
263  906  3   0  0  906
264  904  2   0  904
265  908  2   0  908
266  296  2   0  296
267  866  3   0  0  866
268  888  2   0  888
269  182  2   0  182
270  908  2   0  908
271  908  2   0  908
272  892  3   0  0  892
273  318  2   0  318
274  908  3   0  0  908
275  852  3   0  0  852
276  904  2   0  904
277  908  3   0  0  908
278  906  3   0  0  906
279  868  2   0  868
280  858  2   0  858
281  904  2   0  904
282  348  2   4  344
283  884  2   1  883
284  904  2   0  904
285  318  2   0  318
286  884  2   0  884
287  908  2   6  902
288  869  3   0  0  869
289  908  2   0  908
290  882  2   0  882
291  906  3   0  0  906
292  906  2   0  906
293  906  4   0  0  0  906
294  344  2   0  344
295  908  3   0  0  908
296  904  2   0  904
297  874  4   0  0  0  874
298  908  3   0  0  908
299  374  2   0  374
300  864  2   0  864
301  908  2   0  908
302  906  2   0  906
303  858  2   0  858
304  908  2   0  908
305  904  2   0  904
306  854  2   0  854
307  908  2   0  908
308  908  3   0  0  908
309  908  2   0  908
310  902  3   0  0  902
311  846  2   0  846
312  874  2   0  874
313  906  2   1  905
314  904  3   0  0  904
315  849  3   0  0  849
316  906  3   0  0  906
317  416  2   0  416
318  840  3   0  0  840
319  842  2   0  842
320  908  3   0  0  908
321  908  3   0  0  908
322  190  4   0  0  0  190
323  855  3   0  0  855
324  816  2   0  816
325  902  2   0  902
326  908  2   0  908
327  742  2   1  741
328  888  3   0  0  888
329  470  3   0  0  470
330  582  3   72  0  510
331  908  2   0  908
332  888  2   0  888
333  888  3   0  0  888
334  562  2   0  562
335  194  3   0  0  194
336  908  2   0  908
337  784  3   0  0  784
338  908  2   0  908
339  494  3   0  1  493
340  908  3   0  0  908
341  506  2   0  506
342  908  3   0  0  908
343  376  2   0  376
344  896  3   0  0  896
345  892  2   0  892
346  906  3   0  0  906
347  556  2   1  555
348  392  2   0  392
349  820  2   0  820
350  206  2   0  206
351  806  2   0  806
352  554  3   0  0  554
353  556  3   0  0  556
354  830  2   0  830
355  903  4   0  0  0  903
356  558  2   0  558
357  834  2   0  834
358  270  2   0  270
359  824  3   0  1  823
360  904  3   0  0  904
361  599  3   0  0  599
362  274  2   0  274
363  546  3   0  0  546
364  413  3   0  0  413
365  903  3   0  0  903
366  542  2   0  542
367  908  2   0  908
368  908  2   0  908
369  908  2   0  908
370  894  2   0  894
371  246  2   0  246
372  908  3   0  0  908
373  908  3   0  0  908
374  890  2   0  890
375  312  2   0  312
376  270  2   0  270
377  522  2   0  522
378  894  2   0  894
379  516  3   0  0  516
380  908  2   620  288
381  276  2   0  276
382  860  2   0  860
383  788  2   0  788
384  908  2   0  908
385  890  2   0  890
386  854  2   0  854
387  908  2   0  908
388  234  2   0  234
389  894  2   0  894
390  908  2   0  908
391  858  2   0  858
392  908  2   0  908
393  908  2   0  908
394  460  2   0  460
395  908  4   0  0  0  908
396  870  2   0  870
397  894  3   0  0  894
398  882  2   0  882
399  186  2   0  186
400  908  3   0  0  908
401  888  2   0  888
402  908  3   0  0  908
403  462  2   0  462
404  880  2   1  879
405  908  2   0  908
406  906  2   0  906
407  886  2   0  886
408  480  2   0  480
409  908  2   0  908
410  908  3   0  0  908
411  876  4   0  0  0  876
412  908  2   0  908
413  893  3   0  7  886
414  906  2   13  893
415  892  2   0  892
416  534  2   0  534
417  884  2   3  881
418  878  2   0  878
419  877  3   0  0  877
420  908  2   0  908
421  894  2   0  894
422  908  2   148  760
423  882  2   4  878
424  878  2   0  878
425  908  2   0  908
426  908  2   0  908
427  908  3   0  0  908
428  886  3   0  0  886
429  884  2   0  884
430  514  2   0  514
431  870  3   0  0  870
432  470  2   3  467
433  876  2   0  876
434  445  3   0  0  445
435  908  3   0  148  760
436  876  2   0  876
437  874  2   0  874
438  908  2   0  908
439  872  2   0  872
440  876  2   0  876
441  420  2   0  420
442  908  2   0  908
443  908  3   0  1  907
444  400  2   0  400
445  908  3   0  1  907
446  908  2   0  908
447  322  2   0  322
448  388  2   0  388
449  860  2   0  860
450  890  2   0  890
451  908  2   0  908
452  892  3   0  0  892
453  354  3   0  0  354
454  908  2   0  908
455  891  4   2  0  0  889
456  908  2   0  908
457  908  3   0  0  908
458  904  3   0  0  904
459  892  3   0  0  892
460  908  2   0  908
461  898  3   0  0  898
462  826  2   0  826
463  908  3   0  0  908
464  295  3   0  0  295
465  908  2   0  908
466  272  2   0  272
467  904  2   0  904
468  904  2   0  904
469  782  2   0  782
470  898  3   0  0  898
471  376  2   0  376
472  908  2   0  908
473  908  2   0  908
474  798  2   0  798
475  223  3   0  0  223
476  772  2   0  772
477  712  2   0  712
478  908  2   0  908
479  908  2   0  908
480  908  2   0  908
481  768  2   0  768
482  824  2   0  824
483  908  3   0  0  908
484  768  2   0  768
485  898  3   0  0  898
486  908  3   0  0  908
487  907  3   0  0  907
488  908  2   0  908
489  908  3   0  0  908
490  806  4   0  0  0  806
491  908  2   0  908
492  908  2   0  908
493  908  2   0  908
494  908  2   0  908
495  734  2   6  728
496  908  2   0  908
497  898  2   0  898
498  884  2   0  884
499  850  2   0  850
500  898  2   0  898
501  898  3   1  0  897
502  738  2   1  737
503  908  2   0  908
504  904  2   1  903
505  890  2   0  890
506  734  2   0  734
507  866  2   0  866
508  898  2   1  897

[pop]=7
1  14725  3   0  1  14724
2  16466  2   0  16466
3  16090  4   1  1  1  16087
4  16512  2   2  16510
5  16510  2   0  16510
6  16512  2   1  16511
7  16512  2   0  16512
8  16508  2   0  16508
9  16502  4   0  0  0  16502
10  16510  2   0  16510
11  14870  2   3  14867
12  16480  2   0  16480
13  16162  3   1  1  16160
14  16510  3   1  0  16509
15  16508  3   0  5  16503
16  16476  2   0  16476
17  16194  3   0  1  16193
18  16342  2   0  16342
19  16512  3   0  0  16512
20  16512  2   1  16511
21  16502  2   0  16502
22  16510  2   1  16509
23  16512  2   0  16512
24  16512  2   0  16512
25  16508  2   0  16508
26  16314  2   0  16314
27  16320  2   2  16318
28  16512  2   0  16512
29  16512  2   0  16512
30  16492  2   0  16492
31  16366  2   0  16366
32  12138  2   1  12137
33  16512  2   0  16512
34  16056  2   0  16056
35  15286  2   0  15286
36  16486  2   0  16486
37  16398  2   0  16398
38  16510  3   0  1  16509
39  11956  3   1  0  11955
40  16496  3   0  0  16496
41  16499  3   0  0  16499
42  16510  3   11  0  16499
43  16496  2   1  16495
44  15283  3   0  0  15283
45  16496  3   0  0  16496
46  16510  2   0  16510
47  16494  2   3  16491
48  9100  2   1  9099
49  15172  2   0  15172
50  16448  2   0  16448
51  15654  2   0  15654
52  16487  3   0  0  16487
53  15164  2   12  15152
54  16484  2   0  16484
55  16508  3   0  0  16508
56  16512  2   0  16512
57  8871  3   1  0  8870
58  16508  2   0  16508
59  16458  4   1  1  24  16432
60  16512  3   0  0  16512
61  16510  3   0  0  16510
62  16464  2   0  16464
63  16512  3   1  0  16511
64  15184  2   0  15184
65  16494  3   0  1  16493
66  16466  3   0  0  16466
67  16510  2   0  16510
68  16490  2   0  16490
69  16504  2   0  16504
70  16504  2   0  16504
71  16506  4   0  1  0  16505
72  16512  2   3  16509
73  16504  2   8550  7954
74  16494  3   0  0  16494
75  16497  3   0  0  16497
76  16499  3   0  0  16499
77  16512  3   0  0  16512
78  16511  3   0  2  16509
79  15891  3   0  0  15891
80  16340  3   0  0  16340
81  16510  4   0  0  1  16509
82  15992  2   0  15992
83  16494  2   0  16494
84  16456  4   0  2  0  16454
85  16368  2   51  16317
86  16497  3   1  1  16495
87  16441  3   1  0  16440
88  16084  2   1  16083
89  16495  3   0  0  16495
90  16473  3   0  0  16473
91  16508  2   0  16508
92  16498  3   0  0  16498
93  16503  3   0  0  16503
94  16460  2   0  16460
95  16298  3   0  0  16298
96  16512  3   0  1  16511
97  16084  2   0  16084
98  16353  3   0  0  16353
99  16508  3   0  0  16508
100  16380  2   12  16368
101  12916  2   0  12916
102  8166  2   0  8166
103  16429  4   1  1  0  16427
104  16428  2   2  16426
105  16354  2   0  16354
106  16482  3   3137  0  13345
107  15542  2   0  15542
108  16412  2   10  16402
109  16508  2   0  16508
110  16512  3   9  0  16503
111  16146  2   1  16145
112  16508  3   0  0  16508
113  16498  2   0  16498
114  14252  2   0  14252
115  16446  2   2  16444
116  16162  2   0  16162
117  16498  2   2  16496
118  14370  2   0  14370
119  16463  3   0  0  16463
120  16488  2   0  16488
121  16444  3   1  1  16442
122  16508  2   0  16508
123  14530  2   0  14530
124  16472  2   0  16472
125  16436  2   1  16435
126  16510  3   3  0  16507
127  16366  2   2  16364
128  16474  2   1  16473
129  16512  2   3  16509
130  16446  2   1  16445
131  16510  2   1  16509
132  16442  2   0  16442
133  16512  2   3  16509
134  16420  2   7  16413
135  16508  3   2  0  16506
136  16481  3   0  0  16481
137  16486  2   0  16486
138  16448  2   0  16448
139  16512  2   0  16512
140  16486  2   0  16486
141  16512  2   1  16511
142  16398  2   0  16398
143  16449  3   1  0  16448
144  16269  4   0  0  0  16269
145  16370  2   0  16370
146  16512  2   1  16511
147  13068  2   0  13068
148  16302  5   0  0  1  0  16301
149  16480  3   0  0  16480
150  16511  3   0  0  16511
151  16332  3   0  0  16332
152  16488  2   0  16488
153  16342  2   0  16342
154  16504  2   1  16503
155  16508  3   0  0  16508
156  16472  3   0  0  16472
157  16480  3   6  0  16474
158  16510  3   0  0  16510
159  16135  3   0  2  16133
160  16512  3   0  0  16512
161  16204  2   0  16204
162  16510  3   0  0  16510
163  16492  3   1  0  16491
164  16352  3   0  3  16349
165  16103  3   0  0  16103
166  16510  4   0  0  0  16510
167  15663  3   0  1  15662
168  16512  2   0  16512
169  16348  3   1  2  16345
170  10852  2   0  10852
171  4757  3   1  0  4756
172  16512  2   0  16512
173  16454  3   0  0  16454
174  16510  2   0  16510
175  16502  2   0  16502
176  16446  2   0  16446
177  16512  3   0  0  16512
178  13738  3   0  4  13734
179  10574  2   1  10573
180  16460  2   1  16459
181  13872  3   0  3  13869
182  16512  3   0  0  16512
183  15250  2   0  15250
184  16512  3   2  1  16509
185  7908  2   2  7906
186  16512  2   39  16473
187  16510  3   0  0  16510
188  16460  2   0  16460
189  16051  4   2  0  0  16049
190  10187  3   0  1  10186
191  16488  2   0  16488
192  13768  2   0  13768
193  14735  3   1  0  14734
194  16459  3   0  0  16459
195  10084  2   3032  7052
196  16062  2   2  16060
197  16442  2   6  16436
198  15132  2   2  15130
199  16510  2   0  16510
200  14000  2   1  13999
201  15386  3   1  2  15383
202  6948  3   0  0  6948
203  16428  2   0  16428
204  16510  3   0  0  16510
205  14023  3   0  1  14022
206  16512  2   0  16512
207  7070  2   52  7018
208  13996  2   0  13996
209  16510  2   4  16506
210  16512  2   12  16500
211  15596  2   0  15596
212  16508  2   0  16508
213  16344  2   0  16344
214  16510  2   0  16510
215  13848  2   0  13848
216  7966  2   2  7964
217  7510  3   0  1  7509
218  7158  2   8  7150
219  13640  3   1  0  13639
220  16330  2   0  16330
221  16508  2   0  16508
222  7146  2   6  7140
223  12214  3   0  0  12214
224  15882  3   0  0  15882
225  16496  2   2  16494
226  7158  3   0  3  7155
227  16500  3   1  0  16499
228  14006  2   0  14006
229  16497  3   0  0  16497
230  5960  4   56  10  0  5894
231  16474  2   0  16474
232  7090  2   0  7090
233  16498  2   3  16495
234  16496  2   0  16496
235  16482  3   0  0  16482
236  4870  4   0  0  1  4869
237  16485  3   0  0  16485
238  13853  4   0  0  1  13852
239  16414  3   0  0  16414
240  4382  2   0  4382
241  14064  2   0  14064
242  14265  3   0  0  14265
243  15252  2   4  15248
244  16442  2   0  16442
245  16510  3   1  0  16509
246  16488  2   0  16488
247  15324  3   0  0  15324
248  15428  2   51  15377
249  16506  2   0  16506
250  16466  2   0  16466
251  14721  3   0  0  14721
252  15287  3   3065  1  12221
253  16510  2   0  16510
254  16058  2   37  16021
255  16510  2   0  16510
256  14840  3   0  2  14838
257  16510  2   9  16501
258  16478  5   0  0  0  0  16478
259  6824  2   4  6820
260  15062  2   0  15062
261  16458  3   0  0  16458
262  15902  2   0  15902
263  16510  3   0  0  16510
264  16460  2   0  16460
265  16510  2   0  16510
266  7612  2   0  7612
267  15712  3   0  0  15712
268  16470  2   0  16470
269  6970  2   1  6969
270  16510  2   5  16505
271  16510  2   2  16508
272  15433  3   0  0  15433
273  2222  2   0  2222
274  16507  3   9  2  16496
275  15610  3   0  0  15610
276  16466  2   0  16466
277  16509  3   0  0  16509
278  16510  3   0  1  16509
279  15766  2   0  15766
280  15696  2   0  15696
281  16474  2   25  16449
282  8860  2   280  8580
283  16458  2   0  16458
284  16478  2   0  16478
285  7988  2   0  7988
286  16450  2   11  16439
287  16508  2   43  16465
288  15794  3   0  0  15794
289  16504  2   209  16295
290  16440  2   1  16439
291  16503  3   0  0  16503
292  16512  2   5  16507
293  16504  4   2  0  0  16502
294  8522  2   0  8522
295  16512  3   1  0  16511
296  16482  2   1  16481
297  16422  4   2  0  0  16420
298  16492  3   0  0  16492
299  8802  2   0  8802
300  15158  2   1  15157
301  16512  2   0  16512
302  16502  2   0  16502
303  15508  2   4  15504
304  16512  2   2  16510
305  16450  2   0  16450
306  15466  2   1  15465
307  16512  2   0  16512
308  16506  3   0  0  16506
309  16512  2   0  16512
310  16474  3   0  0  16474
311  14006  2   2  14004
312  16046  2   0  16046
313  16480  2   0  16480
314  16508  3   0  0  16508
315  16110  3   0  0  16110
316  16486  3   1  1  16484
317  9054  2   1  9053
318  14978  3   0  3  14975
319  13590  2   0  13590
320  16512  3   2  0  16510
321  16494  3   0  1  16493
322  7811  4   0  0  0  7811
323  13876  3   0  0  13876
324  15528  2   0  15528
325  16444  2   0  16444
326  16508  2   0  16508
327  14502  2   0  14502
328  16202  3   0  0  16202
329  8691  3   0  0  8691
330  10814  3   1327  0  9487
331  16512  2   0  16512
332  15240  2   0  15240
333  16213  3   1  0  16212
334  10952  2   0  10952
335  7894  3   0  0  7894
336  16512  2   0  16512
337  12824  3   0  0  12824
338  16512  2   0  16512
339  8018  3   0  0  8018
340  16494  3   0  0  16494
341  7894  2   0  7894
342  16512  3   0  3  16509
343  9780  2   0  9780
344  15870  3   1  0  15869
345  16390  2   0  16390
346  16450  3   0  0  16450
347  11308  2   248  11060
348  9896  2   0  9896
349  15622  2   0  15622
350  8098  2   2  8096
351  13714  2   0  13714
352  7786  3   0  0  7786
353  11233  3   0  0  11233
354  15770  2   3  15767
355  16073  4   0  0  0  16073
356  7672  2   0  7672
357  15846  2   0  15846
358  8534  2   0  8534
359  14283  3   0  0  14283
360  16379  3   0  0  16379
361  11212  3   0  0  11212
362  8526  2   0  8526
363  11468  3   0  7  11461
364  10397  3   0  1  10396
365  16369  3   0  0  16369
366  11650  2   20  11630
367  16512  2   0  16512
368  16450  2   17  16433
369  16508  2   0  16508
370  16482  2   0  16482
371  8526  2   0  8526
372  16507  3   0  11  16496
373  16512  3   4  1  16507
374  16406  2   0  16406
375  8234  2   0  8234
376  8404  2   0  8404
377  11590  2   0  11590
378  16484  2   0  16484
379  11530  3   0  2  11528
380  16510  2   8851  7659
381  8222  2   0  8222
382  16004  2   3  16001
383  14250  2   0  14250
384  16502  2   0  16502
385  16376  2   1  16375
386  16204  2   0  16204
387  16506  2   0  16506
388  7848  2   0  7848
389  16480  2   1  16479
390  16508  2   16  16492
391  16360  2   0  16360
392  16508  2   5  16503
393  16508  2   0  16508
394  11256  2   0  11256
395  16508  4   0  0  1  16507
396  16274  2   1  16273
397  16476  3   6  0  16470
398  16482  2   1  16481
399  6926  2   0  6926
400  16512  3   0  0  16512
401  16318  2   0  16318
402  16512  3   0  0  16512
403  10896  2   0  10896
404  16300  2   0  16300
405  16512  2   0  16512
406  16498  2   0  16498
407  16258  2   0  16258
408  11424  2   0  11424
409  16510  2   2  16508
410  16512  3   0  0  16512
411  16498  4   0  0  0  16498
412  16512  2   1  16511
413  16456  3   0  0  16456
414  16476  2   69  16407
415  16388  2   0  16388
416  11710  2   0  11710
417  16176  2   27  16149
418  16502  2   0  16502
419  16270  3   1  0  16269
420  16512  2   0  16512
421  16444  2   0  16444
422  16512  2   3042  13470
423  16142  2   2  16140
424  16256  2   0  16256
425  16512  2   0  16512
426  16512  2   1  16511
427  16512  3   0  0  16512
428  16224  3   1  0  16223
429  16502  2   0  16502
430  11518  2   0  11518
431  15998  3   0  0  15998
432  11020  2   0  11020
433  16144  2   0  16144
434  10868  3   0  0  10868
435  16512  3   1  3039  13472
436  16112  2   4  16108
437  16100  2   0  16100
438  16500  2   2  16498
439  16008  2   0  16008
440  16136  2   0  16136
441  10568  2   0  10568
442  16510  2   0  16510
443  16512  3   0  0  16512
444  10316  2   1  10315
445  16510  3   0  0  16510
446  16512  2   9  16503
447  8330  2   0  8330
448  10210  2   0  10210
449  15714  2   1  15713
450  16508  2   0  16508
451  16512  2   0  16512
452  16508  3   0  0  16508
453  9652  3   0  10  9642
454  16512  2   6  16506
455  16508  4   14  1  0  16493
456  16512  2   0  16512
457  16508  3   0  1  16507
458  16104  3   0  1  16103
459  16508  3   0  0  16508
460  16512  2   10  16502
461  16301  3   0  0  16301
462  13136  2   0  13136
463  16505  3   1  0  16504
464  8704  3   0  0  8704
465  16508  2   0  16508
466  8430  2   0  8430
467  15996  2   2  15994
468  16120  2   2  16118
469  11836  2   0  11836
470  16512  3   2  0  16510
471  8704  2   0  8704
472  16464  2   0  16464
473  16508  2   0  16508
474  14674  2   0  14674
475  7191  3   0  0  7191
476  11104  2   0  11104
477  10218  2   2  10216
478  16452  2   0  16452
479  16270  2   1  16269
480  16508  2   0  16508
481  10788  2   0  10788
482  11912  2   0  11912
483  16316  3   0  0  16316
484  10524  2   0  10524
485  16512  3   1  0  16511
486  16432  3   1  0  16431
487  16427  3   1  1  16425
488  16502  2   0  16502
489  16446  3   0  0  16446
490  15607  4   0  0  0  15607
491  16448  2   0  16448
492  16506  2   0  16506
493  16504  2   0  16504
494  16502  2   0  16502
495  13998  2   293  13705
496  16464  2   0  16464
497  16512  2   1  16511
498  15680  2   0  15680
499  13920  2   0  13920
500  16512  2   0  16512
501  16510  3   0  56  16454
502  13912  2   1  13911
503  16452  2   1  16451
504  16454  2   2  16452
505  15964  2   2  15962
506  13832  2   0  13832
507  14488  2   0  14488
508  16512  2   0  16512

