[loci]=382

[populations]=7

[pop]=1
1  10064  2   4  10060
2  9776  2   0  9776
3  10394  3   0  0  10394
4  9802  2   5  9797
5  8159  2   0  8159
6  9794  2   0  9794
7  10394  2   0  10394
8  10394  2   0  10394
9  10398  2   2  10396
10  6284  3   0  0  6284
11  9802  2   0  9802
12  10404  2   3  10401
13  10402  3   2  3740  6660
14  9802  3   0  1659  8143
15  9788  2   0  9788
16  7034  2   0  7034
17  7509  4   0  2  0  7507
18  9802  4   0  0  0  9802
19  10402  2   0  10402
20  10402  2   0  10402
21  9802  2   0  9802
22  7575  4   113  0  0  7462
23  9780  2   0  9780
24  10404  2   3  10401
25  10404  2   0  10404
26  8082  2   0  8082
27  10404  2   0  10404
28  9802  2   0  9802
29  9802  3   10  0  9792
30  10404  2   0  10404
31  9802  2   2  9800
32  8414  2   0  8414
33  9802  2   0  9802
34  8167  2   0  8167
35  9754  2   0  9754
36  10406  2   37  10369
37  8895  3   0  1  8894
38  9716  2   0  9716
39  10406  2   0  10406
40  9802  2   0  9802
41  9802  3   0  0  9802
42  9390  2   1  9389
43  10406  3   1  1  10404
44  9376  3   0  0  9376
45  10352  3   0  0  10352
46  9802  3   0  0  9802
47  9443  3   3  0  9440
48  2644  3   0  0  2644
49  10406  3   0  0  10406
50  10406  2   12  10394
51  9802  2   0  9802
52  9554  3   0  0  9554
53  8112  3   1  0  8111
54  8012  2   0  8012
55  9762  2   4178  5584
56  10406  2   1  10405
57  8028  2   0  8028
58  10346  2   2  10344
59  9720  3   0  1  9719
60  10406  3   12  1  10393
61  9802  3   0  6  9796
62  9783  3   1  0  9782
63  10406  2   0  10406
64  9728  2   0  9728
65  10402  3   0  0  10402
66  10402  2   0  10402
67  10406  3   0  0  10406
68  10404  3   0  0  10404
69  10402  2   1  10401
70  9802  3   0  0  9802
71  10404  3   70  0  10334
72  10402  3   0  0  10402
73  9783  3   0  0  9783
74  9792  2   1  9791
75  8466  3   0  0  8466
76  9792  2   0  9792
77  2830  2   0  2830
78  10406  3   0  0  10406
79  7578  2   0  7578
80  10402  2   2328  8074
81  9784  2   0  9784
82  10402  3   0  0  10402
83  10268  3   0  0  10268
84  2818  2   3  2815
85  10404  3   0  0  10404
86  10402  2   0  10402
87  9802  3   2  0  9800
88  8463  3   0  0  8463
89  10404  3   165  0  10239
90  9804  2   0  9804
91  7364  3   1  0  7363
92  7340  3   0  0  7340
93  8459  2   4  8455
94  10153  3   0  1  10152
95  10404  2   0  10404
96  9799  3   1  0  9798
97  5572  4   0  0  0  5572
98  10400  2   0  10400
99  9660  2   0  9660
100  7080  2   0  7080
101  7180  3   0  0  7180
102  10400  3   0  0  10400
103  9654  3   0  1  9653
104  9824  2   3  9821
105  7240  2   0  7240
106  7002  4   0  0  0  7002
107  6139  3   0  0  6139
108  10396  2   2926  7470
109  9920  2   0  9920
110  10402  4   2  0  0  10400
111  7260  2   0  7260
112  3902  2   0  3902
113  10401  4   0  0  0  10401
114  9728  2   1  9727
115  10402  3   1  0  10401
116  4012  2   0  4012
117  7589  3   0  9  7580
118  9744  2   0  9744
119  7290  2   0  7290
120  10038  2   0  10038
121  9752  2   0  9752
122  9802  2   0  9802
123  9802  2   0  9802
124  7696  2   0  7696
125  9802  4   0  1  1  9800
126  7507  3   0  0  7507
127  8208  2   0  8208
128  4234  3   0  0  4234
129  10400  2   8  10392
130  9800  3   0  0  9800
131  7547  3   9  0  7538
132  10032  3   0  0  10032
133  7732  2   0  7732
134  9750  2   0  9750
135  9800  3   0  0  9800
136  10030  3   0  1  10029
137  7736  3   0  0  7736
138  10015  3   0  0  10015
139  9798  3   0  1  9797
140  9976  2   0  9976
141  9762  2   0  9762
142  10382  2   2  10380
143  10396  2   2  10394
144  9755  3   0  0  9755
145  9802  2   0  9802
146  10396  2   0  10396
147  9802  2   0  9802
148  7306  2   2  7304
149  7246  2   0  7246
150  2694  2   1  2693
151  9729  3   0  0  9729
152  2722  3   0  0  2722
153  10292  2   23  10269
154  10376  2   0  10376
155  8623  4   0  0  0  8623
156  4192  2   0  4192
157  2868  2   1  2867
158  9762  2   13  9749
159  8646  2   6  8640
160  10316  2   0  10316
161  9796  2   0  9796
162  9766  2   0  9766
163  8678  2   58  8620
164  10384  3   0  0  10384
165  10326  2   0  10326
166  10386  2   3  10383
167  10334  3   1  0  10333
168  9802  2   0  9802
169  10340  3   0  1  10339
170  9802  2   1  9801
171  10346  2   0  10346
172  2818  2   0  2818
173  9802  2   0  9802
174  9250  2   1  9249
175  10354  2   0  10354
176  2868  2   0  2868
177  9802  2   0  9802
178  10388  2   2  10386
179  10360  2   0  10360
180  3478  2   0  3478
181  8478  3   0  0  8478
182  9770  2   0  9770
183  8481  3   0  0  8481
184  2980  2   0  2980
185  10400  3   0  0  10400
186  8662  3   0  0  8662
187  8489  2   0  8489
188  9801  4   0  0  4  9797
189  8644  2   1  8643
190  9422  4   5  0  94  9323
191  3072  2   4  3068
192  9764  2   0  9764
193  10369  4   0  0  0  10369
194  3110  2   0  3110
195  9802  2   0  9802
196  8622  2   0  8622
197  10400  2   0  10400
198  9766  2   0  9766
199  8568  3   1  0  8567
200  9802  2   0  9802
201  3244  2   0  3244
202  4119  3   0  0  4119
203  9802  2   0  9802
204  8401  4   0  0  0  8401
205  9389  3   0  1  9388
206  3256  2   0  3256
207  9760  2   1  9759
208  4294  3   0  0  4294
209  10392  2   0  10392
210  9764  2   1  9763
211  10404  2   0  10404
212  9802  2   0  9802
213  10404  2   0  10404
214  9184  2   3  9181
215  10386  4   0  0  0  10386
216  9802  5   0  0  0  7  9795
217  9566  2   0  9566
218  4692  3   0  24  4668
219  8482  2   0  8482
220  10388  2   0  10388
221  8469  2   0  8469
222  10390  2   0  10390
223  9698  2   0  9698
224  10384  2   0  10384
225  9802  5   0  0  3  7  9792
226  9790  3   0  0  9790
227  10390  2   0  10390
228  9802  4   0  0  0  9802
229  9791  3   0  0  9791
230  9780  2   0  9780
231  9802  2   0  9802
232  5063  3   0  56  5007
233  9776  2   0  9776
234  5048  2   0  5048
235  9760  3   0  0  9760
236  10380  2   1  10379
237  9074  2   1  9073
238  9718  2   0  9718
239  10406  2   29  10377
240  10406  2   0  10406
241  10322  2   0  10322
242  10406  3   0  1  10405
243  10398  3   0  0  10398
244  8514  2   0  8514
245  10406  3   0  0  10406
246  10396  2   0  10396
247  9802  2   0  9802
248  9538  2   1  9537
249  9802  2   0  9802
250  4908  2   0  4908
251  9798  2   0  9798
252  9499  3   0  1  9498
253  10401  3   0  0  10401
254  9506  3   0  401  9105
255  4846  3   0  0  4846
256  10406  3   0  0  10406
257  9152  2   0  9152
258  9536  3   0  0  9536
259  10386  3   0  0  10386
260  10402  4   0  2  0  10400
261  9159  3   0  0  9159
262  9542  3   0  253  9289
263  9338  2   0  9338
264  8513  2   0  8513
265  10382  2   0  10382
266  10406  2   1  10405
267  9802  3   0  0  9802
268  9220  2   0  9220
269  10406  2   0  10406
270  9802  2   1  9801
271  9609  3   0  0  9609
272  8974  2   0  8974
273  9802  2   0  9802
274  4778  2   0  4778
275  8668  2   0  8668
276  4750  2   0  4750
277  10406  3   1  0  10405
278  10404  3   0  0  10404
279  9802  3   0  0  9802
280  10406  2   0  10406
281  9802  3   0  0  9802
282  9193  5   4  0  0  0  9189
283  9802  2   0  9802
284  10406  2   0  10406
285  9802  3   0  0  9802
286  9231  4   1  1  2  9227
287  9240  3   0  0  9240
288  9791  3   0  2  9789
289  6064  2   7  6057
290  10400  2   0  10400
291  8507  2   0  8507
292  10402  3   0  2  10400
293  9675  4   0  0  0  9675
294  9676  2   0  9676
295  10280  2   0  10280
296  10404  3   0  0  10404
297  4518  2   0  4518
298  9279  3   18  0  9261
299  8506  2   38  8468
300  9802  2   0  9802
301  6765  3   1  0  6764
302  10406  3   2  1  10403
303  4546  3   0  4  4542
304  9290  2   0  9290
305  6936  2   1  6935
306  10406  3   0  0  10406
307  9676  2   1  9675
308  10406  2   0  10406
309  10406  4   0  1  0  10405
310  9676  2   3  9673
311  4712  3   0  0  4712
312  9670  2   0  9670
313  10406  3   0  53  10353
314  10404  3   0  0  10404
315  4791  3   3  50  4738
316  10390  2   0  10390
317  7546  3   0  0  7546
318  4996  2   0  4996
319  4998  2   0  4998
320  4680  2   2236  2444
321  9802  2   0  9802
322  10405  3   4  5529  4872
323  10383  3   0  7  10376
324  10388  2   0  10388
325  5090  2   1  5089
326  5084  2   0  5084
327  9664  3   0  0  9664
328  8491  2   0  8491
329  10388  3   136  340  9912
330  10270  2   0  10270
331  5150  2   0  5150
332  8498  2   2  8496
333  10404  2   0  10404
334  7737  4   0  1  1  7735
335  2134  2   39  2095
336  8498  2   1  8497
337  10276  2   0  10276
338  7976  2   0  7976
339  10404  2   0  10404
340  6418  2   0  6418
341  9802  2   2  9800
342  8092  3   0  0  8092
343  2174  2   0  2174
344  9802  2   0  9802
345  2196  2   0  2196
346  5153  4   0  0  0  5153
347  2206  2   1  2205
348  9802  3   0  1  9801
349  5171  3   0  0  5171
350  2210  2   2  2208
351  8186  3   1  0  8185
352  8476  3   0  0  8476
353  8510  2   0  8510
354  8510  2   0  8510
355  8507  2   0  8507
356  4962  3   0  0  4962
357  8504  2   543  7961
358  5547  3   0  0  5547
359  9801  3   0  0  9801
360  10406  3   0  0  10406
361  8590  2   0  8590
362  4818  3   0  0  4818
363  8243  3   0  0  8243
364  8568  4   0  0  1  8567
365  2282  2   1044  1238
366  8221  3   0  0  8221
367  10404  2   0  10404
368  10406  2   0  10406
369  2160  3   0  0  2160
370  10214  2   0  10214
371  10176  2   0  10176
372  10405  3   1  0  10404
373  4474  2   1  4473
374  10406  2   0  10406
375  10117  3   0  0  10117
376  9800  2   10  9790
377  4036  2   0  4036
378  9457  3   0  1  9456
379  9800  3   1  0  9799
380  9514  2   1  9513
381  9800  2   0  9800
382  8481  3   0  0  8481

[pop]=2
1  11556  2   0  11556
2  11554  2   0  11554
3  11570  3   0  0  11570
4  11576  2   0  11576
5  9200  2   0  9200
6  11538  2   8  11530
7  11572  2   0  11572
8  11576  2   1  11575
9  11538  2   0  11538
10  6181  3   0  0  6181
11  11576  2   6  11570
12  11540  2   0  11540
13  11544  3   0  538  11006
14  11576  3   0  97  11479
15  11536  2   3  11533
16  7142  2   1  7141
17  6701  4   0  0  0  6701
18  11576  4   0  0  0  11576
19  11578  2   0  11578
20  11576  2   0  11576
21  11576  2   0  11576
22  8019  4   278  1  0  7740
23  11522  2   0  11522
24  11576  2   0  11576
25  11550  2   3  11547
26  7770  2   0  7770
27  11578  2   2  11576
28  11576  2   0  11576
29  11576  3   0  1  11575
30  11578  2   0  11578
31  11576  2   0  11576
32  8562  2   0  8562
33  11574  2   0  11574
34  9187  2   0  9187
35  11504  2   0  11504
36  11576  2   3  11573
37  10383  3   0  0  10383
38  11468  2   0  11468
39  11548  2   0  11548
40  11576  2   0  11576
41  11574  3   0  3  11571
42  10910  2   0  10910
43  11578  3   0  0  11578
44  11090  3   0  0  11090
45  11394  3   0  0  11394
46  11576  3   1  0  11575
47  11184  3   1  0  11183
48  630  3   2  0  628
49  11555  3   0  0  11555
50  11574  2   1  11573
51  11576  2   1  11575
52  11360  3   0  0  11360
53  8698  3   0  0  8698
54  8566  2   6  8560
55  11456  2   547  10909
56  11560  2   0  11560
57  8534  2   1  8533
58  11394  2   0  11394
59  11464  3   0  1  11463
60  11578  3   41  0  11537
61  11576  3   0  1  11575
62  11512  3   0  0  11512
63  11576  2   0  11576
64  11478  2   0  11478
65  11578  3   0  0  11578
66  11578  2   0  11578
67  11566  3   1  0  11565
68  11576  3   0  0  11576
69  11578  2   2  11576
70  11576  3   0  0  11576
71  11572  3   6  0  11566
72  11578  3   1  0  11577
73  11524  3   0  2  11522
74  11552  2   6  11546
75  9251  3   0  0  9251
76  11558  2   0  11558
77  786  2   0  786
78  11567  3   0  0  11567
79  8054  2   0  8054
80  11572  2   2871  8701
81  11538  2   3  11535
82  11578  3   0  0  11578
83  11335  3   0  2  11333
84  766  2   0  766
85  11574  3   3  0  11571
86  11578  2   0  11578
87  11576  3   0  1  11575
88  9250  3   0  0  9250
89  11570  3   320  0  11250
90  11576  2   0  11576
91  7835  3   0  0  7835
92  7808  3   0  0  7808
93  9240  2   1  9239
94  11272  3   0  0  11272
95  11568  2   0  11568
96  11566  3   0  0  11566
97  4525  4   0  1  2  4522
98  11564  2   0  11564
99  10808  2   0  10808
100  7966  2   0  7966
101  8127  3   0  0  8127
102  11572  3   0  0  11572
103  11370  3   0  0  11370
104  10914  2   0  10914
105  8286  2   0  8286
106  7065  4   0  0  2  7063
107  5363  3   0  0  5363
108  11574  2   2270  9304
109  11020  2   0  11020
110  11576  4   0  0  0  11576
111  7754  2   0  7754
112  1066  2   0  1066
113  11576  4   0  7  1  11568
114  11488  2   0  11488
115  11575  3   0  0  11575
116  1182  2   0  1182
117  8485  3   1  12  8472
118  11500  2   8  11492
119  7412  2   3  7409
120  11098  2   3  11095
121  11504  2   1  11503
122  11568  2   0  11568
123  11576  2   0  11576
124  8730  2   0  8730
125  11567  4   0  0  2  11565
126  7834  3   0  0  7834
127  9802  2   0  9802
128  1528  3   1  0  1527
129  11574  2   1  11573
130  11562  3   0  0  11562
131  7944  3   0  0  7944
132  11103  3   0  2  11101
133  8744  2   0  8744
134  11514  2   0  11514
135  11560  3   0  0  11560
136  11097  3   0  0  11097
137  8740  3   1  0  8739
138  11091  3   0  0  11091
139  11546  3   0  0  11546
140  11066  2   2  11064
141  11510  2   0  11510
142  11576  2   0  11576
143  11568  2   1  11567
144  11498  3   1  1  11496
145  11576  2   0  11576
146  11566  2   7  11559
147  11576  2   0  11576
148  7416  2   0  7416
149  7546  2   0  7546
150  796  2   0  796
151  10788  3   1  0  10787
152  816  3   0  0  816
153  11542  2   6  11536
154  11562  2   0  11562
155  10351  4   0  0  0  10351
156  1548  2   2  1546
157  940  2   1  939
158  11568  2   0  11568
159  10384  2   1  10383
160  11550  2   3  11547
161  11562  2   0  11562
162  11566  2   0  11566
163  10398  2   1  10397
164  11570  3   0  0  11570
165  11550  2   0  11550
166  11564  2   0  11564
167  11553  3   0  0  11553
168  11574  2   2  11572
169  11555  3   0  0  11555
170  11568  2   1  11567
171  11556  2   0  11556
172  660  2   0  660
173  11574  2   0  11574
174  10428  2   0  10428
175  11562  2   0  11562
176  674  2   0  674
177  11570  2   1  11569
178  11572  2   0  11572
179  11564  2   0  11564
180  1554  2   0  1554
181  9230  3   0  0  9230
182  11562  2   0  11562
183  9231  3   0  0  9231
184  752  2   0  752
185  11566  3   0  0  11566
186  10327  3   0  0  10327
187  9233  2   0  9233
188  11575  4   0  0  0  11575
189  10314  2   0  10314
190  10655  4   1  4  7  10643
191  844  2   0  844
192  11560  2   0  11560
193  11564  4   0  0  0  11564
194  872  2   0  872
195  11570  2   0  11570
196  10254  2   0  10254
197  11568  2   0  11568
198  11562  2   0  11562
199  10085  3   0  0  10085
200  11572  2   0  11572
201  1014  2   0  1014
202  2479  3   0  0  2479
203  11566  2   0  11566
204  9673  4   0  0  0  9673
205  10619  3   0  0  10619
206  1062  2   0  1062
207  11556  2   0  11556
208  2668  3   0  0  2668
209  11578  2   0  11578
210  11556  2   1  11555
211  11570  2   0  11570
212  11564  2   0  11564
213  11570  2   0  11570
214  10228  2   0  10228
215  11549  4   0  0  0  11549
216  11574  5   1  0  0  24  11549
217  11318  2   0  11318
218  3212  3   1  0  3211
219  9207  2   0  9207
220  11542  2   1  11541
221  9202  2   0  9202
222  11578  2   1  11577
223  11454  2   0  11454
224  11534  2   1  11533
225  11572  5   0  0  0  0  11572
226  10646  3   0  0  10646
227  11532  2   0  11532
228  11572  4   0  0  0  11572
229  10632  3   0  1  10631
230  10636  2   1  10635
231  11572  2   2  11570
232  3713  3   0  5  3708
233  10634  2   0  10634
234  3658  2   0  3658
235  10538  3   0  0  10538
236  11492  2   2  11490
237  11214  2   12  11202
238  10506  2   0  10506
239  11560  2   1  11559
240  11558  2   0  11558
241  11506  2   1  11505
242  11560  3   0  0  11560
243  11532  3   1  1  11530
244  9306  2   0  9306
245  11561  3   5  0  11556
246  11542  2   0  11542
247  11576  2   0  11576
248  10124  2   0  10124
249  11576  2   1  11575
250  1900  2   0  1900
251  11550  2   0  11550
252  10015  3   0  0  10015
253  11557  3   0  0  11557
254  11493  3   0  24  11469
255  1822  3   0  0  1822
256  11559  3   0  0  11559
257  11246  2   0  11246
258  11501  3   0  0  11501
259  11526  3   0  0  11526
260  11561  4   0  0  0  11561
261  11254  3   2  0  11252
262  11504  3   0  11  11493
263  9648  2   2  9646
264  9309  2   0  9309
265  11532  2   0  11532
266  11560  2   1  11559
267  11576  3   0  0  11576
268  9368  2   0  9368
269  11558  2   0  11558
270  11576  2   0  11576
271  11519  3   0  0  11519
272  8710  2   0  8710
273  11576  2   0  11576
274  1604  2   0  1604
275  8118  2   0  8118
276  1564  2   0  1564
277  11554  3   0  0  11554
278  11568  3   0  0  11568
279  11576  3   1  1  11574
280  11566  2   5  11561
281  11576  3   0  0  11576
282  11244  5   0  0  1  0  11243
283  11576  2   1  11575
284  11568  2   0  11568
285  11576  3   0  0  11576
286  11255  4   0  0  0  11255
287  11258  3   0  0  11258
288  11537  3   0  0  11537
289  5196  2   24  5172
290  11550  2   0  11550
291  9305  2   0  9305
292  11550  3   0  6  11544
293  11553  4   0  0  0  11553
294  11558  2   0  11558
295  11494  2   0  11494
296  11557  3   0  0  11557
297  3334  2   0  3334
298  11261  3   2  1  11258
299  9304  2   3  9301
300  11546  2   0  11546
301  6122  3   0  0  6122
302  11569  3   0  0  11569
303  3379  3   4  0  3375
304  11268  2   0  11268
305  6286  2   0  6286
306  11568  3   1  0  11567
307  11556  2   1  11555
308  11558  2   0  11558
309  11565  4   0  0  0  11565
310  11556  2   1  11555
311  3563  3   0  1  3562
312  11554  2   0  11554
313  11552  3   0  0  11552
314  11561  3   0  0  11561
315  3580  3   2  0  3578
316  11550  2   0  11550
317  7242  3   0  0  7242
318  3750  2   0  3750
319  3702  2   1  3701
320  1090  2   221  869
321  11556  2   0  11556
322  11558  3   0  6412  5146
323  11576  3   0  0  11576
324  11578  2   2  11576
325  3790  2   0  3790
326  3838  2   1  3837
327  11550  3   0  0  11550
328  9286  2   0  9286
329  11540  3   3  14  11523
330  11478  2   5  11473
331  3882  2   0  3882
332  9291  2   0  9291
333  11552  2   0  11552
334  7983  4   0  0  0  7983
335  422  2   0  422
336  9291  2   1  9290
337  11474  2   0  11474
338  7930  2   1  7929
339  11554  2   0  11554
340  5442  2   0  5442
341  11566  2   0  11566
342  8093  3   0  0  8093
343  428  2   1  427
344  11564  2   0  11564
345  430  2   0  430
346  3892  4   0  0  0  3892
347  426  2   0  426
348  11567  3   0  0  11567
349  3842  3   0  0  3842
350  426  2   2  424
351  8312  3   0  0  8312
352  9445  3   0  0  9445
353  9299  2   0  9299
354  9299  2   0  9299
355  9297  2   0  9297
356  3619  3   0  0  3619
357  9296  2   170  9126
358  3738  3   1  0  3737
359  11566  3   0  0  11566
360  11578  3   0  0  11578
361  9630  2   0  9630
362  3369  3   0  0  3369
363  8429  3   0  0  8429
364  9557  4   0  0  0  9557
365  490  2   129  361
366  8380  3   0  0  8380
367  11536  2   0  11536
368  11578  2   2  11576
369  418  3   0  0  418
370  11466  2   0  11466
371  11462  2   0  11462
372  11578  3   0  0  11578
373  2026  2   0  2026
374  11578  2   0  11578
375  11447  3   1  0  11446
376  11574  2   243  11331
377  2496  2   0  2496
378  10748  3   0  0  10748
379  11574  3   0  0  11574
380  11168  2   0  11168
381  11574  2   0  11574
382  9268  3   0  0  9268

[pop]=3
1  8636  2   0  8636
2  8620  2   0  8620
3  8634  3   0  0  8634
4  8626  2   0  8626
5  6596  2   0  6596
6  8624  2   0  8624
7  8640  2   0  8640
8  8628  2   0  8628
9  8626  2   0  8626
10  5642  3   0  0  5642
11  8626  2   0  8626
12  8636  2   0  8636
13  8637  3   1  7  8629
14  8626  3   0  0  8626
15  8622  2   0  8622
16  6202  2   0  6202
17  5789  4   0  0  0  5789
18  8626  4   0  0  0  8626
19  8636  2   0  8636
20  8650  2   0  8650
21  8624  2   6  8618
22  6900  4   678  0  0  6222
23  8616  2   0  8616
24  8626  2   0  8626
25  8638  2   0  8638
26  6520  2   0  6520
27  8652  2   0  8652
28  8626  2   0  8626
29  8624  3   0  0  8624
30  8652  2   0  8652
31  8624  2   0  8624
32  6946  2   0  6946
33  8624  2   0  8624
34  6584  2   0  6584
35  8608  2   0  8608
36  8620  2   0  8620
37  8133  3   0  0  8133
38  8598  2   0  8598
39  8642  2   2  8640
40  8626  2   0  8626
41  8622  3   0  0  8622
42  8302  2   1  8301
43  8654  3   0  0  8654
44  8466  3   43  0  8423
45  8640  3   0  0  8640
46  8626  3   0  0  8626
47  8515  3   0  0  8515
48  1077  3   0  0  1077
49  8643  3   0  0  8643
50  8614  2   0  8614
51  8626  2   0  8626
52  8574  3   0  1  8573
53  6754  3   0  0  6754
54  6680  2   0  6680
55  8584  2   754  7830
56  8642  2   4  8638
57  6630  2   0  6630
58  8640  2   0  8640
59  8590  3   0  0  8590
60  8654  3   0  0  8654
61  8626  3   0  0  8626
62  8615  3   0  6  8609
63  8606  2   0  8606
64  8590  2   0  8590
65  8654  3   0  0  8654
66  8654  2   6  8648
67  8641  3   0  0  8641
68  8606  3   0  1  8605
69  8654  2   0  8654
70  8626  3   0  0  8626
71  8607  3   0  0  8607
72  8654  3   0  0  8654
73  8603  3   0  0  8603
74  8622  2   0  8622
75  6620  3   0  0  6620
76  8622  2   0  8622
77  1320  2   0  1320
78  8646  3   0  0  8646
79  6312  2   5  6307
80  8594  2   6126  2468
81  8610  2   0  8610
82  8654  3   0  0  8654
83  8623  3   0  0  8623
84  1316  2   0  1316
85  8589  3   0  4  8585
86  8654  2   2  8652
87  8626  3   0  0  8626
88  6617  3   0  0  6617
89  8646  3   1  0  8645
90  8626  2   0  8626
91  6133  3   0  0  6133
92  6112  3   0  0  6112
93  6613  2   0  6613
94  8604  3   0  0  8604
95  8646  2   0  8646
96  8622  3   0  0  8622
97  4304  4   0  0  0  4304
98  8636  2   0  8636
99  8308  2   0  8308
100  6444  2   0  6444
101  6564  3   1  0  6563
102  8636  3   0  0  8636
103  8453  3   0  0  8453
104  8374  2   3  8371
105  6670  2   0  6670
106  6286  4   0  0  0  6286
107  4980  3   0  0  4980
108  8636  2   604  8032
109  8414  2   0  8414
110  8638  4   1  1  1  8635
111  6672  2   0  6672
112  2014  2   0  2014
113  8637  4   1  0  0  8636
114  8546  2   0  8546
115  8640  3   0  0  8640
116  2194  2   0  2194
117  7082  3   0  0  7082
118  8550  2   0  8550
119  6438  2   0  6438
120  8454  2   0  8454
121  8556  2   0  8556
122  8626  2   8  8618
123  8626  2   0  8626
124  7202  2   3  7199
125  8626  4   0  0  0  8626
126  6740  3   0  0  6740
127  7638  2   0  7638
128  2574  3   0  0  2574
129  8640  2   0  8640
130  8626  3   0  0  8626
131  6787  3   0  0  6787
132  8450  3   0  0  8450
133  7222  2   0  7222
134  8558  2   0  8558
135  8626  3   0  1  8625
136  8444  3   0  0  8444
137  7260  3   0  0  7260
138  8437  3   0  0  8437
139  8626  3   0  0  8626
140  8414  2   0  8414
141  8556  2   0  8556
142  8652  2   0  8652
143  8628  2   1  8627
144  8553  3   0  0  8553
145  8626  2   0  8626
146  8626  2   0  8626
147  8626  2   0  8626
148  6506  2   0  6506
149  6628  2   0  6628
150  1350  2   0  1350
151  8240  3   0  0  8240
152  1392  3   0  0  1392
153  8614  2   0  8614
154  8636  2   2  8634
155  8033  4   0  0  0  8033
156  2390  2   0  2390
157  1566  2   0  1566
158  8620  2   0  8620
159  8046  2   0  8046
160  8616  2   0  8616
161  8596  2   0  8596
162  8622  2   0  8622
163  8058  2   0  8058
164  8644  3   0  0  8644
165  8620  2   0  8620
166  8618  2   0  8618
167  8626  3   0  0  8626
168  8626  2   0  8626
169  8630  3   0  0  8630
170  8606  2   0  8606
171  8634  2   0  8634
172  1024  2   0  1024
173  8626  2   0  8626
174  8258  2   0  8258
175  8638  2   0  8638
176  1042  2   0  1042
177  8608  2   0  8608
178  8646  2   0  8646
179  8642  2   0  8642
180  2320  2   0  2320
181  6618  3   1  0  6617
182  8620  2   3  8617
183  6616  3   0  0  6616
184  1202  2   0  1202
185  8619  3   0  0  8619
186  8031  3   0  0  8031
187  6617  2   0  6617
188  8626  4   1  0  0  8625
189  8034  2   0  8034
190  8372  4   4  0  0  8368
191  1318  2   0  1318
192  8622  2   0  8622
193  8640  4   0  0  0  8640
194  1370  2   0  1370
195  8612  2   0  8612
196  7970  2   0  7970
197  8618  2   0  8618
198  8622  2   0  8622
199  7869  3   0  0  7869
200  8612  2   0  8612
201  1564  2   0  1564
202  3306  3   0  0  3306
203  8624  2   0  8624
204  7584  4   0  0  1  7583
205  8326  3   0  0  8326
206  1582  2   1  1581
207  8622  2   0  8622
208  3540  3   0  0  3540
209  8650  2   0  8650
210  8622  2   1  8621
211  8618  2   0  8618
212  8624  2   0  8624
213  8620  2   0  8620
214  8068  2   0  8068
215  8633  4   0  1  0  8632
216  8618  5   0  0  1  0  8617
217  8550  2   0  8550
218  4101  3   0  0  4101
219  6593  2   0  6593
220  8626  2   0  8626
221  6590  2   21  6569
222  8652  2   0  8652
223  8592  2   0  8592
224  8628  2   1  8627
225  8618  5   1  0  0  0  8617
226  8258  3   0  0  8258
227  8622  2   0  8622
228  8618  4   0  0  0  8618
229  8244  3   0  1  8243
230  8248  2   0  8248
231  8614  2   0  8614
232  4578  3   0  0  4578
233  8242  2   0  8242
234  4572  2   0  4572
235  8196  3   0  0  8196
236  8598  2   0  8598
237  8510  2   0  8510
238  8172  2   0  8172
239  8598  2   0  8598
240  8600  2   0  8600
241  8636  2   0  8636
242  8598  3   0  0  8598
243  8634  3   2  0  8632
244  6634  2   2  6632
245  8597  3   0  0  8597
246  8634  2   2  8632
247  8626  2   0  8626
248  7986  2   0  7986
249  8626  2   1  8625
250  3082  2   0  3082
251  8626  2   0  8626
252  7932  3   0  0  7932
253  8640  3   0  1  8639
254  8571  3   0  0  8571
255  3032  3   0  0  3032
256  8599  3   0  0  8599
257  8530  2   0  8530
258  8574  3   0  0  8574
259  8647  3   0  0  8647
260  8643  4   0  2  0  8641
261  8537  3   0  1  8536
262  8577  3   0  1  8576
263  7776  2   0  7776
264  6636  2   0  6636
265  8648  2   0  8648
266  8596  2   0  8596
267  8626  3   0  1  8625
268  7606  2   6  7600
269  8594  2   4  8590
270  8626  2   0  8626
271  8590  3   0  0  8590
272  7264  2   0  7264
273  8626  2   0  8626
274  2844  2   0  2844
275  6912  2   0  6912
276  2806  2   0  2806
277  8585  3   0  0  8585
278  8651  3   0  0  8651
279  8626  3   0  0  8626
280  8652  2   0  8652
281  8626  3   0  0  8626
282  8514  5   0  0  4  0  8510
283  8626  2   0  8626
284  8652  2   0  8652
285  8626  3   0  0  8626
286  8506  4   0  0  0  8506
287  8515  3   0  0  8515
288  8624  3   0  0  8624
289  4652  2   0  4652
290  8654  2   0  8654
291  6626  2   106  6520
292  8654  3   0  0  8654
293  8600  4   0  0  0  8600
294  8600  2   0  8600
295  8524  2   0  8524
296  8654  3   0  1  8653
297  3084  2   0  3084
298  8496  3   1  0  8495
299  6632  2   0  6632
300  8626  2   0  8626
301  5395  3   0  0  5395
302  8647  3   0  0  8647
303  3111  3   0  1  3110
304  8500  2   3  8497
305  5502  2   0  5502
306  8646  3   0  0  8646
307  8602  2   0  8602
308  8654  2   0  8654
309  8648  4   0  0  0  8648
310  8606  2   0  8606
311  3356  3   0  0  3356
312  8606  2   0  8606
313  8654  3   0  0  8654
314  8645  3   0  0  8645
315  3401  3   0  0  3401
316  8594  2   0  8594
317  6172  3   0  1  6171
318  3646  2   0  3646
319  3652  2   0  3652
320  1774  2   111  1663
321  8626  2   0  8626
322  8653  3   0  6434  2219
323  8630  3   0  0  8630
324  8634  2   0  8634
325  3716  2   1  3715
326  3742  2   6  3736
327  8601  3   0  0  8601
328  6611  2   2  6609
329  8578  3   0  1  8577
330  8646  2   0  8646
331  3726  2   0  3726
332  6621  2   0  6621
333  8652  2   0  8652
334  6480  4   0  0  0  6480
335  620  2   0  620
336  6621  2   0  6621
337  8646  2   0  8646
338  6586  2   0  6586
339  8654  2   0  8654
340  5508  2   0  5508
341  8624  2   0  8624
342  6725  3   0  1  6724
343  654  2   0  654
344  8626  2   0  8626
345  660  2   0  660
346  3783  4   0  0  0  3783
347  668  2   2  666
348  8626  3   0  0  8626
349  3774  3   1  0  3773
350  658  2   0  658
351  6844  3   0  0  6844
352  7411  3   0  0  7411
353  6621  2   0  6621
354  6621  2   0  6621
355  6623  2   0  6623
356  3554  3   0  0  3554
357  6621  2   2  6619
358  4287  3   0  1  4286
359  8626  3   0  0  8626
360  8653  3   0  0  8653
361  7504  2   0  7504
362  3359  3   0  0  3359
363  6956  3   0  0  6956
364  7461  4   0  0  0  7461
365  734  2   209  525
366  6951  3   0  1  6950
367  8652  2   5  8647
368  8652  2   0  8652
369  652  3   0  0  652
370  8642  2   0  8642
371  8640  2   1  8639
372  8652  3   0  2  8650
373  2908  2   0  2908
374  8650  2   0  8650
375  8635  3   0  0  8635
376  8626  2   668  7958
377  2392  2   0  2392
378  7911  3   0  0  7911
379  8626  3   0  0  8626
380  8228  2   0  8228
381  8626  2   0  8626
382  6595  3   0  0  6595

[pop]=4
1  6610  2   0  6610
2  6614  2   0  6614
3  6613  3   0  0  6613
4  6614  2   0  6614
5  4516  2   0  4516
6  6608  2   0  6608
7  6614  2   0  6614
8  6614  2   0  6614
9  6610  2   0  6610
10  3824  3   0  0  3824
11  6614  2   0  6614
12  6612  2   0  6612
13  6614  3   0  174  6440
14  6614  3   0  0  6614
15  6604  2   0  6604
16  4330  2   0  4330
17  5187  4   0  0  0  5187
18  6614  4   0  0  0  6614
19  6614  2   0  6614
20  6614  2   0  6614
21  6614  2   0  6614
22  4865  4   401  0  0  4464
23  6606  2   0  6606
24  6614  2   0  6614
25  6614  2   0  6614
26  5556  2   0  5556
27  6614  2   0  6614
28  6614  2   2  6612
29  6614  3   0  0  6614
30  6614  2   1  6613
31  6614  2   0  6614
32  5818  2   0  5818
33  6614  2   0  6614
34  4510  2   0  4510
35  6606  2   0  6606
36  6614  2   0  6614
37  5891  3   0  0  5891
38  6602  2   0  6602
39  6614  2   0  6614
40  6614  2   0  6614
41  6614  3   0  0  6614
42  6442  2   0  6442
43  6614  3   0  0  6614
44  6244  3   0  0  6244
45  6594  3   0  0  6594
46  6614  3   0  1  6613
47  6299  3   0  0  6299
48  1816  3   0  0  1816
49  6614  3   0  0  6614
50  6614  2   0  6614
51  6614  2   0  6614
52  6402  3   0  0  6402
53  5925  3   0  0  5925
54  5854  2   0  5854
55  6492  2   436  6056
56  6614  2   0  6614
57  5844  2   0  5844
58  6594  2   0  6594
59  6593  3   0  0  6593
60  6614  3   17  1  6596
61  6614  3   0  0  6614
62  6544  3   0  0  6544
63  6614  2   0  6614
64  6596  2   0  6596
65  6614  3   0  0  6614
66  6614  2   67  6547
67  6614  3   0  0  6614
68  6613  3   0  0  6613
69  6614  2   0  6614
70  6614  3   0  0  6614
71  6614  3   0  0  6614
72  6614  3   0  0  6614
73  6608  3   0  0  6608
74  6596  2   0  6596
75  4529  3   0  1  4528
76  6594  2   0  6594
77  1894  2   0  1894
78  6614  3   0  0  6614
79  5618  2   0  5618
80  6604  2   2464  4140
81  6608  2   0  6608
82  6614  3   0  0  6614
83  6589  3   0  0  6589
84  1866  2   0  1866
85  6614  3   0  0  6614
86  6614  2   0  6614
87  6614  3   0  3  6611
88  4529  3   0  0  4529
89  6614  3   930  0  5684
90  6614  2   0  6614
91  5480  3   0  0  5480
92  5466  3   0  0  5466
93  4529  2   0  4529
94  6574  3   0  0  6574
95  6614  2   0  6614
96  6609  3   0  1  6608
97  3361  4   0  0  0  3361
98  6614  2   3  6611
99  6144  2   0  6144
100  5056  2   0  5056
101  5110  3   0  0  5110
102  6614  3   0  0  6614
103  6585  3   0  0  6585
104  6228  2   6  6222
105  5170  2   0  5170
106  5034  4   1  0  0  5033
107  3693  3   0  0  3693
108  6610  2   1222  5388
109  6288  2   0  6288
110  6614  4   0  0  0  6614
111  5282  2   0  5282
112  1878  2   0  1878
113  6614  4   0  0  0  6614
114  6598  2   0  6598
115  6614  3   0  0  6614
116  1952  2   0  1952
117  5454  3   0  7  5447
118  6602  2   0  6602
119  4608  2   0  4608
120  6342  2   0  6342
121  6602  2   0  6602
122  6614  2   0  6614
123  6614  2   0  6614
124  5536  2   0  5536
125  6613  4   12  0  0  6601
126  4827  3   0  0  4827
127  6024  2   0  6024
128  2085  3   0  0  2085
129  6614  2   0  6614
130  6612  3   0  0  6612
131  4857  3   0  0  4857
132  6350  3   0  0  6350
133  5532  2   0  5532
134  6602  2   0  6602
135  6612  3   0  0  6612
136  6345  3   0  0  6345
137  5538  3   0  0  5538
138  6338  3   0  0  6338
139  6612  3   0  0  6612
140  6328  2   0  6328
141  6604  2   0  6604
142  6614  2   0  6614
143  6610  2   0  6610
144  6607  3   0  0  6607
145  6614  2   0  6614
146  6608  2   0  6608
147  6614  2   0  6614
148  4702  2   0  4702
149  5106  2   0  5106
150  262  2   0  262
151  6181  3   0  0  6181
152  270  3   0  0  270
153  6612  2   0  6612
154  6612  2   0  6612
155  6231  4   0  0  0  6231
156  2086  2   0  2086
157  340  2   0  340
158  6614  2   0  6614
159  6234  2   0  6234
160  6612  2   0  6612
161  6614  2   0  6614
162  6612  2   0  6612
163  6226  2   0  6226
164  6614  3   0  0  6614
165  6612  2   0  6612
166  6614  2   0  6614
167  6612  3   0  0  6612
168  6614  2   0  6614
169  6612  3   0  0  6612
170  6614  2   0  6614
171  6612  2   0  6612
172  1838  2   0  1838
173  6614  2   0  6614
174  6372  2   0  6372
175  6612  2   1  6611
176  1858  2   0  1858
177  6614  2   0  6614
178  6614  2   0  6614
179  6612  2   0  6612
180  562  2   0  562
181  4525  3   0  0  4525
182  6614  2   0  6614
183  4525  3   0  0  4525
184  1906  2   0  1906
185  6614  3   0  2  6612
186  6210  3   0  0  6210
187  4524  2   0  4524
188  6613  4   0  1  0  6612
189  6196  2   0  6196
190  6433  4   0  0  0  6433
191  1928  2   0  1928
192  6614  2   0  6614
193  6612  4   0  0  0  6612
194  1946  2   0  1946
195  6614  2   0  6614
196  6158  2   0  6158
197  6614  2   0  6614
198  6614  2   0  6614
199  6083  3   0  0  6083
200  6614  2   26  6588
201  2044  2   0  2044
202  871  3   0  0  871
203  6614  2   0  6614
204  5920  4   0  0  0  5920
205  6404  3   0  0  6404
206  2064  2   0  2064
207  6614  2   0  6614
208  936  3   0  0  936
209  6614  2   0  6614
210  6612  2   5  6607
211  6614  2   0  6614
212  6614  2   0  6614
213  6614  2   7  6607
214  6232  2   0  6232
215  6612  4   0  0  0  6612
216  6614  5   0  0  0  0  6614
217  6588  2   0  6588
218  1252  3   0  0  1252
219  4517  2   0  4517
220  6608  2   0  6608
221  4517  2   0  4517
222  6614  2   0  6614
223  6602  2   0  6602
224  6608  2   0  6608
225  6614  5   0  0  0  0  6614
226  6260  3   0  0  6260
227  6608  2   0  6608
228  6614  4   0  0  0  6614
229  6245  3   0  0  6245
230  6248  2   0  6248
231  6614  2   0  6614
232  1470  3   0  0  1470
233  6246  2   1  6245
234  1448  2   0  1448
235  6210  3   0  0  6210
236  6594  2   0  6594
237  6460  2   0  6460
238  6200  2   43  6157
239  6614  2   0  6614
240  6614  2   0  6614
241  6596  2   0  6596
242  6614  3   0  0  6614
243  6586  3   0  0  6586
244  4527  2   0  4527
245  6614  3   0  0  6614
246  6588  2   0  6588
247  6614  2   0  6614
248  6042  2   0  6042
249  6614  2   0  6614
250  2844  2   0  2844
251  6612  2   0  6612
252  6019  3   0  0  6019
253  6598  3   0  0  6598
254  6300  3   0  0  6300
255  2800  3   0  0  2800
256  6614  3   0  0  6614
257  6492  2   0  6492
258  6323  3   91  0  6232
259  6603  3   0  0  6603
260  6603  4   0  0  0  6603
261  6505  3   0  0  6505
262  6338  3   0  0  6338
263  5878  2   0  5878
264  4525  2   0  4525
265  6604  2   0  6604
266  6614  2   0  6614
267  6614  3   0  0  6614
268  5778  2   65  5713
269  6614  2   0  6614
270  6614  2   0  6614
271  6399  3   0  0  6399
272  5564  2   0  5564
273  6614  2   0  6614
274  2696  2   0  2696
275  5388  2   0  5388
276  2662  2   0  2662
277  6614  3   0  0  6614
278  6610  3   0  0  6610
279  6614  3   0  0  6614
280  6612  2   0  6612
281  6614  3   0  0  6614
282  6509  5   0  0  0  0  6509
283  6614  2   1  6613
284  6612  2   0  6612
285  6614  3   0  0  6614
286  6515  4   0  0  0  6515
287  6516  3   0  0  6516
288  6609  3   0  0  6609
289  4326  2   38  4288
290  6614  2   1  6613
291  4527  2   0  4527
292  6614  3   0  20  6594
293  6525  4   0  0  0  6525
294  6526  2   0  6526
295  6614  2   0  6614
296  6614  3   0  0  6614
297  3080  2   0  3080
298  6521  3   0  0  6521
299  4528  2   0  4528
300  6614  2   0  6614
301  4781  3   0  0  4781
302  6610  3   0  0  6610
303  3094  3   0  0  3094
304  6516  2   0  6516
305  4864  2   0  4864
306  6610  3   0  0  6610
307  6528  2   1  6527
308  6614  2   0  6614
309  6609  4   0  0  0  6609
310  6524  2   0  6524
311  3182  3   0  0  3182
312  6528  2   0  6528
313  6614  3   0  0  6614
314  6606  3   0  0  6606
315  3207  3   0  0  3207
316  6614  2   0  6614
317  5268  3   0  0  5268
318  3274  2   0  3274
319  3280  2   0  3280
320  2244  2   329  1915
321  6614  2   0  6614
322  6613  3   0  4973  1640
323  6608  3   0  0  6608
324  6610  2   0  6610
325  3324  2   0  3324
326  3322  2   0  3322
327  6517  3   0  0  6517
328  4524  2   0  4524
329  6610  3   0  0  6610
330  6606  2   0  6606
331  3342  2   0  3342
332  4516  2   0  4516
333  6614  2   0  6614
334  5257  4   0  0  0  5257
335  44  2   0  44
336  4517  2   0  4517
337  6606  2   0  6606
338  5580  2   0  5580
339  6614  2   0  6614
340  4032  2   0  4032
341  6614  2   0  6614
342  5665  3   0  0  5665
343  42  2   0  42
344  6614  2   0  6614
345  44  2   0  44
346  3313  4   0  0  0  3313
347  48  2   0  48
348  6612  3   0  0  6612
349  3290  3   0  0  3290
350  52  2   1  51
351  5762  3   0  0  5762
352  5799  3   0  0  5799
353  4520  2   0  4520
354  4518  2   0  4518
355  4518  2   0  4518
356  3170  3   0  1  3169
357  4516  2   522  3994
358  3231  3   0  0  3231
359  6614  3   0  0  6614
360  6614  3   0  0  6614
361  5918  2   0  5918
362  3068  3   0  0  3068
363  5803  3   0  0  5803
364  5879  4   0  0  0  5879
365  56  2   7  49
366  5811  3   0  0  5811
367  6614  2   0  6614
368  6614  2   0  6614
369  50  3   0  0  50
370  6596  2   0  6596
371  6590  2   0  6590
372  6614  3   0  0  6614
373  2556  2   0  2556
374  6614  2   0  6614
375  6582  3   0  1  6581
376  6614  2   0  6614
377  2710  2   0  2710
378  6372  3   0  0  6372
379  6614  3   0  0  6614
380  6512  2   0  6512
381  6614  2   0  6614
382  4501  3   2  0  4499

[pop]=5
1  66612  2   0  66612
2  65886  2   4  65882
3  66653  3   1  1  66651
4  66736  2   3  66733
5  47244  2   0  47244
6  66600  2   0  66600
7  66668  2   2  66666
8  66654  2   1  66653
9  66692  2   11  66681
10  44780  3   1  1  44778
11  66734  2   7  66727
12  66704  2   0  66704
13  66706  3   5  2637  64064
14  66701  3   4  52  66645
15  66440  2   0  66440
16  49542  2   4  49538
17  44576  4   1  0  0  44575
18  66711  4   2  1  3  66705
19  66712  2   2  66710
20  66716  2   0  66716
21  66724  2   0  66724
22  54155  4   4339  2  2  49812
23  66290  2   2  66288
24  66718  2   0  66718
25  66726  2   0  66726
26  49436  2   2  49434
27  66724  2   0  66724
28  66726  2   0  66726
29  66721  3   0  0  66721
30  66724  2   3  66721
31  66722  2   60  66662
32  52822  2   2  52820
33  66710  2   3  66707
34  46767  2   1  46766
35  65834  2   2  65832
36  66726  2   0  66726
37  62309  3   1  2  62306
38  65226  2   0  65226
39  66730  2   1  66729
40  66732  2   2  66730
41  66682  3   1  1  66680
42  63494  2   1  63493
43  66724  3   2  1  66721
44  64802  3   0  1  64801
45  66504  3   1  1  66502
46  66733  3   0  0  66733
47  65157  3   2  0  65155
48  11725  3   0  1  11724
49  66728  3   3  1  66724
50  66726  2   0  66726
51  66734  2   4  66730
52  65732  3   1  0  65731
53  54104  3   1  1  54102
54  53338  2   2  53336
55  66234  2   4741  61493
56  66732  2   0  66732
57  53220  2   1  53219
58  66468  2   2  66466
59  66258  3   3  1  66254
60  66710  3   515  0  66195
61  66735  3   0  4  66731
62  66394  3   3  4  66387
63  66722  2   2  66720
64  66320  2   2  66318
65  66706  3   0  1  66705
66  66704  2   61  66643
67  66732  3   0  1  66731
68  66711  3   1  0  66710
69  66690  2   0  66690
70  66732  3   0  0  66732
71  66711  3   0  3  66708
72  66694  3   0  3  66691
73  66522  3   2  0  66520
74  66588  2   7  66581
75  47000  3   1  0  46999
76  66590  2   2  66588
77  12788  2   17  12771
78  66729  3   0  1  66728
79  50458  2   0  50458
80  66700  2   30054  36646
81  66556  2   0  66556
82  66685  3   1  1  66683
83  66214  3   2  0  66212
84  12726  2   0  12726
85  66682  3   0  2  66680
86  66682  2   3  66679
87  66723  3   0  3  66720
88  46924  3   1  0  46923
89  66726  3   7290  3  59433
90  66716  2   6  66710
91  49171  3   0  1  49170
92  49058  3   1  1  49056
93  46850  2   0  46850
94  65813  3   1  0  65812
95  66720  2   2  66718
96  66641  3   1  1  66639
97  34063  4   1  4  0  34058
98  66724  2   27  66697
99  63822  2   2  63820
100  51364  2   8  51356
101  52147  3   0  0  52147
102  66726  3   0  1  66725
103  66020  3   0  0  66020
104  64508  2   48  64460
105  52692  2   2  52690
106  47275  4   2  1  0  47272
107  38105  3   0  1  38104
108  66722  2   15656  51066
109  65048  2   0  65048
110  66728  4   0  0  0  66728
111  50080  2   2  50078
112  15522  2   2  15520
113  66730  4   1  0  0  66729
114  66460  2   4  66456
115  66729  3   0  3  66726
116  16354  2   0  16354
117  53160  3   0  278  52882
118  66534  2   0  66534
119  48254  2   0  48254
120  65446  2   3  65443
121  66548  2   1  66547
122  66712  2   0  66712
123  66732  2   0  66732
124  54124  2   0  54124
125  66701  4   34  1  0  66666
126  50491  3   2  0  50489
127  59280  2   2  59278
128  18230  3   0  0  18230
129  66720  2   0  66720
130  66695  3   2  4  66689
131  50922  3   1  1  50920
132  65463  3   6  0  65457
133  54144  2   0  54144
134  66564  2   2  66562
135  66690  3   0  0  66690
136  65406  3   2  4  65400
137  54216  3   0  1  54215
138  65353  3   4  2  65347
139  66659  3   2  2  66655
140  65200  2   0  65200
141  66558  2   2  66556
142  66694  2   0  66694
143  66688  2   0  66688
144  66520  3   0  0  66520
145  66740  2   4  66736
146  66678  2   0  66678
147  66740  2   2  66738
148  49052  2   0  49052
149  49388  2   3  49385
150  13764  2   4  13760
151  63638  3   1  1  63636
152  13986  3   1  2  13983
153  66414  2   0  66414
154  66622  2   0  66622
155  61844  4   1  1  3  61839
156  18122  2   0  18122
157  15122  2   0  15122
158  66450  2   0  66450
159  61976  2   4  61972
160  66494  2   0  66494
161  66446  2   2  66444
162  66476  2   3  66473
163  62054  2   1  62053
164  66653  3   0  1  66652
165  66526  2   2  66524
166  66708  2   1  66707
167  66565  3   0  1  66564
168  66736  2   0  66736
169  66581  3   0  0  66581
170  66590  2   0  66590
171  66598  2   2  66596
172  12756  2   1  12755
173  66732  2   2  66730
174  62136  2   1  62135
175  66600  2   1  66599
176  12982  2   2  12980
177  66618  2   1  66617
178  66674  2   0  66674
179  66620  2   7  66613
180  20014  2   1  20013
181  47441  3   0  1  47440
182  66590  2   0  66590
183  47507  3   1  1  47505
184  13562  2   2  13560
185  66719  3   2  7  66710
186  61819  3   1  1  61817
187  47557  2   1  47556
188  66719  4   0  0  0  66719
189  61742  2   1  61741
190  63351  4   7  6  0  63338
191  14060  2   1  14059
192  66620  2   5  66615
193  66657  4   0  2  1  66654
194  14272  2   0  14272
195  66678  2   4  66674
196  61382  2   2  61380
197  66726  2   2  66724
198  66630  2   0  66630
199  60707  3   1  10  60696
200  66684  2   45  66639
201  14952  2   2  14950
202  25779  3   1  0  25778
203  66688  2   2  66686
204  59168  4   1  3  0  59164
205  62933  3   1  32  62900
206  15056  2   6  15050
207  66630  2   4  66626
208  27210  3   2  0  27208
209  66682  2   4  66678
210  66628  2   6  66622
211  66728  2   0  66728
212  66672  2   0  66672
213  66728  2   2  66726
214  60834  2   0  60834
215  66684  4   1  0  1  66682
216  66660  5   1  1  4  187  66467
217  66038  2   0  66038
218  31153  3   4  2  31147
219  47419  2   0  47419
220  66668  2   0  66668
221  47348  2   2  47346
222  66690  2   0  66690
223  66446  2   2  66444
224  66640  2   0  66640
225  66631  5   0  0  0  2  66629
226  63210  3   2  1  63207
227  66648  2   0  66648
228  66614  4   0  11  1  66602
229  63147  3   1  0  63146
230  63112  2   1  63111
231  66530  2   1  66529
232  34140  3   2  2  34136
233  63114  2   1  63113
234  33960  2   1  33959
235  62820  3   2  2  62816
236  66494  2   0  66494
237  65482  2   82  65400
238  62610  2   63  62547
239  66732  2   0  66732
240  66730  2   3  66727
241  66412  2   9  66403
242  66732  3   1  0  66731
243  66678  3   6  20  66652
244  47971  2   0  47971
245  66734  3   36  0  66698
246  66686  2   0  66686
247  66712  2   2  66710
248  61248  2   2  61246
249  66712  2   1  66711
250  22968  2   0  22968
251  66710  2   6  66704
252  60957  3   1  0  60956
253  66703  3   1  0  66702
254  65424  3   3  4  65417
255  22538  3   2  0  22536
256  66734  3   0  1  66733
257  65630  2   1  65629
258  65474  3   82  1  65391
259  66598  3   0  1  66597
260  66710  4   0  0  1  66709
261  65654  3   1  0  65653
262  65499  3   2  13  65484
263  59516  2   0  59516
264  47971  2   1  47970
265  66612  2   3  66609
266  66730  2   1  66729
267  66740  3   2  0  66738
268  58390  2   60  58330
269  66728  2   0  66728
270  66700  2   1  66699
271  65782  3   0  3  65779
272  55746  2   2  55744
273  66700  2   0  66700
274  21288  2   6  21282
275  53306  2   2  53304
276  20994  2   2  20992
277  66720  3   0  0  66720
278  66726  3   0  1  66725
279  66738  3   0  0  66738
280  66728  2   0  66728
281  66669  3   0  1  66668
282  65580  5   2  1  0  0  65577
283  66658  2   0  66658
284  66730  2   2  66728
285  66650  3   2  4  66644
286  65533  4   0  4  1  65528
287  65522  3   1  1  65520
288  66398  3   1  0  66397
289  36580  2   287  36293
290  66636  2   1  66635
291  47954  2   1  47953
292  66656  3   0  259  66397
293  66131  4   1  2  1  66127
294  66140  2   5  66135
295  65212  2   3  65209
296  66674  3   1  0  66673
297  31216  2   0  31216
298  65460  3   1  0  65459
299  47952  2   2  47950
300  66592  2   5  66587
301  42180  3   1  2  42177
302  66732  3   2  0  66730
303  31374  3   2  0  31372
304  65472  2   0  65472
305  43156  2   16  43140
306  66729  3   1  0  66728
307  66178  2   1  66177
308  66698  2   2  66696
309  66728  4   2  0  1  66725
310  66196  2   0  66196
311  32237  3   1  1  32235
312  66196  2   3  66193
313  66721  3   7  2  66712
314  66722  3   2  0  66720
315  32534  3   2  0  32532
316  66546  2   0  66546
317  47986  3   0  0  47986
318  33408  2   2  33406
319  33306  2   2  33304
320  17324  2   2988  14336
321  66698  2   2  66696
322  66736  3   0  52279  14457
323  66702  3   2  0  66700
324  66712  2   1  66711
325  33638  2   2  33636
326  33734  2   6  33728
327  66174  3   1  2  66171
328  47825  2   0  47825
329  66532  3   2  14  66516
330  66580  2   24  66556
331  33738  2   6  33732
332  47692  2   1  47691
333  66738  2   4  66734
334  50630  4   0  1  0  50629
335  8780  2   0  8780
336  47711  2   0  47711
337  66582  2   3  66579
338  51152  2   2  51150
339  66736  2   2  66734
340  37254  2   2  37252
341  66716  2   0  66716
342  51757  3   1  0  51756
343  8886  2   0  8886
344  66716  2   9  66707
345  8952  2   0  8952
346  33369  4   2  2  3  33362
347  9028  2   0  9028
348  66718  3   0  0  66718
349  33201  3   1  0  33200
350  9036  2   25  9011
351  52484  3   0  0  52484
352  56850  3   1  5  56844
353  47850  2   3  47847
354  47849  2   2  47847
355  47840  2   7  47833
356  31047  3   1  0  31046
357  47835  2   4100  43735
358  29303  3   1  2  29300
359  66669  3   1  1  66667
360  66738  3   1  0  66737
361  57590  2   0  57590
362  29454  3   0  1  29453
363  52394  3   18  0  52376
364  57235  4   1  0  0  57234
365  9224  2   781  8443
366  52088  3   3  0  52085
367  66648  2   0  66648
368  66736  2   0  66736
369  8822  3   0  1  8821
370  66436  2   4  66432
371  66400  2   1  66399
372  66734  3   0  0  66734
373  21742  2   1  21741
374  66734  2   3  66731
375  66275  3   0  10  66265
376  66720  2   5  66715
377  23410  2   2  23408
378  61011  3   3  0  61008
379  66725  3   0  1  66724
380  64590  2   3  64587
381  66728  2   3  66725
382  47580  3   9  1  47570

[pop]=6
1  902  2   0  902
2  878  2   0  878
3  902  3   0  0  902
4  900  2   2  898
5  607  2   0  607
6  892  2   0  892
7  904  2   0  904
8  908  2   0  908
9  906  2   0  906
10  588  3   0  0  588
11  900  2   0  900
12  908  2   0  908
13  907  3   0  43  864
14  900  3   0  8  892
15  890  2   0  890
16  664  2   0  664
17  675  4   0  0  0  675
18  900  4   0  0  0  900
19  908  2   0  908
20  906  2   0  906
21  900  2   0  900
22  715  4   65  0  0  650
23  886  2   0  886
24  908  2   0  908
25  908  2   0  908
26  716  2   0  716
27  906  2   0  906
28  900  2   0  900
29  900  3   0  0  900
30  906  2   1  905
31  900  2   0  900
32  754  2   0  754
33  900  2   0  900
34  585  2   0  585
35  862  2   0  862
36  908  2   0  908
37  822  3   0  0  822
38  830  2   0  830
39  908  2   0  908
40  900  2   0  900
41  898  3   0  0  898
42  864  2   0  864
43  908  3   0  0  908
44  856  3   0  0  856
45  904  3   0  0  904
46  900  3   0  0  900
47  862  3   0  0  862
48  279  3   0  0  279
49  908  3   0  0  908
50  908  2   0  908
51  900  2   0  900
52  876  3   0  0  876
53  748  3   0  0  748
54  744  2   0  744
55  882  2   81  801
56  908  2   0  908
57  740  2   0  740
58  902  2   0  902
59  888  3   2  0  886
60  906  3   8  0  898
61  900  3   0  0  900
62  889  3   0  0  889
63  908  2   0  908
64  890  2   0  890
65  906  3   0  0  906
66  906  2   6  900
67  908  3   0  0  908
68  908  3   0  0  908
69  906  2   0  906
70  900  3   0  0  900
71  908  3   0  0  908
72  905  3   0  0  905
73  890  3   0  0  890
74  892  2   0  892
75  595  3   0  0  595
76  894  2   0  894
77  284  2   0  284
78  908  3   0  0  908
79  706  2   0  706
80  908  2   362  546
81  892  2   0  892
82  904  3   0  0  904
83  893  3   1  0  892
84  284  2   0  284
85  906  3   0  0  906
86  904  2   0  904
87  898  3   0  0  898
88  593  3   0  0  593
89  908  3   92  0  816
90  898  2   0  898
91  700  3   0  0  700
92  700  3   0  0  700
93  585  2   0  585
94  887  3   0  0  887
95  908  2   0  908
96  898  3   0  0  898
97  469  4   0  0  0  469
98  908  2   0  908
99  824  2   0  824
100  694  2   0  694
101  700  3   0  0  700
102  908  3   0  0  908
103  882  3   0  0  882
104  834  2   0  834
105  702  2   0  702
106  651  4   0  0  0  651
107  514  3   0  0  514
108  908  2   214  694
109  848  2   0  848
110  908  4   0  0  0  908
111  680  2   0  680
112  296  2   0  296
113  908  4   0  2  0  906
114  892  2   0  892
115  908  3   0  0  908
116  300  2   0  300
117  698  3   0  1  697
118  894  2   0  894
119  610  2   0  610
120  856  2   1  855
121  894  2   0  894
122  900  2   0  900
123  900  2   0  900
124  706  2   0  706
125  900  4   2  0  0  898
126  635  3   0  0  635
127  754  2   0  754
128  332  3   0  0  332
129  908  2   0  908
130  900  3   0  0  900
131  634  3   0  0  634
132  858  3   0  0  858
133  710  2   0  710
134  894  2   0  894
135  900  3   0  0  900
136  854  3   0  0  854
137  710  3   0  0  710
138  852  3   0  0  852
139  900  3   0  0  900
140  852  2   0  852
141  894  2   0  894
142  908  2   0  908
143  906  2   0  906
144  894  3   0  0  894
145  900  2   0  900
146  906  2   2  904
147  900  2   0  900
148  644  2   0  644
149  660  2   0  660
150  224  2   0  224
151  822  3   0  0  822
152  226  3   0  0  226
153  906  2   1  905
154  908  2   0  908
155  789  4   0  0  0  789
156  332  2   0  332
157  230  2   0  230
158  882  2   0  882
159  800  2   0  800
160  906  2   0  906
161  894  2   0  894
162  886  2   0  886
163  808  2   0  808
164  908  3   0  0  908
165  906  2   0  906
166  908  2   0  908
167  908  3   0  0  908
168  900  2   0  900
169  908  3   0  0  908
170  898  2   0  898
171  908  2   0  908
172  282  2   0  282
173  900  2   0  900
174  828  2   0  828
175  908  2   0  908
176  282  2   0  282
177  898  2   0  898
178  908  2   0  908
179  908  2   0  908
180  280  2   0  280
181  611  3   0  0  611
182  892  2   0  892
183  613  3   0  0  613
184  286  2   0  286
185  908  3   0  0  908
186  809  3   0  0  809
187  618  2   1  617
188  899  4   0  0  0  899
189  808  2   0  808
190  839  4   0  1  0  838
191  292  2   0  292
192  892  2   0  892
193  908  4   0  0  0  908
194  290  2   0  290
195  900  2   0  900
196  800  2   0  800
197  908  2   0  908
198  896  2   0  896
199  786  3   0  0  786
200  900  2   0  900
201  300  2   0  300
202  343  3   0  0  343
203  898  2   0  898
204  763  4   0  0  0  763
205  830  3   0  0  830
206  300  2   0  300
207  896  2   0  896
208  360  3   0  0  360
209  908  2   0  908
210  896  2   1  895
211  908  2   0  908
212  898  2   0  898
213  908  2   1  907
214  798  2   0  798
215  908  4   0  0  0  908
216  900  5   0  0  0  0  900
217  876  2   0  876
218  393  3   0  0  393
219  610  2   0  610
220  908  2   0  908
221  606  2   0  606
222  908  2   0  908
223  888  2   1  887
224  908  2   0  908
225  898  5   0  0  0  0  898
226  869  3   0  0  869
227  908  2   0  908
228  898  4   0  0  0  898
229  871  3   0  0  871
230  872  2   0  872
231  892  2   0  892
232  396  3   0  0  396
233  872  2   0  872
234  404  2   0  404
235  870  3   0  0  870
236  908  2   0  908
237  862  2   0  862
238  862  2   1  861
239  908  2   0  908
240  908  2   0  908
241  904  2   0  904
242  908  3   0  0  908
243  906  3   0  0  906
244  633  2   0  633
245  908  3   0  0  908
246  906  2   0  906
247  900  2   0  900
248  858  2   0  858
249  900  2   0  900
250  388  2   0  388
251  900  2   0  900
252  855  3   0  0  855
253  906  3   0  0  906
254  872  3   0  0  872
255  384  3   0  0  384
256  908  3   0  0  908
257  864  2   0  864
258  875  3   0  0  875
259  904  3   0  0  904
260  906  4   0  0  0  906
261  864  3   0  0  864
262  878  3   0  1  877
263  826  2   0  826
264  633  2   0  633
265  904  2   0  904
266  908  2   0  908
267  900  3   0  0  900
268  810  2   6  804
269  908  2   0  908
270  900  2   0  900
271  877  3   0  0  877
272  782  2   0  782
273  900  2   0  900
274  382  2   0  382
275  756  2   0  756
276  382  2   0  382
277  908  3   0  0  908
278  908  3   0  0  908
279  900  3   0  0  900
280  908  2   0  908
281  900  3   0  0  900
282  867  5   2  0  0  0  865
283  900  2   0  900
284  908  2   0  908
285  900  3   0  0  900
286  867  4   0  0  0  867
287  869  3   0  0  869
288  886  3   0  0  886
289  518  2   3  515
290  906  2   0  906
291  632  2   0  632
292  906  3   0  2  904
293  887  4   0  0  0  887
294  888  2   0  888
295  868  2   0  868
296  906  3   0  0  906
297  466  2   0  466
298  873  3   0  0  873
299  632  2   0  632
300  894  2   0  894
301  596  3   0  0  596
302  908  3   0  0  908
303  468  3   0  0  468
304  874  2   0  874
305  620  2   0  620
306  906  3   0  0  906
307  888  2   0  888
308  906  2   0  906
309  906  4   0  0  0  906
310  888  2   0  888
311  475  3   0  0  475
312  888  2   0  888
313  906  3   0  0  906
314  906  3   1  0  905
315  482  3   0  0  482
316  906  2   0  906
317  688  3   0  0  688
318  486  2   0  486
319  486  2   0  486
320  342  2   55  287
321  898  2   0  898
322  907  3   0  715  192
323  908  3   0  0  908
324  908  2   0  908
325  492  2   0  492
326  494  2   1  493
327  888  3   0  0  888
328  631  2   0  631
329  902  3   0  2  900
330  906  2   0  906
331  490  2   0  490
332  627  2   0  627
333  908  2   0  908
334  679  4   0  0  0  679
335  182  2   1  181
336  628  2   0  628
337  906  2   0  906
338  730  2   0  730
339  908  2   0  908
340  556  2   0  556
341  900  2   0  900
342  738  3   0  0  738
343  184  2   0  184
344  900  2   0  900
345  184  2   0  184
346  475  4   0  0  0  475
347  190  2   0  190
348  900  3   0  0  900
349  472  3   0  0  472
350  190  2   1  189
351  742  3   0  0  742
352  760  3   0  0  760
353  628  2   0  628
354  628  2   0  628
355  629  2   0  629
356  436  3   0  0  436
357  630  2   52  578
358  458  3   0  0  458
359  896  3   0  0  896
360  908  3   0  0  908
361  766  2   0  766
362  417  3   0  0  417
363  732  3   1  0  731
364  761  4   0  0  0  761
365  190  2   27  163
366  717  3   0  0  717
367  904  2   0  904
368  908  2   0  908
369  184  3   0  0  184
370  904  2   0  904
371  902  2   0  902
372  908  3   0  0  908
373  366  2   0  366
374  908  2   0  908
375  898  3   0  0  898
376  898  2   8  890
377  314  2   0  314
378  852  3   0  0  852
379  898  3   0  0  898
380  864  2   0  864
381  898  2   0  898
382  625  3   0  0  625

[pop]=7
1  16498  2   0  16498
2  14052  2   0  14052
3  16507  3   0  0  16507
4  16508  2   38  16470
5  8385  2   2  8383
6  16390  2   0  16390
7  16510  2   0  16510
8  16494  2   0  16494
9  16510  2   0  16510
10  13230  3   0  0  13230
11  16508  2   0  16508
12  16510  2   0  16510
13  16512  3   0  471  16041
14  16498  3   0  23  16475
15  15964  2   0  15964
16  13874  2   0  13874
17  12602  4   0  0  1  12601
18  16506  4   0  0  0  16506
19  16506  2   0  16506
20  16510  2   2  16508
21  16504  2   0  16504
22  14539  4   1019  0  0  13520
23  15344  2   0  15344
24  16510  2   0  16510
25  16512  2   0  16512
26  13350  2   0  13350
27  16510  2   0  16510
28  16512  2   0  16512
29  16504  3   0  0  16504
30  16510  2   0  16510
31  16504  2   0  16504
32  13858  2   0  13858
33  16498  2   1  16497
34  7099  2   1  7098
35  13966  2   0  13966
36  16512  2   0  16512
37  15755  3   0  0  15755
38  12544  2   3  12541
39  16512  2   0  16512
40  16512  2   0  16512
41  16445  3   0  0  16445
42  15484  2   0  15484
43  16510  3   0  0  16510
44  16180  3   8  0  16172
45  16456  3   0  0  16456
46  16512  3   0  0  16512
47  16249  3   1  2  16246
48  8038  3   1  0  8037
49  16512  3   0  0  16512
50  16512  2   0  16512
51  16512  2   0  16512
52  16368  3   0  0  16368
53  13975  3   0  0  13975
54  13872  2   2  13870
55  16442  2   1216  15226
56  16510  2   0  16510
57  13834  2   0  13834
58  16456  2   0  16456
59  16242  3   10  0  16232
60  16510  3   71  0  16439
61  16509  3   1  0  16508
62  16467  3   0  1  16466
63  16510  2   11  16499
64  16274  2   0  16274
65  16510  3   1  0  16509
66  16510  2   2  16508
67  16511  3   0  0  16511
68  16507  3   0  0  16507
69  16508  2   0  16508
70  16510  3   1  2  16507
71  16506  3   0  1  16505
72  16508  3   0  1  16507
73  16389  3   0  0  16389
74  16490  2   1  16489
75  7120  3   0  0  7120
76  16494  2   0  16494
77  8126  2   0  8126
78  16512  3   8  0  16504
79  13304  2   0  13304
80  16484  2   5112  11372
81  16408  2   0  16408
82  16508  3   0  0  16508
83  16388  3   0  0  16388
84  8120  2   0  8120
85  16462  3   0  3  16459
86  16508  2   0  16508
87  16491  3   0  0  16491
88  7029  3   0  7  7022
89  16512  3   323  1  16188
90  16488  2   1  16487
91  13156  3   1  0  13155
92  13136  3   0  0  13136
93  6925  2   0  6925
94  16173  3   3  2  16168
95  16510  2   0  16510
96  16499  3   0  0  16499
97  10219  4   0  0  0  10219
98  16508  2   0  16508
99  14732  2   0  14732
100  12474  2   0  12474
101  12578  3   0  1  12577
102  16508  3   2  0  16506
103  16159  3   1  0  16158
104  14998  2   0  14998
105  12690  2   0  12690
106  11337  4   0  0  0  11337
107  10749  3   1  0  10748
108  16510  2   4117  12393
109  15222  2   9  15213
110  16512  4   5  0  0  16507
111  11724  2   0  11724
112  8326  2   0  8326
113  16512  4   0  0  0  16512
114  16308  2   0  16308
115  16512  3   0  0  16512
116  8394  2   7  8387
117  12170  3   0  32  12138
118  16336  2   0  16336
119  11870  2   0  11870
120  15456  2   564  14892
121  16342  2   32  16310
122  16510  2   0  16510
123  16510  2   2  16508
124  12350  2   0  12350
125  16510  4   0  1  0  16509
126  12081  3   0  1  12080
127  13672  2   0  13672
128  8536  3   0  6  8530
129  16510  2   0  16510
130  16510  3   0  0  16510
131  12118  3   0  0  12118
132  15427  3   0  0  15427
133  12416  2   46  12370
134  16324  2   0  16324
135  16510  3   1  0  16509
136  15409  3   0  0  15409
137  12438  3   0  0  12438
138  15366  3   0  0  15366
139  16503  3   0  0  16503
140  15308  2   0  15308
141  16332  2   0  16332
142  16502  2   0  16502
143  16510  2   0  16510
144  16321  3   0  0  16321
145  16512  2   0  16512
146  16510  2   0  16510
147  16512  2   0  16512
148  11764  2   0  11764
149  11740  2   0  11740
150  8202  2   0  8202
151  14850  3   0  0  14850
152  8230  3   0  0  8230
153  16470  2   0  16470
154  16492  2   0  16492
155  14180  4   0  0  2  14178
156  8484  2   0  8484
157  8296  2   0  8296
158  15964  2   0  15964
159  14220  2   0  14220
160  16484  2   0  16484
161  15750  2   0  15750
162  16064  2   0  16064
163  14230  2   1  14229
164  16498  3   1  0  16497
165  16490  2   0  16490
166  16510  2   0  16510
167  16494  3   0  0  16494
168  16512  2   0  16512
169  16497  3   1  0  16496
170  16130  2   0  16130
171  16498  2   0  16498
172  8074  2   8  8066
173  16512  2   0  16512
174  14890  2   0  14890
175  16496  2   0  16496
176  8086  2   0  8086
177  16270  2   0  16270
178  16504  2   0  16504
179  16500  2   0  16500
180  8688  2   1  8687
181  8598  3   0  0  8598
182  16374  2   0  16374
183  8760  3   0  0  8760
184  8134  2   0  8134
185  16510  3   0  0  16510
186  14235  3   0  0  14235
187  9016  2   0  9016
188  16510  4   0  0  0  16510
189  14218  2   0  14218
190  15208  4   3  1  0  15204
191  8158  2   0  8158
192  16442  2   0  16442
193  16500  4   1  0  0  16499
194  8184  2   3  8181
195  16450  2   0  16450
196  14166  2   0  14166
197  16510  2   0  16510
198  16468  2   3  16465
199  14002  3   0  0  14002
200  16480  2   0  16480
201  8226  2   0  8226
202  9392  3   0  9  9383
203  16486  2   0  16486
204  13609  4   1  0  0  13608
205  15193  3   1  0  15192
206  8238  2   0  8238
207  16482  2   0  16482
208  9582  3   0  1  9581
209  16510  2   0  16510
210  16482  2   1  16481
211  16512  2   2  16510
212  16446  2   2  16444
213  16512  2   0  16512
214  14814  2   0  14814
215  16508  4   1  0  0  16507
216  16482  5   1  0  0  133  16348
217  15970  2   2  15968
218  10131  3   0  0  10131
219  8879  2   5  8874
220  16504  2   26  16478
221  8719  2   71  8648
222  16510  2   1  16509
223  16282  2   1  16281
224  16504  2   0  16504
225  16344  5   0  1  0  0  16343
226  15026  3   0  2  15024
227  16502  2   3  16499
228  16282  4   2  1  1  16278
229  15001  3   0  0  15001
230  14972  2   8  14964
231  16072  2   0  16072
232  10575  3   1  0  10574
233  14970  2   0  14970
234  10542  2   2  10540
235  14860  3   0  0  14860
236  16466  2   0  16466
237  15970  2   1  15969
238  14816  2   0  14816
239  16510  2   0  16510
240  16510  2   0  16510
241  16410  2   4  16406
242  16510  3   0  0  16510
243  16512  3   7  0  16505
244  10120  2   0  10120
245  16510  3   4  1  16505
246  16512  2   0  16512
247  16508  2   0  16508
248  14474  2   2  14472
249  16508  2   2  16506
250  9124  2   5  9119
251  16494  2   0  16494
252  14405  3   0  0  14405
253  16512  3   0  1  16511
254  16492  3   0  3  16489
255  9078  3   0  1  9077
256  16510  3   1  0  16509
257  15966  2   1  15965
258  16497  3   0  0  16497
259  16472  3   9  0  16463
260  16512  4   3  0  0  16509
261  15966  3   0  1  15965
262  16498  3   0  1  16497
263  14058  2   0  14058
264  10123  2   1  10122
265  16480  2   0  16480
266  16510  2   0  16510
267  16512  3   0  0  16512
268  13840  2   2  13838
269  16510  2   0  16510
270  16492  2   0  16492
271  16504  3   1  0  16503
272  13308  2   0  13308
273  16492  2   3  16489
274  9002  2   0  9002
275  12760  2   1  12759
276  8986  2   0  8986
277  16510  3   0  1  16509
278  16512  3   1  0  16511
279  16512  3   0  0  16512
280  16512  2   0  16512
281  16420  3   1  0  16419
282  15943  5   114  0  0  1  15828
283  16402  2   0  16402
284  16512  2   0  16512
285  16388  3   0  0  16388
286  15935  4   1  0  0  15934
287  15910  3   0  1  15909
288  16151  3   0  0  16151
289  8770  2   5  8765
290  16488  2   0  16488
291  10119  2   2  10117
292  16497  3   1  3  16493
293  16506  4   0  0  0  16506
294  16506  2   1  16505
295  13828  2   0  13828
296  16507  3   0  0  16507
297  9278  2   2  9276
298  15932  3   0  0  15932
299  10118  2   0  10118
300  16444  2   0  16444
301  10634  3   4  0  10630
302  16512  3   0  0  16512
303  9307  3   0  0  9307
304  15944  2   0  15944
305  10954  2   0  10954
306  16512  3   0  2  16510
307  16508  2   2  16506
308  16510  2   0  16510
309  16512  4   0  0  0  16512
310  16508  2   0  16508
311  9430  3   0  0  9430
312  16508  2   0  16508
313  16512  3   0  0  16512
314  16512  3   0  1  16511
315  9468  3   0  1  9467
316  16294  2   2  16292
317  12096  3   1  0  12095
318  9664  2   0  9664
319  9644  2   1  9643
320  8502  2   771  7731
321  16512  2   0  16512
322  16512  3   0  10463  6049
323  16506  3   0  0  16506
324  16506  2   0  16506
325  9690  2   0  9690
326  9716  2   0  9716
327  16508  3   0  0  16508
328  10087  2   0  10087
329  16262  3   0  0  16262
330  16500  2   0  16500
331  9704  2   0  9704
332  9719  2   0  9719
333  16512  2   0  16512
334  12047  4   2  12  1  12032
335  7758  2   2  7756
336  9763  2   0  9763
337  16500  2   0  16500
338  12538  2   0  12538
339  16512  2   0  16512
340  10706  2   0  10706
341  16512  2   0  16512
342  12598  3   0  0  12598
343  7808  2   3  7805
344  16512  2   0  16512
345  7838  2   2  7836
346  9600  4   0  0  0  9600
347  7898  2   22  7876
348  16510  3   1  0  16509
349  9514  3   0  3  9511
350  7896  2   95  7801
351  12562  3   0  1  12561
352  12938  3   0  0  12938
353  10013  2   1  10012
354  10015  2   0  10015
355  10017  2   0  10017
356  8456  3   0  0  8456
357  10020  2   265  9755
358  9782  3   0  0  9782
359  16452  3   0  0  16452
360  16512  3   0  1  16511
361  12906  2   2  12904
362  7816  3   1  1  7814
363  11590  3   2  1  11587
364  12788  4   0  1  0  12787
365  7932  2   1194  6738
366  11015  3   0  0  11015
367  16494  2   0  16494
368  16512  2   0  16512
369  7916  3   1  55  7860
370  16404  2   0  16404
371  16366  2   0  16366
372  16512  3   0  0  16512
373  8996  2   0  8996
374  16512  2   0  16512
375  16249  3   0  0  16249
376  16506  2   21  16485
377  4450  2   0  4450
378  15204  3   0  0  15204
379  16510  3   0  0  16510
380  15818  2   0  15818
381  16510  2   0  16510
382  9894  3   0  0  9894

