[loci]=103

[populations]=7

[pop]=1
1  10406  2   0  10406
2  2228  3   0  0  2228
3  3544  2   0  3544
4  10406  2   0  10406
5  8446  2   3  8443
6  10290  3   0  0  10290
7  9746  2   0  9746
8  10406  2   0  10406
9  10406  2   0  10406
10  8387  2   0  8387
11  10332  2   1  10331
12  10404  2   0  10404
13  9772  2   0  9772
14  8280  2   0  8280
15  10386  2   1  10385
16  10406  2   0  10406
17  8228  3   0  0  8228
18  9788  2   2  9786
19  10406  2   0  10406
20  10380  2   0  10380
21  10378  2   2  10376
22  10404  2   0  10404
23  10383  3   0  0  10383
24  10342  2   0  10342
25  10380  3   0  0  10380
26  10406  3   0  0  10406
27  10390  2   0  10390
28  9794  2   1  9793
29  10336  2   0  10336
30  10396  4   1  0  0  10395
31  9796  3   0  0  9796
32  10340  2   6  10334
33  10396  3   1  1  10394
34  9802  2   0  9802
35  10395  3   0  0  10395
36  10404  2   0  10404
37  10404  2   0  10404
38  10368  2   0  10368
39  10368  2   0  10368
40  10404  2   38  10366
41  6184  2   0  6184
42  9798  2   0  9798
43  9036  3   0  0  9036
44  9799  3   6  0  9793
45  8138  3   0  0  8138
46  9145  3   1  0  9144
47  8145  2   0  8145
48  10406  2   0  10406
49  8518  2   7  8511
50  10388  2   2  10386
51  9795  4   0  0  2  9793
52  10362  3   1  0  10361
53  10406  2   0  10406
54  9798  3   0  0  9798
55  10406  2   0  10406
56  7270  2   0  7270
57  8382  3   0  0  8382
58  10406  2   0  10406
59  9802  2   0  9802
60  9150  2   9  9141
61  10406  2   0  10406
62  9802  2   0  9802
63  8389  4   0  0  0  8389
64  10404  2   0  10404
65  10404  2   0  10404
66  8398  2   0  8398
67  10406  2   0  10406
68  9932  3   0  0  9932
69  10382  3   0  1  10381
70  10406  2   0  10406
71  10246  2   0  10246
72  10406  2   0  10406
73  10404  2   0  10404
74  10404  2   1  10403
75  10127  3   0  0  10127
76  10406  2   0  10406
77  10370  2   21  10349
78  8412  2   107  8305
79  10376  2   0  10376
80  7764  2   6  7758
81  9802  2   0  9802
82  8410  2   0  8410
83  9802  2   0  9802
84  8409  2   1  8408
85  9002  3   0  0  9002
86  10386  2   1  10385
87  10400  2   3  10397
88  7606  4   0  0  0  7606
89  7593  3   0  0  7593
90  10399  3   0  0  10399
91  10350  3   0  0  10350
92  7520  2   0  7520
93  7468  2   0  7468
94  9792  2   0  9792
95  10404  3   0  0  10404
96  10404  3   0  0  10404
97  10154  2   0  10154
98  10402  2   59  10343
99  8375  3   0  0  8375
100  9800  2   0  9800
101  10394  2   1  10393
102  10402  4   0  0  6  10396
103  10406  2   0  10406

[pop]=2
1  11494  2   0  11494
2  470  3   0  0  470
3  4728  2   0  4728
4  11494  2   0  11494
5  9323  2   0  9323
6  11549  3   1  1  11547
7  11528  2   0  11528
8  11496  2   0  11496
9  11498  2   2  11496
10  9323  2   0  9323
11  11562  2   0  11562
12  11550  2   1  11549
13  11550  2   0  11550
14  9323  2   0  9323
15  11556  2   0  11556
16  11514  2   0  11514
17  9322  3   0  0  9322
18  11562  2   0  11562
19  11512  2   0  11512
20  11578  2   0  11578
21  11558  2   0  11558
22  11552  2   0  11552
23  11578  3   0  0  11578
24  11562  2   0  11562
25  11557  3   0  0  11557
26  11521  3   0  0  11521
27  11564  2   0  11564
28  11562  2   0  11562
29  11562  2   0  11562
30  11576  4   0  1  8  11567
31  11566  3   0  0  11566
32  11550  2   3  11547
33  11576  3   0  0  11576
34  11564  2   0  11564
35  11570  3   0  0  11570
36  11578  2   0  11578
37  11560  2   0  11560
38  11548  2   1  11547
39  11548  2   0  11548
40  11566  2   4  11562
41  6680  2   3  6677
42  11576  2   63  11513
43  10308  3   0  0  10308
44  11574  3   9  0  11565
45  9318  3   0  0  9318
46  10527  3   0  0  10527
47  9317  2   0  9317
48  11578  2   0  11578
49  8310  2   6  8304
50  11576  2   0  11576
51  11565  4   0  2  0  11563
52  11545  3   0  4  11541
53  11578  2   0  11578
54  11574  3   1  0  11573
55  11556  2   0  11556
56  8634  2   0  8634
57  9316  3   0  0  9316
58  11578  2   0  11578
59  11572  2   0  11572
60  9482  2   0  9482
61  11578  2   0  11578
62  11574  2   0  11574
63  9316  4   0  0  0  9316
64  11578  2   0  11578
65  11578  2   0  11578
66  9316  2   0  9316
67  11576  2   0  11576
68  10902  3   1  0  10901
69  11570  3   0  0  11570
70  11554  2   0  11554
71  11532  2   0  11532
72  11556  2   0  11556
73  11578  2   0  11578
74  11576  2   2  11574
75  11184  3   0  0  11184
76  11576  2   0  11576
77  11514  2   2  11512
78  9315  2   3  9312
79  11526  2   0  11526
80  9220  2   1  9219
81  11574  2   4  11570
82  9316  2   0  9316
83  11574  2   0  11574
84  9318  2   0  9318
85  10142  3   0  0  10142
86  11530  2   1  11529
87  11576  2   0  11576
88  8862  4   0  1  0  8861
89  8829  3   0  0  8829
90  11531  3   0  0  11531
91  11506  3   1  0  11505
92  8618  2   0  8618
93  8490  2   1  8489
94  11570  2   0  11570
95  11541  3   1  0  11540
96  11568  3   0  0  11568
97  11520  2   0  11520
98  11576  2   6  11570
99  9319  3   0  1  9318
100  11566  2   0  11566
101  11556  2   0  11556
102  11578  4   0  0  0  11578
103  11570  2   0  11570

[pop]=3
1  8652  2   0  8652
2  642  3   0  0  642
3  3924  2   0  3924
4  8652  2   0  8652
5  6638  2   0  6638
6  8634  3   0  0  8634
7  8596  2   2  8594
8  8652  2   0  8652
9  8652  2   0  8652
10  6638  2   0  6638
11  8648  2   0  8648
12  8652  2   0  8652
13  8626  2   0  8626
14  6638  2   0  6638
15  8650  2   1  8649
16  8654  2   0  8654
17  6638  3   0  1  6637
18  8626  2   0  8626
19  8654  2   0  8654
20  8650  2   1  8649
21  8646  2   0  8646
22  8654  2   1  8653
23  8650  3   0  0  8650
24  8648  2   0  8648
25  8646  3   0  0  8646
26  8654  3   0  0  8654
27  8652  2   0  8652
28  8626  2   0  8626
29  8648  2   0  8648
30  8652  4   0  0  0  8652
31  8626  3   1  0  8625
32  8642  2   0  8642
33  8652  3   0  0  8652
34  8604  2   0  8604
35  8654  3   0  0  8654
36  8652  2   0  8652
37  8654  2   0  8654
38  8642  2   0  8642
39  8642  2   1  8641
40  8654  2   0  8654
41  5854  2   0  5854
42  8626  2   0  8626
43  8125  3   0  0  8125
44  8626  3   0  0  8626
45  6635  3   0  0  6635
46  8241  3   0  0  8241
47  6635  2   0  6635
48  8654  2   0  8654
49  6614  2   0  6614
50  8654  2   0  8654
51  8599  4   0  0  0  8599
52  8642  3   0  0  8642
53  8654  2   0  8654
54  8626  3   0  1  8625
55  8654  2   0  8654
56  7286  2   0  7286
57  6630  3   0  0  6630
58  8654  2   0  8654
59  8626  2   0  8626
60  7316  2   0  7316
61  8654  2   2  8652
62  8626  2   2  8624
63  6629  4   0  0  0  6629
64  8654  2   0  8654
65  8654  2   0  8654
66  6628  2   0  6628
67  8654  2   0  8654
68  8250  3   0  0  8250
69  8642  3   0  0  8642
70  8654  2   0  8654
71  8618  2   0  8618
72  8654  2   0  8654
73  8654  2   1  8653
74  8654  2   28  8626
75  8426  3   1  0  8425
76  8654  2   0  8654
77  8648  2   0  8648
78  6629  2   0  6629
79  8650  2   1  8649
80  7638  2   0  7638
81  8626  2   0  8626
82  6629  2   22  6607
83  8626  2   0  8626
84  6627  2   0  6627
85  7912  3   0  0  7912
86  8650  2   0  8650
87  8654  2   0  8654
88  7428  4   0  0  0  7428
89  7411  3   0  0  7411
90  8654  3   0  0  8654
91  8628  3   0  0  8628
92  7246  2   0  7246
93  7192  2   0  7192
94  8622  2   0  8622
95  8654  3   0  1  8653
96  8654  3   0  0  8654
97  8608  2   0  8608
98  8652  2   0  8652
99  6634  3   0  0  6634
100  8626  2   0  8626
101  8652  2   0  8652
102  8650  4   0  0  2  8648
103  8654  2   0  8654

[pop]=4
1  6612  2   0  6612
2  138  3   0  0  138
3  2672  2   0  2672
4  6612  2   0  6612
5  4530  2   0  4530
6  6614  3   0  0  6614
7  6596  2   0  6596
8  6612  2   0  6612
9  6612  2   0  6612
10  4530  2   0  4530
11  6614  2   2  6612
12  6614  2   0  6614
13  6606  2   0  6606
14  4530  2   0  4530
15  6610  2   0  6610
16  6612  2   1  6611
17  4530  3   0  1  4529
18  6612  2   0  6612
19  6612  2   0  6612
20  6614  2   0  6614
21  6610  2   0  6610
22  6614  2   0  6614
23  6614  3   0  0  6614
24  6614  2   0  6614
25  6610  3   0  0  6610
26  6614  3   0  0  6614
27  6592  2   0  6592
28  6612  2   0  6612
29  6614  2   0  6614
30  6612  4   0  0  0  6612
31  6612  3   0  0  6612
32  6614  2   0  6614
33  6614  3   0  0  6614
34  6612  2   0  6612
35  6602  3   0  0  6602
36  6614  2   0  6614
37  6614  2   0  6614
38  6604  2   0  6604
39  6604  2   0  6604
40  6614  2   0  6614
41  3506  2   0  3506
42  6614  2   0  6614
43  6398  3   0  0  6398
44  6614  3   0  0  6614
45  4529  3   0  0  4529
46  6453  3   0  0  6453
47  4530  2   0  4530
48  6614  2   0  6614
49  5356  2   0  5356
50  6614  2   0  6614
51  6614  4   0  0  0  6614
52  6614  3   0  0  6614
53  6614  2   6  6608
54  6614  3   0  0  6614
55  6614  2   0  6614
56  4432  2   0  4432
57  4529  3   0  0  4529
58  6614  2   0  6614
59  6614  2   0  6614
60  5816  2   0  5816
61  6612  2   0  6612
62  6614  2   0  6614
63  4529  4   0  0  0  4529
64  6612  2   0  6612
65  6614  2   0  6614
66  4528  2   0  4528
67  6614  2   0  6614
68  6374  3   0  0  6374
69  6612  3   0  0  6612
70  6614  2   0  6614
71  6614  2   0  6614
72  6614  2   0  6614
73  6614  2   0  6614
74  6614  2   0  6614
75  6483  3   0  0  6483
76  6614  2   0  6614
77  6600  2   0  6600
78  4529  2   0  4529
79  6604  2   0  6604
80  4874  2   0  4874
81  6614  2   0  6614
82  4529  2   0  4529
83  6614  2   0  6614
84  4528  2   0  4528
85  6332  3   0  0  6332
86  6602  2   0  6602
87  6614  2   0  6614
88  4736  4   0  0  0  4736
89  4720  3   0  0  4720
90  6608  3   0  0  6608
91  6600  3   0  0  6600
92  4634  2   0  4634
93  4568  2   0  4568
94  6614  2   0  6614
95  6608  3   0  0  6608
96  6604  3   0  0  6604
97  6612  2   0  6612
98  6614  2   0  6614
99  4529  3   0  0  4529
100  6612  2   0  6612
101  6612  2   0  6612
102  6614  4   0  0  0  6614
103  6614  2   0  6614

[pop]=5
1  66730  2   2  66728
2  5590  3   2  0  5588
3  32188  2   3  32185
4  66724  2   2  66722
5  47992  2   0  47992
6  66461  3   0  0  66461
7  66424  2   0  66424
8  66722  2   2  66720
9  66726  2   0  66726
10  47991  2   2  47989
11  66602  2   29  66573
12  66714  2   1  66713
13  66626  2   6  66620
14  47989  2   2  47987
15  66662  2   0  66662
16  66734  2   0  66734
17  47984  3   1  0  47983
18  66694  2   0  66694
19  66732  2   0  66732
20  66710  2   1  66709
21  66676  2   0  66676
22  66730  2   0  66730
23  66714  3   1  0  66713
24  66586  2   0  66586
25  66677  3   1  0  66676
26  66725  3   0  14  66711
27  66690  2   13  66677
28  66718  2   4  66714
29  66564  2   0  66564
30  66727  4   5  1  1  66720
31  66714  3   0  1  66713
32  66536  2   1  66535
33  66730  3   0  0  66730
34  66702  2   4  66698
35  66706  3   1  2  66703
36  66726  2   2  66724
37  66734  2   5  66729
38  66634  2   6  66628
39  66630  2   8  66622
40  66734  2   1  66733
41  40628  2   0  40628
42  66724  2   0  66724
43  62157  3   1  1  62155
44  66723  3   0  2  66721
45  47948  3   0  0  47948
46  62974  3   0  1  62973
47  47944  2   2  47942
48  66732  2   4  66728
49  51734  2   11  51723
50  66734  2   2  66732
51  66448  4   1  0  0  66447
52  65674  3   0  0  65674
53  66734  2   0  66734
54  66730  3   1  0  66729
55  66720  2   2  66718
56  49666  2   4  49662
57  47963  3   1  2  47960
58  66736  2   2  66734
59  66732  2   2  66730
60  56792  2   2  56790
61  66736  2   0  66736
62  66732  2   0  66732
63  47963  4   1  1  1  47960
64  66736  2   3  66733
65  66620  2   5  66615
66  47961  2   1  47960
67  66734  2   11  66723
68  63352  3   0  0  63352
69  66688  3   0  0  66688
70  66736  2   2  66734
71  66306  2   13  66293
72  66738  2   4  66734
73  66684  2   2  66682
74  66732  2   0  66732
75  64815  3   0  1  64814
76  66732  2   2  66730
77  66658  2   0  66658
78  47964  2   3  47961
79  66672  2   2  66670
80  53190  2   0  53190
81  66734  2   1  66733
82  47962  2   0  47962
83  66734  2   0  66734
84  47965  2   1  47964
85  61616  3   0  1  61615
86  66698  2   7  66691
87  66710  2   0  66710
88  51906  4   1  1  1  51903
89  51769  3   0  1  51768
90  66714  3   1  0  66713
91  66442  3   0  0  66442
92  50770  2   2  50768
93  50280  2   2  50278
94  66676  2   2  66674
95  66724  3   0  0  66724
96  66681  3   2  1  66678
97  66138  2   9  66129
98  66704  2   0  66704
99  47963  3   1  0  47962
100  66702  2   3  66699
101  66680  2   3  66677
102  66722  4   0  1  5  66716
103  66740  2   7  66733

[pop]=6
1  906  2   0  906
2  72  3   0  0  72
3  274  2   0  274
4  906  2   0  906
5  633  2   0  633
6  906  3   0  0  906
7  894  2   0  894
8  908  2   0  908
9  908  2   0  908
10  633  2   0  633
11  908  2   0  908
12  908  2   0  908
13  896  2   0  896
14  631  2   0  631
15  906  2   0  906
16  908  2   0  908
17  630  3   0  0  630
18  898  2   0  898
19  908  2   0  908
20  908  2   0  908
21  904  2   0  904
22  908  2   0  908
23  908  3   0  0  908
24  906  2   0  906
25  905  3   0  0  905
26  908  3   0  0  908
27  908  2   0  908
28  898  2   2  896
29  904  2   0  904
30  908  4   0  0  0  908
31  898  3   0  0  898
32  904  2   0  904
33  908  3   0  0  908
34  900  2   0  900
35  906  3   0  0  906
36  908  2   0  908
37  908  2   0  908
38  906  2   0  906
39  906  2   0  906
40  908  2   1  907
41  590  2   0  590
42  900  2   0  900
43  815  3   0  0  815
44  900  3   0  0  900
45  630  3   0  0  630
46  830  3   0  0  830
47  631  2   0  631
48  908  2   0  908
49  726  2   1  725
50  908  2   0  908
51  895  4   0  0  0  895
52  858  3   0  0  858
53  908  2   0  908
54  900  3   0  0  900
55  908  2   0  908
56  688  2   0  688
57  633  3   0  0  633
58  908  2   0  908
59  900  2   0  900
60  790  2   0  790
61  908  2   0  908
62  900  2   0  900
63  633  4   0  0  0  633
64  908  2   0  908
65  902  2   0  902
66  633  2   0  633
67  908  2   0  908
68  856  3   0  0  856
69  908  3   0  0  908
70  908  2   0  908
71  898  2   1  897
72  908  2   0  908
73  906  2   0  906
74  908  2   0  908
75  878  3   0  0  878
76  908  2   0  908
77  908  2   0  908
78  633  2   0  633
79  908  2   0  908
80  724  2   0  724
81  900  2   0  900
82  633  2   0  633
83  900  2   0  900
84  633  2   0  633
85  826  3   0  0  826
86  908  2   1  907
87  906  2   0  906
88  718  4   0  0  0  718
89  719  3   0  0  719
90  908  3   0  0  908
91  902  3   0  0  902
92  712  2   0  712
93  712  2   0  712
94  900  2   0  900
95  908  3   0  0  908
96  908  3   0  0  908
97  892  2   0  892
98  906  2   0  906
99  633  3   0  0  633
100  898  2   0  898
101  904  2   0  904
102  908  4   0  0  0  908
103  908  2   0  908

[pop]=7
1  16508  2   0  16508
2  892  3   0  0  892
3  3710  2   0  3710
4  16508  2   0  16508
5  10125  2   0  10125
6  16493  3   0  0  16493
7  16486  2   0  16486
8  16510  2   0  16510
9  16510  2   0  16510
10  10125  2   0  10125
11  16504  2   0  16504
12  16506  2   0  16506
13  16508  2   0  16508
14  10125  2   0  10125
15  16512  2   0  16512
16  16512  2   1  16511
17  10124  3   0  0  10124
18  16510  2   0  16510
19  16512  2   3  16509
20  16510  2   0  16510
21  16490  2   0  16490
22  16510  2   2  16508
23  16510  3   0  1  16509
24  16492  2   2  16490
25  16492  3   0  2  16490
26  16512  3   1  0  16511
27  16510  2   26  16484
28  16510  2   76  16434
29  16492  2   5  16487
30  16508  4   0  0  0  16508
31  16510  3   0  0  16510
32  16480  2   1  16479
33  16508  3   0  0  16508
34  16504  2   0  16504
35  16511  3   0  0  16511
36  16512  2   0  16512
37  16510  2   0  16510
38  16494  2   15  16479
39  16488  2   1  16487
40  16510  2   0  16510
41  12046  2   0  12046
42  16512  2   0  16512
43  14192  3   0  0  14192
44  16512  3   6  0  16506
45  10120  3   2  1  10117
46  14398  3   0  0  14398
47  10119  2   0  10119
48  16512  2   0  16512
49  11132  2   46  11086
50  16510  2   0  16510
51  15804  4   0  0  0  15804
52  13561  3   0  0  13561
53  16512  2   0  16512
54  16512  3   0  0  16512
55  16512  2   0  16512
56  13260  2   0  13260
57  10118  3   0  0  10118
58  16512  2   0  16512
59  16512  2   0  16512
60  12760  2   0  12760
61  16512  2   0  16512
62  16512  2   0  16512
63  10116  4   0  0  0  10116
64  16512  2   0  16512
65  16400  2   0  16400
66  10116  2   1  10115
67  16512  2   0  16512
68  15100  3   1  1  15098
69  16502  3   1  0  16501
70  16510  2   0  16510
71  16456  2   0  16456
72  16512  2   0  16512
73  16502  2   1  16501
74  16512  2   0  16512
75  15661  3   0  0  15661
76  16512  2   0  16512
77  16504  2   1  16503
78  10118  2   0  10118
79  16508  2   0  16508
80  13842  2   0  13842
81  16510  2   2  16508
82  10114  2   0  10114
83  16510  2   26  16484
84  10116  2   0  10116
85  14342  3   1  0  14341
86  16510  2   0  16510
87  16512  2   0  16512
88  13678  4   0  0  0  13678
89  13644  3   1  0  13643
90  16510  3   0  1  16509
91  16328  3   0  6  16322
92  13534  2   0  13534
93  13462  2   0  13462
94  16508  2   0  16508
95  16510  3   0  0  16510
96  16495  3   0  0  16495
97  16432  2   0  16432
98  16512  2   0  16512
99  10112  3   0  0  10112
100  16508  2   0  16508
101  16456  2   0  16456
102  16505  4   1  0  0  16504
103  16512  2   0  16512

