[loci]=265

[populations]=7

[pop]=1
1  10324  2   0  10324
2  10390  3   0  0  10390
3  10402  2   0  10402
4  10248  2   0  10248
5  10370  2   0  10370
6  10250  2   0  10250
7  10200  2   2  10198
8  10382  3   0  0  10382
9  10364  4   0  1  0  10363
10  10392  2   0  10392
11  10388  3   0  0  10388
12  10388  4   0  0  3  10385
13  10264  2   0  10264
14  10132  2   0  10132
15  10256  2   890  9366
16  10272  3   0  675  9597
17  10334  2   1  10333
18  10266  2   0  10266
19  10398  2   0  10398
20  8518  2   0  8518
21  10182  2   0  10182
22  10398  3   3  1  10394
23  10402  3   0  0  10402
24  10392  3   1  3  10388
25  10278  3   0  1  10277
26  10406  4   0  14  0  10392
27  8517  2   2  8515
28  10218  2   30  10188
29  10402  2   3  10399
30  10392  2   5  10387
31  10344  2   0  10344
32  10392  2   0  10392
33  10280  2   0  10280
34  10343  4   0  0  196  10147
35  10398  3   0  0  10398
36  10272  2   0  10272
37  10393  3   0  0  10393
38  10282  2   0  10282
39  10370  2   1  10369
40  10332  2   1  10331
41  8518  2   0  8518
42  10354  3   0  0  10354
43  10404  2   0  10404
44  10351  3   0  1  10350
45  10314  4   213  0  0  10101
46  10402  3   0  0  10402
47  10356  2   4  10352
48  10252  2   0  10252
49  10328  2   0  10328
50  10402  2   0  10402
51  10294  3   1  0  10293
52  10355  3   0  0  10355
53  10402  2   0  10402
54  10378  3   0  0  10378
55  10332  2   0  10332
56  10396  2   0  10396
57  10294  3   0  0  10294
58  10398  2   0  10398
59  10380  2   4  10376
60  10362  2   2  10360
61  10372  2   0  10372
62  10402  3   0  0  10402
63  10297  3   2  0  10295
64  10402  3   0  0  10402
65  10300  2   0  10300
66  10402  2   0  10402
67  10322  2   0  10322
68  10402  2   0  10402
69  10300  3   0  2  10298
70  10384  2   16  10368
71  10376  2   0  10376
72  10402  2   527  9875
73  10286  2   0  10286
74  10406  3   0  0  10406
75  10231  3   0  0  10231
76  10398  3   0  0  10398
77  10390  3   0  0  10390
78  10302  2   0  10302
79  10398  2   0  10398
80  10390  2   0  10390
81  10385  3   0  0  10385
82  10386  2   121  10265
83  10256  3   0  0  10256
84  10389  3   0  0  10389
85  10388  2   0  10388
86  10394  3   1  0  10393
87  10406  2   0  10406
88  10253  3   2  0  10251
89  10294  3   0  0  10294
90  10394  4   1  0  0  10393
91  10296  3   0  1  10295
92  10332  2   0  10332
93  9844  3   0  0  9844
94  10252  4   0  2  0  10250
95  10370  3   0  0  10370
96  10388  2   0  10388
97  10330  2   0  10330
98  10402  2   0  10402
99  10306  3   0  0  10306
100  10402  2   15  10387
101  10402  4   0  2  2  10398
102  10387  3   0  2  10385
103  9898  2   0  9898
104  10388  2   4  10384
105  10280  2   0  10280
106  10278  3   0  132  10146
107  10278  3   0  0  10278
108  10056  3   1  0  10055
109  10276  2   0  10276
110  10406  2   0  10406
111  9888  3   0  1  9887
112  10382  2   0  10382
113  10386  2   0  10386
114  10367  3   0  0  10367
115  10398  2   0  10398
116  10342  2   11  10331
117  10396  2   0  10396
118  10404  2   0  10404
119  10398  3   0  4  10394
120  10384  2   0  10384
121  10378  2   0  10378
122  10257  3   3  4  10250
123  10368  3   0  0  10368
124  10404  2   1  10403
125  10386  2   6  10380
126  8515  2   0  8515
127  10370  4   0  0  0  10370
128  10398  3   0  0  10398
129  10400  2   6  10394
130  10400  3   0  0  10400
131  10398  2   4384  6014
132  10386  2   1  10385
133  10376  3   0  0  10376
134  10375  3   1  1  10373
135  10370  3   0  0  10370
136  10386  2   0  10386
137  10364  2   0  10364
138  10232  3   0  0  10232
139  10400  2   0  10400
140  10370  2   0  10370
141  10398  2   0  10398
142  10386  2   1  10385
143  10356  3   0  0  10356
144  10222  3   0  0  10222
145  10356  2   3  10353
146  10219  3   0  0  10219
147  10406  2   0  10406
148  10372  4   0  0  0  10372
149  10379  3   2  0  10377
150  10204  2   0  10204
151  10404  2   0  10404
152  10402  2   0  10402
153  10376  2   0  10376
154  10400  3   0  0  10400
155  10386  2   0  10386
156  10373  3   0  0  10373
157  10398  3   0  0  10398
158  10404  2   0  10404
159  10372  2   2  10370
160  10048  2   1996  8052
161  10376  2   0  10376
162  9904  2   0  9904
163  10365  3   0  0  10365
164  10292  2   0  10292
165  9834  2   0  9834
166  8586  2   1  8585
167  10398  2   1  10397
168  10362  3   0  9  10353
169  10284  3   0  0  10284
170  8576  3   0  0  8576
171  9742  2   0  9742
172  10406  3   2  1  10403
173  10402  2   0  10402
174  10358  2   0  10358
175  10402  2   0  10402
176  9360  2   0  9360
177  10218  3   2  0  10216
178  9294  2   0  9294
179  10406  2   0  10406
180  8487  2   0  8487
181  10406  3   0  0  10406
182  10206  2   2  10204
183  9220  2   64  9156
184  9083  3   0  0  9083
185  10284  3   0  1  10283
186  8459  4   0  0  0  8459
187  10116  2   0  10116
188  6876  2   1  6875
189  10406  2   0  10406
190  10060  3   0  0  10060
191  8442  2   0  8442
192  10365  4   0  1  0  10364
193  10406  2   0  10406
194  10224  2   0  10224
195  10402  2   0  10402
196  10276  2   0  10276
197  10360  3   2  0  10358
198  10198  2   0  10198
199  10269  3   0  1  10268
200  9806  3   0  0  9806
201  7188  2   1  7187
202  10406  2   11  10395
203  7212  3   0  0  7212
204  10406  3   0  0  10406
205  10172  2   0  10172
206  10252  2   10252  0
207  10406  2   2  10404
208  10323  3   0  1  10322
209  9666  3   1  0  9665
210  7546  2   0  7546
211  10314  3   0  0  10314
212  9531  3   0  0  9531
213  9484  2   0  9484
214  7694  3   0  0  7694
215  10406  3   0  0  10406
216  7835  3   0  0  7835
217  10406  2   0  10406
218  9194  2   0  9194
219  9136  3   0  2  9134
220  7669  3   0  0  7669
221  8576  3   0  0  8576
222  8980  4   0  0  0  8980
223  7576  3   1  0  7575
224  10404  3   0  0  10404
225  10404  2   0  10404
226  8742  2   311  8431
227  10406  3   0  0  10406
228  8954  3   0  0  8954
229  8586  2   0  8586
230  9104  2   1  9103
231  10406  2   2  10404
232  8678  2   0  8678
233  10406  3   0  0  10406
234  10056  3   0  10  10046
235  10392  2   0  10392
236  7928  5   2  0  0  0  7926
237  9550  2   0  9550
238  10402  2   0  10402
239  7724  2   3  7721
240  10402  2   1  10401
241  6860  2   0  6860
242  10406  2   0  10406
243  10402  3   0  0  10402
244  6638  3   0  0  6638
245  10400  3   0  0  10400
246  10384  2   0  10384
247  10406  2   0  10406
248  7216  2   0  7216
249  10406  4   0  0  1  10405
250  9832  2   0  9832
251  10222  3   0  0  10222
252  10334  2   1  10333
253  9806  2   0  9806
254  4090  4   0  0  0  4090
255  9892  3   1  0  9891
256  8489  2   0  8489
257  10393  3   1  1  10391
258  3062  2   3  3059
259  10361  3   0  0  10361
260  6062  2   1  6061
261  10236  2   0  10236
262  1256  3   0  0  1256
263  9982  2   2  9980
264  10402  3   0  0  10402
265  10365  3   0  0  10365

[pop]=2
1  11510  2   5  11505
2  11556  3   0  0  11556
3  11562  2   0  11562
4  11542  2   2  11540
5  11546  2   3  11543
6  11542  2   0  11542
7  11572  2   0  11572
8  11569  3   0  0  11569
9  11538  4   0  0  0  11538
10  11562  2   2  11560
11  11568  3   0  0  11568
12  11570  4   2  0  0  11568
13  11548  2   0  11548
14  11508  2   0  11508
15  11532  2   364  11168
16  11545  3   0  1134  10411
17  11516  2   0  11516
18  11534  2   0  11534
19  11564  2   0  11564
20  9322  2   0  9322
21  11518  2   3  11515
22  11566  3   0  0  11566
23  11576  3   0  0  11576
24  11570  3   0  0  11570
25  11552  3   0  0  11552
26  11578  4   0  51  0  11527
27  9323  2   0  9323
28  11528  2   1  11527
29  11576  2   1  11575
30  11570  2   1  11569
31  11522  2   1  11521
32  11570  2   0  11570
33  11554  2   5  11549
34  11515  4   1  0  22  11492
35  11568  3   0  0  11568
36  11568  2   0  11568
37  11570  3   0  1  11569
38  11552  2   0  11552
39  11496  2   1  11495
40  11542  2   0  11542
41  9323  2   1  9322
42  11534  3   0  0  11534
43  11578  2   0  11578
44  11538  3   1  0  11537
45  11560  4   4  0  0  11556
46  11576  3   0  0  11576
47  11540  2   42  11498
48  11550  2   1  11549
49  11548  2   0  11548
50  11572  2   1  11571
51  11554  3   1  0  11553
52  11545  3   1  0  11544
53  11572  2   0  11572
54  11556  3   0  0  11556
55  11544  2   0  11544
56  11574  2   0  11574
57  11556  3   0  0  11556
58  11578  2   5  11573
59  11560  2   2  11558
60  11550  2   0  11550
61  11536  2   0  11536
62  11574  3   0  0  11574
63  11556  3   1  1  11554
64  11574  3   0  0  11574
65  11556  2   0  11556
66  11578  2   0  11578
67  11500  2   0  11500
68  11574  2   3  11571
69  11556  3   0  0  11556
70  11558  2   42  11516
71  11558  2   0  11558
72  11574  2   29  11545
73  11568  2   0  11568
74  11576  3   1  0  11575
75  11399  3   0  2  11397
76  11574  3   0  0  11574
77  11572  3   0  1  11571
78  11558  2   0  11558
79  11574  2   0  11574
80  11570  2   1  11569
81  11560  3   0  0  11560
82  11562  2   1  11561
83  11441  3   1  0  11440
84  11570  3   0  0  11570
85  11570  2   0  11570
86  11567  3   0  0  11567
87  11576  2   0  11576
88  11529  3   0  0  11529
89  11478  3   0  1  11477
90  11569  4   0  0  0  11569
91  11487  3   0  1  11486
92  11564  2   0  11564
93  11385  3   0  0  11385
94  11521  4   0  0  0  11521
95  11550  3   0  0  11550
96  11568  2   0  11568
97  11562  2   0  11562
98  11578  2   0  11578
99  11501  3   0  0  11501
100  11572  2   0  11572
101  11574  4   0  0  0  11574
102  11567  3   0  0  11567
103  11392  2   0  11392
104  11562  2   0  11562
105  11550  2   0  11550
106  11516  3   58  10  11448
107  11548  3   0  0  11548
108  11394  3   0  0  11394
109  11548  2   4  11544
110  11578  2   0  11578
111  11357  3   0  0  11357
112  11530  2   0  11530
113  11560  2   0  11560
114  11568  3   0  0  11568
115  11574  2   0  11574
116  11550  2   1  11549
117  11534  2   0  11534
118  11578  2   0  11578
119  11574  3   0  0  11574
120  11566  2   0  11566
121  11560  2   1  11559
122  11543  3   0  0  11543
123  11568  3   0  0  11568
124  11578  2   1  11577
125  11566  2   3  11563
126  9318  2   0  9318
127  11567  4   0  0  0  11567
128  11537  3   0  0  11537
129  11578  2   0  11578
130  11574  3   0  1  11573
131  11550  2   2126  9424
132  11564  2   0  11564
133  11558  3   0  0  11558
134  11557  3   0  0  11557
135  11568  3   0  0  11568
136  11562  2   0  11562
137  11556  2   0  11556
138  11540  3   0  0  11540
139  11574  2   0  11574
140  11568  2   2  11566
141  11540  2   0  11540
142  11562  2   0  11562
143  11554  3   0  0  11554
144  11536  3   0  2  11534
145  11552  2   0  11552
146  11530  3   0  0  11530
147  11574  2   0  11574
148  11566  4   0  1  0  11565
149  11562  3   0  0  11562
150  11526  2   0  11526
151  11578  2   1  11577
152  11578  2   0  11578
153  11562  2   0  11562
154  11578  3   1  0  11577
155  11538  2   0  11538
156  11561  3   0  1  11560
157  11578  3   0  0  11578
158  11578  2   0  11578
159  11558  2   0  11558
160  11418  2   5718  5700
161  11568  2   0  11568
162  11356  2   0  11356
163  11554  3   0  1  11553
164  11532  2   0  11532
165  11270  2   1  11269
166  7458  2   2  7456
167  11578  2   1  11577
168  11552  3   0  0  11552
169  11523  3   0  0  11523
170  7434  3   0  0  7434
171  11210  2   2  11208
172  11577  3   0  0  11577
173  11554  2   0  11554
174  11520  2   0  11520
175  11556  2   0  11556
176  10898  2   0  10898
177  11491  3   0  0  11491
178  10828  2   0  10828
179  11576  2   0  11576
180  9290  2   0  9290
181  11578  3   0  0  11578
182  11486  2   0  11486
183  10770  2   2  10768
184  10611  3   0  0  10611
185  11450  3   0  0  11450
186  9270  4   0  0  0  9270
187  11446  2   1  11445
188  6370  2   2  6368
189  11554  2   0  11554
190  11425  3   0  0  11425
191  9255  2   3  9252
192  11573  4   0  0  0  11573
193  11576  2   1  11575
194  11388  2   1  11387
195  11572  2   1  11571
196  11494  2   0  11494
197  11566  3   0  0  11566
198  11348  2   0  11348
199  11489  3   0  0  11489
200  11336  3   0  0  11336
201  6982  2   0  6982
202  11560  2   45  11515
203  6946  3   0  0  6946
204  11557  3   0  0  11557
205  11316  2   1  11315
206  11496  2   11496  0
207  11554  2   0  11554
208  11550  3   0  0  11550
209  11192  3   0  0  11192
210  7802  2   0  7802
211  11549  3   0  0  11549
212  11142  3   0  0  11142
213  11286  2   0  11286
214  8115  3   0  0  8115
215  11578  3   0  0  11578
216  9388  3   19  0  9369
217  11554  2   0  11554
218  10982  2   0  10982
219  11214  3   0  0  11214
220  9182  3   0  0  9182
221  9713  3   0  0  9713
222  11166  4   0  0  0  11166
223  9054  3   0  0  9054
224  11567  3   0  1  11566
225  11552  2   0  11552
226  11074  2   946  10128
227  11561  3   0  0  11561
228  10848  3   0  0  10848
229  10990  2   0  10990
230  10486  2   0  10486
231  11578  2   3  11575
232  10700  2   0  10700
233  11578  3   0  0  11578
234  11520  3   0  0  11520
235  11574  2   0  11574
236  10598  5   0  17  0  0  10581
237  11160  2   2  11158
238  11550  2   1  11549
239  10376  2   0  10376
240  11552  2   0  11552
241  8386  2   1  8385
242  11578  2   0  11578
243  11551  3   0  0  11551
244  8172  3   0  0  8172
245  11547  3   0  0  11547
246  11566  2   0  11566
247  11578  2   0  11578
248  9852  2   0  9852
249  11578  4   0  0  1  11577
250  11484  2   0  11484
251  11532  3   0  1  11531
252  11554  2   0  11554
253  11476  2   0  11476
254  5589  4   0  0  0  5589
255  11406  3   0  0  11406
256  9264  2   0  9264
257  11542  3   2  0  11540
258  4522  2   2  4520
259  11549  3   1  0  11548
260  8214  2   0  8214
261  11556  2   0  11556
262  2556  3   0  1  2555
263  11444  2   0  11444
264  11578  3   0  0  11578
265  11558  3   1  0  11557

[pop]=3
1  8630  2   0  8630
2  8642  3   0  0  8642
3  8630  2   0  8630
4  8604  2   2  8602
5  8604  2   0  8604
6  8604  2   3  8601
7  8646  2   0  8646
8  8652  3   0  0  8652
9  8593  4   0  0  0  8593
10  8644  2   0  8644
11  8644  3   0  7  8637
12  8644  4   0  0  0  8644
13  8614  2   7  8607
14  8558  2   0  8558
15  8626  2   106  8520
16  8615  3   2  54  8559
17  8630  2   0  8630
18  8626  2   0  8626
19  8650  2   0  8650
20  6637  2   0  6637
21  8584  2   0  8584
22  8650  3   0  0  8650
23  8654  3   0  0  8654
24  8644  3   0  0  8644
25  8620  3   0  0  8620
26  8632  4   0  0  0  8632
27  6637  2   0  6637
28  8600  2   0  8600
29  8654  2   0  8654
30  8644  2   38  8606
31  8632  2   0  8632
32  8644  2   4  8640
33  8620  2   0  8620
34  8634  4   0  0  0  8634
35  8652  3   0  0  8652
36  8648  2   4  8644
37  8644  3   0  0  8644
38  8624  2   34  8590
39  8594  2   3  8591
40  8634  2   0  8634
41  6638  2   0  6638
42  8633  3   0  0  8633
43  8636  2   0  8636
44  8639  3   0  0  8639
45  8648  4   0  0  1  8647
46  8654  3   0  0  8654
47  8640  2   0  8640
48  8622  2   0  8622
49  8644  2   0  8644
50  8654  2   0  8654
51  8625  3   0  1  8624
52  8633  3   0  0  8633
53  8654  2   0  8654
54  8642  3   0  0  8642
55  8644  2   0  8644
56  8642  2   15  8627
57  8626  3   0  0  8626
58  8654  2   0  8654
59  8644  2   0  8644
60  8642  2   0  8642
61  8616  2   3  8613
62  8654  3   0  0  8654
63  8625  3   0  0  8625
64  8653  3   0  0  8653
65  8624  2   0  8624
66  8654  2   0  8654
67  8630  2   0  8630
68  8652  2   0  8652
69  8622  3   0  0  8622
70  8642  2   0  8642
71  8642  2   3  8639
72  8652  2   0  8652
73  8640  2   0  8640
74  8653  3   0  0  8653
75  8575  3   0  0  8575
76  8652  3   19  0  8633
77  8642  3   1  0  8641
78  8622  2   0  8622
79  8652  2   0  8652
80  8644  2   0  8644
81  8639  3   0  0  8639
82  8652  2   0  8652
83  8596  3   0  0  8596
84  8642  3   0  0  8642
85  8642  2   0  8642
86  8652  3   0  0  8652
87  8654  2   0  8654
88  8612  3   0  0  8612
89  8608  3   0  0  8608
90  8651  4   0  0  0  8651
91  8613  3   0  1  8612
92  8634  2   0  8634
93  8492  3   0  0  8492
94  8616  4   0  0  0  8616
95  8640  3   0  1  8639
96  8644  2   0  8644
97  8634  2   0  8634
98  8654  2   0  8654
99  8628  3   0  1  8627
100  8652  2   0  8652
101  8650  4   0  0  0  8650
102  8642  3   0  3  8639
103  8526  2   0  8526
104  8642  2   0  8642
105  8616  2   0  8616
106  8604  3   0  0  8604
107  8616  3   0  0  8616
108  8418  3   0  0  8418
109  8616  2   0  8616
110  8654  2   0  8654
111  8490  3   0  0  8490
112  8614  2   0  8614
113  8630  2   0  8630
114  8631  3   0  0  8631
115  8648  2   0  8648
116  8626  2   0  8626
117  8614  2   2  8612
118  8650  2   1  8649
119  8650  3   0  0  8650
120  8650  2   0  8650
121  8636  2   85  8551
122  8606  3   0  1  8605
123  8632  3   0  0  8632
124  8650  2   1  8649
125  8650  2   0  8650
126  6636  2   0  6636
127  8632  4   0  1  0  8631
128  8618  3   0  0  8618
129  8650  2   0  8650
130  8654  3   0  0  8654
131  8628  2   1912  6716
132  8650  2   0  8650
133  8635  3   0  0  8635
134  8634  3   0  0  8634
135  8632  3   1  0  8631
136  8650  2   5  8645
137  8634  2   0  8634
138  8597  3   0  0  8597
139  8644  2   0  8644
140  8634  2   0  8634
141  8622  2   3  8619
142  8650  2   0  8650
143  8630  3   0  91  8539
144  8598  3   0  4  8594
145  8628  2   2  8626
146  8599  3   0  0  8599
147  8648  2   0  8648
148  8642  4   1  0  0  8641
149  8647  3   0  0  8647
150  8596  2   0  8596
151  8632  2   0  8632
152  8648  2   3  8645
153  8646  2   0  8646
154  8648  3   0  0  8648
155  8638  2   0  8638
156  8646  3   0  0  8646
157  8647  3   2  0  8645
158  8654  2   0  8654
159  8644  2   0  8644
160  8510  2   4512  3998
161  8630  2   0  8630
162  8470  2   2  8468
163  8639  3   0  0  8639
164  8618  2   0  8618
165  8412  2   0  8412
166  7054  2   0  7054
167  8648  2   0  8648
168  8636  3   0  0  8636
169  8616  3   0  0  8616
170  7033  3   0  0  7033
171  8360  2   0  8360
172  8635  3   0  0  8635
173  8634  2   0  8634
174  8634  2   1  8633
175  8634  2   0  8634
176  8138  2   0  8138
177  8599  3   0  1  8598
178  8098  2   6  8092
179  8636  2   0  8636
180  6623  2   1  6622
181  8654  3   0  1  8653
182  8596  2   0  8596
183  8024  2   0  8024
184  7909  3   0  0  7909
185  8586  3   0  0  8586
186  6605  4   0  0  0  6605
187  8548  2   0  8548
188  6048  2   0  6048
189  8636  2   0  8636
190  8546  3   9  0  8537
191  6599  2   0  6599
192  8624  4   0  0  0  8624
193  8654  2   0  8654
194  8534  2   0  8534
195  8652  2   0  8652
196  8598  2   2  8596
197  8624  3   0  0  8624
198  8514  2   0  8514
199  8596  3   0  0  8596
200  8488  3   0  0  8488
201  6446  2   0  6446
202  8652  2   0  8652
203  6450  3   0  0  6450
204  8639  3   0  0  8639
205  8494  2   0  8494
206  8586  2   8586  0
207  8640  2   0  8640
208  8622  3   0  0  8622
209  8405  3   0  1  8404
210  6888  2   0  6888
211  8617  3   0  0  8617
212  8378  3   0  0  8378
213  8418  2   0  8418
214  7023  3   0  0  7023
215  8652  3   0  0  8652
216  6928  3   0  0  6928
217  8644  2   0  8644
218  8258  2   0  8258
219  8319  3   0  0  8319
220  6744  3   1  0  6743
221  7744  3   0  1  7743
222  8272  4   1  0  1  8270
223  6680  3   0  1  6679
224  8648  3   0  0  8648
225  8640  2   0  8640
226  8210  2   129  8081
227  8652  3   0  0  8652
228  8180  3   0  0  8180
229  8180  2   0  8180
230  8166  2   0  8166
231  8638  2   0  8638
232  8046  2   1  8045
233  8638  3   0  0  8638
234  8579  3   0  0  8579
235  8654  2   2  8652
236  7917  5   0  1  0  0  7916
237  8424  2   0  8424
238  8644  2   0  8644
239  7780  2   0  7780
240  8644  2   0  8644
241  5964  2   0  5964
242  8638  2   0  8638
243  8644  3   0  0  8644
244  5763  3   0  0  5763
245  8644  3   10  0  8634
246  8654  2   5  8649
247  8654  2   0  8654
248  7434  2   0  7434
249  8640  4   0  0  0  8640
250  8532  2   1  8531
251  8624  3   0  0  8624
252  8648  2   0  8648
253  8528  2   0  8528
254  4129  4   0  0  0  4129
255  8544  3   0  0  8544
256  6615  2   0  6615
257  8638  3   0  0  8638
258  3520  2   0  3520
259  8651  3   0  0  8651
260  6468  2   0  6468
261  8634  2   7  8627
262  2223  3   0  0  2223
263  8564  2   0  8564
264  8635  3   0  0  8635
265  8652  3   0  0  8652

[pop]=4
1  6416  2   0  6416
2  6608  3   0  0  6608
3  6602  2   0  6602
4  6580  2   0  6580
5  6604  2   0  6604
6  6580  2   0  6580
7  6614  2   0  6614
8  6577  3   0  0  6577
9  6601  4   0  0  0  6601
10  6612  2   0  6612
11  6589  3   0  0  6589
12  6592  4   0  0  0  6592
13  6584  2   0  6584
14  6572  2   0  6572
15  6612  2   67  6545
16  6583  3   0  1425  5158
17  6450  2   0  6450
18  6614  2   0  6614
19  6612  2   0  6612
20  4530  2   0  4530
21  6588  2   0  6588
22  6612  3   0  0  6612
23  6614  3   12  2  6600
24  6598  3   0  0  6598
25  6588  3   0  0  6588
26  6612  4   0  14  0  6598
27  4530  2   0  4530
28  6588  2   0  6588
29  6614  2   0  6614
30  6598  2   0  6598
31  6482  2   0  6482
32  6600  2   0  6600
33  6588  2   0  6588
34  6484  4   0  0  0  6484
35  6612  3   0  0  6612
36  6614  2   0  6614
37  6603  3   0  0  6603
38  6588  2   0  6588
39  6586  2   0  6586
40  6614  2   0  6614
41  4530  2   0  4530
42  6523  3   0  0  6523
43  6612  2   0  6612
44  6528  3   0  0  6528
45  6614  4   0  0  0  6614
46  6614  3   0  0  6614
47  6536  2   3  6533
48  6598  2   0  6598
49  6614  2   0  6614
50  6614  2   0  6614
51  6583  3   0  0  6583
52  6560  3   0  0  6560
53  6614  2   0  6614
54  6614  3   0  0  6614
55  6614  2   0  6614
56  6608  2   0  6608
57  6580  3   0  0  6580
58  6614  2   0  6614
59  6614  2   0  6614
60  6566  2   0  6566
61  6600  2   0  6600
62  6614  3   0  0  6614
63  6579  3   0  0  6579
64  6614  3   0  0  6614
65  6578  2   0  6578
66  6614  2   0  6614
67  6590  2   0  6590
68  6614  2   0  6614
69  6573  3   0  0  6573
70  6614  2   34  6580
71  6588  2   0  6588
72  6614  2   2  6612
73  6610  2   0  6610
74  6614  3   0  0  6614
75  6593  3   0  0  6593
76  6614  3   0  0  6614
77  6610  3   0  0  6610
78  6572  2   0  6572
79  6614  2   0  6614
80  6610  2   0  6610
81  6614  3   0  0  6614
82  6610  2   0  6610
83  6598  3   0  0  6598
84  6610  3   0  0  6610
85  6610  2   0  6610
86  6612  3   0  0  6612
87  6614  2   0  6614
88  6587  3   0  0  6587
89  6600  3   0  0  6600
90  6612  4   0  0  0  6612
91  6600  3   0  0  6600
92  6612  2   0  6612
93  6584  3   0  0  6584
94  6587  4   2  0  0  6585
95  6614  3   0  0  6614
96  6606  2   0  6606
97  6612  2   0  6612
98  6614  2   3  6611
99  6600  3   0  0  6600
100  6614  2   0  6614
101  6614  4   0  0  0  6614
102  6600  3   0  0  6600
103  6582  2   0  6582
104  6600  2   0  6600
105  6558  2   0  6558
106  6610  3   0  0  6610
107  6554  3   0  0  6554
108  6550  3   0  0  6550
109  6556  2   0  6556
110  6614  2   0  6614
111  6561  3   0  0  6561
112  6604  2   0  6604
113  6612  2   0  6612
114  6614  3   0  0  6614
115  6614  2   1  6613
116  6608  2   0  6608
117  6604  2   0  6604
118  6614  2   0  6614
119  6614  3   0  0  6614
120  6610  2   0  6610
121  6594  2   0  6594
122  6542  3   0  0  6542
123  6614  3   0  0  6614
124  6614  2   0  6614
125  6610  2   0  6610
126  4527  2   0  4527
127  6614  4   0  0  0  6614
128  6604  3   0  0  6604
129  6614  2   0  6614
130  6614  3   0  0  6614
131  6602  2   1709  4893
132  6610  2   0  6610
133  6590  3   0  0  6590
134  6591  3   0  0  6591
135  6614  3   0  0  6614
136  6610  2   0  6610
137  6588  2   0  6588
138  6535  3   0  0  6535
139  6612  2   0  6612
140  6614  2   0  6614
141  6606  2   0  6606
142  6608  2   0  6608
143  6585  3   0  0  6585
144  6530  3   1  0  6529
145  6584  2   2  6582
146  6519  3   0  0  6519
147  6612  2   0  6612
148  6614  4   0  0  0  6614
149  6605  3   0  0  6605
150  6522  2   0  6522
151  6612  2   0  6612
152  6614  2   0  6614
153  6606  2   0  6606
154  6614  3   0  0  6614
155  6612  2   5  6607
156  6605  3   0  0  6605
157  6614  3   0  0  6614
158  6614  2   0  6614
159  6600  2   0  6600
160  6424  2   3742  2682
161  6614  2   0  6614
162  6056  2   0  6056
163  6595  3   0  0  6595
164  6550  2   0  6550
165  5984  2   0  5984
166  4886  2   0  4886
167  6614  2   0  6614
168  6588  3   0  0  6588
169  6541  3   0  0  6541
170  4885  3   0  0  4885
171  5864  2   0  5864
172  6612  3   0  0  6612
173  6612  2   32  6580
174  6606  2   0  6606
175  6612  2   0  6612
176  5566  2   0  5566
177  6479  3   0  0  6479
178  5524  2   0  5524
179  6612  2   0  6612
180  4508  2   0  4508
181  6614  3   0  0  6614
182  6468  2   0  6468
183  5464  2   0  5464
184  5333  3   0  0  5333
185  6586  3   0  0  6586
186  4481  4   0  0  0  4481
187  6386  2   0  6386
188  2854  2   0  2854
189  6612  2   0  6612
190  6354  3   43  0  6311
191  4463  2   0  4463
192  6612  4   0  0  0  6612
193  6614  2   0  6614
194  6574  2   0  6574
195  6614  2   0  6614
196  6544  2   0  6544
197  6612  3   0  0  6612
198  6566  2   3  6563
199  6540  3   0  0  6540
200  6254  3   0  0  6254
201  3130  2   0  3130
202  6614  2   0  6614
203  3136  3   0  0  3136
204  6612  3   0  0  6612
205  6554  2   0  6554
206  6550  2   6550  0
207  6612  2   0  6612
208  6612  3   0  0  6612
209  6079  3   0  0  6079
210  3518  2   0  3518
211  6612  3   0  0  6612
212  6001  3   0  0  6001
213  6108  2   0  6108
214  3713  3   0  0  3713
215  6614  3   0  1  6613
216  4379  3   0  0  4379
217  6612  2   0  6612
218  5820  2   0  5820
219  5938  3   0  0  5938
220  4206  3   0  0  4206
221  4654  3   0  0  4654
222  5892  4   0  0  0  5892
223  4112  3   0  0  4112
224  6612  3   0  0  6612
225  6612  2   0  6612
226  5726  2   633  5093
227  6613  3   0  0  6613
228  5648  3   0  0  5648
229  5532  2   0  5532
230  5212  2   0  5212
231  6612  2   18  6594
232  5406  2   0  5406
233  6612  3   0  0  6612
234  6601  3   0  0  6601
235  6614  2   0  6614
236  5096  5   0  0  0  0  5096
237  5724  2   0  5724
238  6612  2   0  6612
239  4930  2   0  4930
240  6612  2   0  6612
241  3624  2   0  3624
242  6614  2   0  6614
243  6612  3   0  0  6612
244  3489  3   0  1  3488
245  6612  3   0  0  6612
246  6614  2   0  6614
247  6614  2   0  6614
248  4480  2   0  4480
249  6614  4   1  0  0  6613
250  6584  2   0  6584
251  6600  3   0  0  6600
252  6614  2   0  6614
253  6576  2   0  6576
254  2135  4   0  0  0  2135
255  6010  3   0  0  6010
256  4497  2   0  4497
257  6612  3   0  0  6612
258  1648  2   3  1645
259  6614  3   0  0  6614
260  3626  2   0  3626
261  6610  2   0  6610
262  847  3   0  0  847
263  6106  2   0  6106
264  6612  3   0  0  6612
265  6614  3   0  0  6614

[pop]=5
1  66462  2   0  66462
2  66609  3   1  0  66608
3  66664  2   3  66661
4  66192  2   0  66192
5  66336  2   1  66335
6  66208  2   0  66208
7  66584  2   3  66581
8  66658  3   1  1  66656
9  66224  4   1  9  1  66213
10  66646  2   1  66645
11  66559  3   0  1  66558
12  66569  4   1  4  1  66563
13  66298  2   2  66296
14  66176  2   3  66173
15  66594  2   2197  64397
16  66349  3   1  13465  52883
17  66492  2   9  66483
18  66628  2   2  66626
19  66668  2   2  66666
20  47992  2   4  47988
21  66274  2   0  66274
22  66669  3   0  0  66669
23  66685  3   2  23  66660
24  66621  3   0  2  66619
25  66380  3   1  0  66379
26  66732  4   1  316  1  66414
27  47992  2   2  47990
28  66332  2   4  66328
29  66688  2   0  66688
30  66622  2   5  66617
31  66500  2   0  66500
32  66626  2   0  66626
33  66376  2   6  66370
34  66533  4   6  0  59  66468
35  66664  3   0  1  66663
36  66374  2   0  66374
37  66627  3   3  3  66621
38  66386  2   1  66385
39  66286  2   0  66286
40  66684  2   0  66684
41  47994  2   0  47994
42  66564  3   1  1  66562
43  66730  2   0  66730
44  66577  3   0  0  66577
45  66150  4   0  0  0  66150
46  66696  3   3  0  66693
47  66592  2   377  66215
48  66498  2   0  66498
49  65908  2   0  65908
50  66698  2   0  66698
51  66367  3   4  0  66363
52  66571  3   2  2  66567
53  66694  2   0  66694
54  66704  3   1  0  66703
55  65784  2   4  65780
56  66644  2   0  66644
57  66358  3   3  1  66354
58  66688  2   1  66687
59  66704  2   5  66699
60  66620  2   0  66620
61  66602  2   3  66599
62  66706  3   11  2  66693
63  66344  3   5  0  66339
64  66708  3   1  0  66707
65  66348  2   3  66345
66  66704  2   1  66703
67  66280  2   2  66278
68  66696  2   0  66696
69  66313  3   0  1  66312
70  66700  2   656  66044
71  66642  2   0  66642
72  66694  2   17  66677
73  66596  2   0  66596
74  66736  3   0  1  66735
75  66089  3   1  0  66088
76  66689  3   0  1  66688
77  66632  3   0  0  66632
78  66304  2   2  66302
79  66686  2   9  66677
80  66626  2   3  66623
81  66683  3   0  0  66683
82  66676  2   1  66675
83  66249  3   0  2  66247
84  66631  3   5  1  66625
85  66630  2   2  66628
86  66683  3   0  1  66682
87  66736  2   0  66736
88  66457  3   0  1  66456
89  66423  3   0  0  66423
90  66685  4   1  2  1  66681
91  66446  3   5  1  66440
92  66664  2   0  66664
93  64331  3   1  1  64329
94  66429  4   1  0  1  66427
95  66614  3   0  0  66614
96  66616  2   3  66613
97  66676  2   0  66676
98  66648  2   0  66648
99  66493  3   0  0  66493
100  66700  2   1  66699
101  66707  4   0  1  2  66704
102  66601  3   3  51  66547
103  64422  2   1  64421
104  66602  2   1  66601
105  66226  2   2  66224
106  66373  3   0  5  66368
107  66236  3   1  1  66234
108  65332  3   0  2  65330
109  66236  2   0  66236
110  66730  2   1  66729
111  63804  3   1  0  63803
112  66504  2   0  66504
113  65996  2   4  65992
114  66670  3   1  1  66668
115  66452  2   11  66441
116  66154  2   4  66150
117  66550  2   0  66550
118  66696  2   1  66695
119  66480  3   1  0  66479
120  66562  2   0  66562
121  66552  2   0  66552
122  66190  3   0  0  66190
123  66687  3   1  1  66685
124  66702  2   1  66701
125  66538  2   1  66537
126  47880  2   2  47878
127  66692  4   1  0  1  66690
128  66568  3   1  1  66566
129  66700  2   0  66700
130  66553  3   1  1  66551
131  66490  2   22160  44330
132  66538  2   5  66533
133  66528  3   0  0  66528
134  66513  3   0  0  66513
135  66702  3   0  0  66702
136  66514  2   0  66514
137  66486  2   17  66469
138  66116  3   1  2  66113
139  66720  2   2  66718
140  66706  2   0  66706
141  66612  2   0  66612
142  66498  2   4  66494
143  66473  3   1  1  66471
144  66114  3   0  2  66112
145  66456  2   3  66453
146  66071  3   1  1  66069
147  66730  2   15  66715
148  66688  4   0  0  0  66688
149  66461  3   15  0  66446
150  66028  2   2  66026
151  66560  2   0  66560
152  66672  2   1  66671
153  66434  2   2  66432
154  66670  3   0  3  66667
155  66430  2   6  66424
156  66416  3   1  1  66414
157  66665  3   0  3  66662
158  66686  2   3  66683
159  66386  2   4  66382
160  65736  2   37049  28687
161  66700  2   4  66696
162  64246  2   0  64246
163  66362  3   1  0  66361
164  66264  2   3  66261
165  63722  2   3  63719
166  56198  2   1  56197
167  66650  2   0  66650
168  66320  3   1  0  66319
169  66220  3   0  3  66217
170  56104  3   9  1  56094
171  63292  2   1  63291
172  66659  3   0  0  66659
173  66704  2   52  66652
174  66264  2   3  66261
175  66710  2   4  66706
176  61548  2   0  61548
177  65948  3   0  0  65948
178  61140  2   1  61139
179  66694  2   2  66692
180  47841  2   1  47840
181  66728  3   0  0  66728
182  65892  2   0  65892
183  60732  2   1  60731
184  59965  3   1  1  59963
185  65726  3   1  0  65725
186  47691  4   2  1  0  47688
187  65486  2   1  65485
188  41790  2   28  41762
189  66716  2   19  66697
190  65333  3   28  2  65303
191  47586  2   0  47586
192  66316  4   1  0  2  66313
193  66728  2   1  66727
194  65354  2   2  65352
195  66730  2   5  66725
196  65896  2   1  65895
197  66220  3   0  4  66216
198  65202  2   0  65202
199  65868  3   2  3  65863
200  64630  3   2  0  64628
201  44954  2   1  44953
202  66702  2   403  66299
203  44998  3   1  3  44994
204  66715  3   1  0  66714
205  64904  2   1  64903
206  65910  2   65909  1
207  66714  2   0  66714
208  65946  3   0  4  65942
209  63398  3   0  0  63398
210  48692  2   5  48687
211  65872  3   2  1  65869
212  63014  3   1  1  63012
213  63880  2   4  63876
214  50312  3   0  6  50306
215  66726  3   1  1  66724
216  53564  3   0  0  53564
217  66708  2   3  66705
218  61724  2   2  61722
219  62839  3   1  0  62838
220  52339  3   1  1  52337
221  57323  3   1  3  57319
222  62028  4   2  2  1  62023
223  51701  3   2  0  51699
224  66720  3   1  1  66718
225  66690  2   0  66690
226  61564  2   4106  57458
227  66673  3   3  1  66669
228  60782  3   1  12  60769
229  60908  2   2  60906
230  60728  2   2  60726
231  66712  2   87  66625
232  59464  2   3  59461
233  66710  3   2  1  66707
234  64733  3   0  5  64728
235  66632  2   1  66631
236  58486  5   1  4  0  3  58478
237  63402  2   0  63402
238  66652  2   1  66651
239  57310  2   0  57310
240  66650  2   6  66644
241  47608  2   0  47608
242  66706  2   0  66706
243  66636  3   0  1  66635
244  46445  3   2  0  46443
245  66626  3   0  1  66625
246  66564  2   0  66564
247  66700  2   2  66698
248  54492  2   1  54491
249  66704  4   0  1  14  66689
250  63838  2   2  63836
251  66290  3   0  0  66290
252  66630  2   1  66629
253  63770  2   1  63769
254  32712  4   1  1  1  32709
255  64786  3   0  2  64784
256  47672  2   3  47669
257  66575  3   0  0  66575
258  26606  2   111  26495
259  66435  3   1  2  66432
260  46638  2   4  46634
261  66484  2   1  66483
262  14956  3   1  0  14955
263  65176  2   0  65176
264  66685  3   1  0  66684
265  66671  3   0  1  66670

[pop]=6
1  892  2   0  892
2  906  3   0  0  906
3  904  2   0  904
4  898  2   0  898
5  902  2   0  902
6  898  2   0  898
7  904  2   0  904
8  908  3   0  0  908
9  902  4   0  0  0  902
10  906  2   0  906
11  906  3   0  2  904
12  906  4   0  0  0  906
13  898  2   0  898
14  898  2   0  898
15  908  2   42  866
16  897  3   0  184  713
17  896  2   0  896
18  908  2   0  908
19  906  2   0  906
20  633  2   0  633
21  898  2   0  898
22  906  3   0  0  906
23  906  3   2  0  904
24  906  3   0  0  906
25  898  3   0  0  898
26  908  4   0  4  0  904
27  633  2   0  633
28  898  2   0  898
29  906  2   0  906
30  906  2   0  906
31  896  2   0  896
32  906  2   0  906
33  898  2   0  898
34  898  4   0  0  3  895
35  906  3   0  0  906
36  892  2   0  892
37  906  3   0  0  906
38  898  2   0  898
39  898  2   0  898
40  908  2   0  908
41  633  2   0  633
42  900  3   0  0  900
43  908  2   0  908
44  898  3   0  0  898
45  885  4   0  0  0  885
46  906  3   0  0  906
47  900  2   3  897
48  906  2   0  906
49  878  2   0  878
50  906  2   0  906
51  898  3   0  0  898
52  900  3   0  0  900
53  906  2   0  906
54  908  3   0  0  908
55  864  2   0  864
56  906  2   0  906
57  898  3   0  0  898
58  906  2   0  906
59  908  2   0  908
60  900  2   0  900
61  902  2   0  902
62  906  3   0  0  906
63  898  3   0  0  898
64  906  3   0  0  906
65  898  2   0  898
66  908  2   0  908
67  898  2   0  898
68  906  2   0  906
69  896  3   0  0  896
70  908  2   6  902
71  902  2   0  902
72  906  2   0  906
73  908  2   0  908
74  908  3   0  0  908
75  894  3   0  0  894
76  906  3   0  0  906
77  906  3   0  0  906
78  894  2   0  894
79  906  2   0  906
80  906  2   0  906
81  908  3   0  0  908
82  902  2   0  902
83  900  3   0  0  900
84  906  3   0  0  906
85  906  2   0  906
86  902  3   0  0  902
87  908  2   0  908
88  904  3   0  0  904
89  900  3   0  0  900
90  902  4   0  0  0  902
91  902  3   0  0  902
92  908  2   0  908
93  879  3   0  0  879
94  904  4   0  0  0  904
95  908  3   0  0  908
96  906  2   0  906
97  908  2   0  908
98  908  2   0  908
99  902  3   0  0  902
100  904  2   0  904
101  904  4   0  0  0  904
102  906  3   0  0  906
103  884  2   0  884
104  906  2   0  906
105  898  2   0  898
106  902  3   0  0  902
107  898  3   0  0  898
108  886  3   0  0  886
109  898  2   0  898
110  908  2   0  908
111  882  3   0  0  882
112  906  2   0  906
113  878  2   0  878
114  902  3   0  0  902
115  896  2   0  896
116  906  2   0  906
117  906  2   0  906
118  904  2   0  904
119  896  3   0  0  896
120  906  2   0  906
121  906  2   3  903
122  898  3   0  0  898
123  902  3   0  0  902
124  904  2   0  904
125  906  2   0  906
126  630  2   0  630
127  904  4   0  0  0  904
128  908  3   0  0  908
129  904  2   0  904
130  899  3   0  0  899
131  906  2   254  652
132  906  2   0  906
133  906  3   0  0  906
134  906  3   0  0  906
135  904  3   0  0  904
136  906  2   0  906
137  906  2   0  906
138  894  3   0  0  894
139  906  2   0  906
140  904  2   0  904
141  908  2   0  908
142  904  2   0  904
143  906  3   0  1  905
144  895  3   0  0  895
145  906  2   0  906
146  896  3   0  0  896
147  906  2   0  906
148  908  4   0  0  0  908
149  902  3   0  0  902
150  896  2   0  896
151  904  2   1  903
152  904  2   0  904
153  904  2   0  904
154  904  3   0  0  904
155  904  2   0  904
156  902  3   0  0  902
157  904  3   0  0  904
158  908  2   0  908
159  902  2   0  902
160  892  2   486  406
161  902  2   0  902
162  872  2   0  872
163  902  3   0  0  902
164  900  2   0  900
165  868  2   0  868
166  668  2   0  668
167  904  2   0  904
168  903  3   0  0  903
169  900  3   0  0  900
170  670  3   0  0  670
171  860  2   0  860
172  908  3   0  0  908
173  908  2   0  908
174  902  2   0  902
175  908  2   0  908
176  842  2   0  842
177  896  3   0  0  896
178  832  2   0  832
179  908  2   0  908
180  631  2   0  631
181  908  3   1  0  907
182  896  2   0  896
183  822  2   0  822
184  811  3   0  0  811
185  897  3   0  0  897
186  629  4   0  0  0  629
187  888  2   0  888
188  544  2   0  544
189  908  2   0  908
190  886  3   3  0  883
191  629  2   0  629
192  898  4   0  0  0  898
193  908  2   0  908
194  892  2   0  892
195  908  2   1  907
196  894  2   1  893
197  898  3   0  0  898
198  890  2   0  890
199  893  3   0  0  893
200  870  3   0  0  870
201  578  2   0  578
202  906  2   6  900
203  578  3   0  0  578
204  908  3   0  0  908
205  888  2   0  888
206  896  2   896  0
207  908  2   0  908
208  886  3   0  0  886
209  849  3   0  0  849
210  652  2   0  652
211  884  3   0  0  884
212  840  3   0  0  840
213  860  2   0  860
214  643  3   0  0  643
215  908  3   0  0  908
216  698  3   0  0  698
217  908  2   0  908
218  814  2   0  814
219  840  3   0  0  840
220  682  3   0  0  682
221  739  3   0  0  739
222  822  4   0  0  0  822
223  680  3   0  0  680
224  908  3   0  0  908
225  908  2   0  908
226  818  2   60  758
227  906  3   0  0  906
228  794  3   0  0  794
229  800  2   0  800
230  794  2   0  794
231  908  2   1  907
232  770  2   0  770
233  908  3   0  0  908
234  852  3   0  0  852
235  906  2   0  906
236  760  5   0  0  0  0  760
237  846  2   0  846
238  908  2   0  908
239  746  2   0  746
240  906  2   0  906
241  628  2   0  628
242  908  2   0  908
243  902  3   0  0  902
244  617  3   0  1  616
245  902  3   0  0  902
246  900  2   0  900
247  906  2   0  906
248  676  2   0  676
249  908  4   0  0  0  908
250  834  2   0  834
251  901  3   0  0  901
252  908  2   0  908
253  834  2   0  834
254  484  4   0  0  0  484
255  864  3   0  0  864
256  627  2   0  627
257  900  3   0  0  900
258  422  2   0  422
259  898  3   0  0  898
260  544  2   0  544
261  902  2   0  902
262  256  3   0  0  256
263  870  2   0  870
264  908  3   0  0  908
265  908  3   0  0  908

[pop]=7
1  16462  2   0  16462
2  16478  3   0  1  16477
3  16498  2   0  16498
4  16500  2   1  16499
5  16408  2   0  16408
6  16500  2   0  16500
7  16348  2   0  16348
8  16467  3   0  0  16467
9  16333  4   0  0  0  16333
10  16492  2   8  16484
11  16379  3   1  1  16377
12  16396  4   6  0  0  16390
13  16504  2   8  16496
14  16406  2   0  16406
15  16362  2   874  15488
16  16505  3   1  1750  14754
17  16472  2   0  16472
18  16416  2   0  16416
19  16498  2   0  16498
20  10122  2   0  10122
21  16436  2   0  16436
22  16498  3   0  0  16498
23  16512  3   0  0  16512
24  16493  3   2  0  16491
25  16508  3   0  0  16508
26  16512  4   0  16  0  16496
27  10123  2   0  10123
28  16456  2   0  16456
29  16512  2   0  16512
30  16494  2   5  16489
31  16480  2   20  16460
32  16502  2   0  16502
33  16510  2   3  16507
34  16482  4   0  1  4  16477
35  16498  3   2  0  16496
36  15776  2   0  15776
37  16504  3   0  0  16504
38  16510  2   0  16510
39  16128  2   0  16128
40  16488  2   1  16487
41  10123  2   1  10122
42  16493  3   0  0  16493
43  16512  2   2  16510
44  16498  3   0  0  16498
45  15005  4   1  2  0  15002
46  16512  3   0  1  16511
47  16500  2   51  16449
48  16486  2   7  16479
49  14148  2   2  14146
50  16512  2   13  16499
51  16510  3   0  0  16510
52  16500  3   0  0  16500
53  16512  2   2  16510
54  16508  3   0  2  16506
55  13702  2   0  13702
56  16510  2   0  16510
57  16512  3   1  0  16511
58  16498  2   0  16498
59  16508  2   0  16508
60  16504  2   0  16504
61  16472  2   0  16472
62  16512  3   0  0  16512
63  16512  3   0  0  16512
64  16512  3   1  1  16510
65  16510  2   0  16510
66  16506  2   1  16505
67  16298  2   0  16298
68  16512  2   0  16512
69  16511  3   2  5  16504
70  16508  2   7  16501
71  16506  2   1  16505
72  16512  2   1  16511
73  16496  2   2  16494
74  16510  3   0  0  16510
75  16270  3   0  0  16270
76  16512  3   1  0  16511
77  16508  3   0  0  16508
78  16512  2   0  16512
79  16512  2   0  16512
80  16510  2   2  16508
81  16507  3   1  1  16505
82  16512  2   0  16512
83  16308  3   0  0  16308
84  16507  3   8  0  16499
85  16508  2   0  16508
86  16511  3   0  0  16511
87  16510  2   3  16507
88  16481  3   0  0  16481
89  16362  3   1  1  16360
90  16509  4   1  0  0  16508
91  16369  3   0  0  16369
92  16500  2   19  16481
93  16230  3   0  0  16230
94  16477  4   0  1  0  16476
95  16488  3   1  0  16487
96  16510  2   0  16510
97  16498  2   2  16496
98  16478  2   0  16478
99  16386  3   1  0  16385
100  16512  2   3  16509
101  16511  4   1  0  0  16510
102  16508  3   0  0  16508
103  16226  2   1  16225
104  16508  2   2  16506
105  16512  2   0  16512
106  16237  3   0  0  16237
107  16510  3   0  0  16510
108  16040  3   0  3  16037
109  16510  2   0  16510
110  16510  2   1  16509
111  16153  3   0  0  16153
112  16198  2   6  16192
113  14526  2   16  14510
114  16496  3   0  0  16496
115  15852  2   1  15851
116  16462  2   0  16462
117  16280  2   1  16279
118  16512  2   3  16509
119  15955  3   0  0  15955
120  16512  2   2  16510
121  16508  2   0  16508
122  16506  3   0  0  16506
123  16500  3   0  0  16500
124  16512  2   0  16512
125  16512  2   0  16512
126  9896  2   0  9896
127  16501  4   0  0  0  16501
128  16346  3   0  0  16346
129  16512  2   0  16512
130  16140  3   0  0  16140
131  16494  2   4338  12156
132  16512  2   0  16512
133  16506  3   1  2  16503
134  16506  3   0  0  16506
135  16502  3   0  4  16498
136  16512  2   0  16512
137  16504  2   1  16503
138  16500  3   0  0  16500
139  16510  2   0  16510
140  16502  2   0  16502
141  16444  2   1  16443
142  16512  2   1  16511
143  16503  3   1  4  16498
144  16500  3   0  0  16500
145  16502  2   1  16501
146  16498  3   0  0  16498
147  16510  2   0  16510
148  16501  4   0  0  1  16500
149  16512  3   0  1  16511
150  16498  2   0  16498
151  16154  2   3  16151
152  16510  2   1  16509
153  16512  2   0  16512
154  16510  3   0  0  16510
155  16438  2   0  16438
156  16512  3   0  1  16511
157  16510  3   0  1  16509
158  16490  2   0  16490
159  16512  2   1  16511
160  16466  2   10909  5557
161  16496  2   0  16496
162  16282  2   0  16282
163  16512  3   0  1  16511
164  16490  2   0  16490
165  16234  2   0  16234
166  12614  2   0  12614
167  16510  2   0  16510
168  16512  3   0  0  16512
169  16484  3   1  0  16483
170  12595  3   0  0  12595
171  16178  2   0  16178
172  16486  3   0  0  16486
173  16506  2   1  16505
174  16364  2   0  16364
175  16506  2   0  16506
176  15922  2   2  15920
177  16461  3   0  0  16461
178  15854  2   1  15853
179  16508  2   0  16508
180  10048  2   0  10048
181  16506  3   0  0  16506
182  16452  2   0  16452
183  15800  2   0  15800
184  15703  3   0  0  15703
185  16116  3   0  0  16116
186  9977  4   0  0  1  9976
187  16418  2   0  16418
188  12710  2   6  12704
189  16506  2   0  16506
190  16391  3   0  0  16391
191  9932  2   30  9902
192  16095  4   0  0  0  16095
193  16506  2   1  16505
194  15994  2   0  15994
195  16510  2   0  16510
196  16484  2   3  16481
197  15898  3   0  0  15898
198  15948  2   0  15948
199  16485  3   0  0  16485
200  16308  3   0  1  16307
201  13102  2   0  13102
202  16508  2   47  16461
203  13134  3   0  0  13134
204  16506  3   0  1  16505
205  15870  2   0  15870
206  16482  2   16481  1
207  16506  2   0  16506
208  15326  3   1  0  15325
209  16267  3   0  0  16267
210  13686  2   3  13683
211  15191  3   0  0  15191
212  16235  3   0  0  16235
213  16192  2   0  16192
214  13895  3   5  0  13890
215  16508  3   0  0  16508
216  14900  3   0  1  14899
217  16508  2   0  16508
218  16026  2   1  16025
219  16000  3   0  0  16000
220  14741  3   0  0  14741
221  14847  3   0  0  14847
222  15894  4   2  1  0  15891
223  14666  3   1  0  14665
224  16509  3   0  0  16509
225  16504  2   7  16497
226  15760  2   878  14882
227  16502  3   0  0  16502
228  15892  3   0  0  15892
229  15602  2   0  15602
230  15498  2   0  15498
231  16508  2   0  16508
232  15616  2   0  15616
233  16508  3   0  0  16508
234  13424  3   2  8  13414
235  16484  2   0  16484
236  14578  5   0  0  1  18  14559
237  16000  2   0  16000
238  16476  2   0  16476
239  14034  2   0  14034
240  16464  2   0  16464
241  14126  2   1  14125
242  16506  2   2  16504
243  16445  3   1  0  16444
244  13906  3   1  0  13905
245  16411  3   0  0  16411
246  16398  2   0  16398
247  16506  2   0  16506
248  12738  2   22  12716
249  16504  4   0  0  0  16504
250  12162  2   0  12162
251  16243  3   1  0  16242
252  16462  2   0  16462
253  12020  2   1  12019
254  11633  4   0  0  0  11633
255  16212  3   0  0  16212
256  9944  2   0  9944
257  16235  3   0  0  16235
258  10632  2   8  10624
259  16117  3   0  0  16117
260  9734  2   2  9732
261  16338  2   0  16338
262  8418  3   1  0  8417
263  16308  2   1  16307
264  16499  3   0  4  16495
265  16488  3   0  0  16488

