[loci]=541

[populations]=7

[pop]=1
1  10333  3   0  0  10333
2  9850  2   0  9850
3  10343  3   0  0  10343
4  2260  2   0  2260
5  4544  3   0  0  4544
6  10396  2   0  10396
7  9198  2   0  9198
8  9976  2   5  9971
9  10362  2   0  10362
10  10358  2   16  10342
11  10288  3   0  0  10288
12  10354  3   0  1  10353
13  10066  2   0  10066
14  10374  2   0  10374
15  10352  3   0  0  10352
16  4953  3   0  1  4952
17  10400  2   12  10388
18  10348  2   0  10348
19  10338  3   0  0  10338
20  10358  2   0  10358
21  10349  3   0  0  10349
22  10356  2   5  10351
23  9502  2   0  9502
24  5094  3   0  0  5094
25  10406  3   0  0  10406
26  2898  2   0  2898
27  10350  2   0  10350
28  10406  2   0  10406
29  10364  3   1  0  10363
30  10352  2   0  10352
31  10319  4   13  1  0  10305
32  10350  2   0  10350
33  10402  2   5  10397
34  10292  3   0  0  10292
35  10344  3   4  1  10339
36  5185  3   0  1  5184
37  10398  3   0  1530  8868
38  10184  2   0  10184
39  10402  2   0  10402
40  10297  4   0  0  0  10297
41  9580  2   0  9580
42  2336  2   0  2336
43  5140  2   1  5139
44  10179  4   0  0  0  10179
45  10276  2   4  10272
46  9568  3   0  0  9568
47  10289  3   0  0  10289
48  10376  3   0  0  10376
49  10406  2   2  10404
50  10378  2   0  10378
51  5045  3   0  1  5044
52  4966  2   2  4964
53  10390  2   0  10390
54  10144  2   101  10043
55  10340  5   0  0  0  1  10339
56  10404  2   0  10404
57  10364  4   0  0  1  10363
58  10406  3   1  0  10405
59  10148  2   0  10148
60  10204  2   0  10204
61  10234  2   0  10234
62  9940  2   0  9940
63  4752  2   1  4751
64  10259  3   0  0  10259
65  9972  2   10  9962
66  9788  2   8  9780
67  9716  2   0  9716
68  10100  2   0  10100
69  4934  2   1  4933
70  9842  3   0  0  9842
71  4974  2   0  4974
72  10030  2   0  10030
73  10310  2   0  10310
74  10300  2   2  10298
75  10086  2   0  10086
76  10254  3   24  0  10230
77  10334  3   0  0  10334
78  10254  2   0  10254
79  10352  3   0  0  10352
80  10118  2   3  10115
81  9558  3   0  0  9558
82  10259  3   1  0  10258
83  10194  2   0  10194
84  9772  2   9  9763
85  10255  3   0  0  10255
86  10329  3   0  1  10328
87  10336  2   0  10336
88  10220  2   4  10216
89  9566  3   0  0  9566
90  6161  3   0  0  6161
91  8362  2   0  8362
92  10117  3   0  0  10117
93  10372  2   0  10372
94  10354  2   0  10354
95  10276  2   1  10275
96  10364  2   0  10364
97  8566  3   0  0  8566
98  10338  2   0  10338
99  10128  3   924  0  9204
100  10336  2   0  10336
101  10378  2   882  9496
102  10346  3   0  0  10346
103  10374  2   0  10374
104  10330  3   0  0  10330
105  10364  3   1  0  10363
106  10282  2   0  10282
107  10126  2   0  10126
108  10200  2   30  10170
109  7962  2   1  7961
110  10344  2   0  10344
111  9794  2   0  9794
112  10336  2   0  10336
113  8058  3   1  0  8057
114  10375  3   0  0  10375
115  8792  2   0  8792
116  10120  3   0  0  10120
117  9648  2   2  9646
118  8278  2   0  8278
119  10346  2   0  10346
120  8850  3   0  0  8850
121  10130  3   0  1  10129
122  10335  3   0  0  10335
123  8369  3   2  0  8367
124  10374  2   0  10374
125  10150  2   0  10150
126  8886  2   0  8886
127  10376  2   0  10376
128  10141  3   0  0  10141
129  9682  2   1  9681
130  10150  2   0  10150
131  8906  2   0  8906
132  10374  2   2  10372
133  9712  2   0  9712
134  10376  2   0  10376
135  10379  3   0  0  10379
136  10384  2   0  10384
137  10378  3   0  0  10378
138  10355  3   0  0  10355
139  10388  3   0  0  10388
140  9802  3   1  2  9799
141  9767  3   0  0  9767
142  10336  2   0  10336
143  10377  3   0  0  10377
144  10156  2   4  10152
145  10329  3   0  0  10329
146  10388  2   0  10388
147  10381  3   0  1  10380
148  9236  2   0  9236
149  9848  3   0  0  9848
150  10340  2   18  10322
151  9648  2   0  9648
152  10128  2   0  10128
153  10356  2   0  10356
154  10390  2   0  10390
155  10386  2   0  10386
156  10341  3   0  0  10341
157  10324  2   0  10324
158  9720  2   0  9720
159  10370  3   0  0  10370
160  10350  2   0  10350
161  10386  3   0  0  10386
162  10398  2   0  10398
163  9802  3   0  1  9801
164  10116  2   0  10116
165  10338  5   1  1  0  0  10336
166  9728  3   0  1  9727
167  10364  2   0  10364
168  10343  3   0  0  10343
169  10352  3   0  0  10352
170  9802  3   0  0  9802
171  9325  3   0  0  9325
172  10160  3   1  0  10159
173  10136  5   0  0  0  0  10136
174  10340  3   0  0  10340
175  9756  2   0  9756
176  10368  2   8  10360
177  10342  2   14  10328
178  10356  6   0  0  0  0  1  10355
179  10387  4   0  0  0  10387
180  10334  2   0  10334
181  10028  2   0  10028
182  10130  3   1  0  10129
183  9652  2   0  9652
184  10344  2   0  10344
185  10354  3   0  0  10354
186  10398  2   1  10397
187  10336  2   0  10336
188  9768  3   1  0  9767
189  10372  3   0  0  10372
190  9802  2   2  9800
191  9444  2   1  9443
192  9758  2   0  9758
193  10370  2   0  10370
194  10393  3   0  0  10393
195  10400  2   2  10398
196  9802  3   0  0  9802
197  10170  3   0  0  10170
198  10078  2   0  10078
199  10337  4   0  0  0  10337
200  9926  2   0  9926
201  10370  2   1  10369
202  10355  3   0  0  10355
203  10395  3   8  0  10387
204  10146  4   0  0  2  10144
205  10336  3   0  0  10336
206  10372  2   0  10372
207  10354  2   0  10354
208  10180  2   0  10180
209  10156  2   1  10155
210  10064  2   0  10064
211  10362  3   0  0  10362
212  10400  3   0  2  10398
213  10182  2   0  10182
214  10336  2   0  10336
215  10339  3   0  0  10339
216  10068  3   1  0  10067
217  10105  3   0  1  10104
218  10188  2   0  10188
219  10339  3   1  1  10337
220  10368  3   2  0  10366
221  9651  4   1  0  0  9650
222  10340  2   13  10327
223  10117  3   0  0  10117
224  10133  3   0  0  10133
225  10352  3   0  0  10352
226  10390  3   2  0  10388
227  10348  2   1  10347
228  10196  2   0  10196
229  10341  4   0  0  0  10341
230  10366  2   0  10366
231  10389  3   0  0  10389
232  10357  4   0  0  0  10357
233  10159  3   0  0  10159
234  10339  4   1  0  0  10338
235  10156  2   0  10156
236  10388  2   1  10387
237  10406  2   0  10406
238  10334  3   0  0  10334
239  10404  2   0  10404
240  10344  2   0  10344
241  10355  4   0  0  0  10355
242  10348  2   0  10348
243  10233  3   0  0  10233
244  10342  2   0  10342
245  10406  4   0  11  0  10395
246  10403  3   0  0  10403
247  10332  3   0  0  10332
248  10160  3   0  0  10160
249  10384  2   0  10384
250  10406  2   0  10406
251  9964  2   4  9960
252  10330  2   0  10330
253  10372  3   0  0  10372
254  10384  3   0  0  10384
255  10404  3   0  0  10404
256  10272  2   0  10272
257  10040  4   0  1  0  10039
258  10328  3   1  2  10325
259  10328  2   0  10328
260  10087  3   25  0  10062
261  10170  2   0  10170
262  10374  2   0  10374
263  10314  2   0  10314
264  10404  3   1  0  10403
265  10326  3   0  0  10326
266  10174  2   0  10174
267  10298  2   0  10298
268  10096  3   0  0  10096
269  10334  2   0  10334
270  10406  2   0  10406
271  10402  3   0  0  10402
272  10392  2   0  10392
273  10334  2   0  10334
274  10165  3   0  0  10165
275  10158  3   0  1  10157
276  10268  3   0  0  10268
277  9802  2   0  9802
278  10148  2   1  10147
279  10256  2   1  10255
280  10396  4   0  0  0  10396
281  10112  2   1  10111
282  10140  2   1  10139
283  10380  2   0  10380
284  10377  3   0  0  10377
285  10358  2   0  10358
286  10198  3   1  0  10197
287  9800  2   0  9800
288  10360  2   0  10360
289  10302  2   0  10302
290  10406  2   3  10403
291  10402  3   0  1  10401
292  10342  2   3  10339
293  10120  2   1  10119
294  10131  3   0  0  10131
295  10376  2   1  10375
296  10395  3   0  1  10394
297  10324  2   0  10324
298  10112  2   0  10112
299  10378  2   0  10378
300  10376  3   0  0  10376
301  9802  3   1  0  9801
302  10398  2   2  10396
303  10103  3   0  0  10103
304  10378  2   0  10378
305  10080  2   0  10080
306  10028  2   1  10027
307  10398  2   0  10398
308  10152  3   0  0  10152
309  10030  3   0  0  10030
310  10381  3   0  1  10380
311  10152  4   0  1  3  10148
312  10384  2   3  10381
313  10298  2   0  10298
314  10376  2   1  10375
315  9802  2   0  9802
316  9804  2   0  9804
317  9999  3   0  13  9986
318  9925  3   0  0  9925
319  9802  2   0  9802
320  10356  2   0  10356
321  9922  3   1  0  9921
322  9862  2   0  9862
323  10168  3   0  2  10166
324  9836  2   1  9835
325  9828  3   0  0  9828
326  10170  3   0  2  10168
327  9793  4   0  0  0  9793
328  10382  3   0  0  10382
329  9802  2   0  9802
330  10356  4   0  0  0  10356
331  10298  2   0  10298
332  9784  2   2  9782
333  10384  2   74  10310
334  10304  3   0  0  10304
335  10402  3   0  0  10402
336  10342  2   2  10340
337  10290  2   0  10290
338  9678  2   3  9675
339  10402  2   0  10402
340  10186  2   0  10186
341  10281  3   0  0  10281
342  10380  3   0  0  10380
343  9802  2   0  9802
344  9802  3   0  1  9801
345  10388  2   0  10388
346  9626  4   0  0  1  9625
347  10318  2   0  10318
348  10192  4   1  32  805  9354
349  9802  2   0  9802
350  10312  2   0  10312
351  10389  3   0  0  10389
352  10386  2   0  10386
353  10300  2   0  10300
354  9628  4   3  0  0  9625
355  10402  3   0  0  10402
356  9802  3   0  2  9800
357  10402  2   1  10401
358  10382  3   0  0  10382
359  10388  3   0  5  10383
360  9626  3   0  0  9626
361  9802  4   0  0  0  9802
362  9404  3   0  0  9404
363  9622  3   0  0  9622
364  9802  2   1  9801
365  10298  3   0  0  10298
366  9600  3   0  0  9600
367  9469  3   1  0  9468
368  4215  4   2  0  1  4212
369  10387  3   0  0  10387
370  9800  3   1  0  9799
371  10278  2   0  10278
372  10386  3   0  0  10386
373  10302  2   0  10302
374  10374  2   1  10373
375  10386  2   0  10386
376  10308  2   0  10308
377  10265  4   0  0  0  10265
378  10402  2   406  9996
379  4890  3   0  0  4890
380  10308  2   0  10308
381  10376  2   0  10376
382  9482  2   0  9482
383  10402  2   0  10402
384  9480  2   0  9480
385  9742  2   0  9742
386  9802  2   5977  3825
387  10388  2   0  10388
388  10374  2   1  10373
389  10376  2   0  10376
390  6210  3   0  0  6210
391  9402  2   0  9402
392  9792  3   0  0  9792
393  10401  3   0  0  10401
394  9416  3   2  0  9414
395  10384  2   0  10384
396  10404  2   0  10404
397  9828  3   0  0  9828
398  6530  2   0  6530
399  10374  2   0  10374
400  9409  3   0  351  9058
401  9802  3   0  0  9802
402  10374  3   3  0  10371
403  10218  3   0  1  10217
404  10388  2   0  10388
405  10222  3   1  0  10221
406  9454  2   1  9453
407  10242  2   8853  1389
408  6942  3   0  0  6942
409  10303  3   1  1  10301
410  10402  3   0  0  10402
411  10218  2   0  10218
412  10401  3   1  0  10400
413  10390  2   0  10390
414  10371  3   1  0  10370
415  7452  2   0  7452
416  10370  2   3  10367
417  10206  2   0  10206
418  7546  2   0  7546
419  10372  3   0  0  10372
420  9778  2   0  9778
421  10001  3   1  0  10000
422  9802  3   0  0  9802
423  10372  2   41  10331
424  9780  2   0  9780
425  10370  2   2  10368
426  9508  2   1  9507
427  9975  3   0  0  9975
428  10390  4   0  0  0  10390
429  10280  3   0  2  10278
430  10370  2   127  10243
431  10184  2   0  10184
432  10400  2   0  10400
433  9520  2   0  9520
434  9867  4   2  1  1  9863
435  8759  3   0  912  7847
436  10389  3   1  0  10388
437  9178  3   0  0  9178
438  9778  2   0  9778
439  9542  3   0  0  9542
440  9824  3   0  0  9824
441  10359  3   0  72  10287
442  10406  2   3  10403
443  9556  2   0  9556
444  10364  3   0  0  10364
445  9140  2   0  9140
446  9782  2   4  9778
447  9040  2   0  9040
448  10384  3   0  0  10384
449  10254  3   0  0  10254
450  10359  3   0  0  10359
451  9120  3   0  0  9120
452  10402  3   3  0  10399
453  9674  3   0  0  9674
454  9217  4   0  1  0  9216
455  10384  3   0  1  10383
456  10236  2   0  10236
457  10358  4   0  0  0  10358
458  9788  2   0  9788
459  9682  2   0  9682
460  10234  2   162  10072
461  9088  2   0  9088
462  10404  2   0  10404
463  9786  2   0  9786
464  10406  2   0  10406
465  10226  3   0  0  10226
466  10351  3   3  0  10348
467  9040  2   0  9040
468  10404  3   0  0  10404
469  9802  2   0  9802
470  9597  4   0  5  0  9592
471  9802  2   0  9802
472  9560  2   0  9560
473  9561  4   0  0  0  9561
474  10378  2   2  10376
475  10404  3   0  0  10404
476  10402  2   0  10402
477  9802  3   0  0  9802
478  9540  2   0  9540
479  10372  3   0  181  10191
480  9790  2   78  9712
481  9178  2   9  9169
482  10360  2   2  10358
483  9792  3   0  0  9792
484  9512  3   1  0  9511
485  9019  4   0  0  74  8945
486  10068  2   0  10068
487  10406  2   0  10406
488  9596  3   0  0  9596
489  9827  3   0  1383  8444
490  10080  2   0  10080
491  8966  3   0  0  8966
492  9791  3   0  2  9789
493  10138  2   1  10137
494  10406  2   0  10406
495  9792  2   1  9791
496  10361  4   0  0  1727  8634
497  8902  2   19  8883
498  9802  2   0  9802
499  10132  2   0  10132
500  8442  2   0  8442
501  10352  2   1722  8630
502  9794  3   1  0  9793
503  8328  2   0  8328
504  8880  2   0  8880
505  9632  3   0  0  9632
506  8270  3   0  0  8270
507  10108  3   0  0  10108
508  8803  4   0  0  0  8803
509  10406  2   3  10403
510  10396  2   0  10396
511  10122  2   0  10122
512  9628  2   2  9626
513  10135  4   0  1  0  10134
514  10350  3   0  4  10346
515  9796  3   0  0  9796
516  9802  2   0  9802
517  10378  2   0  10378
518  9804  2   0  9804
519  10360  2   0  10360
520  10136  2   0  10136
521  10346  3   0  1  10345
522  10406  3   0  0  10406
523  9796  3   0  0  9796
524  10114  3   0  14  10100
525  10406  2   1  10405
526  8015  3   0  0  8015
527  10346  2   0  10346
528  10110  2   0  10110
529  9650  2   1  9649
530  10176  3   0  0  10176
531  9646  2   0  9646
532  7918  2   2  7916
533  10356  2   0  10356
534  10203  3   0  0  10203
535  10348  2   0  10348
536  8536  3   0  0  8536
537  9638  3   0  0  9638
538  10347  3   0  0  10347
539  7866  3   0  0  7866
540  10351  3   0  0  10351
541  10390  2   0  10390

[pop]=2
1  11555  3   0  0  11555
2  11404  2   0  11404
3  11529  3   1  0  11528
4  438  2   0  438
5  3045  3   1  1  3043
6  11574  2   0  11574
7  10606  2   10  10596
8  11450  2   1  11449
9  11558  2   3  11555
10  11544  2   1  11543
11  11450  3   0  0  11450
12  11562  3   0  0  11562
13  11502  2   1  11501
14  11560  2   10  11550
15  11564  3   0  0  11564
16  4294  3   0  0  4294
17  11576  2   0  11576
18  11558  2   0  11558
19  11556  3   0  1  11555
20  11554  2   1  11553
21  11527  3   4  0  11523
22  11554  2   0  11554
23  10996  2   0  10996
24  4569  3   0  0  4569
25  11578  3   0  0  11578
26  436  2   1  435
27  11526  2   0  11526
28  11578  2   0  11578
29  11566  3   3  3  11560
30  11524  2   0  11524
31  11535  4   39  0  0  11496
32  11526  2   1  11525
33  11570  2   48  11522
34  11465  3   0  0  11465
35  11524  3   1  0  11523
36  4639  3   2  0  4637
37  11568  3   0  833  10735
38  11526  2   0  11526
39  11578  2   3  11575
40  11529  4   0  0  0  11529
41  11048  2   0  11048
42  490  2   1  489
43  4562  2   0  4562
44  11523  4   0  0  0  11523
45  11460  2   0  11460
46  11015  3   7  0  11008
47  11516  3   0  0  11516
48  11568  3   0  0  11568
49  11578  2   0  11578
50  11570  2   0  11570
51  4281  3   0  2  4279
52  4180  2   1  4179
53  11566  2   0  11566
54  11504  2   318  11186
55  11542  5   0  0  0  0  11542
56  11578  2   0  11578
57  11554  4   6  0  0  11548
58  11578  3   0  0  11578
59  11504  2   13  11491
60  11530  2   0  11530
61  11568  2   1  11567
62  11498  2   0  11498
63  3092  2   0  3092
64  11521  3   0  0  11521
65  11466  2   0  11466
66  10890  2   2  10888
67  11538  2   0  11538
68  11424  2   27  11397
69  3358  2   0  3358
70  10913  3   0  0  10913
71  3434  2   0  3434
72  11470  2   0  11470
73  11518  2   3  11515
74  11558  2   1  11557
75  11490  2   0  11490
76  11568  3   38  0  11530
77  11550  3   0  1  11549
78  11568  2   0  11568
79  11554  3   0  0  11554
80  11426  2   0  11426
81  11474  3   0  0  11474
82  11568  3   0  0  11568
83  11512  2   20  11492
84  11560  2   8  11552
85  11568  3   0  4  11564
86  11529  3   1  0  11528
87  11568  2   0  11568
88  11530  2   11  11519
89  11476  3   0  0  11476
90  5237  3   0  0  5237
91  9990  2   0  9990
92  11428  3   0  0  11428
93  11572  2   0  11572
94  11568  2   0  11568
95  11536  2   5  11531
96  11568  2   0  11568
97  10263  3   0  0  10263
98  11558  2   0  11558
99  11430  3   489  0  10941
100  11556  2   0  11556
101  11574  2   585  10989
102  11534  3   0  0  11534
103  11570  2   0  11570
104  11556  3   0  0  11556
105  11578  3   0  0  11578
106  11290  2   1  11289
107  11426  2   0  11426
108  11568  2   48  11520
109  8212  2   0  8212
110  11538  2   1  11537
111  11556  2   0  11556
112  11560  2   0  11560
113  8386  3   3  0  8383
114  11570  3   2  0  11568
115  10456  2   1  10455
116  11424  3   0  11  11413
117  11486  2   0  11486
118  8902  2   3  8899
119  11536  2   0  11536
120  10488  3   0  0  10488
121  11430  3   0  0  11430
122  11562  3   0  3  11559
123  9093  3   1  0  9092
124  11578  2   0  11578
125  11568  2   0  11568
126  10024  2   1  10023
127  11574  2   0  11574
128  11436  3   0  0  11436
129  11484  2   1  11483
130  11568  2   0  11568
131  10052  2   0  10052
132  11574  2   0  11574
133  11488  2   0  11488
134  11574  2   0  11574
135  11574  3   0  0  11574
136  11368  2   0  11368
137  11573  3   0  1  11572
138  11540  3   0  1  11539
139  11574  3   0  0  11574
140  11540  3   0  0  11540
141  11489  3   0  0  11489
142  11556  2   0  11556
143  11574  3   0  0  11574
144  11446  2   0  11446
145  11559  3   0  0  11559
146  11574  2   3  11571
147  11578  3   0  0  11578
148  10862  2   0  10862
149  11502  3   0  0  11502
150  11558  2   1  11557
151  11290  2   0  11290
152  11560  2   4  11556
153  11540  2   0  11540
154  11574  2   1  11573
155  11578  2   0  11578
156  11533  3   0  1  11532
157  11556  2   0  11556
158  11324  2   0  11324
159  11573  3   0  0  11573
160  11534  2   0  11534
161  11578  3   0  0  11578
162  11404  2   0  11404
163  11539  3   4  0  11535
164  11558  2   0  11558
165  11558  5   0  0  0  0  11558
166  11326  3   0  1  11325
167  11574  2   2  11572
168  11538  3   0  0  11538
169  11568  3   0  0  11568
170  11537  3   0  0  11537
171  10965  3   0  1  10964
172  11446  3   0  8  11438
173  11558  5   0  0  4  0  11554
174  11558  3   1  0  11557
175  11328  2   0  11328
176  11574  2   3  11571
177  11532  2   1  11531
178  11566  6   0  0  0  0  0  11566
179  11578  4   0  1  17  11560
180  11572  2   0  11572
181  11508  2   7  11501
182  11558  3   0  0  11558
183  11306  2   0  11306
184  11534  2   1  11533
185  11568  3   0  0  11568
186  11410  2   0  11410
187  11572  2   0  11572
188  11336  3   0  0  11336
189  11572  3   1  1  11570
190  11552  2   0  11552
191  11132  2   0  11132
192  11334  2   0  11334
193  11570  2   0  11570
194  11574  3   0  0  11574
195  11426  2   0  11426
196  11548  3   0  4  11544
197  11454  3   0  0  11454
198  11514  2   0  11514
199  11558  4   0  0  0  11558
200  11356  2   1  11355
201  11572  2   2  11570
202  11540  3   0  0  11540
203  11578  3   0  0  11578
204  11556  4   0  0  0  11556
205  11558  3   0  0  11558
206  11572  2   0  11572
207  11536  2   7  11529
208  11454  2   0  11454
209  11556  2   0  11556
210  11418  2   0  11418
211  11567  3   19  0  11548
212  11433  3   0  0  11433
213  11450  2   0  11450
214  11568  2   0  11568
215  11559  3   0  0  11559
216  11418  3   0  0  11418
217  11454  3   0  0  11454
218  11460  2   0  11460
219  11561  3   3  0  11558
220  11570  3   0  1  11569
221  11363  4   0  0  0  11363
222  11562  2   3  11559
223  11460  3   0  0  11460
224  11477  3   0  1  11476
225  11524  3   0  0  11524
226  11572  3   0  0  11572
227  11566  2   1  11565
228  11464  2   0  11464
229  11567  4   1  0  0  11566
230  11570  2   0  11570
231  11570  3   0  0  11570
232  11567  4   0  0  0  11567
233  11551  3   0  0  11551
234  11568  4   0  0  0  11568
235  11492  2   0  11492
236  11566  2   0  11566
237  11578  2   0  11578
238  11569  3   0  0  11569
239  11478  2   1  11477
240  11526  2   1  11525
241  11566  4   1  1  0  11564
242  11562  2   0  11562
243  11484  3   0  1  11483
244  11522  2   0  11522
245  11578  4   0  0  0  11578
246  11482  3   0  0  11482
247  11568  3   0  0  11568
248  11508  3   0  1  11507
249  11566  2   0  11566
250  11578  2   0  11578
251  11544  2   0  11544
252  11568  2   2  11566
253  11566  3   0  0  11566
254  11563  3   1  0  11562
255  11487  3   3  0  11484
256  11514  2   0  11514
257  11542  4   0  0  0  11542
258  11566  3   0  0  11566
259  11514  2   0  11514
260  11542  3   29  0  11513
261  11510  2   0  11510
262  11566  2   0  11566
263  11566  2   0  11566
264  11501  3   0  0  11501
265  11568  3   0  0  11568
266  11512  2   1  11511
267  11568  2   0  11568
268  11541  3   0  0  11541
269  11550  2   0  11550
270  11578  2   7  11571
271  11510  3   0  1  11509
272  11562  2   0  11562
273  11566  2   0  11566
274  11517  3   0  0  11517
275  11524  3   0  0  11524
276  11568  3   0  7  11561
277  11566  2   0  11566
278  11522  2   0  11522
279  11566  2   0  11566
280  11567  4   0  0  0  11567
281  11540  2   0  11540
282  11522  2   5  11517
283  11566  2   1  11565
284  11564  3   0  1  11563
285  11556  2   1  11555
286  11562  3   0  0  11562
287  11568  2   0  11568
288  11554  2   0  11554
289  11514  2   0  11514
290  11578  2   0  11578
291  11528  3   0  0  11528
292  11540  2   1  11539
293  11538  2   0  11538
294  11516  3   0  1  11515
295  11562  2   0  11562
296  11567  3   0  0  11567
297  11562  2   0  11562
298  11516  2   16  11500
299  11566  2   0  11566
300  11562  3   0  1  11561
301  11574  3   0  0  11574
302  11564  2   0  11564
303  11515  3   1  0  11514
304  11560  2   0  11560
305  11516  2   0  11516
306  11554  2   0  11554
307  11568  2   0  11568
308  11540  3   0  0  11540
309  11514  3   0  0  11514
310  11565  3   0  0  11565
311  11539  4   0  2  0  11537
312  11564  2   0  11564
313  11514  2   0  11514
314  11558  2   1  11557
315  11572  2   14  11558
316  11574  2   0  11574
317  11506  3   2  0  11504
318  11546  3   0  0  11546
319  11574  2   0  11574
320  11544  2   0  11544
321  11499  3   0  0  11499
322  11532  2   0  11532
323  11538  3   0  0  11538
324  11492  2   0  11492
325  11526  3   0  0  11526
326  11538  3   1  0  11537
327  11489  4   0  0  2  11487
328  11562  3   0  0  11562
329  11576  2   0  11576
330  11534  4   0  0  0  11534
331  11518  2   0  11518
332  11520  2   2  11518
333  11544  2   1224  10320
334  11521  3   0  0  11521
335  11546  3   0  0  11546
336  11532  2   1  11531
337  11548  2   0  11548
338  11506  2   0  11506
339  11548  2   0  11548
340  11538  2   0  11538
341  11546  3   0  0  11546
342  11560  3   6  0  11554
343  11576  2   0  11576
344  11576  3   0  0  11576
345  11552  2   0  11552
346  11495  4   0  1  1  11493
347  11526  2   0  11526
348  11538  4   0  0  54  11484
349  11576  2   0  11576
350  11528  2   1  11527
351  11556  3   0  0  11556
352  11566  2   0  11566
353  11522  2   0  11522
354  11492  4   0  0  0  11492
355  11546  3   0  0  11546
356  11575  3   0  0  11575
357  11578  2   0  11578
358  11560  3   0  1  11559
359  11568  3   0  1  11567
360  11493  3   0  0  11493
361  11576  4   1  0  0  11575
362  11392  3   0  0  11392
363  11496  3   1  0  11495
364  11572  2   0  11572
365  11530  3   0  0  11530
366  11488  3   0  8  11480
367  11415  3   0  0  11415
368  4278  4   0  3  1  4274
369  11568  3   0  0  11568
370  11573  3   0  0  11573
371  11518  2   0  11518
372  11567  3   0  1  11566
373  11532  2   0  11532
374  11560  2   0  11560
375  11566  2   2  11564
376  11532  2   4  11528
377  11515  4   0  0  1  11514
378  11572  2   15  11557
379  5005  3   0  2  5003
380  11530  2   0  11530
381  11560  2   0  11560
382  11474  2   0  11474
383  11572  2   0  11572
384  11474  2   0  11474
385  11514  2   1  11513
386  11576  2   6113  5463
387  11568  2   2  11566
388  11558  2   3  11555
389  11560  2   5  11555
390  6101  3   0  1  6100
391  11472  2   0  11472
392  11563  3   0  0  11563
393  11572  3   0  0  11572
394  11524  3   4  0  11520
395  11564  2   0  11564
396  11578  2   0  11578
397  11484  3   0  1  11483
398  6432  2   0  6432
399  11560  2   0  11560
400  11468  3   0  21  11447
401  11576  3   1  0  11575
402  11560  3   0  0  11560
403  11496  3   0  0  11496
404  11564  2   0  11564
405  11495  3   1  0  11494
406  11522  2   6  11516
407  11548  2   11367  181
408  7050  3   0  0  7050
409  11515  3   2  0  11513
410  11529  3   0  0  11529
411  11490  2   0  11490
412  11570  3   0  0  11570
413  11566  2   0  11566
414  11560  3   0  0  11560
415  7740  2   0  7740
416  11560  2   0  11560
417  11482  2   1  11481
418  7828  2   1  7827
419  11560  3   1  0  11559
420  11562  2   14  11548
421  11394  3   0  0  11394
422  11576  3   0  1  11575
423  11560  2   2  11558
424  11564  2   0  11564
425  11558  2   0  11558
426  11524  2   2  11522
427  11326  3   0  0  11326
428  11566  4   0  0  1  11565
429  11496  3   0  2  11494
430  11560  2   5  11555
431  11474  2   0  11474
432  11522  2   0  11522
433  11524  2   1  11523
434  11264  4   2  0  0  11262
435  9503  3   1  51  9451
436  11568  3   0  1  11567
437  11435  3   0  0  11435
438  11562  2   1  11561
439  11522  3   0  0  11522
440  11218  3   0  0  11218
441  11560  3   0  2  11558
442  11568  2   0  11568
443  11524  2   1  11523
444  11560  3   0  0  11560
445  11434  2   0  11434
446  11568  2   0  11568
447  9836  2   0  9836
448  11568  3   0  0  11568
449  11496  3   0  0  11496
450  11560  3   0  1  11559
451  11434  3   0  0  11434
452  11532  3   4  0  11528
453  11054  3   1  0  11053
454  10213  4   0  0  0  10213
455  11568  3   1  24  11543
456  11486  2   0  11486
457  11559  4   0  0  0  11559
458  11564  2   0  11564
459  11066  2   0  11066
460  11482  2   8  11474
461  11426  2   5  11421
462  11578  2   0  11578
463  11566  2   0  11566
464  11560  2   0  11560
465  11482  3   0  0  11482
466  11557  3   1  0  11556
467  11422  2   0  11422
468  11578  3   2  0  11576
469  11576  2   0  11576
470  10999  4   1  0  0  10998
471  11576  2   1  11575
472  11522  2   5  11517
473  10977  4   0  0  0  10977
474  11568  2   0  11568
475  11558  3   0  0  11558
476  11536  2   0  11536
477  11576  3   0  0  11576
478  10832  2   0  10832
479  11566  3   0  780  10786
480  11564  2   1  11563
481  10342  2   6  10336
482  11562  2   0  11562
483  11565  3   0  0  11565
484  11524  3   0  0  11524
485  10133  4   0  0  0  10133
486  11400  2   2  11398
487  11578  2   0  11578
488  11523  3   0  0  11523
489  11228  3   0  540  10688
490  11414  2   0  11414
491  11375  3   0  0  11375
492  11570  3   0  0  11570
493  11448  2   3  11445
494  11578  2   0  11578
495  11570  2   0  11570
496  11517  4   0  0  3649  7868
497  11338  2   0  11338
498  11576  2   0  11576
499  11450  2   0  11450
500  9158  2   2  9156
501  11498  2   3649  7849
502  11568  3   0  1  11567
503  8936  2   0  8936
504  11336  2   1  11335
505  11522  3   0  0  11522
506  8774  3   0  0  8774
507  11413  3   0  0  11413
508  11318  4   0  0  0  11318
509  11578  2   2  11576
510  11520  2   0  11520
511  11446  2   0  11446
512  11522  2   0  11522
513  11418  4   0  0  0  11418
514  11564  3   0  0  11564
515  11574  3   0  0  11574
516  11576  2   0  11576
517  11454  2   1  11453
518  11262  2   0  11262
519  11550  2   0  11550
520  11406  2   0  11406
521  11564  3   0  0  11564
522  11578  3   0  0  11578
523  11574  3   0  0  11574
524  11446  3   0  44  11402
525  11536  2   0  11536
526  8350  3   0  0  8350
527  11564  2   0  11564
528  11444  2   0  11444
529  11526  2   0  11526
530  11432  3   0  0  11432
531  11524  2   0  11524
532  8108  2   0  8108
533  11544  2   0  11544
534  11444  3   0  1  11443
535  11564  2   1  11563
536  11238  3   1  0  11237
537  11524  3   0  0  11524
538  11564  3   0  0  11564
539  7969  3   0  0  7969
540  11544  3   0  2  11542
541  11514  2   0  11514

[pop]=3
1  8618  3   0  1  8617
2  8614  2   0  8614
3  8648  3   1  0  8647
4  644  2   3  641
5  2946  3   0  1  2945
6  8652  2   2  8650
7  8250  2   0  8250
8  8636  2   0  8636
9  8650  2   0  8650
10  8654  2   0  8654
11  8610  3   0  0  8610
12  8644  3   0  2  8642
13  8640  2   0  8640
14  8602  2   0  8602
15  8630  3   0  0  8630
16  3859  3   0  0  3859
17  8652  2   0  8652
18  8644  2   0  8644
19  8644  3   0  0  8644
20  8654  2   0  8654
21  8652  3   0  0  8652
22  8654  2   0  8654
23  8530  2   0  8530
24  4120  3   0  0  4120
25  8654  3   0  0  8654
26  756  2   1  755
27  8654  2   0  8654
28  8654  2   0  8654
29  8636  3   0  0  8636
30  8654  2   0  8654
31  8623  4   0  0  3  8620
32  8650  2   0  8650
33  8652  2   104  8548
34  8598  3   0  0  8598
35  8650  3   0  0  8650
36  4258  3   0  1  4257
37  8643  3   0  2569  6074
38  8644  2   2  8642
39  8652  2   0  8652
40  8611  4   0  0  0  8611
41  8562  2   0  8562
42  718  2   0  718
43  4214  2   0  4214
44  8644  4   8  0  0  8636
45  8594  2   0  8594
46  8552  3   0  0  8552
47  8604  3   0  0  8604
48  8642  3   0  0  8642
49  8654  2   0  8654
50  8644  2   0  8644
51  4053  3   0  0  4053
52  3962  2   0  3962
53  8652  2   0  8652
54  8644  2   1  8643
55  8589  5   0  1  5  0  8583
56  8652  2   3  8649
57  8593  4   0  1  0  8592
58  8654  3   0  0  8654
59  8584  2   0  8584
60  8610  2   0  8610
61  8636  2   0  8636
62  8512  2   2  8510
63  3004  2   0  3004
64  8604  3   0  0  8604
65  8546  2   0  8546
66  8512  2   0  8512
67  8608  2   0  8608
68  8532  2   0  8532
69  3194  2   1  3193
70  8525  3   0  0  8525
71  3226  2   0  3226
72  8550  2   0  8550
73  8640  2   0  8640
74  8620  2   0  8620
75  8560  2   3  8557
76  8634  3   0  0  8634
77  8614  3   0  0  8614
78  8634  2   0  8634
79  8622  3   0  1  8621
80  8532  2   0  8532
81  8608  3   0  0  8608
82  8633  3   0  0  8633
83  8588  2   1  8587
84  8614  2   0  8614
85  8632  3   0  0  8632
86  8642  3   0  3  8639
87  8630  2   2  8628
88  8576  2   0  8576
89  8608  3   0  0  8608
90  4494  3   0  1  4493
91  7710  2   0  7710
92  8522  3   0  0  8522
93  8632  2   0  8632
94  8634  2   0  8634
95  8604  2   0  8604
96  8632  2   0  8632
97  7911  3   0  0  7911
98  8618  2   0  8618
99  8516  3   0  1  8515
100  8618  2   3  8615
101  8634  2   308  8326
102  8646  3   0  0  8646
103  8638  2   0  8638
104  8618  3   0  0  8618
105  8654  3   0  0  8654
106  8632  2   0  8632
107  8518  2   0  8518
108  8620  2   2  8618
109  6416  2   0  6416
110  8644  2   0  8644
111  8616  2   2  8614
112  8620  2   0  8620
113  6502  3   0  0  6502
114  8642  3   0  0  8642
115  8058  2   0  8058
116  8512  3   0  1  8511
117  8612  2   0  8612
118  6796  2   0  6796
119  8646  2   0  8646
120  8078  3   0  0  8078
121  8512  3   0  0  8512
122  8622  3   0  1  8621
123  6908  3   0  0  6908
124  8654  2   0  8654
125  8612  2   0  8612
126  7566  2   0  7566
127  8636  2   0  8636
128  8519  3   1  0  8518
129  8614  2   0  8614
130  8612  2   0  8612
131  7588  2   0  7588
132  8636  2   0  8636
133  8614  2   1  8613
134  8636  2   0  8636
135  8636  3   0  0  8636
136  8646  2   0  8646
137  8634  3   0  0  8634
138  8649  3   0  0  8649
139  8644  3   0  0  8644
140  8611  3   0  0  8611
141  8612  3   0  0  8612
142  8624  2   1  8623
143  8634  3   0  0  8634
144  8534  2   13  8521
145  8635  3   0  0  8635
146  8644  2   0  8644
147  8654  3   0  0  8654
148  8252  2   0  8252
149  8614  3   0  0  8614
150  8626  2   2  8624
151  8348  2   0  8348
152  8606  2   0  8606
153  8650  2   0  8650
154  8644  2   0  8644
155  8654  2   0  8654
156  8648  3   0  0  8648
157  8616  2   0  8616
158  8384  2   0  8384
159  8628  3   0  0  8628
160  8648  2   0  8648
161  8654  3   0  1  8653
162  8654  2   0  8654
163  8607  3   0  0  8607
164  8598  2   0  8598
165  8626  5   0  0  0  0  8626
166  8392  3   0  0  8392
167  8626  2   0  8626
168  8647  3   1  0  8646
169  8620  3   0  0  8620
170  8606  3   0  1  8605
171  8298  3   0  0  8298
172  8544  3   0  0  8544
173  8596  5   0  1  0  0  8595
174  8627  3   1  0  8626
175  8388  2   1  8387
176  8626  2   0  8626
177  8648  2   0  8648
178  8620  6   0  0  0  0  0  8620
179  8654  4   0  0  0  8654
180  8642  2   0  8642
181  8622  2   0  8622
182  8596  3   2  0  8594
183  8376  2   0  8376
184  8646  2   1  8645
185  8620  3   0  0  8620
186  8654  2   0  8654
187  8642  2   0  8642
188  8400  3   0  0  8400
189  8628  3   0  0  8628
190  8602  2   0  8602
191  8390  2   0  8390
192  8404  2   0  8404
193  8628  2   0  8628
194  8642  3   0  0  8642
195  8654  2   0  8654
196  8600  3   0  0  8600
197  8546  3   1  1  8544
198  8624  2   7  8617
199  8626  4   1  0  0  8625
200  8458  2   0  8458
201  8630  2   0  8630
202  8648  3   0  0  8648
203  8654  3   0  0  8654
204  8590  4   1  0  0  8589
205  8626  3   0  0  8626
206  8632  2   0  8632
207  8648  2   0  8648
208  8552  2   0  8552
209  8590  2   0  8590
210  8514  2   1  8513
211  8622  3   0  3  8619
212  8654  3   0  0  8654
213  8558  2   0  8558
214  8642  2   0  8642
215  8630  3   0  0  8630
216  8520  3   0  0  8520
217  8535  3   0  0  8535
218  8570  2   0  8570
219  8631  3   0  0  8631
220  8628  3   0  0  8628
221  8479  4   1  0  0  8478
222  8632  2   0  8632
223  8538  3   0  9  8529
224  8554  3   0  2  8552
225  8642  3   0  2  8640
226  8644  3   0  1  8643
227  8628  2   0  8628
228  8592  2   6  8586
229  8630  4   0  0  2  8628
230  8630  2   0  8630
231  8645  3   0  1  8644
232  8618  4   0  0  0  8618
233  8590  3   0  1  8589
234  8630  4   13  0  0  8617
235  8558  2   1  8557
236  8648  2   0  8648
237  8654  2   0  8654
238  8630  3   0  0  8630
239  8654  2   0  8654
240  8646  2   2  8644
241  8617  4   0  0  0  8617
242  8650  2   0  8650
243  8622  3   0  0  8622
244  8644  2   0  8644
245  8654  4   0  0  1  8653
246  8654  3   0  0  8654
247  8632  3   0  0  8632
248  8576  3   1  0  8575
249  8648  2   0  8648
250  8652  2   0  8652
251  8580  2   4  8576
252  8632  2   0  8632
253  8638  3   0  0  8638
254  8647  3   0  0  8647
255  8654  3   0  0  8654
256  8626  2   1  8625
257  8577  4   1  0  10  8566
258  8634  3   0  0  8634
259  8648  2   0  8648
260  8578  3   1  0  8577
261  8576  2   0  8576
262  8640  2   0  8640
263  8614  2   0  8614
264  8654  3   0  1  8653
265  8632  3   1  0  8631
266  8574  2   0  8574
267  8616  2   0  8616
268  8576  3   0  0  8576
269  8648  2   0  8648
270  8654  2   0  8654
271  8654  3   0  0  8654
272  8648  2   4  8644
273  8632  2   0  8632
274  8565  3   0  0  8565
275  8568  3   0  0  8568
276  8614  3   0  0  8614
277  8622  2   0  8622
278  8568  2   0  8568
279  8614  2   0  8614
280  8648  4   0  0  0  8648
281  8578  2   0  8578
282  8566  2   0  8566
283  8640  2   1  8639
284  8647  3   0  0  8647
285  8654  2   0  8654
286  8614  3   0  0  8614
287  8622  2   8  8614
288  8654  2   0  8654
289  8642  2   0  8642
290  8654  2   0  8654
291  8654  3   0  0  8654
292  8636  2   0  8636
293  8574  2   2  8572
294  8566  3   0  0  8566
295  8646  2   0  8646
296  8646  3   0  0  8646
297  8632  2   0  8632
298  8564  2   0  8564
299  8640  2   0  8640
300  8646  3   0  0  8646
301  8624  3   0  0  8624
302  8646  2   0  8646
303  8560  3   0  1  8559
304  8646  2   0  8646
305  8558  2   2  8556
306  8602  2   0  8602
307  8644  2   0  8644
308  8573  3   0  0  8573
309  8553  3   0  0  8553
310  8641  3   0  0  8641
311  8575  4   2  0  1  8572
312  8644  2   0  8644
313  8634  2   3  8631
314  8646  2   0  8646
315  8626  2   0  8626
316  8622  2   0  8622
317  8548  3   0  1  8547
318  8587  3   0  0  8587
319  8626  2   0  8626
320  8628  2   0  8628
321  8544  3   0  1  8543
322  8578  2   0  8578
323  8574  3   0  0  8574
324  8538  2   0  8538
325  8577  3   0  0  8577
326  8574  3   0  0  8574
327  8539  4   0  0  0  8539
328  8644  3   0  0  8644
329  8626  2   0  8626
330  8630  4   0  1  0  8629
331  8642  2   0  8642
332  8572  2   0  8572
333  8652  2   1431  7221
334  8639  3   1  1  8637
335  8654  3   0  8  8646
336  8628  2   0  8628
337  8620  2   51  8569
338  8550  2   0  8550
339  8654  2   0  8654
340  8576  2   0  8576
341  8610  3   0  0  8610
342  8645  3   0  0  8645
343  8626  2   0  8626
344  8624  3   2  0  8622
345  8654  2   4  8650
346  8543  4   0  0  0  8543
347  8622  2   0  8622
348  8570  4   0  1  0  8569
349  8626  2   0  8626
350  8622  2   1  8621
351  8654  3   0  0  8654
352  8644  2   0  8644
353  8636  2   7  8629
354  8539  4   0  5  0  8534
355  8653  3   0  0  8653
356  8626  3   0  0  8626
357  8654  2   0  8654
358  8644  3   0  0  8644
359  8645  3   1  0  8644
360  8534  3   0  0  8534
361  8626  4   0  0  5  8621
362  8486  3   0  0  8486
363  8540  3   0  1  8539
364  8624  2   0  8624
365  8636  3   0  0  8636
366  8535  3   0  0  8535
367  8512  3   0  0  8512
368  4303  4   0  0  0  4303
369  8642  3   0  0  8642
370  8623  3   0  0  8623
371  8604  2   0  8604
372  8641  3   0  0  8641
373  8634  2   3  8631
374  8644  2   0  8644
375  8640  2   0  8640
376  8634  2   2  8632
377  8601  4   0  0  0  8601
378  8654  2   0  8654
379  4831  3   0  1  4830
380  8636  2   0  8636
381  8644  2   0  8644
382  8516  2   0  8516
383  8654  2   0  8654
384  8512  2   0  8512
385  8566  2   2  8564
386  8620  2   1629  6991
387  8642  2   0  8642
388  8644  2   0  8644
389  8644  2   1  8643
390  5692  3   0  1  5691
391  8492  2   0  8492
392  8618  3   0  0  8618
393  8654  3   0  0  8654
394  8554  3   0  0  8554
395  8642  2   0  8642
396  8654  2   0  8654
397  8581  3   0  0  8581
398  5964  2   0  5964
399  8642  2   0  8642
400  8489  3   0  0  8489
401  8626  3   0  2  8624
402  8642  3   0  0  8642
403  8586  3   1  0  8585
404  8640  2   0  8640
405  8582  3   0  0  8582
406  8552  2   0  8552
407  8620  2   8546  74
408  6401  3   0  0  6401
409  8632  3   0  0  8632
410  8654  3   0  0  8654
411  8578  2   0  8578
412  8650  3   0  0  8650
413  8640  2   3  8637
414  8642  3   0  0  8642
415  6782  2   3  6779
416  8642  2   0  8642
417  8574  2   0  8574
418  6834  2   1  6833
419  8642  3   0  0  8642
420  8616  2   0  8616
421  8561  3   0  0  8561
422  8626  3   0  0  8626
423  8642  2   0  8642
424  8616  2   0  8616
425  8642  2   12  8630
426  8554  2   1  8553
427  8527  3   0  0  8527
428  8638  4   1  0  0  8637
429  8622  3   0  0  8622
430  8642  2   0  8642
431  8568  2   0  8568
432  8654  2   0  8654
433  8552  2   16  8536
434  8489  4   2  0  0  8487
435  7751  3   0  1  7750
436  8639  3   0  0  8639
437  8462  3   0  0  8462
438  8612  2   0  8612
439  8554  3   0  0  8554
440  8478  3   5  0  8473
441  8642  3   0  0  8642
442  8648  2   0  8648
443  8550  2   0  8550
444  8642  3   0  0  8642
445  8452  2   0  8452
446  8620  2   0  8620
447  7912  2   2  7910
448  8640  3   0  0  8640
449  8604  3   0  0  8604
450  8639  3   0  0  8639
451  8448  3   0  0  8448
452  8654  3   0  0  8654
453  8382  3   0  0  8382
454  8083  4   0  0  0  8083
455  8640  3   0  0  8640
456  8596  2   8  8588
457  8637  4   0  0  0  8637
458  8612  2   0  8612
459  8380  2   0  8380
460  8596  2   0  8596
461  8436  2   0  8436
462  8654  2   0  8654
463  8618  2   0  8618
464  8642  2   0  8642
465  8587  3   1  0  8586
466  8637  3   0  0  8637
467  8430  2   0  8430
468  8654  3   0  0  8654
469  8626  2   0  8626
470  8333  4   0  0  0  8333
471  8626  2   0  8626
472  8548  2   0  8548
473  8321  4   3  0  2  8316
474  8640  2   0  8640
475  8638  3   0  0  8638
476  8654  2   0  8654
477  8626  3   0  0  8626
478  8206  2   0  8206
479  8632  3   7  838  7787
480  8620  2   0  8620
481  7850  2   0  7850
482  8632  2   4  8628
483  8620  3   2  0  8618
484  8552  3   0  0  8552
485  7663  4   0  1  0  7662
486  8530  2   0  8530
487  8654  2   0  8654
488  8555  3   0  0  8555
489  8491  3   0  216  8275
490  8544  2   0  8544
491  8362  3   0  0  8362
492  8618  3   1  1  8616
493  8534  2   0  8534
494  8654  2   0  8654
495  8624  2   1  8623
496  8627  4   0  0  152  8475
497  8338  2   0  8338
498  8626  2   0  8626
499  8532  2   0  8532
500  6842  2   0  6842
501  8626  2   152  8474
502  8624  3   0  0  8624
503  6636  2   2  6634
504  8330  2   0  8330
505  8554  3   0  0  8554
506  6550  3   0  1  6549
507  8541  3   0  0  8541
508  8313  4   0  0  0  8313
509  8654  2   1  8653
510  8650  2   0  8650
511  8536  2   3  8533
512  8554  2   0  8554
513  8543  4   0  0  0  8543
514  8630  3   0  0  8630
515  8622  3   0  0  8622
516  8626  2   2  8624
517  8652  2   8  8644
518  8490  2   0  8490
519  8630  2   1  8629
520  8552  2   1  8551
521  8632  3   0  0  8632
522  8654  3   0  1  8653
523  8620  3   0  1  8619
524  8540  3   0  0  8540
525  8626  2   1  8625
526  6231  3   0  0  6231
527  8630  2   0  8630
528  8536  2   5  8531
529  8554  2   0  8554
530  8564  3   3  0  8561
531  8554  2   2  8552
532  6110  2   0  6110
533  8626  2   26  8600
534  8570  3   0  1  8569
535  8632  2   0  8632
536  8278  3   0  0  8278
537  8554  3   0  0  8554
538  8632  3   0  0  8632
539  5974  3   1  0  5973
540  8626  3   0  0  8626
541  8650  2   0  8650

[pop]=4
1  6612  3   0  0  6612
2  6582  2   0  6582
3  6582  3   0  0  6582
4  1624  2   0  1624
5  3177  3   0  0  3177
6  6614  2   0  6614
7  6342  2   0  6342
8  6598  2   0  6598
9  6614  2   0  6614
10  6578  2   0  6578
11  6592  3   0  0  6592
12  6614  3   0  0  6614
13  6598  2   0  6598
14  6606  2   0  6606
15  6614  3   2  0  6612
16  3321  3   9  0  3312
17  6614  2   0  6614
18  6614  2   0  6614
19  6614  3   0  0  6614
20  6574  2   0  6574
21  6602  3   0  0  6602
22  6574  2   0  6574
23  6514  2   0  6514
24  3322  3   0  0  3322
25  6614  3   0  0  6614
26  86  2   0  86
27  6602  2   0  6602
28  6614  2   0  6614
29  6614  3   0  0  6614
30  6602  2   0  6602
31  6614  4   85  0  0  6529
32  6602  2   0  6602
33  6612  2   465  6147
34  6590  3   0  0  6590
35  6604  3   0  0  6604
36  3354  3   0  0  3354
37  6608  3   0  2061  4547
38  6600  2   0  6600
39  6614  2   0  6614
40  6614  4   0  1  0  6613
41  6524  2   0  6524
42  1656  2   0  1656
43  3312  2   0  3312
44  6600  4   0  0  0  6600
45  6586  2   0  6586
46  6520  3   0  0  6520
47  6614  3   0  0  6614
48  6614  3   0  0  6614
49  6614  2   0  6614
50  6614  2   0  6614
51  3250  3   0  0  3250
52  3244  2   0  3244
53  6600  2   0  6600
54  6598  2   301  6297
55  6595  5   0  0  0  0  6595
56  6614  2   0  6614
57  6597  4   0  0  0  6597
58  6614  3   0  0  6614
59  6612  2   0  6612
60  6612  2   0  6612
61  6614  2   0  6614
62  6588  2   0  6588
63  1686  2   0  1686
64  6614  3   0  0  6614
65  6602  2   0  6602
66  6518  2   0  6518
67  6614  2   0  6614
68  6594  2   0  6594
69  1804  2   0  1804
70  6523  3   0  0  6523
71  1844  2   0  1844
72  6604  2   0  6604
73  6600  2   0  6600
74  6614  2   0  6614
75  6604  2   0  6604
76  6614  3   16  1  6597
77  6614  3   0  0  6614
78  6614  2   0  6614
79  6614  3   0  0  6614
80  6598  2   0  6598
81  6612  3   0  0  6612
82  6614  3   0  0  6614
83  6608  2   2  6606
84  6614  2   8  6606
85  6614  3   0  0  6614
86  6606  3   0  0  6606
87  6614  2   0  6614
88  6600  2   4  6596
89  6612  3   0  0  6612
90  2758  3   0  0  2758
91  5942  2   58  5884
92  6594  3   0  0  6594
93  6614  2   0  6614
94  6614  2   0  6614
95  6612  2   0  6612
96  6614  2   0  6614
97  6093  3   0  0  6093
98  6614  2   0  6614
99  6590  3   513  0  6077
100  6614  2   0  6614
101  6614  2   528  6086
102  6605  3   0  0  6605
103  6614  2   0  6614
104  6612  3   0  0  6612
105  6614  3   0  0  6614
106  6592  2   0  6592
107  6592  2   0  6592
108  6612  2   19  6593
109  4234  2   0  4234
110  6604  2   0  6604
111  6614  2   0  6614
112  6614  2   0  6614
113  4302  3   0  0  4302
114  6614  3   0  0  6614
115  6190  2   0  6190
116  6581  3   0  0  6581
117  6612  2   0  6612
118  4566  2   0  4566
119  6604  2   0  6604
120  6224  3   0  0  6224
121  6600  3   0  0  6600
122  6614  3   0  0  6614
123  4647  3   0  0  4647
124  6614  2   0  6614
125  6612  2   0  6612
126  5128  2   0  5128
127  6614  2   0  6614
128  6606  3   0  0  6606
129  6612  2   0  6612
130  6612  2   0  6612
131  5148  2   0  5148
132  6614  2   0  6614
133  6612  2   0  6612
134  6614  2   0  6614
135  6614  3   0  0  6614
136  6606  2   0  6606
137  6614  3   0  0  6614
138  6606  3   0  0  6606
139  6614  3   0  0  6614
140  6614  3   0  0  6614
141  6611  3   0  0  6611
142  6614  2   0  6614
143  6614  3   0  0  6614
144  6610  2   0  6610
145  6610  3   0  0  6610
146  6614  2   0  6614
147  6614  3   0  0  6614
148  6400  2   0  6400
149  6610  3   0  0  6610
150  6614  2   0  6614
151  5954  2   0  5954
152  6612  2   0  6612
153  6606  2   0  6606
154  6614  2   0  6614
155  6614  2   0  6614
156  6600  3   0  0  6600
157  6558  2   1  6557
158  6082  2   0  6082
159  6612  3   0  0  6612
160  6604  2   80  6524
161  6614  3   0  0  6614
162  6608  2   0  6608
163  6614  3   0  0  6614
164  6612  2   0  6612
165  6614  5   0  0  0  0  6614
166  6084  3   0  0  6084
167  6612  2   0  6612
168  6604  3   0  0  6604
169  6608  3   0  0  6608
170  6614  3   0  0  6614
171  6438  3   0  0  6438
172  6606  3   0  0  6606
173  6612  5   0  0  0  0  6612
174  6614  3   0  0  6614
175  6110  2   0  6110
176  6612  2   0  6612
177  6602  2   0  6602
178  6612  6   0  0  0  0  0  6612
179  6614  4   0  0  0  6614
180  6610  2   0  6610
181  6612  2   0  6612
182  6612  3   0  0  6612
183  6002  2   0  6002
184  6600  2   0  6600
185  6612  3   0  0  6612
186  6610  2   0  6610
187  6610  2   0  6610
188  6199  3   0  0  6199
189  6612  3   0  0  6612
190  6614  2   0  6614
191  6484  2   0  6484
192  6226  2   0  6226
193  6612  2   1  6611
194  6614  3   31  0  6583
195  6610  2   0  6610
196  6614  3   0  0  6614
197  6605  3   0  0  6605
198  6614  2   0  6614
199  6614  4   0  0  0  6614
200  6268  2   0  6268
201  6612  2   0  6612
202  6602  3   0  0  6602
203  6614  3   0  0  6614
204  6612  4   0  0  0  6612
205  6614  3   0  0  6614
206  6612  2   0  6612
207  6604  2   0  6604
208  6608  2   0  6608
209  6612  2   0  6612
210  6356  2   0  6356
211  6614  3   0  0  6614
212  6610  3   1  0  6609
213  6608  2   0  6608
214  6610  2   0  6610
215  6614  3   1  0  6613
216  6368  3   0  0  6368
217  6409  3   0  0  6409
218  6604  2   0  6604
219  6614  3   0  0  6614
220  6612  3   0  0  6612
221  6549  4   1  0  0  6548
222  6614  2   0  6614
223  6423  3   0  0  6423
224  6439  3   0  0  6439
225  6600  3   0  0  6600
226  6614  3   0  0  6614
227  6614  2   0  6614
228  6608  2   0  6608
229  6614  4   0  0  0  6614
230  6612  2   0  6612
231  6614  3   0  0  6614
232  6614  4   0  0  0  6614
233  6612  3   0  0  6612
234  6614  4   0  0  0  6614
235  6468  2   0  6468
236  6614  2   0  6614
237  6614  2   0  6614
238  6614  3   0  0  6614
239  6614  2   0  6614
240  6592  2   0  6592
241  6614  4   0  0  0  6614
242  6614  2   0  6614
243  6606  3   0  0  6606
244  6594  2   0  6594
245  6614  4   0  0  0  6614
246  6614  3   0  0  6614
247  6614  3   0  0  6614
248  6505  3   0  0  6505
249  6614  2   2  6612
250  6614  2   1  6613
251  6612  2   0  6612
252  6614  2   0  6614
253  6610  3   0  0  6610
254  6614  3   0  1  6613
255  6614  3   0  0  6614
256  6610  2   0  6610
257  6612  4   0  0  0  6612
258  6614  3   0  0  6614
259  6588  2   0  6588
260  6611  3   97  0  6514
261  6518  2   0  6518
262  6610  2   0  6610
263  6614  2   0  6614
264  6614  3   0  0  6614
265  6614  3   0  0  6614
266  6522  2   0  6522
267  6614  2   0  6614
268  6612  3   0  1  6611
269  6612  2   0  6612
270  6614  2   0  6614
271  6614  3   6  0  6608
272  6614  2   0  6614
273  6614  2   0  6614
274  6537  3   0  0  6537
275  6536  3   0  0  6536
276  6614  3   0  0  6614
277  6614  2   0  6614
278  6538  2   0  6538
279  6614  2   0  6614
280  6614  4   0  0  0  6614
281  6612  2   0  6612
282  6534  2   0  6534
283  6610  2   0  6610
284  6614  3   0  0  6614
285  6612  2   0  6612
286  6614  3   0  0  6614
287  6614  2   0  6614
288  6612  2   0  6612
289  6596  2   0  6596
290  6614  2   0  6614
291  6614  3   0  0  6614
292  6612  2   0  6612
293  6612  2   0  6612
294  6528  3   0  0  6528
295  6614  2   0  6614
296  6614  3   0  0  6614
297  6614  2   0  6614
298  6530  2   0  6530
299  6612  2   0  6612
300  6614  3   0  0  6614
301  6614  3   0  0  6614
302  6614  2   0  6614
303  6526  3   0  0  6526
304  6614  2   0  6614
305  6526  2   0  6526
306  6612  2   0  6612
307  6614  2   0  6614
308  6612  3   0  0  6612
309  6515  3   0  0  6515
310  6612  3   0  0  6612
311  6611  4   0  0  0  6611
312  6614  2   0  6614
313  6592  2   0  6592
314  6612  2   0  6612
315  6614  2   0  6614
316  6614  2   0  6614
317  6513  3   0  0  6513
318  6607  3   0  0  6607
319  6614  2   0  6614
320  6614  2   0  6614
321  6505  3   0  0  6505
322  6604  2   0  6604
323  6612  3   0  0  6612
324  6492  2   0  6492
325  6602  3   0  0  6602
326  6612  3   0  0  6612
327  6493  4   0  0  0  6493
328  6614  3   0  0  6614
329  6614  2   0  6614
330  6614  4   0  0  0  6614
331  6600  2   0  6600
332  6602  2   0  6602
333  6610  2   232  6378
334  6600  3   0  0  6600
335  6614  3   0  0  6614
336  6614  2   0  6614
337  6610  2   0  6610
338  6600  2   0  6600
339  6614  2   0  6614
340  6612  2   0  6612
341  6610  3   0  1  6609
342  6613  3   0  0  6613
343  6614  2   0  6614
344  6614  3   0  0  6614
345  6610  2   0  6610
346  6599  4   0  0  0  6599
347  6614  2   0  6614
348  6612  4   0  0  0  6612
349  6614  2   0  6614
350  6614  2   0  6614
351  6612  3   0  0  6612
352  6614  2   0  6614
353  6598  2   0  6598
354  6592  4   0  0  0  6592
355  6614  3   0  0  6614
356  6614  3   0  0  6614
357  6614  2   0  6614
358  6612  3   0  0  6612
359  6614  3   0  0  6614
360  6594  3   1  0  6593
361  6614  4   0  0  0  6614
362  6440  3   0  0  6440
363  6596  3   0  0  6596
364  6614  2   0  6614
365  6596  3   0  0  6596
366  6593  3   0  0  6593
367  6454  3   0  0  6454
368  1763  4   0  0  0  1763
369  6612  3   0  0  6612
370  6614  3   0  0  6614
371  6614  2   0  6614
372  6611  3   0  0  6611
373  6594  2   0  6594
374  6610  2   0  6610
375  6612  2   0  6612
376  6590  2   0  6590
377  6614  4   0  0  0  6614
378  6614  2   0  6614
379  2067  3   0  0  2067
380  6592  2   0  6592
381  6610  2   0  6610
382  6586  2   0  6586
383  6614  2   0  6614
384  6580  2   0  6580
385  6558  2   0  6558
386  6614  2   2349  4265
387  6612  2   0  6612
388  6608  2   2  6606
389  6608  2   0  6608
390  2839  3   0  0  2839
391  6580  2   0  6580
392  6614  3   0  0  6614
393  6614  3   0  0  6614
394  6612  3   0  0  6612
395  6612  2   0  6612
396  6614  2   0  6614
397  6511  3   0  0  6511
398  3036  2   0  3036
399  6608  2   2  6606
400  6582  3   0  0  6582
401  6614  3   0  0  6614
402  6608  3   0  0  6608
403  6614  3   0  0  6614
404  6612  2   0  6612
405  6614  3   0  0  6614
406  6612  2   0  6612
407  6552  2   5550  1002
408  3390  3   0  0  3390
409  6578  3   0  0  6578
410  6614  3   0  0  6614
411  6614  2   0  6614
412  6614  3   0  2  6612
413  6612  2   0  6612
414  6605  3   0  0  6605
415  3786  2   0  3786
416  6606  2   0  6606
417  6614  2   0  6614
418  3852  2   0  3852
419  6598  3   0  0  6598
420  6614  2   0  6614
421  6314  3   18  0  6296
422  6614  3   0  0  6614
423  6604  2   0  6604
424  6614  2   0  6614
425  6604  2   0  6604
426  6612  2   0  6612
427  6262  3   0  0  6262
428  6612  4   0  0  0  6612
429  6572  3   0  0  6572
430  6604  2   0  6604
431  6614  2   0  6614
432  6610  2   0  6610
433  6612  2   0  6612
434  6145  4   1  0  0  6144
435  4729  3   0  0  4729
436  6612  3   0  0  6612
437  6582  3   0  0  6582
438  6614  2   1  6613
439  6612  3   0  0  6612
440  6088  3   0  0  6088
441  6599  3   0  0  6599
442  6614  2   0  6614
443  6612  2   0  6612
444  6604  3   0  0  6604
445  6582  2   0  6582
446  6614  2   0  6614
447  4950  2   0  4950
448  6606  3   0  0  6606
449  6562  3   0  0  6562
450  6599  3   0  0  6599
451  6582  3   0  0  6582
452  6614  3   0  0  6614
453  5830  3   0  0  5830
454  5163  4   0  0  0  5163
455  6606  3   0  0  6606
456  6558  2   0  6558
457  6604  4   0  1  0  6603
458  6614  2   0  6614
459  5910  2   0  5910
460  6544  2   0  6544
461  6570  2   0  6570
462  6614  2   0  6614
463  6614  2   0  6614
464  6614  2   0  6614
465  6545  3   0  0  6545
466  6602  3   3  0  6599
467  6568  2   0  6568
468  6614  3   0  0  6614
469  6614  2   0  6614
470  5521  4   0  0  0  5521
471  6614  2   0  6614
472  6612  2   0  6612
473  5488  4   0  0  0  5488
474  6604  2   0  6604
475  6614  3   8  0  6606
476  6614  2   0  6614
477  6614  3   0  0  6614
478  5356  2   1  5355
479  6604  3   0  122  6482
480  6614  2   0  6614
481  4986  2   0  4986
482  6600  2   0  6600
483  6614  3   0  0  6614
484  6605  3   0  0  6605
485  4903  4   0  0  0  4903
486  6426  2   0  6426
487  6614  2   0  6614
488  6614  3   0  0  6614
489  5818  3   0  504  5314
490  6440  2   0  6440
491  6471  3   0  0  6471
492  6614  3   0  0  6614
493  6610  2   0  6610
494  6614  2   0  6614
495  6614  2   0  6614
496  6589  4   0  0  1669  4920
497  6422  2   0  6422
498  6614  2   0  6614
499  6610  2   0  6610
500  4548  2   0  4548
501  6586  2   1668  4918
502  6614  3   0  1  6613
503  4476  2   0  4476
504  6418  2   0  6418
505  6614  3   0  0  6614
506  4437  3   0  0  4437
507  6420  3   0  0  6420
508  6383  4   0  0  0  6383
509  6614  2   0  6614
510  6614  2   0  6614
511  6612  2   0  6612
512  6614  2   0  6614
513  6455  4   0  0  0  6455
514  6608  3   0  0  6608
515  6614  3   0  0  6614
516  6614  2   0  6614
517  6612  2   0  6612
518  5826  2   0  5826
519  6586  2   0  6586
520  6466  2   0  6466
521  6608  3   0  0  6608
522  6614  3   0  0  6614
523  6614  3   0  0  6614
524  6612  3   0  122  6490
525  6612  2   0  6612
526  4248  3   0  0  4248
527  6608  2   0  6608
528  6612  2   0  6612
529  6614  2   0  6614
530  6482  3   0  0  6482
531  6614  2   0  6614
532  4186  2   0  4186
533  6574  2   0  6574
534  6475  3   0  0  6475
535  6604  2   0  6604
536  6219  3   0  0  6219
537  6612  3   0  0  6612
538  6604  3   0  0  6604
539  4131  3   0  0  4131
540  6570  3   0  0  6570
541  6614  2   0  6614

[pop]=5
1  66544  3   1  0  66543
2  66176  2   5  66171
3  66450  3   0  1  66449
4  9440  2   0  9440
5  25022  3   1  0  25021
6  66674  2   0  66674
7  62880  2   1  62879
8  66388  2   0  66388
9  65862  2   0  65862
10  66560  2   2  66558
11  66391  3   1  1  66389
12  65734  3   4  0  65730
13  66468  2   0  66468
14  66630  2   13  66617
15  66614  3   0  1  66613
16  29541  3   3  4  29534
17  66702  2   0  66702
18  65628  2   3  65625
19  65536  3   0  9  65527
20  66572  2   1  66571
21  66632  3   0  1  66631
22  66568  2   0  66568
23  64950  2   11  64939
24  30818  3   1  2  30815
25  66712  3   1  0  66711
26  9296  2   0  9296
27  66638  2   2  66636
28  66708  2   0  66708
29  66661  3   51  0  66610
30  66642  2   0  66642
31  65212  4   529  0  0  64683
32  66638  2   1  66637
33  66684  2   312  66372
34  66426  3   1  0  66425
35  66646  3   0  0  66646
36  31342  3   0  0  31342
37  66679  3   1  13815  52863
38  66582  2   0  66582
39  66712  2   0  66712
40  64929  4   8  2  1  64918
41  65220  2   11  65209
42  10140  2   0  10140
43  31050  2   2  31048
44  66580  4   0  1  1  66578
45  66398  2   0  66398
46  65182  3   0  1  65181
47  64763  3   2  1  64760
48  66691  3   2  1  66688
49  66706  2   0  66706
50  66704  2   0  66704
51  30177  3   0  2  30175
52  29700  2   14  29686
53  66622  2   0  66622
54  66504  2   4426  62078
55  66416  5   2  1  0  1  66412
56  66704  2   0  66704
57  66569  4   1  0  0  66568
58  66704  3   0  1  66703
59  64230  2   1  64229
60  65930  2   3  65927
61  66096  2   2  66094
62  65832  2   0  65832
63  27134  2   3  27131
64  64844  3   1  0  64843
65  63496  2   0  63496
66  63068  2   1  63067
67  65826  2   3  65823
68  63370  2   0  63370
69  28444  2   0  28444
70  63260  3   1  1  63258
71  28924  2   2  28922
72  63674  2   2  63672
73  66550  2   0  66550
74  66250  2   0  66250
75  64016  2   0  64016
76  66050  3   901  0  65149
77  65436  3   1  0  65435
78  66038  2   0  66038
79  65652  3   0  0  65652
80  63436  2   0  63436
81  65678  3   1  1  65676
82  66029  3   2  0  66027
83  64614  2   122  64492
84  66422  2   214  66208
85  66012  3   2  0  66010
86  66583  3   2  1  66580
87  66368  2   4  66364
88  66262  2   111  66151
89  65718  3   0  0  65718
90  38397  3   1  1  38395
91  58544  2   46  58498
92  63371  3   2  0  63369
93  66256  2   1  66255
94  66440  2   2  66438
95  65218  2   45  65173
96  66480  2   0  66480
97  60164  3   0  1  60163
98  66380  2   2  66378
99  63424  3   6062  0  57362
100  66392  2   0  66392
101  66494  2   6127  60367
102  66623  3   1  1  66621
103  66520  2   1  66519
104  65830  3   1  1  65828
105  66680  3   0  0  66680
106  65988  2   1  65987
107  63384  2   2  63382
108  65884  2   866  65018
109  52394  2   1  52393
110  66616  2   2  66614
111  66656  2   0  66656
112  66396  2   10  66386
113  52920  3   1  2  52917
114  66546  3   0  1  66545
115  61434  2   1  61433
116  63342  3   2  5  63335
117  65942  2   0  65942
118  54604  2   5  54599
119  66628  2   0  66628
120  61708  3   1  1  61706
121  63398  3   1  10  63387
122  66403  3   0  0  66403
123  55332  3   0  1  55331
124  66706  2   2  66704
125  65708  2   3  65705
126  58752  2   18  58734
127  66502  2   2  66500
128  63452  3   0  2  63450
129  65974  2   0  65974
130  65704  2   1  65703
131  58890  2   2  58888
132  66498  2   1  66497
133  66000  2   2  65998
134  66500  2   3  66497
135  66499  3   1  1  66497
136  66548  2   0  66548
137  66496  3   0  0  66496
138  66619  3   1  0  66618
139  66621  3   0  2  66619
140  66719  3   1  0  66718
141  66069  3   2  4  66063
142  66380  2   2  66378
143  66503  3   0  0  66503
144  63512  2   0  63512
145  66691  3   0  1  66690
146  66628  2   0  66628
147  66722  3   1  0  66721
148  64040  2   0  64040
149  66124  3   1  1  66122
150  66384  2   8  66376
151  63678  2   2  63676
152  65682  2   1  65681
153  66616  2   0  66616
154  66636  2   2  66634
155  66726  2   2  66724
156  66584  3   1  5  66578
157  66038  2   0  66038
158  64006  2   14  63992
159  66497  3   1  0  66496
160  66586  2   40  66546
161  66725  3   1  3  66721
162  66640  2   3  66637
163  66728  3   10  1  66717
164  65620  2   1  65619
165  66380  5   0  2  5  2  66371
166  64028  3   4  1  64023
167  66472  2   30  66442
168  66582  3   1  1  66580
169  66161  3   1  4  66156
170  66729  3   0  0  66729
171  64473  3   2  1  64470
172  63582  3   0  7  63575
173  65656  5   1  0  0  2  65653
174  66386  3   12  1  66373
175  64082  2   3  64079
176  66464  2   1  66463
177  66598  2   0  66598
178  66150  6   0  1  1  1  0  66147
179  66726  4   1  0  0  66725
180  66720  2   0  66720
181  66262  2   0  66262
182  65680  3   2  3  65675
183  63718  2   9  63709
184  66582  2   0  66582
185  66154  3   1  1  66152
186  66658  2   0  66658
187  66722  2   2  66720
188  64033  3   7  1  64025
189  66478  3   20  2  66456
190  66724  2   0  66724
191  65070  2   0  65070
192  64030  2   1  64029
193  66484  2   1  66483
194  66641  3   4  1  66636
195  66662  2   0  66662
196  66726  3   0  0  66726
197  63681  3   0  0  63681
198  66318  2   0  66318
199  66397  4   0  11  15  66371
200  64436  2   0  64436
201  66494  2   1  66493
202  66612  3   2  0  66610
203  66729  3   0  1  66728
204  65732  4   0  1  0  65731
205  66394  3   2  1  66391
206  66496  2   2  66494
207  66610  2   0  66610
208  63758  2   3  63755
209  65740  2   1  65739
210  64822  2   1  64821
211  66219  3   78  0  66141
212  66680  3   0  0  66680
213  63764  2   3  63761
214  66724  2   0  66724
215  66404  3   0  1  66403
216  64876  3   2  1  64873
217  65018  3   1  1  65016
218  63848  2   2  63846
219  66413  3   12  0  66401
220  66510  3   0  0  66510
221  65874  4   1  1  7  65865
222  66426  2   0  66426
223  65067  3   0  1  65066
224  65137  3   1  0  65136
225  66588  3   1  4  66583
226  66661  3   0  0  66661
227  66418  2   1  66417
228  63962  2   0  63962
229  66431  4   1  1  0  66429
230  66514  2   7  66507
231  66664  3   1  0  66663
232  66219  4   0  1  1  66217
233  65755  3   0  2  65753
234  66429  4   2  1  1  66425
235  65220  2   1  65219
236  66666  2   0  66666
237  66738  2   1  66737
238  66441  3   5  0  66436
239  66696  2   1  66695
240  66600  2   0  66600
241  66183  4   0  0  0  66183
242  66720  2   0  66720
243  64465  3   1  0  64464
244  66590  2   3  66587
245  66738  4   2  0  1  66735
246  66698  3   0  0  66698
247  66443  3   1  1  66441
248  65206  3   0  3  65203
249  66672  2   1  66671
250  66738  2   3  66735
251  65292  2   0  65292
252  66448  2   0  66448
253  66552  3   1  1  66550
254  66668  3   7  1  66660
255  66698  3   3  1  66694
256  64934  2   1  64933
257  65433  4   0  0  1  65432
258  66438  3   0  1  66437
259  66568  2   4  66564
260  65510  3   644  1  64865
261  65206  2   1  65205
262  66546  2   5  66541
263  66132  2   5  66127
264  66702  3   0  0  66702
265  66451  3   0  1  66450
266  65214  2   1  65213
267  66120  2   0  66120
268  65539  3   1  2  65536
269  66666  2   0  66666
270  66738  2   1  66737
271  66704  3   1  0  66703
272  66720  2   0  66720
273  66460  2   2  66458
274  65181  3   1  1  65179
275  65181  3   1  0  65180
276  66092  3   1  0  66091
277  66722  2   2  66720
278  65146  2   2  65144
279  66076  2   1  66075
280  66725  4   2  1  2  66720
281  65588  2   1  65587
282  65138  2   25  65113
283  66560  2   0  66560
284  66662  3   2  0  66660
285  66678  2   1  66677
286  66056  3   0  2  66054
287  66720  2   3  66717
288  66668  2   2  66666
289  66546  2   2  66544
290  66738  2   0  66738
291  66698  3   0  0  66698
292  65874  2   1  65873
293  65604  2   3  65601
294  65106  3   1  0  65105
295  66656  2   1  66655
296  66724  3   0  0  66724
297  66414  2   0  66414
298  65076  2   1  65075
299  66564  2   1  66563
300  66661  3   2  0  66659
301  66712  3   0  0  66712
302  66732  2   1  66731
303  65007  3   0  0  65007
304  66664  2   2  66662
305  64962  2   1  64961
306  65814  2   6  65808
307  66728  2   0  66728
308  65611  3   1  1  65609
309  64867  3   1  3  64863
310  66566  3   1  0  66565
311  65609  4   0  6  0  65603
312  66566  2   0  66566
313  66502  2   0  66502
314  66664  2   1  66663
315  66692  2   5  66687
316  66738  2   3  66735
317  64755  3   2  5  64748
318  65654  3   1  0  65653
319  66690  2   4  66686
320  65832  2   0  65832
321  64519  3   0  1  64518
322  65542  2   2  65540
323  65640  3   1  0  65639
324  64280  2   33  64247
325  65501  3   1  1  65499
326  65644  3   2  0  65642
327  64169  4   1  0  0  64168
328  66576  3   1  0  66575
329  66686  2   1  66685
330  65588  4   2  0  0  65586
331  66538  2   2  66536
332  65482  2   48  65434
333  66680  2   2097  64583
334  66539  3   1  0  66538
335  66667  3   1  1  66665
336  65432  2   0  65432
337  66188  2   2  66186
338  65384  2   0  65384
339  66670  2   2  66668
340  65618  2   5  65613
341  66158  3   0  1  66157
342  66653  3   4  10  66639
343  66650  2   2  66648
344  66738  3   0  0  66738
345  66676  2   0  66676
346  65351  4   1  0  5  65345
347  65202  2   0  65202
348  65621  4   0  1  25  65595
349  66738  2   0  66738
350  65146  2   18  65128
351  66676  3   1  0  66675
352  66590  2   6  66584
353  66514  2   0  66514
354  65365  4   0  0  0  65365
355  66660  3   0  0  66660
356  66614  3   1  0  66613
357  66734  2   2  66732
358  66650  3   1  0  66649
359  66596  3   0  1  66595
360  65475  3   1  2  65472
361  66586  4   83  1  0  66502
362  62812  3   1  2  62809
363  65478  3   1  0  65477
364  66578  2   0  66578
365  66478  3   2  1  66475
366  65416  3   2  22  65392
367  63109  3   2  4  63103
368  29121  4   0  2  3  29116
369  66596  3   1  1  66594
370  66511  3   0  1  66510
371  64866  2   0  64866
372  66593  3   2  5  66586
373  66450  2   0  66450
374  66618  2   1  66617
375  66590  2   1  66589
376  66438  2   1  66437
377  64709  4   0  1  0  64708
378  66734  2   5  66729
379  33080  3   3  0  33077
380  66442  2   0  66442
381  66616  2   1  66615
382  65254  2   0  65254
383  66734  2   2  66732
384  65222  2   0  65222
385  65202  2   1  65201
386  66736  2   30762  35974
387  66590  2   1  66589
388  66602  2   58  66544
389  66602  2   2  66600
390  40197  3   1  1  40195
391  65152  2   2  65150
392  66354  3   1  1  66352
393  66728  3   1  1  66726
394  63610  3   16  2  63592
395  66590  2   2  66588
396  66734  2   4  66730
397  64503  3   1  0  64502
398  42298  2   1  42297
399  66590  2   0  66590
400  65116  3   1  4  65111
401  66738  3   0  0  66738
402  66584  3   0  2  66582
403  64320  3   1  0  64319
404  66594  2   2  66592
405  64304  3   0  1  64303
406  63664  2   18  63646
407  66010  2   60447  5563
408  45576  3   1  1  45574
409  66283  3   1  2  66280
410  66669  3   2  2  66665
411  64210  2   0  64210
412  66722  3   0  3  66719
413  66594  2   0  66594
414  66563  3   0  1  66562
415  49122  2   0  49122
416  66564  2   1  66563
417  64010  2   1  64009
418  49554  2   0  49554
419  66570  3   1  1  66568
420  66170  2   0  66170
421  65152  3   37  7  65108
422  66738  3   2  0  66736
423  66552  2   0  66552
424  66142  2   0  66142
425  66548  2   1  66547
426  63830  2   11  63819
427  64833  3   1  5  64827
428  66576  4   0  2  1  66573
429  65952  3   1  3  65948
430  66544  2   3  66541
431  63816  2   3  63813
432  66684  2   0  66684
433  63842  2   1  63841
434  64335  4   0  0  0  64335
435  57486  3   1  23  57462
436  66580  3   0  1  66579
437  64467  3   0  1  64466
438  66064  2   9  66055
439  63870  3   2  6  63862
440  64122  3   0  1  64121
441  66499  3   1  28  66470
442  66724  2   0  66724
443  63898  2   1  63897
444  66502  3   0  2  66500
445  64322  2   8  64314
446  66068  2   0  66068
447  58858  2   0  58858
448  66576  3   0  1  66575
449  65722  3   1  1  65720
450  66490  3   8  2  66480
451  64188  3   1  0  64187
452  66698  3   55  1  66642
453  63366  3   2  7  63357
454  60305  4   2  0  1  60302
455  66574  3   0  14  66560
456  65656  2   0  65656
457  66493  4   1  2  1  66489
458  66048  2   0  66048
459  63370  2   0  63370
460  65600  2   5  65595
461  64068  2   0  64068
462  66736  2   2  66734
463  66062  2   2  66060
464  66718  2   0  66718
465  65529  3   0  1  65528
466  66466  3   44  6  66416
467  63980  2   2  63978
468  66736  3   0  0  66736
469  66740  2   1  66739
470  62957  4   3  0  1  62953
471  66740  2   1  66739
472  63852  2   33  63819
473  62751  4   2  1  0  62748
474  66542  2   0  66542
475  66714  3   0  0  66714
476  66688  2   2  66686
477  66740  3   0  1  66739
478  62278  2   3  62275
479  66509  3   0  2620  63889
480  66116  2   0  66116
481  59950  2   1  59949
482  66462  2   0  66462
483  66127  3   0  1  66126
484  63817  3   0  1  63816
485  58922  4   8  0  2  58912
486  64550  2   3  64547
487  66740  2   3  66737
488  63919  3   0  0  63919
489  63842  3   2  5082  58758
490  64664  2   1  64663
491  63270  3   1  1  63268
492  66145  3   0  3  66142
493  63472  2   0  63472
494  66740  2   0  66740
495  66220  2   0  66220
496  66314  4   1  2  21991  44320
497  62966  2   0  62966
498  66740  2   2  66738
499  63466  2   0  63466
500  54562  2   3  54559
501  66264  2   21997  44267
502  66248  3   0  18  66230
503  53696  2   0  53696
504  62854  2   18  62836
505  64028  3   0  3  64025
506  53187  3   9  0  53178
507  64496  3   4  3  64489
508  62599  4   1  1  1  62596
509  66740  2   0  66740
510  66586  2   1  66585
511  63502  2   1  63501
512  64016  2   0  64016
513  64599  4   1  0  1  64597
514  66441  3   1  0  66440
515  66316  3   0  1  66315
516  66738  2   0  66738
517  66686  2   0  66686
518  64102  2   4  64098
519  66314  2   1  66313
520  64660  2   11  64649
521  66429  3   1  0  66428
522  66740  3   1  0  66739
523  66354  3   1  0  66353
524  63554  3   0  586  62968
525  66696  2   1  66695
526  51252  3   0  1  51251
527  66438  2   4  66434
528  63532  2   0  63532
529  64060  2   2  64058
530  64784  3   0  1  64783
531  64050  2   0  64050
532  50486  2   0  50486
533  66282  2   0  66282
534  64882  3   0  1  64881
535  66450  2   0  66450
536  61599  3   0  2  61597
537  64050  3   0  0  64050
538  66444  3   1  2  66441
539  49763  3   2  1  49760
540  66264  3   0  0  66264
541  66476  2   7  66469

[pop]=6
1  904  3   0  0  904
2  896  2   0  896
3  898  3   0  0  898
4  250  2   0  250
5  441  3   0  0  441
6  908  2   0  908
7  824  2   0  824
8  904  2   0  904
9  878  2   0  878
10  898  2   0  898
11  898  3   0  0  898
12  870  3   0  0  870
13  904  2   0  904
14  904  2   0  904
15  904  3   0  0  904
16  459  3   0  0  459
17  908  2   0  908
18  870  2   0  870
19  869  3   0  0  869
20  898  2   0  898
21  906  3   0  0  906
22  898  2   0  898
23  856  2   0  856
24  463  3   0  0  463
25  906  3   0  0  906
26  200  2   0  200
27  906  2   0  906
28  906  2   0  906
29  906  3   3  0  903
30  906  2   0  906
31  855  4   1  0  0  854
32  906  2   0  906
33  906  2   22  884
34  898  3   0  0  898
35  906  3   0  0  906
36  475  3   0  0  475
37  906  3   1  234  671
38  908  2   0  908
39  908  2   0  908
40  833  4   0  0  0  833
41  866  2   0  866
42  254  2   0  254
43  468  2   0  468
44  906  4   0  0  0  906
45  898  2   0  898
46  862  3   1  0  861
47  830  3   1  0  829
48  906  3   0  0  906
49  908  2   0  908
50  906  2   0  906
51  458  3   0  0  458
52  446  2   0  446
53  904  2   0  904
54  906  2   41  865
55  898  5   0  0  0  0  898
56  908  2   0  908
57  901  4   0  0  0  901
58  908  3   0  0  908
59  812  2   1  811
60  902  2   0  902
61  906  2   0  906
62  884  2   0  884
63  408  2   0  408
64  840  3   0  0  840
65  810  2   0  810
66  786  2   0  786
67  880  2   0  880
68  786  2   0  786
69  416  2   0  416
70  796  3   0  0  796
71  416  2   0  416
72  816  2   0  816
73  900  2   0  900
74  904  2   0  904
75  822  2   0  822
76  904  3   7  0  897
77  866  3   0  0  866
78  904  2   0  904
79  873  3   0  0  873
80  782  2   0  782
81  892  3   0  0  892
82  903  3   0  0  903
83  842  2   3  839
84  894  2   3  891
85  902  3   0  0  902
86  904  3   0  0  904
87  906  2   0  906
88  896  2   2  894
89  892  3   0  1  891
90  563  3   0  0  563
91  718  2   2  716
92  782  3   1  0  781
93  896  2   0  896
94  908  2   0  908
95  860  2   1  859
96  908  2   0  908
97  747  3   0  0  747
98  904  2   0  904
99  778  3   58  0  720
100  904  2   0  904
101  904  2   83  821
102  904  3   0  0  904
103  908  2   0  908
104  885  3   0  0  885
105  906  3   0  1  905
106  890  2   0  890
107  780  2   0  780
108  900  2   16  884
109  724  2   0  724
110  904  2   0  904
111  900  2   0  900
112  904  2   0  904
113  722  3   0  0  722
114  908  3   0  0  908
115  788  2   0  788
116  784  3   0  0  784
117  900  2   0  900
118  740  2   0  740
119  902  2   0  902
120  802  3   0  0  802
121  786  3   0  0  786
122  904  3   0  0  904
123  749  3   0  0  749
124  906  2   0  906
125  900  2   0  900
126  786  2   0  786
127  906  2   0  906
128  783  3   0  0  783
129  902  2   0  902
130  898  2   0  898
131  786  2   0  786
132  906  2   0  906
133  902  2   0  902
134  906  2   0  906
135  906  3   0  0  906
136  908  2   0  908
137  906  3   0  0  906
138  903  3   0  0  903
139  906  3   0  0  906
140  900  3   0  0  900
141  901  3   0  0  901
142  906  2   0  906
143  906  3   0  1  905
144  788  2   0  788
145  908  3   0  0  908
146  906  2   0  906
147  906  3   0  0  906
148  850  2   0  850
149  904  3   0  0  904
150  908  2   0  908
151  850  2   0  850
152  898  2   0  898
153  904  2   0  904
154  906  2   0  906
155  906  2   0  906
156  902  3   0  0  902
157  904  2   0  904
158  850  2   0  850
159  906  3   0  0  906
160  904  2   3  901
161  906  3   0  0  906
162  908  2   0  908
163  900  3   0  0  900
164  898  2   0  898
165  906  5   0  0  2  0  904
166  849  3   0  0  849
167  906  2   2  904
168  904  3   0  0  904
169  904  3   0  0  904
170  900  3   0  0  900
171  850  3   0  0  850
172  794  3   0  0  794
173  898  5   0  0  0  0  898
174  906  3   0  0  906
175  846  2   0  846
176  906  2   0  906
177  902  2   0  902
178  903  6   0  0  0  0  0  903
179  906  4   0  0  0  906
180  908  2   0  908
181  906  2   0  906
182  898  3   0  0  898
183  842  2   0  842
184  904  2   0  904
185  904  3   0  0  904
186  908  2   0  908
187  908  2   0  908
188  854  3   0  0  854
189  906  3   0  0  906
190  900  2   0  900
191  872  2   0  872
192  856  2   1  855
193  906  2   0  906
194  906  3   0  1  905
195  908  2   0  908
196  900  3   0  0  900
197  804  3   0  0  804
198  906  2   1  905
199  906  4   0  0  0  906
200  854  2   0  854
201  906  2   0  906
202  904  3   0  0  904
203  906  3   0  0  906
204  898  4   0  0  0  898
205  906  3   0  0  906
206  906  2   0  906
207  904  2   0  904
208  806  2   0  806
209  898  2   0  898
210  870  2   0  870
211  902  3   1  0  901
212  908  3   0  0  908
213  802  2   0  802
214  908  2   0  908
215  906  3   0  0  906
216  868  3   0  0  868
217  871  3   0  0  871
218  804  2   0  804
219  906  3   1  0  905
220  906  3   0  0  906
221  884  4   0  0  0  884
222  906  2   0  906
223  875  3   0  0  875
224  875  3   0  0  875
225  904  3   0  0  904
226  906  3   0  0  906
227  906  2   0  906
228  814  2   0  814
229  906  4   0  0  0  906
230  906  2   0  906
231  906  3   0  0  906
232  900  4   0  0  0  900
233  896  3   1  0  895
234  906  4   0  0  0  906
235  876  2   0  876
236  906  2   0  906
237  908  2   0  908
238  906  3   0  0  906
239  908  2   0  908
240  904  2   0  904
241  900  4   0  1  0  899
242  908  2   0  908
243  845  3   0  0  845
244  904  2   0  904
245  908  4   0  0  0  908
246  908  3   0  0  908
247  906  3   0  0  906
248  884  3   0  0  884
249  906  2   0  906
250  908  2   0  908
251  894  2   0  894
252  906  2   0  906
253  906  3   0  0  906
254  906  3   0  0  906
255  908  3   0  0  908
256  864  2   0  864
257  894  4   0  0  0  894
258  906  3   0  0  906
259  902  2   0  902
260  894  3   8  0  886
261  884  2   0  884
262  906  2   0  906
263  900  2   0  900
264  908  3   0  0  908
265  906  3   0  0  906
266  884  2   0  884
267  900  2   0  900
268  894  3   0  0  894
269  908  2   0  908
270  908  2   0  908
271  908  3   0  0  908
272  908  2   0  908
273  906  2   0  906
274  886  3   0  0  886
275  886  3   0  0  886
276  900  3   0  0  900
277  900  2   0  900
278  882  2   0  882
279  900  2   0  900
280  908  4   0  0  0  908
281  894  2   0  894
282  880  2   1  879
283  906  2   0  906
284  905  3   0  0  905
285  908  2   0  908
286  900  3   0  0  900
287  900  2   0  900
288  908  2   0  908
289  902  2   0  902
290  908  2   0  908
291  908  3   0  0  908
292  896  2   0  896
293  894  2   0  894
294  881  3   0  0  881
295  904  2   0  904
296  908  3   0  0  908
297  906  2   0  906
298  878  2   2  876
299  904  2   0  904
300  904  3   0  0  904
301  900  3   0  0  900
302  908  2   0  908
303  878  3   0  0  878
304  906  2   0  906
305  878  2   0  878
306  896  2   0  896
307  908  2   0  908
308  894  3   0  0  894
309  874  3   0  0  874
310  906  3   0  0  906
311  894  4   0  0  0  894
312  906  2   0  906
313  900  2   0  900
314  904  2   0  904
315  900  2   0  900
316  900  2   0  900
317  874  3   0  0  874
318  896  3   0  0  896
319  900  2   0  900
320  894  2   0  894
321  870  3   0  0  870
322  894  2   0  894
323  894  3   0  0  894
324  866  2   0  866
325  894  3   0  0  894
326  895  3   0  0  895
327  866  4   0  0  0  866
328  906  3   0  0  906
329  900  2   0  900
330  884  4   0  0  0  884
331  900  2   0  900
332  892  2   0  892
333  908  2   43  865
334  902  3   0  0  902
335  906  3   0  0  906
336  876  2   0  876
337  896  2   0  896
338  894  2   0  894
339  908  2   0  908
340  896  2   0  896
341  896  3   0  0  896
342  904  3   0  0  904
343  898  2   0  898
344  900  3   0  0  900
345  908  2   0  908
346  890  4   0  0  0  890
347  864  2   0  864
348  895  4   0  0  2  893
349  900  2   0  900
350  864  2   2  862
351  908  3   0  0  908
352  906  2   0  906
353  902  2   0  902
354  890  4   0  0  1  889
355  908  3   0  0  908
356  896  3   0  0  896
357  908  2   0  908
358  906  3   0  0  906
359  906  3   0  0  906
360  889  3   0  0  889
361  896  4   0  0  0  896
362  823  3   0  0  823
363  888  3   0  0  888
364  894  2   0  894
365  902  3   0  0  902
366  886  3   0  0  886
367  827  3   0  0  827
368  349  4   0  1  0  348
369  906  3   0  0  906
370  893  3   0  0  893
371  856  2   0  856
372  905  3   0  0  905
373  904  2   0  904
374  906  2   0  906
375  904  2   0  904
376  902  2   1  901
377  853  4   0  0  0  853
378  908  2   3  905
379  394  3   0  0  394
380  904  2   0  904
381  906  2   1  905
382  888  2   0  888
383  908  2   0  908
384  886  2   0  886
385  892  2   0  892
386  900  2   410  490
387  904  2   0  904
388  906  2   1  905
389  906  2   0  906
390  494  3   0  0  494
391  882  2   0  882
392  890  3   0  0  890
393  908  3   0  0  908
394  880  3   0  0  880
395  904  2   0  904
396  908  2   0  908
397  866  3   0  0  866
398  522  2   0  522
399  906  2   0  906
400  882  3   0  2  880
401  900  3   0  0  900
402  906  3   0  0  906
403  834  3   0  0  834
404  904  2   0  904
405  832  3   0  0  832
406  882  2   4  878
407  900  2   848  52
408  574  3   0  0  574
409  901  3   0  0  901
410  908  3   0  0  908
411  822  2   0  822
412  908  3   0  0  908
413  904  2   0  904
414  905  3   0  0  905
415  618  2   0  618
416  906  2   0  906
417  810  2   0  810
418  628  2   0  628
419  906  3   0  0  906
420  880  2   0  880
421  868  3   2  0  866
422  900  3   0  0  900
423  906  2   0  906
424  880  2   0  880
425  906  2   0  906
426  882  2   0  882
427  869  3   0  0  869
428  904  4   0  0  0  904
429  894  3   0  0  894
430  906  2   0  906
431  802  2   0  802
432  908  2   0  908
433  882  2   0  882
434  863  4   0  0  0  863
435  736  3   1  4  731
436  904  3   0  0  904
437  870  3   0  0  870
438  880  2   0  880
439  882  3   0  0  882
440  856  3   0  0  856
441  903  3   0  0  903
442  908  2   0  908
443  882  2   0  882
444  904  3   0  0  904
445  868  2   0  868
446  878  2   0  878
447  752  2   0  752
448  904  3   0  0  904
449  886  3   0  0  886
450  902  3   0  0  902
451  868  3   0  0  868
452  908  3   0  0  908
453  830  3   0  0  830
454  771  4   0  0  0  771
455  904  3   0  0  904
456  882  2   0  882
457  904  4   0  0  0  904
458  876  2   0  876
459  830  2   0  830
460  882  2   0  882
461  866  2   0  866
462  908  2   0  908
463  876  2   0  876
464  908  2   0  908
465  878  3   0  0  878
466  903  3   0  0  903
467  866  2   0  866
468  908  3   0  0  908
469  900  2   0  900
470  820  4   0  0  0  820
471  900  2   0  900
472  882  2   0  882
473  823  4   0  0  0  823
474  904  2   0  904
475  908  3   1  0  907
476  908  2   1  907
477  900  3   0  0  900
478  810  2   0  810
479  904  3   0  51  853
480  878  2   1  877
481  780  2   0  780
482  904  2   0  904
483  877  3   0  0  877
484  876  3   0  0  876
485  767  4   0  0  0  767
486  844  2   0  844
487  908  2   0  908
488  877  3   0  0  877
489  831  3   0  63  768
490  846  2   0  846
491  846  3   0  0  846
492  881  3   0  0  881
493  796  2   0  796
494  908  2   0  908
495  890  2   0  890
496  902  4   0  0  270  632
497  842  2   0  842
498  900  2   0  900
499  800  2   0  800
500  720  2   0  720
501  902  2   270  632
502  890  3   0  0  890
503  712  2   0  712
504  838  2   0  838
505  876  3   0  0  876
506  708  3   0  0  708
507  856  3   0  0  856
508  833  4   0  0  0  833
509  908  2   2  906
510  906  2   0  906
511  794  2   0  794
512  878  2   0  878
513  858  4   0  0  0  858
514  904  3   0  0  904
515  892  3   0  0  892
516  900  2   0  900
517  906  2   0  906
518  828  2   0  828
519  902  2   0  902
520  860  2   0  860
521  904  3   0  0  904
522  908  3   0  0  908
523  894  3   0  0  894
524  798  3   1  6  791
525  908  2   0  908
526  686  3   0  1  685
527  904  2   0  904
528  794  2   0  794
529  878  2   0  878
530  864  3   0  0  864
531  880  2   0  880
532  674  2   0  674
533  902  2   0  902
534  865  3   0  0  865
535  904  2   1  903
536  821  3   0  0  821
537  880  3   0  0  880
538  904  3   0  0  904
539  656  3   0  0  656
540  901  3   0  0  901
541  904  2   0  904

[pop]=7
1  16505  3   0  0  16505
2  16374  2   0  16374
3  16385  3   0  1  16384
4  7912  2   0  7912
5  9201  3   0  0  9201
6  16510  2   27  16483
7  14902  2   0  14902
8  16426  2   0  16426
9  14420  2   0  14420
10  16418  2   0  16418
11  16434  3   0  0  16434
12  14028  3   0  0  14028
13  16462  2   1  16461
14  16506  2   6  16500
15  16506  3   0  0  16506
16  9773  3   2  0  9771
17  16512  2   0  16512
18  13790  2   1  13789
19  13471  3   1  129  13341
20  16432  2   0  16432
21  16493  3   0  0  16493
22  16430  2   0  16430
23  15436  2   0  15436
24  9929  3   0  0  9929
25  16475  3   1  1  16473
26  7740  2   0  7740
27  16494  2   0  16494
28  16478  2   3  16475
29  16506  3   233  0  16273
30  16494  2   2  16492
31  12534  4   38  0  1  12495
32  16494  2   0  16494
33  16506  2   53  16453
34  16434  3   0  1  16433
35  16490  3   0  0  16490
36  9940  3   1  1  9938
37  16507  3   0  4312  12195
38  16480  2   0  16480
39  16512  2   0  16512
40  11765  4   0  0  0  11765
41  15564  2   0  15564
42  7930  2   68  7862
43  9882  2   1  9881
44  16479  4   0  0  0  16479
45  16438  2   0  16438
46  15531  3   0  0  15531
47  11380  3   0  0  11380
48  16506  3   0  0  16506
49  16476  2   0  16476
50  16508  2   2  16506
51  9719  3   1  0  9718
52  9640  2   1  9639
53  16490  2   3  16487
54  16460  2   808  15652
55  16506  5   0  0  5  3  16498
56  16512  2   0  16512
57  16508  4   0  0  0  16508
58  16462  3   0  0  16462
59  11704  2   0  11704
60  16508  2   0  16508
61  16512  2   0  16512
62  15958  2   0  15958
63  10078  2   0  10078
64  12916  3   0  1  12915
65  10952  2   0  10952
66  10566  2   0  10566
67  15344  2   0  15344
68  9276  2   0  9276
69  10348  2   0  10348
70  10822  3   0  0  10822
71  10464  2   12  10452
72  11200  2   0  11200
73  16354  2   0  16354
74  16510  2   0  16510
75  11834  2   0  11834
76  16512  3   84  0  16428
77  14330  3   0  0  14330
78  16512  2   4  16508
79  14781  3   5  0  14776
80  9280  2   0  9280
81  16294  3   0  0  16294
82  16512  3   0  2  16510
83  12778  2   71  12707
84  16252  2   30  16222
85  16512  3   0  0  16512
86  16409  3   0  0  16409
87  16510  2   0  16510
88  16286  2   0  16286
89  16360  3   1  1  16358
90  12348  3   0  0  12348
91  8364  2   1  8363
92  9230  3   0  1  9229
93  16102  2   1  16101
94  16512  2   0  16512
95  14026  2   121  13905
96  16512  2   2  16510
97  9958  3   1  0  9957
98  16502  2   0  16502
99  9222  3   193  0  9029
100  16506  2   0  16506
101  16442  2   3089  13353
102  16449  3   0  0  16449
103  16512  2   1  16511
104  15417  3   0  0  15417
105  16506  3   0  0  16506
106  15860  2   0  15860
107  9140  2   0  9140
108  16512  2   78  16434
109  14586  2   0  14586
110  16444  2   1  16443
111  16508  2   4  16504
112  16506  2   0  16506
113  14688  3   0  1  14687
114  16512  3   0  0  16512
115  11770  2   0  11770
116  9121  3   5  0  9116
117  16434  2   0  16434
118  14932  2   0  14932
119  16458  2   4  16454
120  12254  3   0  0  12254
121  9136  3   0  0  9136
122  16509  3   3  1  16505
123  15030  3   0  0  15030
124  16512  2   0  16512
125  16510  2   2  16508
126  15652  2   0  15652
127  16494  2   0  16494
128  9154  3   0  0  9154
129  16436  2   0  16436
130  16512  2   1  16511
131  15662  2   0  15662
132  16508  2   0  16508
133  16436  2   0  16436
134  16508  2   0  16508
135  16509  3   0  0  16509
136  16466  2   2  16464
137  16510  3   1  0  16509
138  16479  3   0  0  16479
139  16512  3   1  0  16511
140  16512  3   0  0  16512
141  16439  3   0  3  16436
142  16508  2   0  16508
143  16510  3   1  0  16509
144  9290  2   1  9289
145  16503  3   2  0  16501
146  16512  2   0  16512
147  16512  3   0  1  16511
148  15140  2   7  15133
149  16442  3   0  0  16442
150  16512  2   1  16511
151  16382  2   0  16382
152  16512  2   0  16512
153  16484  2   12  16472
154  16512  2   0  16512
155  16512  2   0  16512
156  16480  3   0  0  16480
157  16298  2   1  16297
158  16420  2   0  16420
159  16512  3   0  3  16509
160  16486  2   0  16486
161  16512  3   0  0  16512
162  16498  2   4  16494
163  16512  3   0  0  16512
164  16512  2   1  16511
165  16510  5   1  0  1  1  16507
166  16425  3   0  0  16425
167  16512  2   5  16507
168  16485  3   0  0  16485
169  16299  3   0  0  16299
170  16512  3   1  0  16511
171  15662  3   2  0  15660
172  9456  3   1  0  9455
173  16512  5   0  0  0  0  16512
174  16510  3   0  1  16509
175  16430  2   0  16430
176  16512  2   0  16512
177  16482  2   0  16482
178  16294  6   1  0  0  0  0  16293
179  16512  4   0  0  0  16512
180  16504  2   2  16502
181  16456  2   0  16456
182  16510  3   2  0  16508
183  16430  2   0  16430
184  16486  2   2  16484
185  16290  3   0  0  16290
186  16504  2   1  16503
187  16506  2   0  16506
188  16439  3   0  0  16439
189  16512  3   0  1  16511
190  16512  2   0  16512
191  15954  2   1  15953
192  16444  2   0  16444
193  16512  2   1  16511
194  16512  3   0  2  16510
195  16502  2   0  16502
196  16512  3   1  0  16511
197  9680  3   0  0  9680
198  16462  2   0  16462
199  16509  4   0  0  1  16508
200  16450  2   1  16449
201  16512  2   0  16512
202  16487  3   0  1  16486
203  16512  3   0  0  16512
204  16512  4   0  0  0  16512
205  16510  3   0  0  16510
206  16512  2   0  16512
207  16492  2   0  16492
208  9820  2   0  9820
209  16510  2   0  16510
210  16482  2   0  16482
211  16238  3   9  0  16229
212  16505  3   0  0  16505
213  9876  2   0  9876
214  16508  2   2  16506
215  16510  3   1  0  16509
216  16486  3   0  0  16486
217  16504  3   0  1  16503
218  10054  2   0  10054
219  16510  3   23  0  16487
220  16512  3   0  0  16512
221  16277  4   0  0  0  16277
222  16510  2   0  16510
223  16501  3   1  0  16500
224  16505  3   0  0  16505
225  16496  3   0  0  16496
226  16512  3   0  0  16512
227  16510  2   53  16457
228  10438  2   0  10438
229  16510  4   0  0  0  16510
230  16512  2   0  16512
231  16512  3   0  1  16511
232  16117  4   2  1  0  16114
233  16508  3   0  0  16508
234  16510  4   1  0  0  16509
235  16504  2   1  16503
236  16512  2   1  16511
237  16512  2   1  16511
238  16508  3   0  1  16507
239  16506  2   0  16506
240  16488  2   0  16488
241  16055  4   0  2  16  16037
242  16510  2   5  16505
243  11858  3   0  0  11858
244  16490  2   3  16487
245  16512  4   0  0  0  16512
246  16503  3   2  2  16499
247  16508  3   0  0  16508
248  16503  3   0  0  16503
249  16512  2   0  16512
250  16512  2   3  16509
251  16506  2   1  16505
252  16506  2   0  16506
253  16512  3   0  0  16512
254  16512  3   0  0  16512
255  16504  3   0  0  16504
256  13194  2   0  13194
257  16505  4   0  1  0  16504
258  16506  3   0  0  16506
259  16490  2   0  16490
260  16505  3   35  0  16470
261  16502  2   1  16501
262  16510  2   0  16510
263  15984  2   0  15984
264  16504  3   0  0  16504
265  16506  3   0  0  16506
266  16502  2   0  16502
267  15972  2   2  15970
268  16505  3   0  0  16505
269  16496  2   22  16474
270  16512  2   0  16512
271  16504  3   0  0  16504
272  16512  2   0  16512
273  16506  2   0  16506
274  16503  3   0  0  16503
275  16502  3   0  0  16502
276  15999  3   0  0  15999
277  16512  2   0  16512
278  16504  2   1  16503
279  15950  2   0  15950
280  16512  4   0  0  0  16512
281  16504  2   0  16504
282  16504  2   11  16493
283  16512  2   1  16511
284  16512  3   0  0  16512
285  16500  2   0  16500
286  16036  3   0  0  16036
287  16512  2   0  16512
288  16500  2   0  16500
289  16488  2   0  16488
290  16512  2   0  16512
291  16503  3   1  0  16502
292  15480  2   0  15480
293  16502  2   0  16502
294  16502  3   0  0  16502
295  16512  2   0  16512
296  16510  3   1  0  16509
297  16504  2   5  16499
298  16502  2   0  16502
299  16512  2   1  16511
300  16512  3   3  0  16509
301  16509  3   0  1  16508
302  16510  2   0  16510
303  16501  3   1  0  16500
304  16512  2   0  16512
305  16500  2   0  16500
306  16094  2   0  16094
307  16510  2   2  16508
308  16504  3   0  0  16504
309  16498  3   1  1  16496
310  16512  3   0  0  16512
311  16504  4   0  0  0  16504
312  16512  2   0  16512
313  16490  2   0  16490
314  16510  2   0  16510
315  16504  2   0  16504
316  16512  2   0  16512
317  16492  3   0  2  16490
318  16133  3   0  3  16130
319  16504  2   0  16504
320  15336  2   3  15333
321  16483  3   0  1  16482
322  16182  2   0  16182
323  16504  3   0  0  16504
324  16470  2   0  16470
325  16179  3   0  0  16179
326  16504  3   0  0  16504
327  16451  4   0  1  17  16433
328  16512  3   0  1  16511
329  16504  2   2  16502
330  14672  4   0  0  1  14671
331  16490  2   0  16490
332  16228  2   0  16228
333  16494  2   939  15555
334  16494  3   0  0  16494
335  16499  3   0  1  16498
336  14204  2   0  14204
337  16436  2   4  16432
338  16290  2   0  16290
339  16498  2   0  16498
340  16502  2   0  16502
341  16387  3   1  1  16385
342  16512  3   0  0  16512
343  16460  2   0  16460
344  16512  3   0  0  16512
345  16496  2   0  16496
346  16314  4   0  0  0  16314
347  13548  2   2  13546
348  16496  4   0  0  2  16494
349  16512  2   2  16510
350  13318  2   47  13271
351  16497  3   0  1  16496
352  16512  2   0  16512
353  16494  2   1  16493
354  16325  4   0  0  0  16325
355  16481  3   1  3  16477
356  16365  3   0  0  16365
357  16510  2   0  16510
358  16512  3   0  0  16512
359  16512  3   0  0  16512
360  16354  3   0  0  16354
361  16316  4   0  0  0  16316
362  12499  3   0  0  12499
363  16352  3   0  0  16352
364  16318  2   1  16317
365  16496  3   0  0  16496
366  16364  3   0  1  16363
367  12969  3   0  0  12969
368  6692  4   0  0  0  6692
369  16512  3   2  0  16510
370  16207  3   0  0  16207
371  12520  2   3  12517
372  16512  3   0  0  16512
373  16490  2   0  16490
374  16510  2   0  16510
375  16512  2   0  16512
376  16494  2   1  16493
377  12205  4   1  0  0  12204
378  16510  2   0  16510
379  7930  3   0  2  7928
380  16494  2   2  16492
381  16510  2   0  16510
382  16374  2   2  16372
383  16510  2   5  16505
384  16370  2   24  16346
385  16490  2   1  16489
386  16512  2   8644  7868
387  16512  2   0  16512
388  16510  2   99  16411
389  16510  2   4  16506
390  9852  3   0  0  9852
391  16378  2   0  16378
392  15817  3   0  0  15817
393  16512  3   0  0  16512
394  16448  3   0  0  16448
395  16512  2   0  16512
396  16512  2   0  16512
397  15013  3   1  0  15012
398  10438  2   1  10437
399  16512  2   0  16512
400  16376  3   0  4  16372
401  16512  3   0  0  16512
402  16512  3   0  0  16512
403  11396  3   0  0  11396
404  16512  2   0  16512
405  11326  3   0  0  11326
406  16452  2   273  16179
407  16452  2   16097  355
408  11387  3   0  0  11387
409  16257  3   0  0  16257
410  16496  3   1  0  16495
411  11178  2   2  11176
412  16512  3   0  0  16512
413  16512  2   0  16512
414  16512  3   0  0  16512
415  12396  2   0  12396
416  16512  2   7  16505
417  10690  2   0  10690
418  12516  2   0  12516
419  16512  3   0  0  16512
420  15480  2   0  15480
421  16181  3   0  0  16181
422  16512  3   0  0  16512
423  16512  2   1  16511
424  15446  2   25  15421
425  16512  2   13  16499
426  16444  2   0  16444
427  16160  3   0  0  16160
428  16512  4   0  0  0  16512
429  15656  3   0  0  15656
430  16512  2   51  16461
431  10258  2   0  10258
432  16506  2   2  16504
433  16454  2   0  16454
434  16091  4   0  0  0  16091
435  14477  3   18  3  14456
436  16512  3   0  1  16511
437  16367  3   1  0  16366
438  15304  2   1  15303
439  16439  3   0  1  16438
440  16076  3   0  10  16066
441  16512  3   0  0  16512
442  16512  2   0  16512
443  16432  2   0  16432
444  16512  3   1  0  16511
445  16362  2   0  16362
446  15306  2   0  15306
447  14798  2   0  14798
448  16512  3   1  0  16511
449  15120  3   0  0  15120
450  16511  3   0  0  16511
451  16362  3   0  4  16358
452  16501  3   5  0  16496
453  15914  3   0  0  15914
454  15123  4   0  0  0  15123
455  16512  3   0  0  16512
456  14930  2   0  14930
457  16512  4   1  0  0  16511
458  15220  2   2  15218
459  15928  2   2  15926
460  14816  2   0  14816
461  16364  2   0  16364
462  16512  2   0  16512
463  15196  2   0  15196
464  16512  2   11  16501
465  14722  3   1  2  14719
466  16510  3   0  0  16510
467  16364  2   0  16364
468  16512  3   0  2  16510
469  16512  2   2  16510
470  15827  4   3  1  0  15823
471  16512  2   0  16512
472  16390  2   0  16390
473  15801  4   0  0  0  15801
474  16510  2   0  16510
475  16512  3   0  1  16511
476  16486  2   0  16486
477  16512  3   1  0  16511
478  15570  2   0  15570
479  16508  3   0  805  15703
480  15402  2   0  15402
481  15198  2   0  15198
482  16512  2   1  16511
483  15501  3   0  0  15501
484  16388  3   0  0  16388
485  15061  4   0  0  0  15061
486  13738  2   6  13732
487  16512  2   0  16512
488  16393  3   1  1  16391
489  16051  3   0  1716  14335
490  13824  2   1  13823
491  16328  3   0  0  16328
492  15545  3   0  1  15544
493  9660  2   0  9660
494  16512  2   2  16510
495  15720  2   0  15720
496  16504  4   0  0  5553  10951
497  16314  2   0  16314
498  16512  2   0  16512
499  9634  2   2  9632
500  14528  2   0  14528
501  16500  2   5552  10948
502  15832  3   0  0  15832
503  14404  2   0  14404
504  16306  2   0  16306
505  16406  3   2  0  16404
506  14346  3   0  0  14346
507  13807  3   0  0  13807
508  16282  4   0  0  0  16282
509  16512  2   306  16206
510  16384  2   1  16383
511  9712  2   0  9712
512  16406  2   0  16406
513  13913  4   0  0  0  13913
514  16512  3   1  0  16511
515  16030  3   1  0  16029
516  16512  2   0  16512
517  16506  2   0  16506
518  16040  2   0  16040
519  16506  2   0  16506
520  13956  2   2  13954
521  16512  3   1  0  16511
522  16512  3   0  0  16512
523  16110  3   0  1  16109
524  9810  3   0  122  9688
525  16510  2   1  16509
526  14108  3   1  1  14106
527  16512  2   0  16512
528  9848  2   0  9848
529  16416  2   0  16416
530  14110  3   0  0  14110
531  16422  2   0  16422
532  14046  2   0  14046
533  16504  2   0  16504
534  14265  3   1  0  14264
535  16512  2   1  16511
536  16112  3   0  0  16112
537  16422  3   1  3  16418
538  16512  3   0  0  16512
539  13942  3   0  0  13942
540  16504  3   1  0  16503
541  16280  2   0  16280

