[loci]=340

[populations]=7

[pop]=1
1  9834  3   0  1  9833
2  10404  3   1  1  10402
3  7591  3   0  0  7591
4  10404  2   0  10404
5  10396  3   0  0  10396
6  10404  3   0  0  10404
7  7693  3   0  0  7693
8  10308  2   2  10306
9  10006  2   3  10003
10  10265  3   1390  0  8875
11  10401  4   0  0  0  10401
12  8848  2   6042  2806
13  10298  2   0  10298
14  10286  2   0  10286
15  10403  3   1  423  9979
16  8406  2   0  8406
17  10304  2   0  10304
18  10290  2   0  10290
19  10306  2   2  10304
20  10404  2   2  10402
21  10288  2   3  10285
22  10320  2   0  10320
23  10404  4   0  1  0  10403
24  9805  3   0  0  9805
25  10398  2   999  9399
26  10404  2   0  10404
27  8023  3   0  0  8023
28  10272  3   0  20  10252
29  9804  3   0  0  9804
30  10326  2   0  10326
31  10225  3   0  197  10028
32  10198  3   0  0  10198
33  10402  3   0  0  10402
34  7872  2   0  7872
35  10200  2   3  10197
36  7844  2   138  7706
37  8216  2   4  8212
38  10183  3   0  0  10183
39  10396  2   5094  5302
40  7650  3   0  0  7650
41  10128  2   0  10128
42  10394  2   3  10391
43  8366  2   0  8366
44  10055  3   0  15  10040
45  10402  4   0  0  0  10402
46  8371  2   0  8371
47  10016  2   3  10013
48  10404  3   0  0  10404
49  8357  2   2  8355
50  9974  2   0  9974
51  10404  3   2  0  10402
52  10160  2   19  10141
53  9943  4   0  1  0  9942
54  10152  3   0  0  10152
55  10312  2   0  10312
56  9805  3   0  0  9805
57  10356  2   0  10356
58  10221  4   1  125  0  10095
59  8320  2   0  8320
60  10361  3   0  5  10356
61  10262  2   832  9430
62  10382  3   0  0  10382
63  10356  2   6  10350
64  10368  3   0  0  10368
65  10356  3   0  0  10356
66  10370  2   8  10362
67  10404  3   0  0  10404
68  10402  4   0  0  0  10402
69  8511  3   0  0  8511
70  9695  3   1  1  9693
71  10406  2   1140  9266
72  10402  2   0  10402
73  9656  5   0  0  0  3  9653
74  9806  2   3  9803
75  10361  3   14  461  9886
76  10378  2   0  10378
77  10402  2   1  10401
78  8511  2   0  8511
79  9638  2   0  9638
80  10380  2   6  10374
81  10402  3   0  0  10402
82  10402  3   0  0  10402
83  10406  2   0  10406
84  10307  3   1  1  10305
85  10402  3   0  0  10402
86  10313  3   0  0  10313
87  8482  2   0  8482
88  10388  2   4  10384
89  10306  2   0  10306
90  10350  2   1  10349
91  10388  4   0  0  0  10388
92  8487  2   3  8484
93  10406  3   0  1  10405
94  9810  3   0  184  9626
95  9494  3   0  0  9494
96  9810  3   0  0  9810
97  10402  2   0  10402
98  10400  3   0  3  10397
99  10401  4   0  150  0  10251
100  10386  2   0  10386
101  10358  2   2  10356
102  10406  3   0  0  10406
103  10387  3   1  0  10386
104  8514  2   0  8514
105  9166  3   0  0  9166
106  10388  2   0  10388
107  10402  2   0  10402
108  9146  3   0  0  9146
109  9804  3   0  0  9804
110  10382  2   0  10382
111  10375  3   1  0  10374
112  10401  5   0  0  1  0  10400
113  9152  2   0  9152
114  10324  3   0  0  10324
115  10376  2   0  10376
116  8514  2   0  8514
117  9125  4   1  0  0  9124
118  10399  4   0  1  6  10392
119  10382  2   0  10382
120  9104  2   1  9103
121  10328  2   0  10328
122  9802  2   2  9800
123  10350  2   0  10350
124  10376  2   0  10376
125  10398  3   0  0  10398
126  8514  2   0  8514
127  10406  2   0  10406
128  10400  4   0  1  0  10399
129  10386  3   0  0  10386
130  10327  3   0  0  10327
131  10400  2   0  10400
132  10386  2   0  10386
133  10406  2   1  10405
134  10406  2   0  10406
135  10310  2   1377  8933
136  8514  4   0  0  0  8514
137  10202  3   0  7  10195
138  10398  3   2  0  10396
139  9028  2   0  9028
140  10406  2   0  10406
141  8996  3   1  7  8988
142  10406  2   0  10406
143  9940  5   0  0  0  0  9940
144  10262  2   2  10260
145  8960  2   0  8960
146  9935  3   2  0  9933
147  10348  2   0  10348
148  10314  3   0  0  10314
149  8984  2   1  8983
150  9932  2   0  9932
151  10312  3   0  0  10312
152  10406  2   0  10406
153  10384  2   0  10384
154  8365  2   74  8291
155  8953  3   0  0  8953
156  8932  2   0  8932
157  10349  3   109  0  10240
158  10312  2   0  10312
159  10388  2   6903  3485
160  8500  3   0  0  8500
161  10332  2   2  10330
162  10151  3   0  0  10151
163  9786  2   0  9786
164  10314  2   0  10314
165  10258  2   20  10238
166  9892  3   0  0  9892
167  10275  4   0  0  0  10275
168  10346  3   0  0  10346
169  10406  2   0  10406
170  8420  2   0  8420
171  10312  2   0  10312
172  10312  4   1  0  0  10311
173  10318  2   0  10318
174  10354  2   0  10354
175  8771  5   0  0  0  0  8771
176  10308  2   2  10306
177  9863  4   0  0  0  9863
178  9828  2   3  9825
179  10344  2   0  10344
180  10306  2   5  10301
181  10406  2   0  10406
182  10352  2   1  10351
183  8739  4   0  0  0  8739
184  10298  2   1401  8897
185  9830  2   3  9827
186  10307  3   0  0  10307
187  10406  2   0  10406
188  8441  2   1  8440
189  8722  4   0  0  278  8444
190  10247  3   0  0  10247
191  9825  3   0  0  9825
192  10335  3   0  6  10329
193  8696  2   1  8695
194  10297  3   0  0  10297
195  10184  2   0  10184
196  9714  2   10  9704
197  10406  2   0  10406
198  8464  2   0  8464
199  8662  3   0  0  8662
200  9701  5   1  0  22  0  9678
201  10406  3   0  1  10405
202  10362  5   0  2  0  0  10360
203  10405  4   4334  0  0  6071
204  10383  3   0  0  10383
205  8469  2   1  8468
206  10406  2   2  10404
207  8462  3   0  0  8462
208  10114  2   0  10114
209  10356  2   142  10214
210  10284  2   0  10284
211  10380  2   0  10380
212  10406  2   0  10406
213  10398  2   0  10398
214  10282  3   0  0  10282
215  10406  2   0  10406
216  8488  2   0  8488
217  10406  2   0  10406
218  10332  2   1  10331
219  10278  2   0  10278
220  10406  3   0  0  10406
221  10355  3   0  0  10355
222  10382  2   1  10381
223  10406  3   0  0  10406
224  10406  3   0  0  10406
225  10268  2   8  10260
226  10362  2   8  10354
227  10389  3   47  0  10342
228  10296  2   739  9557
229  10406  2   0  10406
230  10364  2   0  10364
231  9662  2   0  9662
232  10399  3   0  3  10396
233  10406  2   0  10406
234  10264  3   1  0  10263
235  10367  3   0  0  10367
236  10333  4   1  0  0  10332
237  10400  3   1  0  10399
238  10336  2   0  10336
239  10259  3   0  0  10259
240  10394  2   0  10394
241  10406  3   0  0  10406
242  8498  2   0  8498
243  10402  3   0  0  10402
244  10352  2   0  10352
245  9528  3   0  1  9527
246  10404  3   0  0  10404
247  8504  2   0  8504
248  10398  3   0  0  10398
249  9712  2   0  9712
250  8499  2   2  8497
251  9660  2   0  9660
252  8499  2   0  8499
253  10394  3   0  0  10394
254  10388  2   0  10388
255  10406  4   0  0  3452  6954
256  10400  2   0  10400
257  8501  3   0  0  8501
258  10398  3   0  0  10398
259  9723  3   0  0  9723
260  10404  2   1815  8589
261  8506  2   0  8506
262  10392  3   0  0  10392
263  9758  2   0  9758
264  10404  2   0  10404
265  9700  2   0  9700
266  10406  2   0  10406
267  8500  3   0  0  8500
268  10378  2   0  10378
269  10397  4   0  0  0  10397
270  10396  2   0  10396
271  10400  2   2  10398
272  10396  2   0  10396
273  10402  2   0  10402
274  9600  2   0  9600
275  10396  2   0  10396
276  10404  2   0  10404
277  9586  2   0  9586
278  10400  2   0  10400
279  8503  2   2  8501
280  10342  3   0  0  10342
281  9768  3   0  1  9767
282  10394  2   0  10394
283  10376  2   0  10376
284  10406  2   0  10406
285  10394  3   0  1  10393
286  10335  3   0  0  10335
287  8500  3   0  0  8500
288  10404  2   0  10404
289  10406  3   1  3  10402
290  10391  4   0  0  0  10391
291  10404  2   67  10337
292  10406  3   4  0  10402
293  10394  4   6  0  0  10388
294  10404  2   0  10404
295  10390  2   0  10390
296  10038  2   7  10031
297  9766  3   0  0  9766
298  10400  3   0  0  10400
299  10406  3   0  2  10404
300  10394  4   2  0  0  10392
301  9764  3   0  0  9764
302  10401  3   0  0  10401
303  9686  2   108  9578
304  10405  3   0  0  10405
305  9661  3   1  0  9660
306  10404  2   0  10404
307  9764  4   0  0  0  9764
308  10400  2   0  10400
309  10404  2   1  10403
310  10360  3   0  0  10360
311  10398  2   0  10398
312  9566  2   0  9566
313  10366  2   0  10366
314  10392  3   0  0  10392
315  10250  3   1  275  9974
316  10398  3   0  0  10398
317  8497  3   0  0  8497
318  2348  2   7  2341
319  7384  2   0  7384
320  10406  2   0  10406
321  10274  2   0  10274
322  10294  2   0  10294
323  8509  2   2  8507
324  9330  3   0  0  9330
325  10400  2   1  10399
326  10405  3   1  0  10404
327  8509  3   0  0  8509
328  10286  2   0  10286
329  10398  2   4  10394
330  10406  3   1  0  10405
331  10406  2   1  10405
332  10406  2   0  10406
333  10394  2   0  10394
334  10300  3   0  0  10300
335  10354  2   0  10354
336  10392  2   0  10392
337  8509  2   76  8433
338  9668  2   8  9660
339  10406  2   1  10405
340  10366  3   0  1  10365

[pop]=2
1  11404  3   1  0  11403
2  11572  3   4  0  11568
3  8032  3   1  0  8031
4  11444  2   0  11444
5  11564  3   0  2  11562
6  11571  3   0  0  11571
7  8201  3   0  0  8201
8  11550  2   0  11550
9  11440  2   0  11440
10  11568  3   384  0  11184
11  11572  4   1  2  2  11567
12  11062  2   10352  710
13  11550  2   1  11549
14  11574  2   0  11574
15  11572  3   0  18  11554
16  9134  2   1  9133
17  11550  2   0  11550
18  11550  2   1  11549
19  11574  2   0  11574
20  11572  2   0  11572
21  11548  2   0  11548
22  11572  2   0  11572
23  11572  4   0  0  0  11572
24  11528  3   0  2  11526
25  11564  2   43  11521
26  11572  2   0  11572
27  10173  3   0  0  10173
28  11548  3   0  1  11547
29  11526  3   0  0  11526
30  11572  2   0  11572
31  11542  3   0  191  11351
32  11485  3   0  1  11484
33  11460  3   0  0  11460
34  9874  2   0  9874
35  11490  2   0  11490
36  9750  2   58  9692
37  8922  2   1  8921
38  11535  3   0  0  11535
39  11484  2   5575  5909
40  9388  3   0  0  9388
41  11522  2   0  11522
42  11490  2   1  11489
43  9119  2   0  9119
44  11507  3   0  0  11507
45  11444  4   3  1  1  11439
46  9127  2   0  9127
47  11504  2   0  11504
48  11572  3   0  1  11571
49  9113  2   0  9113
50  11484  2   0  11484
51  11576  3   0  0  11576
52  11428  2   12  11416
53  11471  4   0  2  0  11469
54  11270  3   0  0  11270
55  11568  2   0  11568
56  11522  3   0  0  11522
57  11574  2   0  11574
58  11455  4   0  5  1  11449
59  9053  2   0  9053
60  11576  3   0  0  11576
61  11462  2   31  11431
62  11484  3   1  0  11483
63  11576  2   1  11575
64  11414  3   0  0  11414
65  11576  3   0  7  11569
66  11414  2   8  11406
67  11573  3   0  0  11573
68  11578  4   0  1  0  11577
69  9318  3   0  0  9318
70  11424  3   0  6  11418
71  11576  2   3384  8192
72  11578  2   0  11578
73  11418  5   0  5  0  3  11410
74  11518  2   0  11518
75  11482  3   10  836  10636
76  11418  2   0  11418
77  11578  2   1  11577
78  9319  2   0  9319
79  11418  2   0  11418
80  11416  2   13  11403
81  11572  3   0  0  11572
82  11578  3   0  0  11578
83  11576  2   0  11576
84  11566  3   0  0  11566
85  11572  3   0  0  11572
86  11489  3   0  0  11489
87  9156  2   0  9156
88  11420  2   9  11411
89  11564  2   0  11564
90  11564  2   1  11563
91  11420  4   1  0  0  11419
92  9159  2   0  9159
93  11576  3   2  0  11574
94  11516  3   4  10  11502
95  11408  3   1  0  11407
96  11513  3   0  0  11513
97  11566  2   0  11566
98  11578  3   0  0  11578
99  11578  4   0  4  0  11574
100  11406  2   0  11406
101  11526  2   1  11525
102  11578  3   1  0  11577
103  11404  3   0  0  11404
104  9320  2   0  9320
105  11372  3   1  0  11371
106  11404  2   0  11404
107  11578  2   0  11578
108  11370  3   0  0  11370
109  11511  3   0  0  11511
110  11394  2   0  11394
111  11544  3   0  0  11544
112  11578  5   0  0  1  0  11577
113  11364  2   0  11364
114  11562  3   0  1  11561
115  11540  2   0  11540
116  9322  2   0  9322
117  11363  4   0  0  0  11363
118  11578  4   0  0  0  11578
119  11544  2   1  11543
120  11358  2   1  11357
121  11564  2   0  11564
122  11512  2   0  11512
123  11562  2   3  11559
124  11374  2   0  11374
125  11578  3   0  0  11578
126  9323  2   0  9323
127  11578  2   0  11578
128  11578  4   0  0  0  11578
129  11548  3   0  1  11547
130  11564  3   0  0  11564
131  11578  2   0  11578
132  11548  2   1  11547
133  11578  2   0  11578
134  11578  2   0  11578
135  11560  2   380  11180
136  9323  4   0  0  0  9323
137  11404  3   1  0  11403
138  11577  3   0  0  11577
139  11358  2   0  11358
140  11578  2   0  11578
141  11351  3   5  1  11345
142  11578  2   2  11576
143  11424  5   0  0  0  1  11423
144  11234  2   0  11234
145  11344  2   0  11344
146  11419  3   1  0  11418
147  11556  2   0  11556
148  11426  3   0  0  11426
149  11348  2   1  11347
150  11420  2   0  11420
151  11428  3   0  3  11425
152  11578  2   0  11578
153  11552  2   0  11552
154  9290  2   1  9289
155  11353  3   0  0  11353
156  11350  2   0  11350
157  11552  3   5  0  11547
158  11446  2   0  11446
159  11574  2   10825  749
160  9179  3   0  1  9178
161  11538  2   1  11537
162  11314  3   0  10  11304
163  11498  2   0  11498
164  11460  2   0  11460
165  11384  2   73  11311
166  11400  3   0  0  11400
167  11401  4   0  0  0  11401
168  11550  3   0  0  11550
169  11578  2   0  11578
170  9301  2   0  9301
171  11490  2   1  11489
172  11478  4   0  0  1  11477
173  11442  2   0  11442
174  11508  2   2  11506
175  11338  5   0  0  0  6  11332
176  11490  2   3  11487
177  11379  4   0  0  0  11379
178  11366  2   0  11366
179  11550  2   0  11550
180  11488  2   0  11488
181  11578  2   0  11578
182  11476  2   1  11475
183  11340  4   0  0  1  11339
184  11470  2   386  11084
185  11362  2   0  11362
186  11487  3   0  0  11487
187  11578  2   0  11578
188  9309  2   0  9309
189  11339  4   0  5  13  11321
190  11443  3   0  0  11443
191  11366  3   0  0  11366
192  11545  3   0  0  11545
193  11340  2   0  11340
194  11449  3   0  0  11449
195  11404  2   0  11404
196  11466  2   0  11466
197  11578  2   0  11578
198  9312  2   0  9312
199  11329  3   1  10  11318
200  11460  5   0  1  84  0  11375
201  11578  3   0  0  11578
202  11578  5   0  0  0  0  11578
203  11572  4   5615  0  0  5957
204  11534  3   1  0  11533
205  9292  2   0  9292
206  11576  2   0  11576
207  9291  3   0  0  9291
208  11438  2   0  11438
209  11546  2   2409  9137
210  11488  2   0  11488
211  11578  2   2  11576
212  11576  2   0  11576
213  11552  2   0  11552
214  11486  3   0  0  11486
215  11574  2   0  11574
216  9181  2   5  9176
217  11576  2   0  11576
218  11536  2   0  11536
219  11482  2   0  11482
220  11575  3   0  0  11575
221  11540  3   1  0  11539
222  11578  2   1  11577
223  11572  3   0  1  11571
224  11572  3   0  0  11572
225  11508  2   0  11508
226  11546  2   0  11546
227  11576  3   2  0  11574
228  11534  2   2859  8675
229  11574  2   0  11574
230  11550  2   0  11550
231  11448  2   0  11448
232  11560  3   0  0  11560
233  11574  2   0  11574
234  11480  3   0  0  11480
235  11557  3   0  2  11555
236  11543  4   0  0  0  11543
237  11568  3   0  0  11568
238  11546  2   1  11545
239  11476  3   1  1  11474
240  11576  2   1  11575
241  11578  3   0  1  11577
242  9315  2   0  9315
243  11570  3   0  0  11570
244  11550  2   0  11550
245  11032  3   0  0  11032
246  11576  3   1  1  11574
247  9194  2   0  9194
248  11560  3   0  0  11560
249  11484  2   11  11473
250  9316  2   1  9315
251  11120  2   0  11120
252  9318  2   0  9318
253  11552  3   1  1  11550
254  11546  2   0  11546
255  11577  4   0  0  1829  9748
256  11568  2   2  11566
257  9318  3   1  6  9311
258  11570  3   0  0  11570
259  11115  3   0  0  11115
260  11576  2   2744  8832
261  9199  2   0  9199
262  11570  3   0  0  11570
263  11512  2   0  11512
264  11574  2   0  11574
265  11112  2   0  11112
266  11578  2   0  11578
267  9318  3   0  0  9318
268  11514  2   2  11512
269  11572  4   0  0  0  11572
270  11570  2   0  11570
271  11572  2   1  11571
272  11570  2   1  11569
273  11574  2   0  11574
274  11060  2   0  11060
275  11570  2   0  11570
276  11578  2   0  11578
277  11042  2   0  11042
278  11578  2   0  11578
279  9319  2   0  9319
280  11472  3   3  0  11469
281  11524  3   0  0  11524
282  11570  2   0  11570
283  11548  2   0  11548
284  11578  2   1  11577
285  11571  3   0  0  11571
286  11578  3   4  1  11573
287  9319  3   0  0  9319
288  11574  2   0  11574
289  11578  3   0  2  11576
290  11572  4   0  0  0  11572
291  11574  2   172  11402
292  11578  3   0  0  11578
293  11572  4   1  0  0  11571
294  11572  2   0  11572
295  11578  2   0  11578
296  11152  2   5  11147
297  11530  3   0  3  11527
298  11578  3   0  0  11578
299  11578  3   24  10  11544
300  11574  4   0  1  0  11573
301  11529  3   0  0  11529
302  11578  3   0  1  11577
303  10756  2   439  10317
304  11570  3   1  0  11569
305  10670  3   0  0  10670
306  11570  2   0  11570
307  11523  4   1  0  1  11521
308  11574  2   0  11574
309  11570  2   0  11570
310  11407  3   0  0  11407
311  11574  2   0  11574
312  10520  2   0  10520
313  11414  2   0  11414
314  11574  3   0  0  11574
315  11532  3   0  10  11522
316  11574  3   0  0  11574
317  9317  3   1  0  9316
318  418  2   0  418
319  7052  2   0  7052
320  11578  2   0  11578
321  11538  2   0  11538
322  11528  2   0  11528
323  9208  2   0  9208
324  10144  3   0  1  10143
325  11562  2   0  11562
326  11578  3   0  0  11578
327  9209  3   0  2  9207
328  11544  2   0  11544
329  11560  2   0  11560
330  11576  3   0  0  11576
331  11578  2   6  11572
332  11576  2   0  11576
333  11574  2   0  11574
334  11544  3   0  0  11544
335  11562  2   2  11560
336  11574  2   0  11574
337  9207  2   5  9202
338  10646  2   0  10646
339  11578  2   48  11530
340  11405  3   0  0  11405

[pop]=3
1  8494  3   0  0  8494
2  8654  3   2  2  8650
3  5725  3   0  0  5725
4  8614  2   0  8614
5  8652  3   0  0  8652
6  8654  3   0  0  8654
7  5835  3   0  0  5835
8  8592  2   23  8569
9  8526  2   0  8526
10  8654  3   2  0  8652
11  8654  4   1  0  0  8653
12  8048  2   6072  1976
13  8592  2   0  8592
14  8654  2   0  8654
15  8654  3   0  0  8654
16  6593  2   0  6593
17  8592  2   0  8592
18  8582  2   0  8582
19  8654  2   0  8654
20  8654  2   0  8654
21  8582  2   2  8580
22  8654  2   0  8654
23  8654  4   0  0  0  8654
24  8618  3   0  0  8618
25  8654  2   0  8654
26  8654  2   0  8654
27  7684  3   0  0  7684
28  8577  3   3  0  8574
29  8618  3   0  0  8618
30  8654  2   0  8654
31  8574  3   0  64  8510
32  8556  3   0  0  8556
33  8632  3   0  0  8632
34  7556  2   0  7556
35  8558  2   0  8558
36  7480  2   210  7270
37  6384  2   0  6384
38  8559  3   0  0  8559
39  8646  2   2348  6298
40  7299  3   0  1  7298
41  8538  2   0  8538
42  8652  2   0  8652
43  6520  2   0  6520
44  8534  3   0  0  8534
45  8632  4   0  0  0  8632
46  6526  2   0  6526
47  8530  2   1  8529
48  8654  3   0  0  8654
49  6516  2   0  6516
50  8502  2   0  8502
51  8654  3   0  0  8654
52  8602  2   0  8602
53  8497  4   0  4  0  8493
54  8452  3   0  0  8452
55  8654  2   0  8654
56  8619  3   0  0  8619
57  8654  2   0  8654
58  8621  4   0  0  0  8621
59  6471  2   0  6471
60  8654  3   0  0  8654
61  8622  2   0  8622
62  8654  3   0  0  8654
63  8654  2   0  8654
64  8580  3   0  0  8580
65  8654  3   0  0  8654
66  8584  2   0  8584
67  8654  3   1  1  8652
68  8654  4   0  1  22  8631
69  6638  3   0  20  6618
70  8444  3   0  3  8441
71  8654  2   815  7839
72  8654  2   0  8654
73  8444  5   0  1  0  0  8443
74  8622  2   1  8621
75  8652  3   0  90  8562
76  8592  2   2  8590
77  8654  2   0  8654
78  6638  2   0  6638
79  8444  2   0  8444
80  8592  2   0  8592
81  8654  3   2  0  8652
82  8654  3   0  0  8654
83  8654  2   0  8654
84  8654  3   0  0  8654
85  8654  3   0  0  8654
86  8637  3   1  0  8636
87  6586  2   0  6586
88  8590  2   0  8590
89  8654  2   23  8631
90  8654  2   0  8654
91  8593  4   0  0  0  8593
92  6583  2   0  6583
93  8654  3   0  0  8654
94  8620  3   0  1  8619
95  8457  3   0  142  8315
96  8620  3   0  0  8620
97  8654  2   0  8654
98  8654  3   1  0  8653
99  8654  4   0  10  5  8639
100  8594  2   0  8594
101  8644  2   0  8644
102  8654  3   4  0  8650
103  8591  3   0  0  8591
104  6638  2   0  6638
105  8478  3   0  0  8478
106  8592  2   12  8580
107  8654  2   0  8654
108  8480  3   0  0  8480
109  8613  3   0  0  8613
110  8582  2   0  8582
111  8651  3   0  0  8651
112  8654  5   0  0  7  0  8647
113  8480  2   0  8480
114  8654  3   2  0  8652
115  8650  2   0  8650
116  6638  2   2  6636
117  8472  4   0  0  2  8470
118  8654  4   4  0  0  8650
119  8652  2   0  8652
120  8460  2   0  8460
121  8654  2   3  8651
122  8614  2   0  8614
123  8654  2   0  8654
124  8578  2   0  8578
125  8654  3   3  1  8650
126  6638  2   0  6638
127  8654  2   0  8654
128  8654  4   5  0  0  8649
129  8651  3   0  1  8650
130  8654  3   2  0  8652
131  8654  2   0  8654
132  8652  2   0  8652
133  8654  2   0  8654
134  8654  2   0  8654
135  8654  2   2  8652
136  6638  4   0  0  0  6638
137  8552  3   0  0  8552
138  8654  3   0  0  8654
139  8452  2   0  8452
140  8654  2   4  8650
141  8451  3   0  0  8451
142  8654  2   0  8654
143  8646  5   0  0  0  0  8646
144  8498  2   0  8498
145  8454  2   1  8453
146  8645  3   0  0  8645
147  8654  2   0  8654
148  8576  3   1  1  8574
149  8460  2   0  8460
150  8644  2   2  8642
151  8576  3   0  0  8576
152  8654  2   2  8652
153  8652  2   0  8652
154  6610  2   1  6609
155  8455  3   4  3  8448
156  8452  2   0  8452
157  8652  3   0  0  8652
158  8586  2   0  8586
159  8626  2   6495  2131
160  6626  3   0  0  6626
161  8646  2   0  8646
162  8483  3   1  0  8482
163  8592  2   0  8592
164  8590  2   42  8548
165  8592  2   2  8590
166  8640  3   0  0  8640
167  8597  4   0  3  1  8593
168  8652  3   0  1  8651
169  8654  2   2  8652
170  6620  2   0  6620
171  8632  2   0  8632
172  8612  4   0  0  0  8612
173  8612  2   8  8604
174  8636  2   0  8636
175  8440  5   0  0  0  1  8439
176  8628  2   0  8628
177  8636  4   0  0  0  8636
178  8628  2   0  8628
179  8652  2   0  8652
180  8608  2   0  8608
181  8654  2   2  8652
182  8630  2   0  8630
183  8438  4   0  0  0  8438
184  8622  2   2  8620
185  8628  2   0  8628
186  8608  3   0  4  8604
187  8654  2   0  8654
188  6626  2   0  6626
189  8437  4   0  1  0  8436
190  8619  3   0  0  8619
191  8629  3   1  1  8627
192  8651  3   0  2  8649
193  8434  2   2  8432
194  8572  3   0  0  8572
195  8616  2   0  8616
196  8518  2   0  8518
197  8654  2   0  8654
198  6627  2   6  6621
199  8433  3   0  2  8431
200  8512  5   0  0  0  0  8512
201  8654  3   0  0  8654
202  8650  5   0  0  1  0  8649
203  8642  4   4174  0  0  4468
204  8649  3   0  0  8649
205  6616  2   2  6614
206  8654  2   0  8654
207  6614  3   0  2  6612
208  8386  2   9  8377
209  8618  2   422  8196
210  8614  2   6  8608
211  8650  2   0  8650
212  8654  2   1  8653
213  8654  2   0  8654
214  8614  3   0  1  8613
215  8654  2   0  8654
216  6605  2   0  6605
217  8654  2   0  8654
218  8614  2   0  8614
219  8614  2   2  8612
220  8654  3   0  0  8654
221  8627  3   0  0  8627
222  8650  2   0  8650
223  8654  3   0  0  8654
224  8654  3   0  1  8653
225  8562  2   0  8562
226  8636  2   0  8636
227  8650  3   2  0  8648
228  8600  2   4392  4208
229  8654  2   0  8654
230  8638  2   0  8638
231  8596  2   0  8596
232  8654  3   0  0  8654
233  8654  2   0  8654
234  8616  3   1  0  8615
235  8638  3   0  0  8638
236  8629  4   0  0  8  8621
237  8654  3   0  0  8654
238  8626  2   2  8624
239  8609  3   0  0  8609
240  8650  2   0  8650
241  8653  3   0  0  8653
242  6637  2   0  6637
243  8654  3   0  0  8654
244  8634  2   0  8634
245  7644  3   1  0  7643
246  8650  3   0  0  8650
247  6622  2   0  6622
248  8654  3   0  0  8654
249  8602  2   0  8602
250  6637  2   0  6637
251  7808  2   0  7808
252  6638  2   0  6638
253  8654  3   0  0  8654
254  8654  2   0  8654
255  8648  4   0  0  3428  5220
256  8654  2   0  8654
257  6638  3   0  0  6638
258  8654  3   0  0  8654
259  7838  3   0  0  7838
260  8644  2   1070  7574
261  6627  2   0  6627
262  8640  3   0  5  8635
263  8610  2   0  8610
264  8654  2   0  8654
265  7836  2   0  7836
266  8654  2   6  8648
267  6638  3   13  0  6625
268  8652  2   0  8652
269  8638  4   0  0  0  8638
270  8654  2   0  8654
271  8640  2   0  8640
272  8652  2   0  8652
273  8640  2   0  8640
274  7730  2   0  7730
275  8654  2   3  8651
276  8654  2   0  8654
277  7712  2   0  7712
278  8652  2   0  8652
279  6637  2   0  6637
280  8627  3   0  0  8627
281  8610  3   0  0  8610
282  8654  2   0  8654
283  8644  2   0  8644
284  8654  2   0  8654
285  8654  3   0  4  8650
286  8652  3   1  0  8651
287  6638  3   0  0  6638
288  8644  2   0  8644
289  8654  3   2  0  8652
290  8654  4   0  0  2  8652
291  8642  2   204  8438
292  8654  3   1  0  8653
293  8654  4   0  0  2  8652
294  8640  2   0  8640
295  8652  2   2  8650
296  8432  2   0  8432
297  8610  3   0  0  8610
298  8654  3   1  0  8653
299  8654  3   0  0  8654
300  8654  4   1  0  0  8653
301  8610  3   0  0  8610
302  8654  3   1  0  8653
303  8154  2   3  8151
304  8639  3   0  0  8639
305  8152  3   0  0  8152
306  8634  2   0  8634
307  8610  4   0  0  1  8609
308  8654  2   0  8654
309  8640  2   0  8640
310  8505  3   0  0  8505
311  8654  2   0  8654
312  8060  2   0  8060
313  8506  2   0  8506
314  8652  3   0  0  8652
315  8574  3   0  0  8574
316  8654  3   0  0  8654
317  6637  3   0  0  6637
318  626  2   0  626
319  6100  2   0  6100
320  8652  2   0  8652
321  8584  2   0  8584
322  8596  2   0  8596
323  6634  2   0  6634
324  7724  3   0  0  7724
325  8630  2   1  8629
326  8652  3   0  0  8652
327  6632  3   0  0  6632
328  8592  2   0  8592
329  8630  2   0  8630
330  8654  3   0  0  8654
331  8652  2   0  8652
332  8654  2   0  8654
333  8654  2   0  8654
334  8598  3   0  0  8598
335  8630  2   0  8630
336  8654  2   2  8652
337  6631  2   0  6631
338  8094  2   0  8094
339  8654  2   0  8654
340  8506  3   0  0  8506

[pop]=4
1  6474  3   0  1  6473
2  6611  3   0  0  6611
3  3646  3   0  0  3646
4  6602  2   0  6602
5  6591  3   0  0  6591
6  6612  3   0  0  6612
7  3723  3   0  0  3723
8  6614  2   0  6614
9  6516  2   1  6515
10  6611  3   826  0  5785
11  6612  4   0  0  0  6612
12  5982  2   5682  300
13  6614  2   0  6614
14  6612  2   0  6612
15  6612  3   0  0  6612
16  4426  2   0  4426
17  6614  2   0  6614
18  6614  2   0  6614
19  6612  2   0  6612
20  6614  2   0  6614
21  6614  2   0  6614
22  6612  2   0  6612
23  6614  4   0  0  0  6614
24  6607  3   0  0  6607
25  6600  2   0  6600
26  6614  2   0  6614
27  5064  3   0  0  5064
28  6612  3   0  0  6612
29  6608  3   0  0  6608
30  6612  2   0  6612
31  6612  3   0  439  6173
32  6556  3   6  0  6550
33  6604  3   1  0  6603
34  4896  2   0  4896
35  6558  2   0  6558
36  4818  2   134  4684
37  4163  2   0  4163
38  6612  3   0  0  6612
39  6606  2   3867  2739
40  4628  3   0  0  4628
41  6610  2   0  6610
42  6612  2   0  6612
43  4344  2   0  4344
44  6610  3   0  0  6610
45  6604  4   0  0  0  6604
46  4346  2   0  4346
47  6608  2   0  6608
48  6604  3   0  0  6604
49  4345  2   0  4345
50  6606  2   4  6602
51  6614  3   0  0  6614
52  6358  2   0  6358
53  6603  4   0  0  0  6603
54  6489  3   0  0  6489
55  6610  2   0  6610
56  6607  3   0  0  6607
57  6612  2   0  6612
58  6431  4   0  0  0  6431
59  4302  2   0  4302
60  6612  3   0  0  6612
61  6434  2   0  6434
62  6612  3   0  0  6612
63  6612  2   0  6612
64  6580  3   0  0  6580
65  6612  3   0  0  6612
66  6582  2   5  6577
67  6605  3   0  0  6605
68  6614  4   0  0  0  6614
69  4530  3   0  0  4530
70  6597  3   0  0  6597
71  6614  2   580  6034
72  6614  2   0  6614
73  6598  5   0  0  0  0  6598
74  6608  2   1  6607
75  6612  3   88  1610  4914
76  6588  2   0  6588
77  6614  2   0  6614
78  4530  2   0  4530
79  6598  2   0  6598
80  6586  2   1  6585
81  6604  3   0  0  6604
82  6614  3   0  0  6614
83  6614  2   0  6614
84  6597  3   0  0  6597
85  6604  3   0  0  6604
86  6473  3   0  0  6473
87  4478  2   0  4478
88  6586  2   0  6586
89  6598  2   0  6598
90  6612  2   0  6612
91  6586  4   0  2  0  6584
92  4477  2   0  4477
93  6614  3   0  0  6614
94  6608  3   0  0  6608
95  6587  3   0  0  6587
96  6607  3   0  0  6607
97  6590  2   0  6590
98  6614  3   0  0  6614
99  6614  4   0  0  0  6614
100  6584  2   28  6556
101  6512  2   0  6512
102  6614  3   0  0  6614
103  6584  3   0  0  6584
104  4530  2   0  4530
105  6548  3   0  0  6548
106  6582  2   0  6582
107  6614  2   0  6614
108  6540  3   0  0  6540
109  6596  3   0  1  6595
110  6574  2   0  6574
111  6554  3   0  0  6554
112  6614  5   0  0  0  0  6614
113  6546  2   0  6546
114  6601  3   0  0  6601
115  6546  2   0  6546
116  4530  2   0  4530
117  6545  4   0  0  0  6545
118  6614  4   0  0  0  6614
119  6522  2   0  6522
120  6538  2   0  6538
121  6600  2   0  6600
122  6598  2   0  6598
123  6612  2   0  6612
124  6560  2   0  6560
125  6614  3   0  1  6613
126  4530  2   0  4530
127  6614  2   0  6614
128  6614  4   0  0  0  6614
129  6524  3   0  0  6524
130  6600  3   0  0  6600
131  6614  2   0  6614
132  6524  2   0  6524
133  6614  2   0  6614
134  6614  2   0  6614
135  6594  2   813  5781
136  4530  4   0  0  0  4530
137  6448  3   0  0  6448
138  6614  3   0  0  6614
139  6546  2   0  6546
140  6614  2   0  6614
141  6543  3   0  0  6543
142  6614  2   0  6614
143  6584  5   0  0  0  0  6584
144  6520  2   0  6520
145  6544  2   0  6544
146  6582  3   0  0  6582
147  6612  2   4  6608
148  6596  3   0  0  6596
149  6548  2   0  6548
150  6580  2   0  6580
151  6594  3   0  0  6594
152  6614  2   0  6614
153  6534  2   0  6534
154  4530  2   0  4530
155  6545  3   0  6  6539
156  6538  2   0  6538
157  6612  3   0  0  6612
158  6602  2   0  6602
159  6600  2   6234  366
160  4498  3   0  0  4498
161  6608  2   0  6608
162  6459  3   0  0  6459
163  6604  2   0  6604
164  6600  2   0  6600
165  6510  2   16  6494
166  6569  3   0  0  6569
167  6516  4   0  0  0  6516
168  6609  3   0  0  6609
169  6614  2   0  6614
170  4530  2   0  4530
171  6596  2   0  6596
172  6606  4   0  0  0  6606
173  6534  2   0  6534
174  6398  2   0  6398
175  6536  5   0  0  0  0  6536
176  6596  2   0  6596
177  6568  4   0  0  1  6567
178  6566  2   0  6566
179  6610  2   0  6610
180  6612  2   0  6612
181  6614  2   0  6614
182  6554  2   0  6554
183  6541  4   0  0  7  6534
184  6594  2   827  5767
185  6566  2   0  6566
186  6612  3   0  0  6612
187  6614  2   0  6614
188  4530  2   0  4530
189  6543  4   0  0  0  6543
190  6574  3   0  0  6574
191  6567  3   0  0  6567
192  6610  3   0  0  6610
193  6540  2   0  6540
194  6556  3   0  0  6556
195  6564  2   0  6564
196  6588  2   0  6588
197  6614  2   0  6614
198  4530  2   0  4530
199  6542  3   0  0  6542
200  6588  5   0  0  49  0  6539
201  6614  3   0  0  6614
202  6614  5   0  0  0  1  6613
203  6610  4   4371  0  0  2239
204  6599  3   0  0  6599
205  4530  2   0  4530
206  6614  2   0  6614
207  4530  3   0  0  4530
208  6592  2   0  6592
209  6612  2   253  6359
210  6612  2   0  6612
211  6614  2   0  6614
212  6612  2   0  6612
213  6606  2   0  6606
214  6612  3   0  0  6612
215  6612  2   0  6612
216  4496  2   0  4496
217  6614  2   0  6614
218  6600  2   0  6600
219  6612  2   0  6612
220  6614  3   0  0  6614
221  6605  3   0  0  6605
222  6614  2   0  6614
223  6612  3   0  0  6612
224  6610  3   0  0  6610
225  6602  2   0  6602
226  6610  2   0  6610
227  6614  3   0  0  6614
228  6608  2   798  5810
229  6614  2   0  6614
230  6612  2   0  6612
231  6598  2   0  6598
232  6612  3   0  0  6612
233  6614  2   0  6614
234  6612  3   0  0  6612
235  6614  3   0  0  6614
236  6612  4   0  0  0  6612
237  6612  3   0  0  6612
238  6614  2   0  6614
239  6612  3   0  0  6612
240  6614  2   0  6614
241  6614  3   0  0  6614
242  4530  2   1  4529
243  6599  3   0  0  6599
244  6614  2   0  6614
245  6372  3   0  0  6372
246  6614  3   0  0  6614
247  4504  2   0  4504
248  6584  3   0  0  6584
249  6606  2   0  6606
250  4530  2   0  4530
251  6402  2   0  6402
252  4530  2   0  4530
253  6580  3   0  0  6580
254  6572  2   0  6572
255  6613  4   0  0  1816  4797
256  6610  2   0  6610
257  4530  3   0  0  4530
258  6610  3   0  0  6610
259  6407  3   0  0  6407
260  6612  2   3232  3380
261  4507  2   0  4507
262  6614  3   0  0  6614
263  6612  2   0  6612
264  6614  2   0  6614
265  6398  2   0  6398
266  6614  2   0  6614
267  4530  3   0  0  4530
268  6538  2   0  6538
269  6614  4   0  0  0  6614
270  6610  2   0  6610
271  6614  2   0  6614
272  6612  2   0  6612
273  6614  2   0  6614
274  6382  2   0  6382
275  6596  2   0  6596
276  6614  2   0  6614
277  6376  2   0  6376
278  6614  2   0  6614
279  4530  2   0  4530
280  6478  3   0  0  6478
281  6612  3   0  0  6612
282  6612  2   0  6612
283  6606  2   0  6606
284  6614  2   0  6614
285  6612  3   0  0  6612
286  6614  3   0  0  6614
287  4530  3   0  0  4530
288  6614  2   0  6614
289  6614  3   0  95  6519
290  6612  4   0  0  0  6612
291  6614  2   129  6485
292  6614  3   0  0  6614
293  6612  4   0  0  0  6612
294  6614  2   0  6614
295  6614  2   0  6614
296  6210  2   2  6208
297  6614  3   0  0  6614
298  6614  3   0  0  6614
299  6614  3   0  1  6613
300  6614  4   0  0  0  6614
301  6614  3   0  0  6614
302  6614  3   0  0  6614
303  5952  2   701  5251
304  6614  3   0  0  6614
305  5772  3   0  0  5772
306  6614  2   0  6614
307  6614  4   0  0  0  6614
308  6614  2   0  6614
309  6614  2   0  6614
310  6596  3   0  0  6596
311  6614  2   0  6614
312  5672  2   0  5672
313  6596  2   0  6596
314  6614  3   0  0  6614
315  6603  3   0  0  6603
316  6614  3   0  0  6614
317  4530  3   0  0  4530
318  1660  2   0  1660
319  4868  2   0  4868
320  6614  2   0  6614
321  6606  2   0  6606
322  6606  2   0  6606
323  4509  2   0  4509
324  6130  3   0  0  6130
325  6614  2   0  6614
326  6614  3   0  1  6613
327  4508  3   0  0  4508
328  6606  2   0  6606
329  6614  2   0  6614
330  6614  3   0  0  6614
331  6614  2   0  6614
332  6614  2   3  6611
333  6614  2   0  6614
334  6606  3   0  0  6606
335  6610  2   0  6610
336  6614  2   0  6614
337  4510  2   0  4510
338  6326  2   0  6326
339  6614  2   0  6614
340  6596  3   0  0  6596

[pop]=5
1  65772  3   2  1  65769
2  66731  3   5  5  66721
3  40488  3   3  1  40484
4  66672  2   4  66668
5  66728  3   0  0  66728
6  66729  3   2  1  66726
7  41294  3   6  1  41287
8  66154  2   1  66153
9  66036  2   0  66036
10  66437  3   6180  0  60257
11  66733  4   1  1  3  66728
12  62222  2   59738  2484
13  66144  2   2  66142
14  66484  2   0  66484
15  66734  3   2  2  66730
16  47331  2   2  47329
17  66140  2   1  66139
18  66066  2   1  66065
19  66470  2   0  66470
20  66734  2   0  66734
21  66048  2   8  66040
22  66472  2   2  66470
23  66733  4   1  2  1  66729
24  66716  3   1  0  66715
25  66730  2   19  66711
26  66732  2   11  66721
27  57492  3   0  0  57492
28  65947  3   0  1  65946
29  66720  3   1  3  66716
30  66466  2   0  66466
31  65846  3   3  3865  61978
32  66293  3   1  0  66292
33  66698  3   0  1  66697
34  56230  2   3  56227
35  66308  2   0  66308
36  55774  2   723  55051
37  45415  2   0  45415
38  65658  3   1  2  65655
39  66674  2   36426  30248
40  54367  3   0  0  54367
41  65462  2   3  65459
42  66674  2   0  66674
43  46503  2   5  46498
44  65334  3   1  1  65332
45  66679  4   0  0  0  66679
46  46524  2   3  46521
47  65286  2   1  65285
48  66740  3   1  2  66737
49  46415  2   1  46414
50  65150  2   0  65150
51  66738  3   1  3  66734
52  65794  2   41  65753
53  65051  4   1  4  1  65045
54  64893  3   1  1  64891
55  66294  2   3  66291
56  66714  3   1  0  66713
57  66412  2   2  66410
58  66029  4   0  0  0  66029
59  45908  2   0  45908
60  66401  3   0  0  66401
61  66086  2   10  66076
62  66680  3   0  2  66678
63  66396  2   0  66396
64  66350  3   2  2  66346
65  66382  3   2  0  66380
66  66360  2   196  66164
67  66738  3   0  0  66738
68  66737  4   1  2  2  66732
69  47983  3   1  0  47982
70  64509  3   1  1  64507
71  66736  2   8190  58546
72  66738  2   7  66731
73  64425  5   1  37  2  0  64385
74  66706  2   0  66706
75  66677  3   421  15540  50716
76  66412  2   0  66412
77  66732  2   1  66731
78  47984  2   0  47984
79  64386  2   0  64386
80  66412  2   92  66320
81  66732  3   0  0  66732
82  66732  3   1  1  66730
83  66740  2   2  66738
84  66120  3   0  0  66120
85  66732  3   1  0  66731
86  66345  3   0  3  66342
87  47483  2   2  47481
88  66432  2   143  66289
89  66112  2   0  66112
90  66316  2   0  66316
91  66439  4   0  0  0  66439
92  47512  2   0  47512
93  66740  3   0  0  66740
94  66704  3   1  4  66699
95  64000  3   6  0  63994
96  66705  3   4  0  66701
97  66712  2   3  66709
98  66734  3   0  1  66733
99  66734  4   1  0  1  66732
100  66432  2   18  66414
101  66502  2   0  66502
102  66740  3   0  0  66740
103  66424  3   0  1  66423
104  47990  2   2  47988
105  63136  3   0  1  63135
106  66416  2   0  66416
107  66734  2   2  66732
108  63062  3   1  1  63060
109  66681  3   1  4  66676
110  66382  2   0  66382
111  66627  3   0  1  66626
112  66731  5   2  0  8  1  66720
113  63064  2   0  63064
114  66170  3   0  8  66162
115  66614  2   1  66613
116  47988  2   0  47988
117  62972  4   10  1  1  62960
118  66724  4   0  0  0  66724
119  66572  2   1  66571
120  62892  2   1  62891
121  66200  2   0  66200
122  66672  2   0  66672
123  66314  2   1  66313
124  66292  2   18  66274
125  66722  3   0  37  66685
126  47988  2   2  47986
127  66738  2   3  66735
128  66721  4   0  0  4  66717
129  66583  3   1  2  66580
130  66211  3   0  2  66209
131  66718  2   4  66714
132  66586  2   2  66584
133  66736  2   1  66735
134  66732  2   2  66730
135  66068  2   6008  60060
136  47983  4   1  2  1  47979
137  65898  3   0  0  65898
138  66711  3   0  1  66710
139  62762  2   8  62754
140  66730  2   0  66730
141  62733  3   1  2  62730
142  66730  2   0  66730
143  66553  5   1  0  1  0  66551
144  65370  2   0  65370
145  62654  2   3  62651
146  66531  3   3  2  66526
147  66304  2   3  66301
148  66424  3   1  0  66423
149  62706  2   0  62706
150  66508  2   0  66508
151  66430  3   1  4  66425
152  66740  2   0  66740
153  66602  2   0  66602
154  47670  2   1  47669
155  62634  3   0  50  62584
156  62536  2   1  62535
157  66297  3   1  1  66295
158  66476  2   2  66474
159  66690  2   63960  2730
160  47794  3   0  0  47794
161  66182  2   0  66182
162  65733  3   6  0  65727
163  66568  2   0  66568
164  66484  2   0  66484
165  66122  2   459  65663
166  66266  3   1  1  66264
167  66191  4   0  0  0  66191
168  66280  3   14  0  66266
169  66740  2   0  66740
170  47797  2   2  47795
171  65870  2   11  65859
172  66498  4   0  0  0  66498
173  66322  2   0  66322
174  66304  2   0  66304
175  61890  5   1  1  21  1  61866
176  65858  2   76  65782
177  66028  4   1  0  1  66026
178  65862  2   0  65862
179  66286  2   3  66283
180  66496  2   0  66496
181  66740  2   0  66740
182  66448  2   8  66440
183  61825  4   6  0  37  61782
184  65678  2   6175  59503
185  65860  2   0  65860
186  66496  3   0  2  66494
187  66740  2   0  66740
188  47855  2   1  47854
189  61695  4   1  0  1  61693
190  65383  3   6  1  65376
191  65829  3   0  0  65829
192  66256  3   4  3  66249
193  61652  2   1  61651
194  66338  3   1  4  66333
195  65046  2   2  65044
196  66168  2   0  66168
197  66740  2   2  66738
198  47895  2   0  47895
199  61406  3   1  127  61278
200  66092  5   6  0  610  1  65475
201  66740  3   0  0  66740
202  66480  5   3  3  0  0  66474
203  66735  4   44972  0  1  21762
204  66624  3   1  0  66623
205  47118  2   9  47109
206  66736  2   0  66736
207  47074  3   2  1  47071
208  65766  2   0  65766
209  65892  2   2098  63794
210  66462  2   0  66462
211  66620  2   0  66620
212  66736  2   0  66736
213  66616  2   0  66616
214  66463  3   1  0  66462
215  66736  2   5  66731
216  47723  2   0  47723
217  66734  2   3  66731
218  66202  2   10  66192
219  66428  2   0  66428
220  66735  3   2  2  66731
221  66296  3   0  1  66295
222  66674  2   0  66674
223  66731  3   2  0  66729
224  66728  3   0  0  66728
225  66378  2   0  66378
226  66410  2   0  66410
227  66699  3   2  4  66693
228  66436  2   3277  63159
229  66732  2   34  66698
230  66454  2   0  66454
231  66328  2   2  66326
232  66680  3   10  0  66670
233  66736  2   2  66734
234  66362  3   2  0  66360
235  66487  3   1  6  66480
236  66541  4   0  0  5  66536
237  66690  3   0  6  66684
238  66554  2   6  66548
239  66350  3   0  0  66350
240  66714  2   0  66714
241  66735  3   0  3  66732
242  47754  2   2  47752
243  66718  3   1  1  66716
244  66602  2   3  66599
245  61020  3   2  0  61018
246  66725  3   2  0  66723
247  47807  2   2  47805
248  66704  3   1  1  66702
249  66476  2   2  66474
250  47853  2   0  47853
251  61776  2   0  61776
252  47870  2   2  47868
253  66699  3   4  0  66695
254  66676  2   2  66674
255  66727  4   0  1  19312  47414
256  66726  2   1  66725
257  47888  3   0  0  47888
258  66724  3   0  0  66724
259  61889  3   2  0  61887
260  66724  2   36845  29879
261  47834  2   3  47831
262  66704  3   1  0  66703
263  66566  2   2  66564
264  66722  2   2  66720
265  61778  2   5  61773
266  66740  2   0  66740
267  47911  3   0  1  47910
268  66606  2   11  66595
269  66713  4   0  1  1  66711
270  66724  2   3  66721
271  66716  2   3  66713
272  66720  2   6  66714
273  66718  2   0  66718
274  61164  2   0  61164
275  66718  2   0  66718
276  66708  2   2  66706
277  61082  2   1  61081
278  66688  2   1  66687
279  47930  2   0  47930
280  66444  3   0  3  66441
281  66551  3   1  0  66550
282  66718  2   2  66716
283  66490  2   4  66486
284  66740  2   1  66739
285  66716  3   5  2  66709
286  66517  3   4  3  66510
287  47941  3   3  3  47935
288  66722  2   2  66720
289  66740  3   0  108  66632
290  66722  4   1  2  1  66718
291  66728  2   1522  65206
292  66740  3   0  1  66739
293  66721  4   5  1  3  66712
294  66720  2   0  66720
295  66610  2   0  66610
296  65222  2   188  65034
297  66374  3   0  0  66374
298  66613  3   0  1  66612
299  66739  3   0  90  66649
300  66724  4   3  0  0  66721
301  66339  3   0  1  66338
302  66605  3   0  2  66603
303  63490  2   4798  58692
304  66718  3   0  3  66715
305  62920  3   0  1  62919
306  66716  2   6  66710
307  66259  4   0  1  0  66258
308  66582  2   4  66578
309  66716  2   1  66715
310  66247  3   0  0  66247
311  66724  2   0  66724
312  62118  2   14  62104
313  66290  2   0  66290
314  66534  3   0  0  66534
315  65992  3   2  3  65987
316  66700  3   0  6  66694
317  47897  3   0  2  47895
318  9404  2   0  9404
319  48158  2   0  48158
320  66682  2   11  66671
321  66092  2   5  66087
322  65770  2   2  65768
323  47903  2   0  47903
324  54758  3   0  0  54758
325  66676  2   2  66674
326  66703  3   0  9  66694
327  47894  3   0  0  47894
328  66164  2   0  66164
329  66646  2   0  66646
330  66732  3   1  0  66731
331  66708  2   3  66705
332  66732  2   1  66731
333  66722  2   0  66722
334  66204  3   1  2  66201
335  66314  2   0  66314
336  66720  2   1  66719
337  47893  2   0  47893
338  59168  2   0  59168
339  66726  2   0  66726
340  66288  3   0  3  66285

[pop]=6
1  892  3   0  0  892
2  906  3   0  0  906
3  519  3   0  0  519
4  908  2   0  908
5  904  3   0  0  904
6  906  3   0  0  906
7  528  3   0  0  528
8  896  2   0  896
9  896  2   0  896
10  906  3   77  0  829
11  906  4   0  0  0  906
12  808  2   748  60
13  896  2   0  896
14  906  2   0  906
15  906  3   0  1  905
16  620  2   0  620
17  894  2   0  894
18  894  2   0  894
19  906  2   0  906
20  906  2   0  906
21  894  2   0  894
22  906  2   0  906
23  906  4   0  0  0  906
24  898  3   0  0  898
25  904  2   7  897
26  906  2   0  906
27  713  3   0  0  713
28  889  3   0  0  889
29  898  3   0  0  898
30  906  2   0  906
31  887  3   0  58  829
32  902  3   0  0  902
33  908  3   0  0  908
34  696  2   0  696
35  902  2   0  902
36  692  2   12  680
37  582  2   0  582
38  882  3   0  0  882
39  906  2   451  455
40  673  3   0  0  673
41  880  2   0  880
42  906  2   0  906
43  597  2   0  597
44  880  3   0  0  880
45  908  4   0  0  0  908
46  597  2   0  597
47  880  2   0  880
48  906  3   0  0  906
49  595  2   0  595
50  878  2   0  878
51  906  3   0  0  906
52  882  2   2  880
53  880  4   0  0  0  880
54  892  3   0  0  892
55  906  2   0  906
56  897  3   0  0  897
57  906  2   0  906
58  886  4   0  0  0  886
59  584  2   0  584
60  906  3   0  0  906
61  890  2   1  889
62  908  3   0  0  908
63  906  2   0  906
64  908  3   0  0  908
65  904  3   0  0  904
66  908  2   1  907
67  906  3   0  0  906
68  906  4   0  0  0  906
69  633  3   0  0  633
70  868  3   0  0  868
71  908  2   112  796
72  906  2   0  906
73  869  5   0  0  0  0  869
74  900  2   0  900
75  907  3   6  150  751
76  908  2   0  908
77  906  2   0  906
78  633  2   0  633
79  870  2   1  869
80  908  2   0  908
81  906  3   0  0  906
82  906  3   0  0  906
83  908  2   0  908
84  904  3   0  0  904
85  906  3   0  0  906
86  891  3   0  0  891
87  626  2   0  626
88  908  2   0  908
89  904  2   0  904
90  904  2   0  904
91  908  4   0  0  0  908
92  627  2   0  627
93  908  3   0  0  908
94  900  3   0  0  900
95  862  3   0  0  862
96  900  3   0  0  900
97  906  2   0  906
98  906  3   0  0  906
99  906  4   0  0  0  906
100  908  2   0  908
101  896  2   0  896
102  908  3   0  0  908
103  908  3   0  0  908
104  633  2   0  633
105  856  3   0  0  856
106  908  2   0  908
107  906  2   0  906
108  856  3   0  0  856
109  896  3   0  0  896
110  902  2   0  902
111  906  3   0  0  906
112  906  5   0  0  0  0  906
113  852  2   0  852
114  904  3   0  1  903
115  906  2   1  905
116  633  2   0  633
117  855  4   0  0  0  855
118  906  4   0  0  0  906
119  898  2   0  898
120  854  2   0  854
121  904  2   0  904
122  898  2   0  898
123  904  2   0  904
124  902  2   0  902
125  906  3   0  1  905
126  633  2   0  633
127  908  2   0  908
128  906  4   0  0  0  906
129  898  3   0  0  898
130  904  3   0  1  903
131  906  2   0  906
132  898  2   0  898
133  908  2   0  908
134  908  2   0  908
135  902  2   76  826
136  633  4   0  0  0  633
137  892  3   0  0  892
138  906  3   0  0  906
139  844  2   0  844
140  908  2   0  908
141  844  3   0  0  844
142  908  2   0  908
143  898  5   0  0  0  0  898
144  888  2   0  888
145  844  2   0  844
146  898  3   0  0  898
147  904  2   0  904
148  908  3   0  0  908
149  846  2   0  846
150  898  2   0  898
151  908  3   0  0  908
152  908  2   0  908
153  898  2   0  898
154  630  2   0  630
155  845  3   0  1  844
156  846  2   0  846
157  904  3   0  0  904
158  908  2   0  908
159  902  2   837  65
160  629  3   0  0  629
161  904  2   0  904
162  891  3   0  0  891
163  896  2   0  896
164  908  2   0  908
165  898  2   5  893
166  890  3   0  0  890
167  898  4   0  0  0  898
168  904  3   0  0  904
169  908  2   0  908
170  632  2   0  632
171  900  2   0  900
172  908  4   0  0  0  908
173  900  2   0  900
174  884  2   0  884
175  836  5   0  0  0  1  835
176  900  2   1  899
177  883  4   0  0  0  883
178  876  2   0  876
179  904  2   0  904
180  906  2   0  906
181  908  2   0  908
182  902  2   0  902
183  832  4   0  0  0  832
184  896  2   78  818
185  874  2   0  874
186  906  3   0  1  905
187  908  2   0  908
188  632  2   0  632
189  819  4   0  0  1  818
190  894  3   0  0  894
191  874  3   0  0  874
192  902  3   0  0  902
193  816  2   0  816
194  900  3   0  0  900
195  890  2   0  890
196  888  2   0  888
197  908  2   0  908
198  630  2   0  630
199  810  3   0  0  810
200  888  5   0  0  5  0  883
201  908  3   0  0  908
202  904  5   0  0  0  0  904
203  908  4   537  0  0  371
204  904  3   0  0  904
205  604  2   0  604
206  908  2   0  908
207  602  3   0  0  602
208  888  2   0  888
209  882  2   39  843
210  906  2   0  906
211  906  2   0  906
212  906  2   0  906
213  904  2   0  904
214  906  3   0  0  906
215  906  2   0  906
216  630  2   0  630
217  908  2   0  908
218  894  2   0  894
219  906  2   0  906
220  908  3   0  0  908
221  894  3   0  0  894
222  908  2   0  908
223  906  3   0  0  906
224  906  3   0  0  906
225  904  2   0  904
226  896  2   0  896
227  908  3   0  0  908
228  904  2   107  797
229  908  2   0  908
230  896  2   0  896
231  896  2   0  896
232  906  3   0  0  906
233  908  2   0  908
234  906  3   0  0  906
235  898  3   0  0  898
236  904  4   0  0  0  904
237  906  3   0  0  906
238  904  2   0  904
239  906  3   0  0  906
240  908  2   0  908
241  908  3   0  0  908
242  618  2   0  618
243  906  3   0  0  906
244  906  2   0  906
245  862  3   0  0  862
246  908  3   0  0  908
247  629  2   0  629
248  906  3   0  0  906
249  898  2   1  897
250  629  2   0  629
251  866  2   0  866
252  630  2   0  630
253  902  3   0  0  902
254  900  2   0  900
255  907  4   0  0  295  612
256  906  2   0  906
257  630  3   0  0  630
258  906  3   0  0  906
259  870  3   0  0  870
260  908  2   394  514
261  628  2   0  628
262  908  3   0  0  908
263  896  2   0  896
264  908  2   0  908
265  868  2   0  868
266  908  2   0  908
267  630  3   0  0  630
268  894  2   0  894
269  908  4   0  0  0  908
270  906  2   0  906
271  908  2   0  908
272  906  2   0  906
273  908  2   0  908
274  864  2   0  864
275  906  2   0  906
276  908  2   0  908
277  862  2   0  862
278  908  2   0  908
279  630  2   0  630
280  888  3   0  0  888
281  896  3   0  0  896
282  906  2   0  906
283  906  2   0  906
284  908  2   0  908
285  906  3   0  0  906
286  908  3   0  0  908
287  630  3   0  0  630
288  908  2   0  908
289  908  3   0  3  905
290  907  4   0  0  0  907
291  908  2   16  892
292  908  3   0  0  908
293  908  4   0  0  0  908
294  908  2   0  908
295  906  2   0  906
296  850  2   0  850
297  894  3   0  0  894
298  904  3   0  0  904
299  908  3   0  2  906
300  908  4   0  0  0  908
301  891  3   0  0  891
302  904  3   0  0  904
303  838  2   81  757
304  908  3   0  0  908
305  821  3   0  0  821
306  908  2   1  907
307  890  4   0  0  0  890
308  900  2   0  900
309  908  2   0  908
310  902  3   0  0  902
311  908  2   0  908
312  820  2   0  820
313  902  2   0  902
314  900  3   0  0  900
315  898  3   0  1  897
316  908  3   0  2  906
317  630  3   0  0  630
318  244  2   0  244
319  700  2   1  699
320  908  2   1  907
321  902  2   0  902
322  888  2   0  888
323  632  2   0  632
324  808  3   0  0  808
325  906  2   0  906
326  908  3   0  0  908
327  632  3   0  0  632
328  902  2   0  902
329  906  2   0  906
330  908  3   0  0  908
331  908  2   0  908
332  908  2   0  908
333  906  2   0  906
334  903  3   0  0  903
335  896  2   0  896
336  906  2   0  906
337  632  2   0  632
338  850  2   0  850
339  908  2   0  908
340  905  3   0  0  905

[pop]=7
1  16414  3   0  0  16414
2  16512  3   0  1  16511
3  7804  3   1  0  7803
4  16508  2   0  16508
5  16511  3   1  0  16510
6  16512  3   0  0  16512
7  8006  3   1  0  8005
8  16508  2   2  16506
9  16434  2   0  16434
10  16509  3   624  1  15884
11  16512  4   0  0  0  16512
12  15886  2   14254  1632
13  16510  2   3  16507
14  16510  2   3  16507
15  16512  3   2  0  16510
16  9784  2   0  9784
17  16510  2   1  16509
18  16510  2   0  16510
19  16510  2   0  16510
20  16512  2   0  16512
21  16504  2   0  16504
22  16510  2   0  16510
23  16512  4   0  7  0  16505
24  16512  3   0  0  16512
25  16512  2   2  16510
26  16512  2   0  16512
27  14394  3   1  1  14392
28  16504  3   3  0  16501
29  16512  3   0  0  16512
30  16510  2   6  16504
31  16493  3   0  1573  14920
32  16449  3   0  0  16449
33  16508  3   0  0  16508
34  14160  2   0  14160
35  16450  2   0  16450
36  14074  2   407  13667
37  8960  2   0  8960
38  16486  3   0  0  16486
39  16502  2   8110  8392
40  13758  3   1  0  13757
41  16468  2   2  16466
42  16506  2   0  16506
43  9121  2   0  9121
44  16450  3   2  0  16448
45  16507  4   0  0  0  16507
46  9090  2   0  9090
47  16450  2   0  16450
48  16512  3   2  0  16510
49  8895  2   0  8895
50  16430  2   0  16430
51  16512  3   1  0  16511
52  16292  2   77  16215
53  16419  4   0  0  0  16419
54  15996  3   0  0  15996
55  16506  2   0  16506
56  16512  3   0  25  16487
57  16510  2   0  16510
58  16370  4   0  2  0  16368
59  8312  2   10  8302
60  16510  3   2  0  16508
61  16382  2   1  16381
62  16506  3   0  0  16506
63  16510  2   0  16510
64  16474  3   0  0  16474
65  16510  3   0  3  16507
66  16468  2   10  16458
67  16512  3   0  0  16512
68  16512  4   0  5  0  16507
69  10118  3   1  1  10116
70  16367  3   0  0  16367
71  16510  2   2448  14062
72  16512  2   0  16512
73  16358  5   0  136  0  5  16217
74  16512  2   3  16509
75  16504  3   1  1796  14707
76  16484  2   0  16484
77  16512  2   1  16511
78  10119  2   30  10089
79  16362  2   3  16359
80  16484  2   19  16465
81  16512  3   3  1  16508
82  16512  3   0  0  16512
83  16510  2   2  16508
84  16498  3   0  0  16498
85  16512  3   0  1  16511
86  16437  3   0  0  16437
87  9964  2   0  9964
88  16486  2   24  16462
89  16498  2   1  16497
90  16510  2   0  16510
91  16486  4   0  0  1  16485
92  9970  2   0  9970
93  16510  3   0  0  16510
94  16512  3   0  2  16510
95  16338  3   1  14  16323
96  16511  3   0  1  16510
97  16512  2   0  16512
98  16512  3   0  0  16512
99  16512  4   0  1  0  16511
100  16478  2   18  16460
101  16474  2   0  16474
102  16510  3   0  44  16466
103  16476  3   0  0  16476
104  10123  2   0  10123
105  16320  3   0  0  16320
106  16476  2   0  16476
107  16512  2   0  16512
108  16314  3   0  0  16314
109  16510  3   4  0  16506
110  16466  2   5  16461
111  16492  3   0  0  16492
112  16512  5   0  1  0  0  16511
113  16312  2   2  16310
114  16500  3   0  0  16500
115  16492  2   0  16492
116  10123  2   0  10123
117  16303  4   0  0  0  16303
118  16512  4   0  0  2  16510
119  16484  2   0  16484
120  16288  2   0  16288
121  16502  2   0  16502
122  16508  2   0  16508
123  16508  2   0  16508
124  16446  2   0  16446
125  16512  3   1  0  16511
126  10121  2   0  10121
127  16508  2   0  16508
128  16512  4   0  0  0  16512
129  16488  3   0  0  16488
130  16502  3   0  0  16502
131  16512  2   0  16512
132  16488  2   0  16488
133  16506  2   0  16506
134  16506  2   0  16506
135  16474  2   612  15862
136  10118  4   0  0  0  10118
137  16380  3   0  0  16380
138  16512  3   0  0  16512
139  16176  2   0  16176
140  16506  2   0  16506
141  16119  3   1  0  16118
142  16506  2   0  16506
143  16420  5   0  2  2  0  16416
144  16238  2   0  16238
145  16060  2   0  16060
146  16386  3   0  0  16386
147  16504  2   0  16504
148  16476  3   0  0  16476
149  16046  2   0  16046
150  16348  2   0  16348
151  16470  3   0  0  16470
152  16512  2   0  16512
153  16492  2   2  16490
154  10063  2   1  10062
155  15966  3   0  0  15966
156  15906  2   1  15905
157  16495  3   0  0  16495
158  16482  2   0  16482
159  16500  2   14769  1731
160  10110  3   1  0  10109
161  16458  2   0  16458
162  16057  3   2  4  16051
163  16506  2   2  16504
164  16484  2   0  16484
165  16288  2   46  16242
166  15820  3   0  0  15820
167  16303  4   1  0  0  16302
168  16480  3   1  0  16479
169  16512  2   0  16512
170  10069  2   0  10069
171  16402  2   4  16398
172  16488  4   0  1  0  16487
173  16338  2   0  16338
174  16130  2   0  16130
175  14711  5   0  0  1  1  14709
176  16394  2   0  16394
177  15197  4   0  1  1  15195
178  14734  2   0  14734
179  16436  2   0  16436
180  16486  2   0  16486
181  16512  2   0  16512
182  16364  2   0  16364
183  14578  4   0  1  1  14576
184  16348  2   624  15724
185  14726  2   0  14726
186  16487  3   1  0  16486
187  16512  2   4  16508
188  10065  2   0  10065
189  14240  4   0  8  15  14217
190  16288  3   2  0  16286
191  14612  3   0  0  14612
192  16357  3   0  0  16357
193  14124  2   2  14122
194  16296  3   0  0  16296
195  16196  2   0  16196
196  16458  2   0  16458
197  16512  2   0  16512
198  10035  2   0  10035
199  13610  3   0  40  13570
200  16445  5   0  0  49  0  16396
201  16512  3   1  0  16511
202  16292  5   0  0  2  0  16290
203  16511  4   11823  1  0  4687
204  16464  3   0  12  16452
205  7468  2   3  7465
206  16512  2   0  16512
207  7347  3   0  0  7347
208  16028  2   0  16028
209  14022  2   677  13345
210  16478  2   0  16478
211  16504  2   0  16504
212  16510  2   1  16509
213  16452  2   10  16442
214  16479  3   0  0  16479
215  16512  2   0  16512
216  10097  2   0  10097
217  16512  2   0  16512
218  16476  2   0  16476
219  16472  2   0  16472
220  16512  3   0  0  16512
221  16486  3   5  0  16481
222  16512  2   0  16512
223  16512  3   0  1  16511
224  16512  3   3  0  16509
225  16396  2   0  16396
226  16502  2   0  16502
227  16512  3   1  1  16510
228  16438  2   3218  13220
229  16512  2   3  16509
230  16506  2   3  16503
231  16432  2   0  16432
232  16502  3   0  2  16500
233  16512  2   1  16511
234  16468  3   0  3  16465
235  16510  3   0  0  16510
236  16485  4   0  34  0  16451
237  16502  3   0  0  16502
238  16490  2   0  16490
239  16456  3   0  1  16455
240  16512  2   1  16511
241  16512  3   1  0  16511
242  9331  2   0  9331
243  16512  3   0  0  16512
244  16496  2   0  16496
245  15218  3   0  0  15218
246  16512  3   0  0  16512
247  10076  2   0  10076
248  16498  3   0  0  16498
249  16462  2   0  16462
250  9678  2   0  9678
251  15474  2   7  15467
252  9759  2   0  9759
253  16492  3   0  0  16492
254  16484  2   0  16484
255  16505  4   1  0  6646  9858
256  16512  2   0  16512
257  9853  3   0  0  9853
258  16512  3   1  1  16510
259  15511  3   0  2  15509
260  16510  2   5279  11231
261  10104  2   0  10104
262  16508  3   0  0  16508
263  16476  2   0  16476
264  16508  2   0  16508
265  15498  2   0  15498
266  16512  2   0  16512
267  9935  3   0  0  9935
268  16426  2   1  16425
269  16508  4   1  0  0  16507
270  16512  2   0  16512
271  16508  2   0  16508
272  16510  2   175  16335
273  16508  2   2  16506
274  15328  2   4  15324
275  16510  2   1  16509
276  16504  2   0  16504
277  15300  2   1  15299
278  16512  2   1  16511
279  9985  2   0  9985
280  16332  3   1  0  16331
281  16470  3   0  0  16470
282  16512  2   0  16512
283  16350  2   0  16350
284  16512  2   0  16512
285  16512  3   0  0  16512
286  16475  3   0  0  16475
287  10004  3   0  1  10003
288  16512  2   0  16512
289  16512  3   0  0  16512
290  16512  4   0  0  1  16511
291  16512  2   324  16188
292  16512  3   1  0  16511
293  16512  4   4  0  0  16508
294  16510  2   2  16508
295  16406  2   0  16406
296  15954  2   4  15950
297  16138  3   1  0  16137
298  16396  3   0  0  16396
299  16512  3   0  2  16510
300  16511  4   0  0  1  16510
301  16021  3   2  0  16019
302  16368  3   0  0  16368
303  15614  2   1080  14534
304  16510  3   0  0  16510
305  15470  3   0  0  15470
306  16510  2   0  16510
307  15831  4   0  1  9  15821
308  16294  2   0  16294
309  16510  2   0  16510
310  16189  3   1  4  16184
311  16512  2   14  16498
312  15324  2   28  15296
313  16216  2   2  16214
314  16141  3   1  1  16139
315  16478  3   0  1  16477
316  16512  3   3  0  16509
317  9873  3   0  0  9873
318  7742  2   0  7742
319  13592  2   19  13573
320  16502  2   0  16502
321  16490  2   0  16490
322  14350  2   0  14350
323  10122  2   0  10122
324  13196  3   1  0  13195
325  16492  2   0  16492
326  16508  3   0  0  16508
327  10122  3   1  0  10121
328  16494  2   3  16491
329  16472  2   0  16472
330  16511  3   0  1  16510
331  16508  2   0  16508
332  16512  2   0  16512
333  16512  2   2  16510
334  16496  3   0  0  16496
335  15486  2   0  15486
336  16512  2   0  16512
337  10120  2   0  10120
338  14804  2   0  14804
339  16510  2   1  16509
340  16286  3   1  2  16283

