[loci]=570

[populations]=7

[pop]=1
1  8528  2   0  8528
2  10349  3   1  0  10348
3  10404  2   0  10404
4  10298  2   0  10298
5  10086  2   2  10084
6  10370  2   0  10370
7  10386  2   0  10386
8  9106  2   0  9106
9  5150  2   0  5150
10  10350  2   0  10350
11  10322  2   1  10321
12  9782  2   3  9779
13  10318  3   8  0  10310
14  10394  2   0  10394
15  8498  4   0  0  1  8497
16  10246  2   0  10246
17  9342  2   0  9342
18  8673  6   0  0  0  0  9  8664
19  10186  3   0  0  10186
20  10328  5   0  0  0  3  10325
21  312  2   153  159
22  10352  3   0  6  10346
23  5380  2   0  5380
24  9435  3   0  0  9435
25  6736  2   0  6736
26  8746  3   0  0  8746
27  10342  2   0  10342
28  6148  2   0  6148
29  10352  3   0  0  10352
30  5222  2   0  5222
31  10363  3   0  17  10346
32  10120  3   0  0  10120
33  9172  2   1  9171
34  72  2   0  72
35  2096  2   0  2096
36  5449  3   0  0  5449
37  10370  3   0  5  10365
38  10366  2   0  10366
39  10294  2   0  10294
40  10348  2   0  10348
41  6894  2   0  6894
42  5614  2   0  5614
43  10132  2   0  10132
44  10346  2   2  10344
45  10376  2   0  10376
46  10362  2   0  10362
47  10346  3   3  0  10343
48  10406  2   0  10406
49  10158  2   0  10158
50  10358  2   3  10355
51  10250  2   1  10249
52  10190  3   0  0  10190
53  3628  3   0  0  3628
54  10312  2   0  10312
55  9156  2   0  9156
56  8847  3   0  0  8847
57  10394  2   14  10380
58  8206  3   1  0  8205
59  10406  2   2  10404
60  4760  2   0  4760
61  10358  2   2  10356
62  5510  3   0  6  5504
63  10398  2   0  10398
64  10225  4   0  0  0  10225
65  9124  2   72  9052
66  8715  3   0  0  8715
67  6568  2   1  6567
68  10382  2   0  10382
69  10374  2   3  10371
70  10354  2   0  10354
71  5520  2   0  5520
72  10336  3   0  0  10336
73  8658  3   1  13  8644
74  10206  2   0  10206
75  2434  2   4  2430
76  6145  4   1  0  1  6143
77  1840  3   4  0  1836
78  10377  3   0  0  10377
79  8892  2   0  8892
80  10382  3   0  1  10381
81  10386  2   0  10386
82  9959  3   2  1  9956
83  9044  2   0  9044
84  6780  2   1  6779
85  10194  2   0  10194
86  10382  3   0  0  10382
87  10406  2   547  9859
88  10346  2   0  10346
89  10306  2   0  10306
90  10406  2   0  10406
91  9492  2   0  9492
92  10406  2   0  10406
93  10384  2   2  10382
94  10308  2   0  10308
95  10394  3   0  1  10393
96  10343  3   0  0  10343
97  7698  2   0  7698
98  10347  3   0  0  10347
99  10388  2   1  10387
100  10356  2   0  10356
101  2432  2   4  2428
102  9586  3   1  1  9584
103  10406  2   0  10406
104  10400  2   2  10398
105  10388  3   0  2  10386
106  5748  3   0  0  5748
107  1552  2   1  1551
108  10300  2   8  10292
109  9406  3   0  0  9406
110  9676  2   1  9675
111  10358  3   0  2  10356
112  9290  2   0  9290
113  9765  4   0  0  4  9761
114  10392  3   0  0  10392
115  10350  2   0  10350
116  10016  2   1  10015
117  9474  2   3  9471
118  9739  3   0  0  9739
119  7600  3   0  0  7600
120  9874  2   4  9870
121  10406  2   0  10406
122  10224  2   3  10221
123  9748  3   1  0  9747
124  10392  2   0  10392
125  10400  2   0  10400
126  10356  3   0  2  10354
127  10022  2   0  10022
128  9138  2   0  9138
129  7861  3   0  0  7861
130  2192  2   0  2192
131  10344  2   0  10344
132  10394  2   2  10392
133  10389  3   0  0  10389
134  10402  3   0  2  10400
135  9646  2   0  9646
136  8110  2   0  8110
137  10406  2   0  10406
138  8997  3   0  0  8997
139  10404  2   1  10403
140  8015  3   0  0  8015
141  2270  3   0  0  2270
142  10402  2   37  10365
143  9604  5   0  0  0  0  9604
144  9119  3   0  0  9119
145  2362  2   0  2362
146  10406  3   1  0  10405
147  10248  2   0  10248
148  10335  4   1  0  0  10334
149  10402  4   1  1  0  10400
150  10404  3   2  0  10402
151  10364  3   0  1  10363
152  8758  2   33  8725
153  9022  2   11  9011
154  10394  2   0  10394
155  9922  2   2  9920
156  10396  3   0  0  10396
157  10404  2   0  10404
158  10070  2   0  10070
159  8446  2   0  8446
160  10398  2   0  10398
161  10402  2   0  10402
162  9158  2   377  8781
163  8997  3   0  0  8997
164  10364  2   1  10363
165  10186  3   0  0  10186
166  10218  3   0  0  10218
167  10392  2   0  10392
168  10346  2   0  10346
169  10406  2   0  10406
170  8828  2   4  8824
171  10400  3   0  0  10400
172  10398  2   0  10398
173  9228  2   0  9228
174  9776  2   0  9776
175  10118  3   0  0  10118
176  10008  2   1  10007
177  9150  2   0  9150
178  8506  3   0  0  8506
179  9363  3   0  0  9363
180  10406  2   0  10406
181  8716  2   0  8716
182  9240  3   0  0  9240
183  8898  3   0  1  8897
184  10370  2   0  10370
185  10161  3   0  0  10161
186  10398  2   1  10397
187  9778  2   0  9778
188  9338  2   0  9338
189  10346  2   1  10345
190  3112  2   0  3112
191  10406  2   0  10406
192  6204  2   0  6204
193  10338  2   1  10337
194  8975  3   0  0  8975
195  9402  2   0  9402
196  10312  2   52  10260
197  10406  3   0  0  10406
198  10406  2   0  10406
199  9018  2   0  9018
200  10404  2   1  10403
201  10397  4   1  0  2  10394
202  10032  3   0  1  10031
203  10347  3   0  1  10346
204  10132  2   0  10132
205  9616  2   0  9616
206  10398  3   0  1  10397
207  3404  2   1  3403
208  10402  2   1  10401
209  9635  4   0  0  0  9635
210  9803  3   0  1  9802
211  10334  2   0  10334
212  9128  2   0  9128
213  8240  2   0  8240
214  10402  2   0  10402
215  10404  4   0  0  0  10404
216  10400  2   0  10400
217  10400  3   0  0  10400
218  10372  2   1  10371
219  10406  3   1  0  10405
220  10394  3   0  2  10392
221  9810  3   1  0  9809
222  10038  3   0  0  10038
223  9448  2   53  9395
224  10402  4   0  0  0  10402
225  9268  2   2  9266
226  9658  3   0  1  9657
227  10386  3   0  2  10384
228  10390  3   0  0  10390
229  8014  2   0  8014
230  9722  3   0  2  9720
231  10016  2   0  10016
232  10174  2   0  10174
233  10394  2   1  10393
234  9820  2   0  9820
235  10400  2   0  10400
236  3840  2   0  3840
237  10396  2   1  10395
238  3934  3   0  1  3933
239  10392  2   0  10392
240  10396  2   0  10396
241  10284  2   0  10284
242  9992  3   0  1  9991
243  10306  2   0  10306
244  9812  2   1  9811
245  10062  3   0  0  10062
246  9464  3   0  0  9464
247  10400  2   0  10400
248  4024  2   0  4024
249  10406  2   2  10404
250  10306  3   0  0  10306
251  10402  2   1  10401
252  10396  2   0  10396
253  9804  2   0  9804
254  10064  2   0  10064
255  10387  3   0  0  10387
256  7279  3   0  0  7279
257  5140  2   0  5140
258  10254  2   0  10254
259  10316  2   0  10316
260  10170  2   0  10170
261  9176  2   0  9176
262  10272  2   0  10272
263  10160  2   0  10160
264  9454  2   0  9454
265  9652  2   4  9648
266  10341  3   0  0  10341
267  10097  4   0  0  0  10097
268  10280  3   0  1  10279
269  10250  2   0  10250
270  10400  2   0  10400
271  10402  2   0  10402
272  10391  3   1  0  10390
273  10390  2   0  10390
274  10250  2   0  10250
275  10366  2   0  10366
276  9904  2   0  9904
277  10056  3   0  0  10056
278  10209  3   0  0  10209
279  9680  2   0  9680
280  10342  3   0  0  10342
281  4542  3   0  0  4542
282  10126  3   1  1  10124
283  10358  2   0  10358
284  10348  3   0  2  10346
285  10390  2   24  10366
286  8498  2   0  8498
287  10404  2   0  10404
288  10232  2   0  10232
289  10200  2   26  10174
290  9934  2   8  9926
291  10344  2   0  10344
292  4782  4   2  0  0  4780
293  10402  4   0  0  0  10402
294  10340  3   0  0  10340
295  10386  2   0  10386
296  9860  2   0  9860
297  10364  2   0  10364
298  10404  3   0  0  10404
299  9760  3   0  0  9760
300  4906  2   0  4906
301  10175  4   2  2  1  10170
302  8624  2   0  8624
303  10402  2   0  10402
304  10394  2   1  10393
305  10396  2   1  10395
306  9863  4   0  0  1  9862
307  9862  2   0  9862
308  10386  2   0  10386
309  9604  3   0  0  9604
310  9464  3   0  0  9464
311  9778  4   0  0  0  9778
312  9911  3   0  11  9900
313  4978  2   0  4978
314  10366  2   0  10366
315  9870  2   0  9870
316  10404  2   0  10404
317  10326  2   0  10326
318  10057  3   0  1  10056
319  9784  3   0  0  9784
320  10344  4   0  1  0  10343
321  10264  2   0  10264
322  10312  2   0  10312
323  10220  2   0  10220
324  10389  3   0  0  10389
325  9954  2   0  9954
326  10386  2   0  10386
327  10362  2   0  10362
328  10388  2   4  10384
329  10384  2   0  10384
330  8137  2   0  8137
331  9760  2   0  9760
332  10388  2   0  10388
333  9514  2   0  9514
334  10288  2   319  9969
335  10400  2   2  10398
336  10320  3   1  1  10318
337  10386  2   0  10386
338  6437  2   0  6437
339  10392  3   0  0  10392
340  9769  3   0  0  9769
341  9032  2   2130  6902
342  6900  2   0  6900
343  9676  2   0  9676
344  10226  2   0  10226
345  10046  2   2  10044
346  10346  3   0  0  10346
347  7068  2   0  7068
348  10285  3   0  0  10285
349  10256  2   0  10256
350  10381  4   0  0  0  10381
351  10382  2   0  10382
352  9568  2   0  9568
353  10392  2   1  10391
354  10310  2   2  10308
355  10400  2   2  10398
356  10394  3   0  167  10227
357  10292  2   0  10292
358  10404  2   0  10404
359  10014  3   0  0  10014
360  10264  4   1  0  0  10263
361  9161  5   0  0  0  0  9161
362  10350  2   0  10350
363  10400  3   0  0  10400
364  10334  2   0  10334
365  9950  2   0  9950
366  10388  2   0  10388
367  10016  2   2  10014
368  8708  2   232  8476
369  9938  2   0  9938
370  9222  3   10  0  9212
371  10090  3   0  0  10090
372  10330  2   0  10330
373  10380  2   2992  7388
374  10352  2   0  10352
375  10400  2   398  10002
376  8720  2   0  8720
377  10203  3   0  0  10203
378  9510  3   0  1  9509
379  7562  2   0  7562
380  10330  2   0  10330
381  10372  2   0  10372
382  10348  2   4  10344
383  10398  2   5  10393
384  8732  2   3  8729
385  10192  3   0  0  10192
386  10392  2   1033  9359
387  9420  2   1  9419
388  9326  2   748  8578
389  10344  3   0  0  10344
390  10332  3   0  0  10332
391  10352  2   0  10352
392  8744  3   1  2  8741
393  9600  2   1410  8190
394  10388  2   0  10388
395  10400  2   0  10400
396  10404  2   1  10403
397  10358  2   0  10358
398  8750  3   0  0  8750
399  10158  2   2  10156
400  10386  3   0  0  10386
401  9206  2   0  9206
402  9312  2   1  9311
403  10404  2   0  10404
404  1442  2   0  1442
405  8756  2   0  8756
406  10392  3   1  0  10391
407  10338  3   0  848  9490
408  10398  2   0  10398
409  8492  2   0  8492
410  10387  3   0  0  10387
411  9360  2   0  9360
412  10080  2   0  10080
413  9210  2   22  9188
414  8760  3   0  0  8760
415  10130  2   0  10130
416  9464  2   4  9460
417  10266  2   0  10266
418  9360  2   0  9360
419  10065  4   0  0  0  10065
420  10276  2   1  10275
421  10338  3   1  0  10337
422  9682  2   0  9682
423  10326  2   0  10326
424  10390  2   0  10390
425  10230  2   2  10228
426  10320  3   2  0  10318
427  8494  3   0  0  8494
428  8764  2   0  8764
429  9932  2   1  9931
430  10380  3   0  18  10362
431  9363  3   14  0  9349
432  10384  3   0  0  10384
433  10393  4   1  0  1  10391
434  10040  3   0  7  10033
435  10084  3   0  0  10084
436  10390  2   1  10389
437  5312  3   0  0  5312
438  10320  2   0  10320
439  10268  2   1  10267
440  10398  2   0  10398
441  10392  3   0  0  10392
442  8095  2   0  8095
443  8493  3   0  1  8492
444  10328  3   0  0  10328
445  10376  3   2  1  10373
446  9606  2   9  9597
447  9366  2   2  9364
448  9318  3   0  0  9318
449  10338  2   0  10338
450  10174  2   0  10174
451  10401  4   0  0  0  10401
452  10032  2   333  9699
453  10332  2   0  10332
454  10378  4   0  0  0  10378
455  10216  2   0  10216
456  10328  2   4  10324
457  10262  2   0  10262
458  8496  2   0  8496
459  9330  2   3  9327
460  10312  2   0  10312
461  5459  3   0  0  5459
462  10064  3   0  0  10064
463  10322  2   4  10318
464  10320  2   2  10318
465  10356  2   0  10356
466  10262  2   0  10262
467  10224  2   2  10222
468  8493  4   0  0  0  8493
469  10002  3   0  0  10002
470  10316  2   0  10316
471  10406  2   0  10406
472  10370  2   0  10370
473  10390  3   0  1  10389
474  10372  3   0  0  10372
475  10406  3   0  0  10406
476  10259  3   0  3  10256
477  10236  2   0  10236
478  10262  2   270  9992
479  9884  2   0  9884
480  9776  2   0  9776
481  9946  2   0  9946
482  10356  2   0  10356
483  10364  2   0  10364
484  10390  2   0  10390
485  10237  3   0  1  10236
486  10220  2   4  10216
487  10254  2   1  10253
488  10398  2   0  10398
489  9746  3   0  0  9746
490  9702  3   0  0  9702
491  10360  2   3  10357
492  7841  2   0  7841
493  10392  2   0  10392
494  8670  2   1740  6930
495  10172  2   9592  580
496  10354  2   0  10354
497  10406  3   7  0  10399
498  8590  3   0  0  8590
499  10390  2   0  10390
500  9252  2   0  9252
501  9188  3   0  4  9184
502  7362  3   2  4  7356
503  10136  2   0  10136
504  10242  2   0  10242
505  10098  2   12  10086
506  10356  2   2  10354
507  8564  2   34  8530
508  5676  3   5  0  5671
509  10348  3   0  0  10348
510  9962  3   0  0  9962
511  10132  2   0  10132
512  10396  3   0  0  10396
513  8554  3   0  0  8554
514  9898  3   0  7  9891
515  10390  2   0  10390
516  5744  2   8  5736
517  9871  3   0  0  9871
518  10178  3   0  0  10178
519  10326  2   0  10326
520  10402  3   0  1  10401
521  9878  3   0  0  9878
522  10344  2   0  10344
523  10390  3   0  1  10389
524  10017  3   0  1  10016
525  10390  2   0  10390
526  9808  2   0  9808
527  10246  2   2  10244
528  10142  5   0  0  0  0  10142
529  10301  3   0  0  10301
530  9722  2   0  9722
531  10388  2   0  10388
532  8599  4   0  0  0  8599
533  10292  2   0  10292
534  10266  2   0  10266
535  7506  3   0  2  7504
536  10364  2   2  10362
537  8466  2   0  8466
538  10344  2   0  10344
539  7564  2   1  7563
540  10274  3   1  0  10273
541  10282  3   0  0  10282
542  10396  2   0  10396
543  10082  2   0  10082
544  10072  2   0  10072
545  10262  4   0  0  0  10262
546  8488  4   1  2  0  8485
547  10366  2   0  10366
548  8444  2   7  8437
549  10392  2   1  10391
550  10092  2   0  10092
551  10268  2   0  10268
552  10401  3   0  2  10399
553  7862  3   0  0  7862
554  10288  2   0  10288
555  7174  2   2  7172
556  8489  3   0  0  8489
557  10405  3   7977  0  2428
558  10160  2   0  10160
559  10349  3   0  0  10349
560  5898  3   0  0  5898
561  10062  2   0  10062
562  10402  2   0  10402
563  7365  2   1  7364
564  9996  2   0  9996
565  9662  2   0  9662
566  10348  4   0  0  0  10348
567  9097  3   0  0  9097
568  10111  4   0  66  0  10045
569  10402  2   0  10402
570  10194  3   1  0  10193

[pop]=2
1  11152  2   0  11152
2  11572  3   0  0  11572
3  11578  2   0  11578
4  11502  2   3  11499
5  11568  2   0  11568
6  11554  2   0  11554
7  11576  2   0  11576
8  11392  2   0  11392
9  4046  2   0  4046
10  11562  2   0  11562
11  11534  2   1  11533
12  11316  2   0  11316
13  11510  3   34  0  11476
14  11576  2   0  11576
15  9236  4   0  0  0  9236
16  11558  2   0  11558
17  11038  2   0  11038
18  11198  6   0  0  0  2  4  11192
19  11514  3   0  0  11514
20  11541  5   0  0  0  12  11529
21  78  2   39  39
22  11568  3   1  5  11562
23  4482  2   0  4482
24  11127  3   0  0  11127
25  7832  2   0  7832
26  11228  3   0  1  11227
27  11546  2   0  11546
28  5474  2   0  5474
29  11572  3   0  0  11572
30  5030  2   0  5030
31  11560  3   0  1  11559
32  11512  3   0  0  11512
33  11460  2   1  11459
34  6  2   0  6
35  408  2   0  408
36  5311  3   0  0  5311
37  11570  3   0  0  11570
38  11564  2   0  11564
39  11562  2   0  11562
40  11546  2   0  11546
41  6814  2   0  6814
42  5506  2   0  5506
43  11492  2   0  11492
44  11526  2   0  11526
45  11574  2   15  11559
46  11558  2   1  11557
47  11548  3   0  0  11548
48  11578  2   0  11578
49  11498  2   0  11498
50  11530  2   0  11530
51  11572  2   7  11565
52  11544  3   0  0  11544
53  3848  3   1  3  3844
54  11570  2   0  11570
55  11462  2   0  11462
56  8910  3   0  2  8908
57  11566  2   3  11563
58  10126  3   0  0  10126
59  11578  2   0  11578
60  5756  2   0  5756
61  11548  2   0  11548
62  6070  3   0  0  6070
63  11576  2   0  11576
64  11552  4   0  0  0  11552
65  11370  2   4  11366
66  10016  3   0  0  10016
67  6842  2   0  6842
68  11570  2   0  11570
69  11572  2   0  11572
70  11572  2   14  11558
71  6904  2   1  6903
72  11572  3   0  0  11572
73  10631  3   0  49  10582
74  11550  2   0  11550
75  310  2   0  310
76  6967  4   0  0  0  6967
77  466  3   0  0  466
78  11576  3   0  0  11576
79  10802  2   0  10802
80  11576  3   0  0  11576
81  11556  2   0  11556
82  11534  3   0  0  11534
83  10886  2   0  10886
84  7960  2   0  7960
85  11498  2   2  11496
86  11576  3   0  1  11575
87  11566  2   3019  8547
88  11576  2   0  11576
89  11566  2   0  11566
90  11574  2   0  11574
91  10884  2   0  10884
92  11578  2   0  11578
93  11576  2   0  11576
94  11542  2   0  11542
95  11563  3   0  0  11563
96  11578  3   0  0  11578
97  8453  2   0  8453
98  11576  3   0  0  11576
99  11570  2   1  11569
100  11554  2   0  11554
101  308  2   0  308
102  10968  3   0  0  10968
103  11578  2   0  11578
104  11578  2   2  11576
105  11576  3   2  0  11574
106  6529  3   0  0  6529
107  388  2   1  387
108  11568  2   0  11568
109  11172  3   0  0  11172
110  11376  2   0  11376
111  11552  3   0  2  11550
112  11576  2   0  11576
113  11157  4   0  0  0  11157
114  11576  3   0  0  11576
115  11576  2   0  11576
116  11558  2   0  11558
117  11230  2   0  11230
118  11393  3   0  0  11393
119  9279  3   0  0  9279
120  11240  2   0  11240
121  11578  2   0  11578
122  11518  2   1  11517
123  10992  3   0  0  10992
124  11576  2   3  11573
125  11578  2   0  11578
126  11578  3   0  0  11578
127  11558  2   0  11558
128  11358  2   0  11358
129  9633  3   0  1  9632
130  680  2   0  680
131  11566  2   0  11566
132  11576  2   0  11576
133  11577  3   0  0  11577
134  11578  3   0  1  11577
135  10882  2   0  10882
136  10512  2   0  10512
137  11576  2   0  11576
138  10418  3   0  0  10418
139  11522  2   0  11522
140  9832  3   0  0  9832
141  716  3   0  0  716
142  11578  2   3  11575
143  10812  5   0  0  0  0  10812
144  10571  3   0  1  10570
145  770  2   0  770
146  11578  3   4  0  11574
147  11520  2   0  11520
148  11559  4   0  0  8  11551
149  11578  4   0  0  0  11578
150  11572  3   0  0  11572
151  11578  3   0  0  11578
152  11020  2   2  11018
153  11522  2   0  11522
154  11570  2   0  11570
155  11446  2   0  11446
156  11578  3   0  0  11578
157  11572  2   0  11572
158  11570  2   0  11570
159  9976  2   0  9976
160  11578  2   0  11578
161  11578  2   0  11578
162  10144  2   26  10118
163  11145  3   0  0  11145
164  11576  2   30  11546
165  11564  3   0  0  11564
166  11558  3   0  0  11558
167  11570  2   0  11570
168  11556  2   0  11556
169  11578  2   0  11578
170  9134  2   3  9131
171  11578  3   0  0  11578
172  11564  2   14  11550
173  11268  2   0  11268
174  11228  2   8  11220
175  11574  3   0  0  11574
176  11488  2   2  11486
177  11012  2   0  11012
178  9271  3   3  0  9268
179  11312  3   0  5  11307
180  11576  2   11  11565
181  9914  2   0  9914
182  11083  3   0  2  11081
183  10596  3   0  0  10596
184  11576  2   1  11575
185  11563  3   0  0  11563
186  11570  2   2  11568
187  11380  2   0  11380
188  11410  2   0  11410
189  11556  2   1  11555
190  1426  2   0  1426
191  11578  2   0  11578
192  6990  2   0  6990
193  11556  2   1  11555
194  10266  3   0  0  10266
195  11170  2   2  11168
196  11514  2   0  11514
197  11578  3   2  11  11565
198  11578  2   0  11578
199  10704  2   0  10704
200  11578  2   0  11578
201  11576  4   1  0  0  11575
202  11404  3   0  0  11404
203  11556  3   1  0  11555
204  11528  2   0  11528
205  11400  2   0  11400
206  11570  3   1  0  11569
207  1798  2   0  1798
208  11578  2   0  11578
209  11408  4   0  0  0  11408
210  11383  3   0  0  11383
211  11556  2   0  11556
212  11570  2   0  11570
213  7822  2   0  7822
214  11578  2   0  11578
215  11578  4   0  0  0  11578
216  11568  2   0  11568
217  11576  3   0  0  11576
218  11576  2   0  11576
219  11576  3   0  0  11576
220  11570  3   0  0  11570
221  11379  3   0  0  11379
222  11504  3   0  0  11504
223  11452  2   1  11451
224  11519  4   0  0  0  11519
225  10660  2   0  10660
226  11350  3   1  0  11349
227  11574  3   0  0  11574
228  11578  3   0  0  11578
229  8900  2   0  8900
230  11445  3   0  0  11445
231  11556  2   2  11554
232  11486  2   3  11483
233  11568  2   0  11568
234  11394  2   0  11394
235  11526  2   0  11526
236  2388  2   0  2388
237  11574  2   0  11574
238  2576  3   0  0  2576
239  11578  2   0  11578
240  11574  2   0  11574
241  11572  2   0  11572
242  11554  3   0  0  11554
243  11568  2   4  11564
244  11396  2   0  11396
245  11520  3   0  0  11520
246  11454  3   0  0  11454
247  11520  2   0  11520
248  2728  2   2  2726
249  11578  2   0  11578
250  11572  3   0  0  11572
251  11578  2   1  11577
252  11572  2   0  11572
253  11392  2   0  11392
254  11520  2   0  11520
255  11568  3   0  0  11568
256  5757  3   0  0  5757
257  3242  2   0  3242
258  11574  2   0  11574
259  11568  2   0  11568
260  11576  2   0  11576
261  10932  2   0  10932
262  11572  2   0  11572
263  11576  2   0  11576
264  11454  2   0  11454
265  11068  2   0  11068
266  11544  3   0  0  11544
267  11570  4   0  0  0  11570
268  11570  3   0  0  11570
269  11540  2   0  11540
270  11576  2   0  11576
271  11578  2   0  11578
272  11578  3   0  0  11578
273  11572  2   0  11572
274  11572  2   0  11572
275  11576  2   0  11576
276  11548  2   0  11548
277  11518  3   2  0  11516
278  11548  3   0  0  11548
279  11078  2   1  11077
280  11548  3   2  0  11546
281  3656  3   0  0  3656
282  11570  3   3  0  11567
283  11560  2   0  11560
284  11543  3   0  0  11543
285  11572  2   0  11572
286  9264  2   0  9264
287  11572  2   0  11572
288  11506  2   0  11506
289  11546  2   2  11544
290  11494  2   12  11482
291  11548  2   3  11545
292  4074  4   0  1  1  4072
293  11576  4   0  0  1  11575
294  11502  3   0  0  11502
295  11576  2   0  11576
296  11484  2   0  11484
297  11576  2   0  11576
298  11570  3   0  0  11570
299  11127  3   0  0  11127
300  4306  2   0  4306
301  11572  4   0  0  0  11572
302  10638  2   0  10638
303  11576  2   0  11576
304  11576  2   1  11575
305  11574  2   0  11574
306  11486  4   0  0  0  11486
307  11536  2   0  11536
308  11568  2   0  11568
309  11342  3   0  0  11342
310  11456  3   0  0  11456
311  11149  4   1  0  0  11148
312  11500  3   1  51  11448
313  4524  2   2  4522
314  11548  2   0  11548
315  11490  2   0  11490
316  11568  2   0  11568
317  11568  2   0  11568
318  11518  3   1  0  11517
319  11162  3   0  0  11162
320  11548  4   0  1  0  11547
321  11572  2   0  11572
322  11532  2   0  11532
323  11540  2   23  11517
324  11574  3   1  0  11573
325  11508  2   2  11506
326  11568  2   0  11568
327  11574  2   0  11574
328  11556  2   0  11556
329  11578  2   0  11578
330  9108  2   0  9108
331  11528  2   0  11528
332  11556  2   0  11556
333  11464  2   0  11464
334  11508  2   14  11494
335  11562  2   2  11560
336  11538  3   0  0  11538
337  11574  2   1  11573
338  7667  2   0  7667
339  11568  3   0  0  11568
340  11187  3   0  1  11186
341  11566  2   2768  8798
342  8264  2   0  8264
343  11506  2   0  11506
344  11576  2   0  11576
345  11528  2   0  11528
346  11554  3   0  0  11554
347  8588  2   0  8588
348  11492  3   0  0  11492
349  11546  2   0  11546
350  11571  4   0  0  0  11571
351  11362  2   0  11362
352  11514  2   0  11514
353  11568  2   0  11568
354  11518  2   0  11518
355  11578  2   0  11578
356  11570  3   0  862  10708
357  11494  2   0  11494
358  11576  2   0  11576
359  11537  3   0  0  11537
360  11540  4   0  1  0  11539
361  11570  5   0  1  0  0  11569
362  11578  2   1  11577
363  11578  3   0  0  11578
364  11528  2   3  11525
365  11522  2   1  11521
366  11576  2   0  11576
367  11540  2   0  11540
368  9182  2   854  8328
369  11522  2   0  11522
370  11570  3   0  3  11567
371  11536  3   1  1  11534
372  11532  2   0  11532
373  11570  2   845  10725
374  11574  2   0  11574
375  11572  2   18  11554
376  9194  2   2  9192
377  11536  3   0  0  11536
378  11037  3   0  0  11037
379  9220  2   0  9220
380  11532  2   0  11532
381  11574  2   0  11574
382  11578  2   8  11570
383  11572  2   2  11570
384  9192  2   0  9192
385  11533  3   0  0  11533
386  11566  2   57  11509
387  10972  2   0  10972
388  11570  2   29  11541
389  11552  3   0  0  11552
390  11532  3   0  0  11532
391  11576  2   1  11575
392  9192  3   0  1  9191
393  11466  2   1032  10434
394  11392  2   1  11391
395  11566  2   0  11566
396  11576  2   0  11576
397  11572  2   0  11572
398  9196  3   0  0  9196
399  11526  2   0  11526
400  11566  3   0  0  11566
401  10802  2   0  10802
402  11570  2   0  11570
403  11576  2   1  11575
404  1202  2   0  1202
405  9188  2   0  9188
406  11559  3   0  0  11559
407  11536  3   0  40  11496
408  11572  2   0  11572
409  9255  2   0  9255
410  11401  3   1  1  11399
411  11570  2   0  11570
412  11532  2   0  11532
413  11438  2   51  11387
414  9194  3   0  0  9194
415  11578  2   0  11578
416  11450  2   0  11450
417  11506  2   6  11500
418  11570  2   0  11570
419  11535  4   0  0  0  11535
420  11462  2   0  11462
421  11537  3   0  0  11537
422  11486  2   2  11484
423  11532  2   0  11532
424  11578  2   3  11575
425  11544  2   0  11544
426  11568  3   0  2  11566
427  9254  3   0  0  9254
428  9204  2   0  9204
429  11508  2   0  11508
430  11564  3   0  1  11563
431  11568  3   2  0  11566
432  11578  3   0  1  11577
433  11569  4   1  0  0  11568
434  11530  3   0  1  11529
435  11578  3   2  0  11576
436  11560  2   0  11560
437  6513  3   0  0  6513
438  11548  2   0  11548
439  11456  2   0  11456
440  11566  2   0  11566
441  11566  3   0  0  11566
442  9049  2   0  9049
443  9252  3   0  0  9252
444  11496  3   0  0  11496
445  11562  3   0  0  11562
446  11510  2   1  11509
447  11432  2   0  11432
448  11566  3   0  0  11566
449  11542  2   2  11540
450  11532  2   0  11532
451  11574  4   0  0  2  11572
452  11520  2   12  11508
453  11574  2   0  11574
454  11573  4   0  0  0  11573
455  11480  2   0  11480
456  11574  2   15  11559
457  11546  2   2  11544
458  9251  2   1  9250
459  11416  2   0  11416
460  11524  2   0  11524
461  7030  3   0  0  7030
462  11538  3   1  0  11537
463  11574  2   3  11571
464  11532  2   0  11532
465  11540  2   0  11540
466  11572  2   30  11542
467  11534  2   0  11534
468  9250  4   0  0  0  9250
469  11503  3   1  0  11502
470  11574  2   0  11574
471  11576  2   0  11576
472  11560  2   0  11560
473  11562  3   0  0  11562
474  11572  3   0  2  11570
475  11578  3   0  0  11578
476  11498  3   0  0  11498
477  11566  2   0  11566
478  11568  2   20  11548
479  11326  2   0  11326
480  11546  2   1  11545
481  11482  2   0  11482
482  11526  2   0  11526
483  11562  2   0  11562
484  11428  2   0  11428
485  11530  3   0  0  11530
486  11548  2   0  11548
487  11566  2   2  11564
488  11572  2   0  11572
489  11198  3   0  0  11198
490  11532  3   0  0  11532
491  11550  2   1  11549
492  8773  2   0  8773
493  11558  2   0  11558
494  9126  2   84  9042
495  11534  2   9886  1648
496  11564  2   0  11564
497  11578  3   0  0  11578
498  9114  3   0  0  9114
499  11560  2   0  11560
500  11370  2   0  11370
501  11562  3   0  1  11561
502  8428  3   0  0  8428
503  11422  2   0  11422
504  11564  2   3  11561
505  11574  2   0  11574
506  11526  2   1  11525
507  9092  2   68  9024
508  7498  3   0  0  7498
509  11564  3   0  0  11564
510  11564  3   0  0  11564
511  11552  2   0  11552
512  11572  3   0  0  11572
513  9096  3   0  0  9096
514  11564  3   0  20  11544
515  11560  2   0  11560
516  7620  2   3  7617
517  11476  3   0  0  11476
518  11520  3   0  1  11519
519  11562  2   1  11561
520  11565  3   0  0  11565
521  11559  3   0  0  11559
522  11558  2   0  11558
523  11558  3   4  0  11554
524  11338  3   0  0  11338
525  11576  2   0  11576
526  11282  2   0  11282
527  11564  2   0  11564
528  11517  5   0  0  0  0  11517
529  11552  3   0  0  11552
530  11254  2   0  11254
531  11566  2   0  11566
532  9641  4   0  0  0  9641
533  11548  2   0  11548
534  11518  2   2  11516
535  8303  3   0  0  8303
536  11524  2   0  11524
537  9050  2   0  9050
538  11556  2   0  11556
539  8844  2   1  8843
540  11546  3   1  0  11545
541  11516  3   0  0  11516
542  11574  2   0  11574
543  11514  2   0  11514
544  11548  2   2  11546
545  11512  4   0  0  0  11512
546  9247  4   0  0  0  9247
547  11526  2   0  11526
548  9040  2   28  9012
549  11430  2   0  11430
550  11502  2   0  11502
551  11540  2   0  11540
552  11578  3   1  0  11577
553  8460  3   0  2  8458
554  11548  2   0  11548
555  8657  2   0  8657
556  9247  3   0  1  9246
557  11573  3   10644  0  929
558  11508  2   0  11508
559  11556  3   0  0  11556
560  8018  3   1  0  8017
561  11502  2   0  11502
562  11570  2   2  11568
563  8095  2   0  8095
564  11558  2   0  11558
565  11376  2   6  11370
566  11556  4   0  0  0  11556
567  11541  3   1  0  11540
568  11521  4   0  2  0  11519
569  11578  2   0  11578
570  11484  3   0  0  11484

[pop]=3
1  8316  2   0  8316
2  8648  3   0  0  8648
3  8654  2   0  8654
4  8636  2   2  8634
5  8618  2   0  8618
6  8654  2   0  8654
7  8650  2   0  8650
8  8484  2   0  8484
9  3186  2   0  3186
10  8628  2   3  8625
11  8608  2   0  8608
12  8434  2   0  8434
13  8642  3   1  1  8640
14  8650  2   0  8650
15  6567  4   0  0  0  6567
16  8620  2   0  8620
17  8280  2   0  8280
18  8351  6   0  0  0  0  0  8351
19  8626  3   0  0  8626
20  8609  5   0  0  0  0  8609
21  86  2   45  41
22  8646  3   0  0  8646
23  3488  2   0  3488
24  8361  3   0  0  8361
25  6038  2   0  6038
26  8364  3   0  0  8364
27  8612  2   0  8612
28  4756  2   0  4756
29  8648  3   0  0  8648
30  4296  2   0  4296
31  8642  3   0  0  8642
32  8604  3   0  1  8603
33  8538  2   0  8538
34  10  2   0  10
35  620  2   0  620
36  4464  3   0  0  4464
37  8640  3   0  0  8640
38  8648  2   0  8648
39  8620  2   0  8620
40  8616  2   0  8616
41  5640  2   0  5640
42  4634  2   0  4634
43  8586  2   0  8586
44  8648  2   0  8648
45  8650  2   1  8649
46  8644  2   1  8643
47  8620  3   0  0  8620
48  8652  2   1  8651
49  8590  2   0  8590
50  8648  2   0  8648
51  8628  2   0  8628
52  8617  3   0  0  8617
53  3603  3   0  0  3603
54  8634  2   0  8634
55  8544  2   0  8544
56  7394  3   2  0  7392
57  8652  2   0  8652
58  7684  3   0  0  7684
59  8654  2   0  8654
60  4876  2   0  4876
61  8624  2   0  8624
62  5072  3   1  0  5071
63  8652  2   2  8650
64  8611  4   0  0  0  8611
65  8438  2   0  8438
66  7708  3   0  0  7708
67  5604  2   0  5604
68  8648  2   0  8648
69  8650  2   0  8650
70  8642  2   0  8642
71  5642  2   2  5640
72  8636  3   0  0  8636
73  7998  3   0  0  7998
74  8608  2   0  8608
75  510  2   0  510
76  5625  4   0  0  0  5625
77  652  3   0  0  652
78  8650  3   0  0  8650
79  8116  2   8  8108
80  8650  3   0  0  8650
81  8652  2   0  8652
82  8615  3   0  0  8615
83  8230  2   0  8230
84  6160  2   0  6160
85  8568  2   0  8568
86  8650  3   0  0  8650
87  8642  2   1989  6653
88  8638  2   0  8638
89  8652  2   2  8650
90  8654  2   4  8650
91  8300  2   0  8300
92  8654  2   0  8654
93  8652  2   0  8652
94  8620  2   0  8620
95  8651  3   0  0  8651
96  8644  3   0  0  8644
97  6029  2   0  6029
98  8638  3   0  0  8638
99  8650  2   1  8649
100  8620  2   0  8620
101  498  2   0  498
102  8348  3   0  0  8348
103  8654  2   0  8654
104  8652  2   0  8652
105  8652  3   0  0  8652
106  4753  3   0  0  4753
107  616  2   0  616
108  8652  2   0  8652
109  8402  3   1  3  8398
110  8434  2   0  8434
111  8622  3   0  1  8621
112  8648  2   0  8648
113  8441  4   0  1  0  8440
114  8650  3   0  82  8568
115  8644  2   0  8644
116  8628  2   0  8628
117  8420  2   0  8420
118  8451  3   0  0  8451
119  6896  3   0  57  6839
120  8494  2   0  8494
121  8654  2   2  8652
122  8580  2   2  8578
123  8286  3   0  1  8285
124  8650  2   1  8649
125  8652  2   0  8652
126  8644  3   0  0  8644
127  8632  2   0  8632
128  8444  2   2  8442
129  7149  3   0  0  7149
130  876  2   4  872
131  8646  2   0  8646
132  8652  2   0  8652
133  8646  3   0  0  8646
134  8652  3   0  0  8652
135  8198  2   0  8198
136  7816  2   0  7816
137  8654  2   2  8652
138  7598  3   0  0  7598
139  8608  2   0  8608
140  7267  3   0  0  7267
141  930  3   0  0  930
142  8652  2   0  8652
143  8132  5   1  0  1  0  8130
144  7795  3   0  0  7795
145  986  2   0  986
146  8654  3   0  0  8654
147  8576  2   0  8576
148  8628  4   0  0  0  8628
149  8652  4   0  0  0  8652
150  8654  3   0  0  8654
151  8646  3   0  0  8646
152  8208  2   0  8208
153  8542  2   0  8542
154  8650  2   0  8650
155  8508  2   0  8508
156  8646  3   0  0  8646
157  8654  2   3  8651
158  8638  2   0  8638
159  7574  2   1  7573
160  8650  2   0  8650
161  8654  2   0  8654
162  7652  2   0  7652
163  8324  3   0  4  8320
164  8644  2   0  8644
165  8644  3   0  1  8643
166  8636  3   0  0  8636
167  8650  2   0  8650
168  8618  2   0  8618
169  8654  2   0  8654
170  7444  2   1  7443
171  8648  3   1  0  8647
172  8654  2   116  8538
173  8418  2   0  8418
174  8444  2   0  8444
175  8638  3   0  0  8638
176  8534  2   0  8534
177  8152  2   0  8152
178  6632  3   0  7  6625
179  8454  3   0  0  8454
180  8654  2   0  8654
181  7740  2   0  7740
182  8216  3   0  0  8216
183  8038  3   0  0  8038
184  8644  2   0  8644
185  8643  3   0  0  8643
186  8650  2   0  8650
187  8512  2   0  8512
188  8470  2   2  8468
189  8622  2   0  8622
190  1564  2   0  1564
191  8654  2   0  8654
192  5298  2   1  5297
193  8620  2   0  8620
194  7984  3   0  0  7984
195  8300  2   0  8300
196  8636  2   0  8636
197  8654  3   2  0  8652
198  8654  2   0  8654
199  8142  2   1  8141
200  8650  2   22  8628
201  8648  4   0  0  0  8648
202  8578  3   0  0  8578
203  8618  3   0  0  8618
204  8602  2   0  8602
205  8510  2   0  8510
206  8650  3   0  0  8650
207  1904  2   0  1904
208  8650  2   0  8650
209  8521  4   2  0  1  8518
210  8502  3   0  0  8502
211  8618  2   0  8618
212  8648  2   0  8648
213  6764  2   0  6764
214  8650  2   1  8649
215  8650  4   0  0  0  8650
216  8644  2   3  8641
217  8652  3   0  3  8649
218  8644  2   0  8644
219  8654  3   0  0  8654
220  8650  3   1  0  8649
221  8507  3   0  0  8507
222  8549  3   55  0  8494
223  8488  2   0  8488
224  8612  4   0  0  0  8612
225  8214  2   0  8214
226  8445  3   0  0  8445
227  8646  3   0  0  8646
228  8648  3   0  0  8648
229  6351  2   0  6351
230  8531  3   1  0  8530
231  8636  2   0  8636
232  8624  2   0  8624
233  8650  2   0  8650
234  8508  2   0  8508
235  8610  2   0  8610
236  2400  2   0  2400
237  8648  2   0  8648
238  2566  3   0  0  2566
239  8648  2   0  8648
240  8648  2   0  8648
241  8634  2   3  8631
242  8634  3   0  0  8634
243  8642  2   0  8642
244  8498  2   0  8498
245  8560  3   1  0  8559
246  8496  3   0  0  8496
247  8606  2   0  8606
248  2668  2   0  2668
249  8654  2   0  8654
250  8652  3   0  0  8652
251  8654  2   0  8654
252  8648  2   0  8648
253  8500  2   2  8498
254  8562  2   0  8562
255  8652  3   1  0  8651
256  5659  3   1  0  5658
257  3252  2   0  3252
258  8648  2   0  8648
259  8642  2   2  8640
260  8642  2   0  8642
261  8298  2   0  8298
262  8634  2   2  8632
263  8642  2   0  8642
264  8500  2   0  8500
265  8450  2   0  8450
266  8634  3   0  0  8634
267  8629  4   1  0  0  8628
268  8652  3   0  0  8652
269  8568  2   0  8568
270  8648  2   0  8648
271  8654  2   2  8652
272  8648  3   0  3  8645
273  8646  2   0  8646
274  8634  2   0  8634
275  8644  2   0  8644
276  8634  2   0  8634
277  8560  3   0  0  8560
278  8602  3   0  0  8602
279  8456  2   0  8456
280  8634  3   0  0  8634
281  3334  3   1  0  3333
282  8630  3   0  0  8630
283  8648  2   2  8646
284  8646  3   0  0  8646
285  8648  2   0  8648
286  6631  2   2  6629
287  8654  2   0  8654
288  8644  2   0  8644
289  8604  2   0  8604
290  8570  2   0  8570
291  8634  2   0  8634
292  3616  4   0  0  0  3616
293  8648  4   0  1  0  8647
294  8644  3   1  0  8643
295  8652  2   0  8652
296  8552  2   0  8552
297  8644  2   0  8644
298  8654  3   0  0  8654
299  8476  3   0  0  8476
300  3766  2   0  3766
301  8636  4   0  0  1  8635
302  8054  2   0  8054
303  8648  2   0  8648
304  8648  2   0  8648
305  8648  2   0  8648
306  8557  4   0  0  0  8557
307  8628  2   2  8626
308  8646  2   0  8646
309  8454  3   5  0  8449
310  8498  3   0  0  8498
311  8479  4   0  0  0  8479
312  8574  3   4  0  8570
313  3858  2   0  3858
314  8648  2   0  8648
315  8556  2   0  8556
316  8652  2   0  8652
317  8642  2   0  8642
318  8558  3   0  0  8558
319  8484  3   2  0  8482
320  8632  4   0  0  0  8632
321  8636  2   0  8636
322  8638  2   0  8638
323  8574  2   0  8574
324  8648  3   0  0  8648
325  8576  2   0  8576
326  8646  2   0  8646
327  8648  2   2  8646
328  8642  2   3  8639
329  8654  2   0  8654
330  6554  2   0  6554
331  8618  2   0  8618
332  8644  2   0  8644
333  8504  2   2  8502
334  8592  2   0  8592
335  8654  2   0  8654
336  8616  3   0  0  8616
337  8650  2   0  8650
338  5533  2   0  5533
339  8646  3   2  0  8644
340  8491  3   0  0  8491
341  8636  2   383  8253
342  6356  2   3  6353
343  8584  2   0  8584
344  8636  2   0  8636
345  8626  2   0  8626
346  8634  3   0  0  8634
347  6540  2   0  6540
348  8589  3   0  0  8589
349  8590  2   0  8590
350  8640  4   0  0  1  8639
351  8544  2   0  8544
352  8592  2   0  8592
353  8646  2   1  8645
354  8612  2   0  8612
355  8654  2   1  8653
356  8642  3   0  14  8628
357  8648  2   0  8648
358  8654  2   0  8654
359  8578  3   6  0  8572
360  8648  4   0  0  0  8648
361  8648  5   0  0  0  0  8648
362  8646  2   0  8646
363  8654  3   0  0  8654
364  8638  2   0  8638
365  8542  2   0  8542
366  8642  2   0  8642
367  8578  2   1  8577
368  6462  2   275  6187
369  8540  2   0  8540
370  8648  3   0  0  8648
371  8592  3   0  0  8592
372  8632  2   3  8629
373  8614  2   3231  5383
374  8650  2   7  8643
375  8646  2   0  8646
376  6476  2   0  6476
377  8650  3   0  0  8650
378  8419  3   12  0  8407
379  7004  2   0  7004
380  8632  2   6  8626
381  8644  2   3  8641
382  8646  2   0  8646
383  8646  2   0  8646
384  6474  2   0  6474
385  8650  3   0  0  8650
386  8644  2   0  8644
387  8366  2   1  8365
388  8648  2   0  8648
389  8627  3   0  0  8627
390  8635  3   0  1  8634
391  8648  2   1  8647
392  6464  3   0  0  6464
393  8494  2   2612  5882
394  8562  2   0  8562
395  8654  2   0  8654
396  8654  2   19  8635
397  8646  2   0  8646
398  6468  3   0  0  6468
399  8648  2   0  8648
400  8646  3   0  0  8646
401  8294  2   0  8294
402  8646  2   1  8645
403  8654  2   0  8654
404  1224  2   0  1224
405  6448  2   1  6447
406  8650  3   0  0  8650
407  8640  3   0  0  8640
408  8642  2   0  8642
409  6624  2   0  6624
410  8562  3   0  0  8562
411  8648  2   0  8648
412  8592  2   0  8592
413  8492  2   0  8492
414  6444  3   0  1  6443
415  8648  2   0  8648
416  8496  2   0  8496
417  8518  2   0  8518
418  8648  2   0  8648
419  8592  4   0  0  0  8592
420  8646  2   0  8646
421  8642  3   0  0  8642
422  8542  2   0  8542
423  8618  2   0  8618
424  8654  2   2  8652
425  8640  2   1  8639
426  8640  3   0  0  8640
427  6623  3   2  0  6621
428  6452  2   0  6452
429  8628  2   0  8628
430  8646  3   0  0  8646
431  8648  3   0  0  8648
432  8652  3   2  0  8650
433  8638  4   0  1  0  8637
434  8580  3   0  0  8580
435  8643  3   0  0  8643
436  8652  2   8  8644
437  5110  3   0  1  5109
438  8618  2   0  8618
439  8644  2   0  8644
440  8654  2   0  8654
441  8638  3   0  1  8637
442  6533  2   1  6532
443  6626  3   0  0  6626
444  8594  3   0  0  8594
445  8646  3   0  0  8646
446  8506  2   0  8506
447  8468  2   0  8468
448  8648  3   0  0  8648
449  8646  2   0  8646
450  8550  2   0  8550
451  8654  4   0  0  1  8653
452  8572  2   0  8572
453  8648  2   0  8648
454  8642  4   1  0  0  8641
455  8610  2   2  8608
456  8646  2   1  8645
457  8640  2   0  8640
458  6619  2   4  6615
459  8466  2   0  8466
460  8550  2   0  8550
461  5362  3   0  0  5362
462  8589  3   0  0  8589
463  8646  2   0  8646
464  8550  2   0  8550
465  8638  2   0  8638
466  8634  2   0  8634
467  8630  2   0  8630
468  6623  4   0  3  4  6616
469  8557  3   0  0  8557
470  8644  2   0  8644
471  8652  2   0  8652
472  8646  2   0  8646
473  8652  3   0  0  8652
474  8638  3   0  0  8638
475  8654  3   0  7  8647
476  8648  3   0  0  8648
477  8630  2   5  8625
478  8634  2   0  8634
479  8546  2   0  8546
480  8620  2   0  8620
481  8552  2   0  8552
482  8632  2   0  8632
483  8646  2   0  8646
484  8566  2   0  8566
485  8603  3   0  0  8603
486  8608  2   0  8608
487  8634  2   0  8634
488  8654  2   1  8653
489  8476  3   0  0  8476
490  8608  3   0  0  8608
491  8618  2   1  8617
492  6342  2   0  6342
493  8648  2   0  8648
494  6394  2   0  6394
495  8592  2   8568  24
496  8634  2   0  8634
497  8654  3   0  0  8654
498  6376  3   0  0  6376
499  8652  2   1  8651
500  8448  2   2  8446
501  8642  3   0  0  8642
502  6773  3   0  0  6773
503  8634  2   0  8634
504  8632  2   0  8632
505  8632  2   0  8632
506  8636  2   0  8636
507  6356  2   0  6356
508  5666  3   0  0  5666
509  8632  3   2  0  8630
510  8623  3   0  0  8623
511  8618  2   0  8618
512  8652  3   0  0  8652
513  6352  3   0  2  6350
514  8619  3   1  0  8618
515  8650  2   0  8650
516  5742  2   0  5742
517  8536  3   0  1  8535
518  8594  3   0  0  8594
519  8626  2   0  8626
520  8650  3   0  0  8650
521  8618  3   0  0  8618
522  8646  2   7  8639
523  8650  3   0  0  8650
524  8600  3   0  0  8600
525  8654  2   0  8654
526  8526  2   0  8526
527  8636  2   0  8636
528  8588  5   0  0  0  0  8588
529  8618  3   0  0  8618
530  8510  2   2  8508
531  8652  2   0  8652
532  7645  4   0  1  0  7644
533  8636  2   0  8636
534  8582  2   0  8582
535  6026  3   0  1  6025
536  8632  2   0  8632
537  6288  2   0  6288
538  8588  2   0  8588
539  7042  2   0  7042
540  8618  3   0  0  8618
541  8628  3   0  0  8628
542  8652  2   0  8652
543  8564  2   0  8564
544  8614  2   0  8614
545  8580  4   0  0  0  8580
546  6623  4   1  2  0  6620
547  8632  2   0  8632
548  6266  2   0  6266
549  8560  2   0  8560
550  8568  2   3  8565
551  8618  2   0  8618
552  8654  3   0  13  8641
553  6958  3   0  0  6958
554  8638  2   0  8638
555  6172  2   0  6172
556  6622  3   0  0  6622
557  8652  3   7149  0  1503
558  8612  2   0  8612
559  8598  3   0  0  8598
560  5961  3   0  1  5960
561  8562  2   0  8562
562  8652  2   0  8652
563  5881  2   0  5881
564  8626  2   2  8624
565  8492  2   0  8492
566  8600  4   0  0  0  8600
567  8614  3   0  0  8614
568  8610  4   0  0  12  8598
569  8654  2   0  8654
570  8564  3   0  0  8564

[pop]=4
1  6294  2   0  6294
2  6614  3   0  0  6614
3  6614  2   0  6614
4  6604  2   0  6604
5  6582  2   0  6582
6  6614  2   8  6606
7  6614  2   0  6614
8  6564  2   0  6564
9  2472  2   0  2472
10  6614  2   0  6614
11  6562  2   0  6562
12  6350  2   0  6350
13  6606  3   17  0  6589
14  6614  2   0  6614
15  4507  4   0  0  0  4507
16  6612  2   0  6612
17  6314  2   0  6314
18  6393  6   0  0  0  0  0  6393
19  6592  3   0  0  6592
20  6565  5   0  0  0  0  6565
21  10  2   5  5
22  6614  3   0  0  6614
23  2732  2   0  2732
24  6374  3   0  0  6374
25  3630  2   0  3630
26  6418  3   0  0  6418
27  6568  2   0  6568
28  3010  2   0  3010
29  6614  3   0  0  6614
30  2732  2   0  2732
31  6606  3   0  0  6606
32  6594  3   0  0  6594
33  6542  2   0  6542
34  2  2   0  2
35  74  2   0  74
36  2892  3   0  0  2892
37  6614  3   0  0  6614
38  6608  2   0  6608
39  6614  2   0  6614
40  6570  2   20  6550
41  3682  2   0  3682
42  2988  2   0  2988
43  6504  2   0  6504
44  6610  2   0  6610
45  6614  2   5  6609
46  6614  2   0  6614
47  6570  3   0  0  6570
48  6614  2   0  6614
49  6520  2   0  6520
50  6610  2   0  6610
51  6600  2   0  6600
52  6603  3   0  0  6603
53  2470  3   0  0  2470
54  6614  2   0  6614
55  6550  2   0  6550
56  5439  3   0  0  5439
57  6614  2   0  6614
58  4982  3   0  0  4982
59  6614  2   0  6614
60  3292  2   0  3292
61  6586  2   0  6586
62  3788  3   0  0  3788
63  6614  2   0  6614
64  6614  4   0  0  0  6614
65  6550  2   0  6550
66  5303  3   0  0  5303
67  3760  2   0  3760
68  6614  2   0  6614
69  6612  2   0  6612
70  6614  2   0  6614
71  3782  2   0  3782
72  6614  3   0  0  6614
73  5403  3   0  96  5307
74  6614  2   0  6614
75  48  2   0  48
76  4223  4   0  0  0  4223
77  1128  3   0  0  1128
78  6614  3   0  0  6614
79  5602  2   0  5602
80  6614  3   0  0  6614
81  6610  2   0  6610
82  6603  3   0  0  6603
83  5704  2   0  5704
84  4638  2   0  4638
85  6576  2   0  6576
86  6614  3   0  0  6614
87  6614  2   645  5969
88  6614  2   0  6614
89  6614  2   0  6614
90  6614  2   0  6614
91  5946  2   0  5946
92  6614  2   0  6614
93  6614  2   0  6614
94  6606  2   0  6606
95  6612  3   0  0  6612
96  6610  3   0  0  6610
97  3734  2   0  3734
98  6614  3   0  0  6614
99  6614  2   9  6605
100  6590  2   0  6590
101  44  2   0  44
102  6010  3   0  0  6010
103  6614  2   0  6614
104  6614  2   0  6614
105  6614  3   0  0  6614
106  2199  3   0  0  2199
107  172  2   0  172
108  6614  2   0  6614
109  6014  3   0  0  6014
110  6410  2   0  6410
111  6590  3   0  0  6590
112  6614  2   0  6614
113  6153  4   0  0  0  6153
114  6614  3   0  0  6614
115  6614  2   0  6614
116  6606  2   0  6606
117  6088  2   0  6088
118  6455  3   0  0  6455
119  5263  3   0  0  5263
120  6222  2   0  6222
121  6614  2   0  6614
122  6590  2   0  6590
123  5372  3   0  0  5372
124  6614  2   0  6614
125  6614  2   0  6614
126  6610  3   0  0  6610
127  6608  2   0  6608
128  6548  2   0  6548
129  5473  3   0  0  5473
130  1456  2   0  1456
131  6614  2   0  6614
132  6614  2   0  6614
133  6614  3   0  0  6614
134  6614  3   0  0  6614
135  5214  2   2  5212
136  5748  2   0  5748
137  6614  2   0  6614
138  5703  3   0  0  5703
139  6600  2   0  6600
140  5616  3   0  0  5616
141  1504  3   0  0  1504
142  6614  2   0  6614
143  5127  5   0  0  0  0  5127
144  5821  3   0  0  5821
145  1554  2   0  1554
146  6614  3   0  0  6614
147  6596  2   0  6596
148  6614  4   0  0  0  6614
149  6614  4   0  0  0  6614
150  6614  3   0  0  6614
151  6610  3   0  0  6610
152  6124  2   0  6124
153  6584  2   0  6584
154  6614  2   1  6613
155  6560  2   0  6560
156  6614  3   0  61  6553
157  6614  2   0  6614
158  6612  2   0  6612
159  5104  2   0  5104
160  6614  2   0  6614
161  6614  2   0  6614
162  4536  2   1  4535
163  6272  3   1  0  6271
164  6614  2   0  6614
165  6614  3   0  0  6614
166  6614  3   0  0  6614
167  6614  2   0  6614
168  6596  2   78  6518
169  6614  2   0  6614
170  5576  2   11  5565
171  6614  3   0  0  6614
172  6612  2   0  6612
173  6394  2   0  6394
174  6312  2   0  6312
175  6612  3   0  0  6612
176  6582  2   0  6582
177  6288  2   0  6288
178  4525  3   0  0  4525
179  6456  3   0  0  6456
180  6614  2   0  6614
181  5288  2   12  5276
182  6338  3   0  0  6338
183  5504  3   0  0  5504
184  6614  2   0  6614
185  6613  3   0  0  6613
186  6614  2   0  6614
187  6388  2   0  6388
188  6568  2   0  6568
189  6604  2   0  6604
190  1992  2   0  1992
191  6614  2   0  6614
192  2492  2   0  2492
193  6606  2   0  6606
194  5468  3   0  0  5468
195  6416  2   0  6416
196  6572  2   0  6572
197  6614  3   0  0  6614
198  6614  2   0  6614
199  5600  2   0  5600
200  6614  2   0  6614
201  6614  4   0  0  0  6614
202  6464  3   0  0  6464
203  6606  3   0  0  6606
204  6612  2   0  6612
205  6560  2   0  6560
206  6614  3   0  0  6614
207  2196  2   0  2196
208  6614  2   0  6614
209  6565  4   0  0  0  6565
210  6409  3   0  0  6409
211  6606  2   0  6606
212  6614  2   3  6611
213  5188  2   0  5188
214  6614  2   0  6614
215  6614  4   0  0  0  6614
216  6604  2   0  6604
217  6614  3   0  0  6614
218  6614  2   0  6614
219  6614  3   0  0  6614
220  6614  3   0  0  6614
221  6403  3   0  0  6403
222  6605  3   0  0  6605
223  6606  2   0  6606
224  6608  4   0  0  0  6608
225  5680  2   0  5680
226  6517  3   0  0  6517
227  6614  3   0  0  6614
228  6614  3   0  0  6614
229  4071  2   0  4071
230  6577  3   0  0  6577
231  6612  2   0  6612
232  6544  2   0  6544
233  6614  2   0  6614
234  6416  2   0  6416
235  6606  2   0  6606
236  2456  2   0  2456
237  6610  2   2  6608
238  2526  3   0  0  2526
239  6614  2   0  6614
240  6614  2   0  6614
241  6614  2   0  6614
242  6610  3   0  0  6610
243  6614  2   0  6614
244  6418  2   0  6418
245  6610  3   0  0  6610
246  6607  3   0  0  6607
247  6602  2   0  6602
248  2570  2   0  2570
249  6614  2   0  6614
250  6614  3   0  0  6614
251  6614  2   0  6614
252  6604  2   0  6604
253  6416  2   0  6416
254  6610  2   0  6610
255  6614  3   0  0  6614
256  4527  3   0  0  4527
257  1964  2   0  1964
258  6614  2   0  6614
259  6614  2   0  6614
260  6614  2   0  6614
261  5866  2   0  5866
262  6614  2   0  6614
263  6614  2   0  6614
264  6608  2   0  6608
265  5990  2   0  5990
266  6602  3   0  0  6602
267  6614  4   0  0  0  6614
268  6614  3   0  0  6614
269  6608  2   0  6608
270  6614  2   0  6614
271  6614  2   0  6614
272  6614  3   0  0  6614
273  6610  2   0  6610
274  6614  2   0  6614
275  6614  2   0  6614
276  6610  2   0  6610
277  6608  3   0  0  6608
278  6602  3   1  0  6601
279  6004  2   0  6004
280  6608  3   0  0  6608
281  2876  3   0  0  2876
282  6614  3   0  0  6614
283  6614  2   0  6614
284  6604  3   0  0  6604
285  6614  2   0  6614
286  4526  2   0  4526
287  6614  2   0  6614
288  6576  2   0  6576
289  6602  2   0  6602
290  6598  2   0  6598
291  6608  2   0  6608
292  2976  4   0  0  0  2976
293  6614  4   0  0  0  6614
294  6614  3   0  0  6614
295  6614  2   0  6614
296  6604  2   0  6604
297  6614  2   0  6614
298  6614  3   0  0  6614
299  6082  3   0  0  6082
300  2886  2   0  2886
301  6614  4   0  0  0  6614
302  5564  2   0  5564
303  6614  2   0  6614
304  6614  2   0  6614
305  6612  2   0  6612
306  6604  4   0  0  0  6604
307  6610  2   0  6610
308  6614  2   0  6614
309  6402  3   0  0  6402
310  6608  3   0  0  6608
311  6091  4   0  0  0  6091
312  6596  3   0  10  6586
313  3062  2   0  3062
314  6606  2   0  6606
315  6604  2   0  6604
316  6614  2   0  6614
317  6614  2   0  6614
318  6612  3   0  0  6612
319  6094  3   0  0  6094
320  6608  4   0  0  0  6608
321  6614  2   1  6613
322  6614  2   0  6614
323  6614  2   0  6614
324  6614  3   0  0  6614
325  6596  2   0  6596
326  6614  2   0  6614
327  6572  2   0  6572
328  6564  2   0  6564
329  6614  2   0  6614
330  4144  2   1  4143
331  6610  2   0  6610
332  6564  2   0  6564
333  6604  2   0  6604
334  6610  2   0  6610
335  6612  2   0  6612
336  6268  3   0  0  6268
337  6614  2   0  6614
338  2886  2   0  2886
339  6614  3   0  0  6614
340  6099  3   0  0  6099
341  6614  2   1169  5445
342  4406  2   0  4406
343  6604  2   2  6602
344  6614  2   0  6614
345  6612  2   0  6612
346  6608  3   0  0  6608
347  4508  2   0  4508
348  6606  3   0  0  6606
349  6606  2   0  6606
350  6609  4   0  0  0  6609
351  6568  2   0  6568
352  6608  2   0  6608
353  6614  2   0  6614
354  6614  2   8  6606
355  6614  2   0  6614
356  6612  3   0  727  5885
357  6600  2   0  6600
358  6614  2   0  6614
359  6612  3   0  0  6612
360  6610  4   0  0  7  6603
361  6614  5   0  0  0  0  6614
362  6614  2   0  6614
363  6614  3   0  0  6614
364  6608  2   0  6608
365  6612  2   0  6612
366  6614  2   0  6614
367  6610  2   0  6610
368  6332  2   1226  5106
369  6610  2   0  6610
370  6614  3   0  0  6614
371  6612  3   0  0  6612
372  6614  2   0  6614
373  6612  2   823  5789
374  6614  2   0  6614
375  6614  2   0  6614
376  6334  2   0  6334
377  6609  3   0  0  6609
378  5892  3   0  0  5892
379  4804  2   0  4804
380  6614  2   0  6614
381  6614  2   0  6614
382  6614  2   0  6614
383  6614  2   20  6594
384  6332  2   0  6332
385  6608  3   0  0  6608
386  6614  2   0  6614
387  5824  2   0  5824
388  6614  2   0  6614
389  6611  3   0  0  6611
390  6614  3   0  0  6614
391  6614  2   0  6614
392  6332  3   0  0  6332
393  6600  2   1427  5173
394  6586  2   0  6586
395  6614  2   0  6614
396  6614  2   0  6614
397  6612  2   0  6612
398  6332  3   0  0  6332
399  6606  2   0  6606
400  6614  3   0  0  6614
401  5650  2   0  5650
402  6614  2   1  6613
403  6614  2   0  6614
404  530  2   1  529
405  6330  2   0  6330
406  6546  3   0  0  6546
407  6613  3   0  0  6613
408  6612  2   0  6612
409  4527  2   0  4527
410  6588  3   0  0  6588
411  6614  2   0  6614
412  6612  2   1  6611
413  6602  2   33  6569
414  6330  3   0  0  6330
415  6614  2   0  6614
416  6596  2   0  6596
417  6594  2   0  6594
418  6614  2   0  6614
419  6612  4   0  0  0  6612
420  6598  2   0  6598
421  6614  3   0  0  6614
422  6614  2   0  6614
423  6600  2   0  6600
424  6614  2   0  6614
425  6614  2   0  6614
426  6606  3   0  0  6606
427  4527  3   0  0  4527
428  6328  2   0  6328
429  6574  2   118  6456
430  6614  3   0  0  6614
431  6614  3   0  0  6614
432  6614  3   0  0  6614
433  6610  4   0  0  0  6610
434  6610  3   0  0  6610
435  6614  3   0  0  6614
436  6540  2   0  6540
437  2850  3   0  0  2850
438  6608  2   0  6608
439  6600  2   0  6600
440  6612  2   0  6612
441  6610  3   0  0  6610
442  3945  2   0  3945
443  4528  3   0  0  4528
444  6582  3   0  0  6582
445  6614  3   0  0  6614
446  6600  2   0  6600
447  6580  2   0  6580
448  6614  3   0  1  6613
449  6604  2   0  6604
450  6590  2   0  6590
451  6614  4   0  0  0  6614
452  6612  2   0  6612
453  6614  2   0  6614
454  6614  4   0  1  0  6613
455  6534  2   0  6534
456  6614  2   0  6614
457  6596  2   0  6596
458  4527  2   0  4527
459  6572  2   0  6572
460  6598  2   5  6593
461  3045  3   0  1  3044
462  6612  3   0  0  6612
463  6614  2   1  6613
464  6600  2   0  6600
465  6614  2   0  6614
466  6610  2   0  6610
467  6588  2   0  6588
468  4528  4   0  0  0  4528
469  6606  3   0  0  6606
470  6614  2   0  6614
471  6614  2   0  6614
472  6614  2   0  6614
473  6520  3   0  0  6520
474  6611  3   0  0  6611
475  6614  3   0  0  6614
476  6594  3   0  1  6593
477  6610  2   0  6610
478  6612  2   0  6612
479  6498  2   0  6498
480  6602  2   0  6602
481  6602  2   0  6602
482  6592  2   0  6592
483  6614  2   0  6614
484  6598  2   0  6598
485  6606  3   0  0  6606
486  6608  2   0  6608
487  6612  2   0  6612
488  6614  2   0  6614
489  6381  3   0  0  6381
490  6588  3   0  0  6588
491  6594  2   0  6594
492  3585  2   0  3585
493  6606  2   0  6606
494  6326  2   1  6325
495  6606  2   5427  1179
496  6606  2   1  6605
497  6614  3   0  0  6614
498  6325  3   0  0  6325
499  6496  2   0  6496
500  6510  2   0  6510
501  6614  3   0  0  6614
502  4276  3   0  0  4276
503  6580  2   2  6578
504  6612  2   0  6612
505  6614  2   0  6614
506  6598  2   0  6598
507  6316  2   237  6079
508  3216  3   0  0  3216
509  6606  3   0  0  6606
510  6610  3   0  0  6610
511  6608  2   3  6605
512  6614  3   0  0  6614
513  6310  3   0  0  6310
514  6614  3   0  12  6602
515  6490  2   0  6490
516  3260  2   5  3255
517  6588  3   0  0  6588
518  6598  3   0  0  6598
519  6606  2   0  6606
520  6606  3   0  0  6606
521  6613  3   0  0  6613
522  6614  2   0  6614
523  6486  3   0  0  6486
524  6530  3   0  0  6530
525  6614  2   0  6614
526  6336  2   0  6336
527  6614  2   0  6614
528  6596  5   0  0  0  0  6596
529  6453  3   0  0  6453
530  6288  2   0  6288
531  6614  2   0  6614
532  5598  4   0  0  0  5598
533  6614  2   0  6614
534  6560  2   0  6560
535  3246  3   0  0  3246
536  6600  2   0  6600
537  6294  2   0  6294
538  6604  2   0  6604
539  4450  2   0  4450
540  6599  3   0  0  6599
541  6614  3   0  3  6611
542  6614  2   0  6614
543  6596  2   0  6596
544  6608  2   0  6608
545  6550  4   0  0  0  6550
546  4525  4   0  0  0  4525
547  6600  2   0  6600
548  6286  2   22  6264
549  6600  2   0  6600
550  6594  2   0  6594
551  6590  2   0  6590
552  6614  3   0  0  6614
553  4998  3   0  0  4998
554  6614  2   0  6614
555  3513  2   0  3513
556  4525  3   0  0  4525
557  6612  3   5401  0  1211
558  6612  2   0  6612
559  6604  3   0  0  6604
560  3399  3   0  0  3399
561  6582  2   0  6582
562  6614  2   0  6614
563  3092  2   0  3092
564  6614  2   0  6614
565  6536  2   0  6536
566  6604  4   0  0  0  6604
567  6607  3   0  0  6607
568  6535  4   0  0  0  6535
569  6614  2   0  6614
570  6502  3   0  0  6502

[pop]=5
1  60192  2   7  60185
2  66491  3   0  1  66490
3  66740  2   0  66740
4  65086  2   0  65086
5  65980  2   0  65980
6  66678  2   4  66674
7  66710  2   10  66700
8  63808  2   2  63806
9  31446  2   0  31446
10  66302  2   0  66302
11  66016  2   1  66015
12  64264  2   0  64264
13  65296  3   402  0  64894
14  66678  2   4  66674
15  47812  4   3  4  0  47805
16  66128  2   0  66128
17  63650  2   0  63650
18  60854  6   1  0  5  0  0  60848
19  66476  3   0  1  66475
20  66048  5   0  1  1  48  65998
21  862  2   432  430
22  66476  3   0  26  66450
23  33944  2   2  33942
24  64103  3   0  1  64102
25  46356  2   7  46349
26  61118  3   0  0  61118
27  66100  2   2  66098
28  39988  2   2  39986
29  66494  3   1  0  66493
30  33758  2   2  33756
31  66508  3   0  0  66508
32  65870  3   1  0  65869
33  64966  2   0  64966
34  166  2   2  164
35  8314  2   3  8311
36  35389  3   1  1  35387
37  66392  3   4  0  66388
38  66540  2   1  66539
39  66106  2   5  66101
40  66170  2   12  66158
41  45908  2   0  45908
42  36642  2   3  36639
43  65352  2   0  65352
44  65796  2   23  65773
45  66696  2   55  66641
46  66356  2   0  66356
47  66196  3   10  1  66185
48  66700  2   1  66699
49  65414  2   0  65414
50  65972  2   0  65972
51  66328  2   0  66328
52  66064  3   0  1  66063
53  30887  3   3  28  30856
54  66376  2   0  66376
55  64926  2   0  64926
56  57783  3   0  0  57783
57  66722  2   0  66722
58  56898  3   0  1  56897
59  66740  2   24  66716
60  39128  2   24  39104
61  66248  2   0  66248
62  41552  3   0  0  41552
63  66708  2   0  66708
64  65775  4   2  0  0  65773
65  62114  2   0  62114
66  58809  3   2  8  58799
67  43818  2   26  43792
68  66496  2   2  66494
69  66646  2   0  66646
70  66512  2   15  66497
71  43954  2   7  43947
72  66477  3   1  1  66475
73  59634  3   0  662  58972
74  65688  2   5  65683
75  5624  2   0  5624
76  45236  4   0  1  0  45235
77  8084  3   0  0  8084
78  66661  3   2  1  66658
79  60756  2   0  60756
80  66670  3   1  1  66668
81  66342  2   8  66334
82  66150  3   0  1  66149
83  61292  2   0  61292
84  49094  2   1  49093
85  65620  2   0  65620
86  66677  3   1  0  66676
87  66732  2   5316  61416
88  66526  2   2  66524
89  66680  2   0  66680
90  66734  2   0  66734
91  62958  2   2  62956
92  66712  2   1  66711
93  66676  2   5  66671
94  66172  2   1  66171
95  66429  3   3  1  66425
96  66560  3   0  2  66558
97  41809  2   2  41807
98  66532  3   1  0  66531
99  66556  2   19  66537
100  66274  2   1  66273
101  5508  2   0  5508
102  63319  3   0  0  63319
103  66712  2   0  66712
104  66522  2   0  66522
105  66685  3   5  0  66680
106  32100  3   0  2  32098
107  6240  2   24  6216
108  66676  2   0  66676
109  62808  3   0  0  62808
110  64032  2   1  64031
111  66282  3   1  1  66280
112  65276  2   2  65274
113  64113  4   2  0  0  64111
114  66686  3   1  1  66684
115  66550  2   2  66548
116  66304  2   1  66303
117  63014  2   0  63014
118  64220  3   1  0  64219
119  54082  3   1  10  54071
120  64678  2   0  64678
121  66712  2   0  66712
122  65700  2   6  65694
123  63268  3   0  0  63268
124  66688  2   1  66687
125  66726  2   4  66722
126  66594  3   0  0  66594
127  66296  2   0  66296
128  62196  2   0  62196
129  55442  3   0  0  55442
130  10738  2   0  10738
131  66042  2   1  66041
132  66702  2   0  66702
133  66639  3   1  1  66637
134  66701  3   1  0  66700
135  62668  2   1  62667
136  58244  2   4  58240
137  66738  2   0  66738
138  60044  3   3  0  60041
139  66668  2   2  66666
140  56410  3   1  4  56405
141  11422  3   0  1  11421
142  66706  2   1  66705
143  62448  5   0  1  0  1  62446
144  60828  3   1  0  60827
145  11968  2   2  11966
146  66697  3   2  1  66694
147  65762  2   6  65756
148  66323  4   0  0  4  66319
149  66712  4   3  0  0  66709
150  66732  3   0  1  66731
151  66616  3   1  0  66615
152  60904  2   0  60904
153  64558  2   0  64558
154  66606  2   8  66598
155  64858  2   0  64858
156  66660  3   0  12  66648
157  66732  2   0  66732
158  66318  2   3  66315
159  57204  2   1  57203
160  66710  2   4  66706
161  66714  2   2  66712
162  60030  2   31  59999
163  61853  3   0  0  61853
164  66576  2   0  66576
165  66606  3   1  0  66605
166  66342  3   3  0  66339
167  66608  2   2  66606
168  66226  2   42  66184
169  66740  2   2  66738
170  59384  2   108  59276
171  66672  3   0  0  66672
172  66534  2   7  66527
173  62772  2   6  62766
174  64240  2   0  64240
175  66334  3   0  1  66333
176  65214  2   1  65213
177  61764  2   6  61758
178  47926  3   0  0  47926
179  63117  3   0  0  63117
180  66736  2   0  66736
181  58624  2   2  58622
182  62157  3   1  0  62156
183  59648  3   1  0  59647
184  66580  2   1  66579
185  66556  3   1  0  66555
186  66616  2   4  66612
187  63980  2   3  63977
188  62594  2   0  62594
189  66194  2   0  66194
190  18220  2   0  18220
191  66736  2   3  66733
192  34954  2   1  34953
193  66192  2   5  66187
194  60165  3   10  3  60152
195  62790  2   0  62790
196  66260  2   0  66260
197  66738  3   7  1  66730
198  66606  2   2  66604
199  60042  2   1  60041
200  66720  2   0  66720
201  66667  4   0  0  0  66667
202  65546  3   0  0  65546
203  66176  3   0  0  66176
204  64938  2   3  64935
205  63954  2   2  63952
206  66606  3   0  0  66606
207  21488  2   0  21488
208  66722  2   1  66721
209  64029  4   0  1  0  64028
210  63768  3   1  0  63767
211  66140  2   4  66136
212  64944  2   0  64944
213  55420  2   0  55420
214  66722  2   1  66721
215  66679  4   1  1  2  66675
216  66708  2   9  66699
217  66716  3   1  0  66715
218  66580  2   4  66576
219  66736  3   0  1  66735
220  66602  3   0  0  66602
221  63757  3   0  5  63752
222  65386  3   0  1  65385
223  62904  2   1  62903
224  66684  4   0  3  1  66680
225  61780  2   0  61780
226  63827  3   0  0  63827
227  66462  3   1  0  66461
228  66690  3   2  0  66688
229  44852  2   3  44849
230  64250  3   0  0  64250
231  66368  2   0  66368
232  66090  2   0  66090
233  66594  2   2  66592
234  63674  2   1  63673
235  66682  2   2  66680
236  25284  2   2  25282
237  66666  2   18  66648
238  26480  3   1  1  26478
239  66678  2   0  66678
240  66666  2   2  66664
241  66284  2   0  66284
242  66320  3   1  1  66318
243  66488  2   0  66488
244  63542  2   0  63542
245  65428  3   0  1  65427
246  63008  3   0  1  63007
247  66676  2   2  66674
248  27262  2   0  27262
249  66710  2   0  66710
250  66300  3   1  0  66299
251  66708  2   0  66708
252  66664  2   3  66661
253  63474  2   0  63474
254  65424  2   8  65416
255  66092  3   0  1  66091
256  48456  3   0  1  48455
257  35104  2   0  35104
258  66646  2   15  66631
259  66502  2   0  66502
260  66190  2   2  66188
261  60240  2   3  60237
262  66248  2   0  66248
263  66178  2   2  66176
264  63034  2   2  63032
265  63708  2   0  63708
266  66426  3   1  1  66424
267  65971  4   2  1  1  65967
268  66088  3   0  0  66088
269  65930  2   2  65928
270  66712  2   0  66712
271  66702  2   0  66702
272  66669  3   1  0  66668
273  66650  2   0  66650
274  66224  2   6  66218
275  66562  2   0  66562
276  66180  2   1  66179
277  65458  3   0  1  65457
278  65796  3   1  1  65794
279  63814  2   1  63813
280  66426  3   0  0  66426
281  32110  3   0  2  32108
282  66029  3   3  10  66016
283  65768  2   0  65768
284  66650  3   1  0  66649
285  66636  2   0  66636
286  47914  2   0  47914
287  66734  2   2  66732
288  66310  2   2  66308
289  65744  2   1  65743
290  64734  2   99  64635
291  66424  2   0  66424
292  33980  4   0  0  0  33980
293  66712  4   1  0  0  66711
294  65764  3   1  1  65762
295  66646  2   0  66646
296  64700  2   8  64692
297  66544  2   2  66542
298  66734  3   1  1  66732
299  64106  3   0  2  64104
300  34932  2   5  34927
301  66159  4   1  1  2  66155
302  57928  2   7  57921
303  66704  2   0  66704
304  66664  2   3  66661
305  66658  2   1  66657
306  64727  4   1  1  0  64725
307  66012  2   0  66012
308  66564  2   3  66561
309  62126  3   1  2  62123
310  63076  3   1  1  63074
311  64165  4   0  1  1  64163
312  64776  3   0  280  64496
313  35712  2   0  35712
314  66684  2   3  66681
315  64750  2   2  64748
316  66730  2   2  66728
317  66508  2   6  66502
318  65475  3   0  0  65475
319  64238  3   0  2  64236
320  66444  4   2  0  1  66441
321  66342  2   1  66341
322  65068  2   5  65063
323  65928  2   0  65928
324  66649  3   0  0  66649
325  64884  2   0  64884
326  66534  2   12  66522
327  66582  2   0  66582
328  66530  2   0  66530
329  66646  2   0  66646
330  46375  2   0  46375
331  65590  2   2  65588
332  66552  2   0  66552
333  63248  2   0  63248
334  64638  2   3  64635
335  66712  2   0  66712
336  65964  3   1  0  65963
337  66620  2   1  66619
338  35706  2   13  35693
339  66560  3   0  1  66559
340  64324  3   0  0  64324
341  64366  2   13684  50682
342  50326  2   0  50326
343  65014  2   0  65014
344  66234  2   6  66228
345  64660  2   0  64660
346  66438  3   0  1  66437
347  51304  2   1  51303
348  64616  3   1  0  64615
349  66124  2   5  66119
350  66614  4   1  1  0  66612
351  66362  2   2  66360
352  64892  2   38  64854
353  66566  2   0  66566
354  64918  2   17  64901
355  66690  2   1  66689
356  66674  3   0  7457  59217
357  66506  2   4  66502
358  66730  2   1  66729
359  65271  3   0  1  65270
360  66496  4   0  3  7  66486
361  64542  5   0  0  1  5  64536
362  66590  2   0  66590
363  66692  3   0  1  66691
364  66536  2   0  66536
365  65386  2   1  65385
366  66608  2   0  66608
367  65292  2   0  65292
368  61478  2   10067  51411
369  65378  2   2  65376
370  64636  3   0  1  64635
371  65335  3   0  0  65335
372  65128  2   3  65125
373  66494  2   6924  59570
374  66620  2   0  66620
375  66698  2   4  66694
376  61510  2   0  61510
377  66480  3   1  0  66479
378  63512  3   0  0  63512
379  53936  2   6  53930
380  65156  2   0  65156
381  66632  2   0  66632
382  66564  2   62  66502
383  66698  2   269  66429
384  61536  2   0  61536
385  66470  3   0  1  66469
386  66550  2   53  66497
387  63074  2   0  63074
388  64724  2   3  64721
389  66361  3   4  1  66356
390  65200  3   1  0  65199
391  66508  2   0  66508
392  61538  3   0  0  61538
393  63632  2   13102  50530
394  66468  2   5  66463
395  66720  2   0  66720
396  66728  2   2  66726
397  66434  2   3  66431
398  61544  3   4  6  61534
399  66442  2   2  66440
400  66542  3   1  1  66540
401  62230  2   2  62228
402  64758  2   65  64693
403  66732  2   8  66724
404  11528  2   17  11511
405  61546  2   0  61546
406  66598  3   0  0  66598
407  65286  3   0  13  65273
408  66684  2   5  66679
409  47913  2   4  47909
410  66500  3   0  0  66500
411  64782  2   2  64780
412  65304  2   3  65301
413  63398  2   742  62656
414  61560  3   1  0  61559
415  65990  2   0  65990
416  63242  2   0  63242
417  66302  2   0  66302
418  64780  2   1  64779
419  65258  4   0  1  0  65257
420  66462  2   2  66460
421  65312  3   0  4  65308
422  63778  2   0  63778
423  65768  2   2  65766
424  66660  2   0  66660
425  66100  2   22  66078
426  66352  3   2  0  66350
427  47915  3   0  4  47911
428  61566  2   0  61566
429  66174  2   66  66108
430  66513  3   1  0  66512
431  64779  3   0  0  64779
432  66654  3   0  0  66654
433  66680  4   1  0  0  66679
434  65332  3   19  0  65313
435  65880  3   1  1  65878
436  66594  2   0  66594
437  38791  3   0  0  38791
438  66234  2   3  66231
439  66442  2   2  66440
440  66710  2   21  66689
441  66676  3   1  0  66675
442  45735  2   2  45733
443  47919  3   1  0  47918
444  66408  3   0  1  66407
445  66486  3   0  0  66486
446  64944  2   0  64944
447  62994  2   0  62994
448  64629  3   3  6  64620
449  66580  2   0  66580
450  65938  2   3  65935
451  66725  4   0  1  0  66724
452  65288  2   2  65286
453  66408  2   1  66407
454  66597  4   0  0  1  66596
455  65082  2   0  65082
456  66550  2   180  66370
457  66162  2   0  66162
458  47918  2   7  47911
459  62934  2   0  62934
460  66458  2   4  66454
461  40730  3   0  1  40729
462  65171  3   0  2  65169
463  66374  2   122  66252
464  66468  2   0  66468
465  65640  2   3  65637
466  66310  2   0  66310
467  66068  2   0  66068
468  47913  4   0  0  0  47913
469  65172  3   0  11  65161
470  66340  2   2  66338
471  66740  2   5  66735
472  66450  2   3  66447
473  66566  3   0  10  66556
474  66574  3   2  0  66572
475  66723  3   1  1  66721
476  66509  3   1  0  66508
477  66216  2   0  66216
478  66416  2   10  66406
479  64864  2   2  64862
480  65662  2   1  65661
481  65038  2   1  65037
482  66566  2   1  66565
483  66412  2   2  66410
484  66586  2   0  66586
485  65860  3   1  0  65859
486  66068  2   0  66068
487  66408  2   0  66408
488  66710  2   2  66708
489  64285  3   1  0  64284
490  65482  3   1  0  65481
491  66558  2   3  66555
492  43443  2   4  43439
493  66652  2   2  66650
494  61258  2   17  61241
495  65382  2   48662  16720
496  66518  2   2  66516
497  66730  3   1  0  66729
498  61171  3   1  3  61167
499  66534  2   1  66533
500  62650  2   0  62650
501  64269  3   1  0  64268
502  49422  3   0  0  49422
503  66322  2   0  66322
504  66358  2   0  66358
505  65730  2   0  65730
506  66604  2   16  66588
507  61048  2   1782  59266
508  42458  3   0  0  42458
509  66490  3   0  0  66490
510  66026  3   1  2  66023
511  65954  2   18  65936
512  66694  3   1  3  66690
513  60992  3   1  0  60991
514  65255  3   0  296  64959
515  66534  2   2  66532
516  43086  2   423  42663
517  64529  3   0  2  64527
518  65670  3   1  0  65669
519  66434  2   5  66429
520  66687  3   0  2  66685
521  65179  3   1  1  65177
522  66312  2   0  66312
523  66529  3   0  0  66529
524  65985  3   1  0  65984
525  66730  2   0  66730
526  63632  2   2  63630
527  66098  2   0  66098
528  65498  5   0  0  2  8  65488
529  66238  3   1  3  66234
530  63296  2   0  63296
531  66670  2   3  66667
532  58009  4   20  0  0  57989
533  66080  2   2  66078
534  66266  2   12  66254
535  40456  3   1  1  40454
536  66594  2   0  66594
537  60594  2   2  60592
538  66540  2   5  66535
539  51456  2   0  51456
540  66184  3   0  3  66181
541  64784  3   2  0  64782
542  66372  2   4  66368
543  65730  2   0  65730
544  66088  2   0  66088
545  66234  4   2  1  0  66231
546  47885  4   0  3  1  47881
547  66598  2   2  66596
548  60482  2   758  59724
549  66600  2   1  66599
550  65264  2   0  65264
551  66188  2   5  66183
552  66734  3   0  5  66729
553  53082  3   1  16  53065
554  66076  2   8  66068
555  42888  2   0  42888
556  47882  3   5  0  47877
557  66718  3   53436  6  13276
558  66104  2   2  66102
559  66542  3   1  2  66539
560  44550  3   0  0  44550
561  65168  2   2  65166
562  66404  2   0  66404
563  39161  2   1  39160
564  65410  2   0  65410
565  64172  2   28  64144
566  66544  4   0  2  3  66539
567  63930  3   0  1  63929
568  65847  4   0  5  3  65839
569  66736  2   7  66729
570  65990  3   0  1  65989

[pop]=6
1  802  2   0  802
2  906  3   0  0  906
3  906  2   0  906
4  838  2   0  838
5  904  2   0  904
6  908  2   0  908
7  906  2   0  906
8  876  2   0  876
9  470  2   0  470
10  900  2   0  900
11  892  2   0  892
12  858  2   0  858
13  852  3   4  0  848
14  908  2   0  908
15  630  4   0  0  0  630
16  896  2   0  896
17  864  2   0  864
18  819  6   0  0  0  0  0  819
19  906  3   0  0  906
20  892  5   0  0  0  1  891
21  12  2   6  6
22  906  3   0  0  906
23  490  2   0  490
24  873  3   0  0  873
25  618  2   0  618
26  820  3   0  0  820
27  894  2   0  894
28  582  2   0  582
29  906  3   0  0  906
30  470  2   0  470
31  899  3   0  0  899
32  898  3   0  0  898
33  888  2   0  888
34  4  2   0  4
35  188  2   0  188
36  483  3   0  0  483
37  904  3   0  0  904
38  900  2   0  900
39  894  2   2  892
40  898  2   0  898
41  640  2   0  640
42  504  2   0  504
43  880  2   0  880
44  872  2   0  872
45  906  2   3  903
46  902  2   0  902
47  898  3   0  0  898
48  908  2   0  908
49  882  2   0  882
50  880  2   0  880
51  908  2   0  908
52  900  3   0  0  900
53  444  3   0  1  443
54  896  2   0  896
55  890  2   0  890
56  769  3   0  0  769
57  908  2   0  908
58  744  3   0  0  744
59  908  2   0  908
60  540  2   0  540
61  898  2   0  898
62  612  3   0  0  612
63  908  2   0  908
64  889  4   0  0  0  889
65  842  2   0  842
66  782  3   0  0  782
67  590  2   0  590
68  904  2   0  904
69  904  2   0  904
70  902  2   0  902
71  614  2   0  614
72  902  3   0  0  902
73  781  3   0  6  775
74  888  2   0  888
75  74  2   0  74
76  645  4   0  0  0  645
77  194  3   0  0  194
78  904  3   0  0  904
79  794  2   0  794
80  904  3   0  0  904
81  890  2   0  890
82  896  3   0  0  896
83  804  2   0  804
84  688  2   0  688
85  886  2   0  886
86  904  3   0  0  904
87  908  2   90  818
88  902  2   0  902
89  908  2   0  908
90  906  2   0  906
91  826  2   0  826
92  908  2   0  908
93  904  2   0  904
94  894  2   0  894
95  892  3   0  0  892
96  908  3   0  0  908
97  543  2   0  543
98  902  3   0  0  902
99  904  2   2  902
100  900  2   0  900
101  66  2   0  66
102  833  3   0  0  833
103  908  2   0  908
104  906  2   0  906
105  904  3   0  0  904
106  396  3   0  0  396
107  166  2   0  166
108  908  2   0  908
109  828  3   0  0  828
110  862  2   0  862
111  900  3   0  0  900
112  900  2   0  900
113  849  4   0  0  0  849
114  908  3   0  0  908
115  902  2   0  902
116  900  2   0  900
117  832  2   0  832
118  863  3   0  0  863
119  745  3   0  1  744
120  862  2   0  862
121  908  2   0  908
122  892  2   0  892
123  814  3   0  0  814
124  908  2   0  908
125  908  2   0  908
126  908  3   0  0  908
127  900  2   0  900
128  836  2   0  836
129  761  3   0  0  761
130  236  2   0  236
131  888  2   0  888
132  906  2   0  906
133  904  3   0  0  904
134  906  3   0  0  906
135  804  2   0  804
136  784  2   0  784
137  908  2   0  908
138  796  3   0  0  796
139  906  2   0  906
140  770  3   0  0  770
141  242  3   0  0  242
142  906  2   0  906
143  796  5   0  0  0  0  796
144  815  3   0  0  815
145  254  2   0  254
146  908  3   0  0  908
147  894  2   0  894
148  896  4   0  0  4  892
149  906  4   0  0  0  906
150  908  3   0  0  908
151  906  3   0  0  906
152  828  2   0  828
153  888  2   0  888
154  906  2   0  906
155  880  2   0  880
156  904  3   0  3  901
157  908  2   0  908
158  900  2   0  900
159  756  2   0  756
160  906  2   0  906
161  906  2   1  905
162  752  2   1  751
163  841  3   0  0  841
164  904  2   0  904
165  908  3   0  0  908
166  900  3   0  0  900
167  904  2   0  904
168  900  2   2  898
169  908  2   0  908
170  790  2   1  789
171  904  3   0  0  904
172  898  2   0  898
173  854  2   0  854
174  864  2   0  864
175  902  3   0  0  902
176  886  2   0  886
177  834  2   0  834
178  632  3   0  0  632
179  860  3   0  0  860
180  908  2   2  906
181  776  2   1  775
182  836  3   0  0  836
183  780  3   0  0  780
184  904  2   0  904
185  908  3   0  0  908
186  904  2   0  904
187  850  2   0  850
188  856  2   0  856
189  900  2   0  900
190  322  2   0  322
191  908  2   0  908
192  445  2   0  445
193  900  2   0  900
194  791  3   0  0  791
195  842  2   1  841
196  898  2   0  898
197  908  3   0  0  908
198  904  2   0  904
199  784  2   0  784
200  906  2   0  906
201  906  4   0  0  0  906
202  886  3   0  0  886
203  900  3   0  0  900
204  848  2   0  848
205  878  2   0  878
206  904  3   0  0  904
207  362  2   0  362
208  906  2   0  906
209  879  4   0  0  0  879
210  850  3   0  0  850
211  900  2   0  900
212  898  2   0  898
213  738  2   0  738
214  906  2   0  906
215  904  4   0  0  0  904
216  906  2   1  905
217  908  3   0  0  908
218  904  2   0  904
219  908  3   0  0  908
220  904  3   0  0  904
221  848  3   0  0  848
222  887  3   0  0  887
223  864  2   1  863
224  908  4   0  0  0  908
225  816  2   0  816
226  855  3   0  0  855
227  904  3   0  0  904
228  908  3   0  0  908
229  581  2   0  581
230  880  3   0  0  880
231  902  2   1  901
232  890  2   0  890
233  904  2   0  904
234  846  2   0  846
235  908  2   0  908
236  404  2   0  404
237  906  2   0  906
238  420  3   0  0  420
239  908  2   0  908
240  906  2   0  906
241  904  2   0  904
242  902  3   0  0  902
243  906  2   0  906
244  838  2   0  838
245  890  3   0  0  890
246  864  3   0  0  864
247  908  2   0  908
248  426  2   0  426
249  906  2   0  906
250  896  3   0  0  896
251  906  2   0  906
252  906  2   0  906
253  830  2   0  830
254  890  2   0  890
255  888  3   0  0  888
256  665  3   0  0  665
257  440  2   0  440
258  906  2   0  906
259  906  2   0  906
260  902  2   0  902
261  752  2   0  752
262  904  2   0  904
263  902  2   0  902
264  866  2   0  866
265  842  2   0  842
266  904  3   0  0  904
267  904  4   0  0  0  904
268  886  3   0  0  886
269  892  2   0  892
270  906  2   0  906
271  906  2   0  906
272  908  3   0  0  908
273  906  2   0  906
274  904  2   0  904
275  902  2   0  902
276  902  2   0  902
277  888  3   0  0  888
278  898  3   0  0  898
279  838  2   0  838
280  904  3   0  0  904
281  500  3   0  0  500
282  905  3   0  0  905
283  876  2   0  876
284  906  3   0  0  906
285  904  2   0  904
286  631  2   0  631
287  908  2   0  908
288  896  2   0  896
289  900  2   0  900
290  876  2   0  876
291  904  2   0  904
292  536  4   0  0  0  536
293  906  4   0  0  0  906
294  876  3   0  0  876
295  904  2   0  904
296  886  2   0  886
297  902  2   0  902
298  908  3   0  0  908
299  845  3   0  0  845
300  540  2   0  540
301  905  4   0  0  0  905
302  720  2   0  720
303  904  2   0  904
304  904  2   0  904
305  906  2   0  906
306  886  4   0  0  0  886
307  894  2   0  894
308  904  2   0  904
309  792  3   1  0  791
310  868  3   1  0  867
311  845  4   0  0  0  845
312  877  3   0  3  874
313  556  2   0  556
314  906  2   0  906
315  888  2   0  888
316  908  2   0  908
317  906  2   0  906
318  892  3   0  0  892
319  846  3   0  0  846
320  903  4   0  0  0  903
321  906  2   0  906
322  842  2   0  842
323  894  2   0  894
324  908  3   0  0  908
325  882  2   0  882
326  904  2   0  904
327  898  2   0  898
328  900  2   0  900
329  904  2   1  903
330  591  2   0  591
331  878  2   0  878
332  900  2   0  900
333  868  2   0  868
334  814  2   2  812
335  906  2   0  906
336  876  3   0  0  876
337  908  2   0  908
338  404  2   0  404
339  906  3   0  0  906
340  840  3   0  0  840
341  898  2   199  699
342  680  2   0  680
343  886  2   2  884
344  902  2   0  902
345  854  2   0  854
346  904  3   0  0  904
347  682  2   0  682
348  821  3   0  0  821
349  894  2   0  894
350  905  4   0  0  0  905
351  902  2   0  902
352  856  2   0  856
353  906  2   0  906
354  834  2   0  834
355  906  2   0  906
356  908  3   0  83  825
357  902  2   0  902
358  904  2   0  904
359  896  3   0  0  896
360  900  4   0  0  0  900
361  900  5   0  0  0  0  900
362  904  2   1  903
363  906  3   0  0  906
364  906  2   0  906
365  892  2   0  892
366  906  2   0  906
367  898  2   0  898
368  840  2   88  752
369  890  2   0  890
370  900  3   0  0  900
371  887  3   0  0  887
372  838  2   0  838
373  908  2   116  792
374  904  2   0  904
375  908  2   1  907
376  838  2   0  838
377  900  3   0  0  900
378  817  3   0  0  817
379  720  2   0  720
380  838  2   0  838
381  902  2   0  902
382  904  2   0  904
383  908  2   3  905
384  840  2   0  840
385  900  3   0  0  900
386  906  2   10  896
387  808  2   0  808
388  900  2   2  898
389  904  3   0  0  904
390  840  3   0  0  840
391  902  2   0  902
392  840  3   0  0  840
393  874  2   167  707
394  902  2   0  902
395  906  2   0  906
396  902  2   1  901
397  908  2   0  908
398  840  3   0  0  840
399  900  2   0  900
400  906  3   0  0  906
401  790  2   0  790
402  902  2   0  902
403  902  2   0  902
404  236  2   0  236
405  840  2   0  840
406  902  3   0  0  902
407  847  3   0  3  844
408  908  2   0  908
409  632  2   0  632
410  902  3   0  0  902
411  902  2   0  902
412  886  2   0  886
413  816  2   7  809
414  840  3   0  0  840
415  900  2   0  900
416  872  2   0  872
417  906  2   0  906
418  902  2   0  902
419  886  4   0  0  0  886
420  902  2   0  902
421  852  3   0  0  852
422  792  2   0  792
423  878  2   0  878
424  906  2   0  906
425  898  2   0  898
426  908  3   0  0  908
427  632  3   0  0  632
428  840  2   1  839
429  898  2   5  893
430  906  3   0  0  906
431  900  3   0  0  900
432  906  3   0  0  906
433  908  4   0  0  0  908
434  894  3   0  0  894
435  902  3   0  0  902
436  902  2   0  902
437  492  3   0  0  492
438  900  2   2  898
439  902  2   0  902
440  904  2   0  904
441  908  3   0  0  908
442  579  2   0  579
443  632  3   0  0  632
444  903  3   0  0  903
445  906  3   0  0  906
446  890  2   0  890
447  862  2   0  862
448  898  3   0  1  897
449  900  2   0  900
450  898  2   0  898
451  902  4   0  0  0  902
452  892  2   4  888
453  902  2   0  902
454  906  4   0  0  0  906
455  866  2   0  866
456  906  2   3  903
457  902  2   0  902
458  632  2   0  632
459  862  2   0  862
460  906  2   0  906
461  519  3   0  0  519
462  884  3   0  0  884
463  902  2   0  902
464  906  2   0  906
465  864  2   0  864
466  902  2   0  902
467  900  2   0  900
468  632  4   0  0  0  632
469  890  3   0  0  890
470  902  2   0  902
471  908  2   0  908
472  906  2   0  906
473  898  3   0  1  897
474  908  3   0  0  908
475  906  3   0  0  906
476  899  3   0  0  899
477  900  2   0  900
478  906  2   2  904
479  874  2   0  874
480  892  2   0  892
481  890  2   0  890
482  908  2   0  908
483  906  2   0  906
484  904  2   0  904
485  902  3   0  0  902
486  900  2   0  900
487  906  2   0  906
488  902  2   0  902
489  874  3   0  0  874
490  892  3   0  0  892
491  906  2   0  906
492  549  2   0  549
493  908  2   0  908
494  834  2   5  829
495  894  2   689  205
496  908  2   0  908
497  906  3   0  0  906
498  831  3   0  0  831
499  896  2   0  896
500  852  2   0  852
501  896  3   0  0  896
502  667  3   0  0  667
503  892  2   0  892
504  906  2   0  906
505  900  2   0  900
506  908  2   0  908
507  830  2   13  817
508  560  3   0  0  560
509  908  3   0  0  908
510  900  3   0  0  900
511  900  2   0  900
512  902  3   0  0  902
513  830  3   0  0  830
514  894  3   0  3  891
515  896  2   0  896
516  574  2   4  570
517  874  3   0  0  874
518  898  3   0  0  898
519  908  2   0  908
520  908  3   0  0  908
521  894  3   0  0  894
522  904  2   0  904
523  896  3   0  0  896
524  891  3   0  0  891
525  908  2   0  908
526  820  2   0  820
527  900  2   0  900
528  897  5   1  0  0  0  896
529  904  3   0  0  904
530  818  2   0  818
531  902  2   0  902
532  794  4   0  0  0  794
533  900  2   0  900
534  904  2   1  903
535  522  3   0  0  522
536  908  2   0  908
537  822  2   0  822
538  902  2   0  902
539  690  2   0  690
540  907  3   0  0  907
541  832  3   0  0  832
542  892  2   0  892
543  898  2   0  898
544  906  2   0  906
545  904  4   0  0  0  904
546  632  4   0  0  0  632
547  908  2   0  908
548  820  2   7  813
549  906  2   0  906
550  894  2   0  894
551  906  2   0  906
552  908  3   0  0  908
553  716  3   0  0  716
554  900  2   0  900
555  525  2   0  525
556  632  3   0  0  632
557  908  3   717  0  191
558  900  2   0  900
559  904  3   0  0  904
560  583  3   0  0  583
561  892  2   0  892
562  892  2   0  892
563  506  2   0  506
564  894  2   0  894
565  878  2   1  877
566  904  4   0  0  0  904
567  892  3   0  0  892
568  902  4   0  0  0  902
569  908  2   0  908
570  900  3   0  0  900

[pop]=7
1  14042  2   0  14042
2  16249  3   0  1  16248
3  16512  2   2  16510
4  12192  2   32  12160
5  16510  2   0  16510
6  16476  2   0  16476
7  16510  2   0  16510
8  16364  2   0  16364
9  10810  2   2  10808
10  16392  2   3  16389
11  16484  2   2  16482
12  16264  2   0  16264
13  12770  3   86  1  12683
14  16512  2   0  16512
15  10072  4   0  0  0  10072
16  16512  2   2  16510
17  16264  2   3  16261
18  14612  6   1  1  0  3  0  14607
19  16510  3   1  0  16509
20  16492  5   3  0  0  3  16486
21  192  2   97  95
22  16512  3   0  1  16511
23  11090  2   0  11090
24  16313  3   1  1  16311
25  13632  2   0  13632
26  14850  3   1  0  14849
27  16502  2   0  16502
28  12084  2   0  12084
29  16214  3   0  1  16213
30  10466  2   0  10466
31  16372  3   2  0  16370
32  16510  3   1  0  16509
33  16442  2   0  16442
34  16  2   0  16
35  7912  2   0  7912
36  10730  3   0  0  10730
37  16288  3   0  0  16288
38  16420  2   9  16411
39  16372  2   61  16311
40  16504  2   0  16504
41  13062  2   26  13036
42  10906  2   0  10906
43  16496  2   2  16494
44  14078  2   2  14076
45  16510  2   200  16310
46  16508  2   0  16508
47  16506  3   0  0  16506
48  16486  2   0  16486
49  16496  2   2  16494
50  14554  2   0  14554
51  16510  2   0  16510
52  16512  3   1  0  16511
53  11765  3   0  136  11629
54  16512  2   3  16509
55  16446  2   123  16323
56  13373  3   0  0  13373
57  16506  2   0  16506
58  15122  3   0  0  15122
59  16512  2   0  16512
60  13190  2   0  13190
61  16508  2   0  16508
62  13750  3   0  0  13750
63  16512  2   0  16512
64  16260  4   0  1  1  16258
65  15772  2   0  15772
66  15291  3   0  0  15291
67  11938  2   0  11938
68  16416  2   0  16416
69  16506  2   0  16506
70  16512  2   0  16512
71  13864  2   2  13862
72  16512  3   0  0  16512
73  15550  3   0  28  15522
74  16182  2   0  16182
75  408  2   0  408
76  14354  4   0  0  0  14354
77  8024  3   0  0  8024
78  16510  3   0  0  16510
79  15682  2   0  15682
80  16510  3   0  0  16510
81  15554  2   0  15554
82  16503  3   0  0  16503
83  15800  2   21  15779
84  14880  2   0  14880
85  16480  2   0  16480
86  16510  3   0  0  16510
87  16512  2   1211  15301
88  16512  2   0  16512
89  16490  2   0  16490
90  16510  2   0  16510
91  15966  2   0  15966
92  16498  2   1  16497
93  16510  2   0  16510
94  16508  2   1  16507
95  15823  3   1  0  15822
96  16512  3   1  0  16511
97  8617  2   0  8617
98  16512  3   0  1  16511
99  16510  2   25  16485
100  16508  2   2  16506
101  408  2   0  408
102  16009  3   0  0  16009
103  16498  2   2  16496
104  16186  2   0  16186
105  16511  3   1  0  16510
106  6902  3   0  0  6902
107  7618  2   0  7618
108  16492  2   0  16492
109  16170  3   0  0  16170
110  16374  2   0  16374
111  16508  3   0  0  16508
112  16512  2   0  16512
113  16140  4   0  0  0  16140
114  16512  3   0  3  16509
115  16512  2   2  16510
116  16508  2   0  16508
117  16228  2   0  16228
118  16392  3   0  2  16390
119  15529  3   0  0  15529
120  16236  2   0  16236
121  16494  2   2  16492
122  16496  2   1  16495
123  15681  3   0  0  15681
124  16512  2   0  16512
125  16512  2   0  16512
126  16512  3   1  1  16510
127  16508  2   4  16504
128  15996  2   0  15996
129  15700  3   1  0  15699
130  8188  2   2  8186
131  14992  2   4  14988
132  16512  2   0  16512
133  16512  3   0  0  16512
134  16512  3   0  0  16512
135  15522  2   0  15522
136  15944  2   0  15944
137  16510  2   0  16510
138  15233  3   0  1  15232
139  16508  2   0  16508
140  15799  3   0  0  15799
141  8234  3   1  0  8233
142  16512  2   0  16512
143  15440  5   0  0  0  0  15440
144  15377  3   0  1  15376
145  8264  2   0  8264
146  16487  3   0  0  16487
147  16502  2   0  16502
148  16507  4   0  1  996  15510
149  16512  4   0  0  1  16511
150  16512  3   0  0  16512
151  16512  3   0  0  16512
152  16246  2   0  16246
153  16500  2   0  16500
154  16512  2   0  16512
155  16432  2   0  16432
156  16512  3   1  0  16511
157  16512  2   0  16512
158  16512  2   0  16512
159  13418  2   0  13418
160  16512  2   0  16512
161  16512  2   0  16512
162  14772  2   1  14771
163  16341  3   0  0  16341
164  16512  2   0  16512
165  16498  3   0  0  16498
166  16506  3   0  1  16505
167  16512  2   0  16512
168  16508  2   0  16508
169  16512  2   0  16512
170  13662  2   5  13657
171  16512  3   0  1  16511
172  16022  2   5  16017
173  16424  2   0  16424
174  16076  2   0  16076
175  16512  3   1  0  16511
176  16468  2   0  16468
177  16332  2   0  16332
178  10109  3   0  0  10109
179  16453  3   1  0  16452
180  16510  2   0  16510
181  15060  2   0  15060
182  16359  3   0  0  16359
183  13244  3   0  0  13244
184  16512  2   0  16512
185  16500  3   0  1  16499
186  16512  2   0  16512
187  16162  2   0  16162
188  16246  2   0  16246
189  16508  2   0  16508
190  8804  2   22  8782
191  16512  2   0  16512
192  7132  2   0  7132
193  16508  2   1  16507
194  15243  3   0  0  15243
195  16392  2   5  16387
196  16500  2   0  16500
197  16512  3   0  0  16512
198  16334  2   1  16333
199  12896  2   0  12896
200  16512  2   0  16512
201  16512  4   0  1  0  16511
202  16308  3   1  0  16307
203  16509  3   0  0  16509
204  12200  2   0  12200
205  16484  2   0  16484
206  16512  3   0  0  16512
207  9160  2   1  9159
208  16512  2   0  16512
209  16485  4   0  0  0  16485
210  15631  3   0  0  15631
211  16510  2   4  16506
212  16508  2   0  16508
213  12836  2   19  12817
214  16512  2   0  16512
215  16512  4   0  0  0  16512
216  16498  2   1  16497
217  16512  3   0  0  16512
218  16512  2   1  16511
219  16510  3   0  0  16510
220  16512  3   0  0  16512
221  15593  3   0  0  15593
222  16491  3   4  0  16487
223  16390  2   0  16390
224  16508  4   1  0  1  16506
225  15504  2   0  15504
226  16461  3   0  0  16461
227  16396  3   0  0  16396
228  16512  3   0  2  16510
229  9040  2   0  9040
230  16491  3   0  0  16491
231  16478  2   0  16478
232  16412  2   0  16412
233  16512  2   91  16421
234  15372  2   6  15366
235  16508  2   0  16508
236  9616  2   34  9582
237  16512  2   0  16512
238  9736  3   0  0  9736
239  16512  2   4  16508
240  16512  2   1  16511
241  16512  2   0  16512
242  16472  3   0  0  16472
243  16510  2   0  16510
244  15042  2   1  15041
245  16494  3   0  0  16494
246  16433  3   3  0  16430
247  16506  2   0  16506
248  9860  2   0  9860
249  16490  2   0  16490
250  15696  3   0  1  15695
251  16512  2   0  16512
252  16512  2   0  16512
253  14868  2   1  14867
254  16496  2   0  16496
255  15062  3   0  0  15062
256  11791  3   0  0  11791
257  10384  2   4  10380
258  16462  2   0  16462
259  16510  2   0  16510
260  16512  2   0  16512
261  10604  2   0  10604
262  16512  2   0  16512
263  16512  2   0  16512
264  16442  2   0  16442
265  15820  2   0  15820
266  16512  3   0  0  16512
267  16479  4   0  0  0  16479
268  15190  3   1  0  15189
269  16506  2   0  16506
270  16512  2   9  16503
271  16512  2   0  16512
272  16512  3   0  0  16512
273  16510  2   9  16501
274  16512  2   0  16512
275  16512  2   3  16509
276  16404  2   1  16403
277  16498  3   0  0  16498
278  16489  3   0  0  16489
279  15834  2   0  15834
280  16512  3   0  1  16511
281  10516  3   0  0  10516
282  16495  3   0  0  16495
283  14116  2   0  14116
284  16495  3   0  2  16493
285  16510  2   0  16510
286  10113  2   0  10113
287  16510  2   4  16506
288  16476  2   0  16476
289  16482  2   1  16481
290  16502  2   10  16492
291  16512  2   0  16512
292  10772  4   0  1  0  10771
293  16512  4   0  0  0  16512
294  13880  3   0  0  13880
295  16510  2   4  16506
296  16502  2   0  16502
297  16512  2   0  16512
298  16509  3   0  0  16509
299  15906  3   2  0  15904
300  10896  2   0  10896
301  16506  4   0  0  1  16505
302  8840  2   0  8840
303  16512  2   6  16506
304  16512  2   0  16512
305  16512  2   0  16512
306  16501  4   0  0  0  16501
307  16180  2   5  16175
308  16512  2   3  16509
309  12242  3   0  0  12242
310  16442  3   0  0  16442
311  15923  4   0  3  0  15920
312  16504  3   0  0  16504
313  11058  2   0  11058
314  16506  2   0  16506
315  16502  2   0  16502
316  16504  2   1  16503
317  16510  2   0  16510
318  16498  3   0  0  16498
319  15930  3   0  0  15930
320  16512  4   0  0  0  16512
321  16510  2   0  16510
322  12376  2   0  12376
323  16506  2   0  16506
324  16512  3   0  1  16511
325  16504  2   0  16504
326  16512  2   0  16512
327  16510  2   0  16510
328  16506  2   0  16506
329  16512  2   126  16386
330  9622  2   3  9619
331  15614  2   0  15614
332  16506  2   3  16503
333  16462  2   0  16462
334  11130  2   0  11130
335  16512  2   0  16512
336  15946  3   0  0  15946
337  16512  2   0  16512
338  3975  2   0  3975
339  16512  3   0  0  16512
340  15967  3   1  0  15966
341  16506  2   3012  13494
342  13286  2   0  13286
343  16280  2   0  16280
344  16512  2   0  16512
345  12198  2   0  12198
346  16512  3   1  1  16510
347  13488  2   1  13487
348  11340  3   0  1  11339
349  16506  2   0  16506
350  16511  4   0  0  0  16511
351  16468  2   0  16468
352  14686  2   0  14686
353  16512  2   0  16512
354  11796  2   0  11796
355  16512  2   0  16512
356  16512  3   1  1686  14825
357  16392  2   0  16392
358  16512  2   6  16506
359  16506  3   0  0  16506
360  16494  4   0  0  0  16494
361  16510  5   3  0  0  0  16507
362  16512  2   0  16512
363  16512  3   1  1  16510
364  16428  2   0  16428
365  16494  2   0  16494
366  16512  2   2  16510
367  16506  2   0  16506
368  15372  2   574  14798
369  16494  2   0  16494
370  16510  3   0  0  16510
371  16510  3   0  0  16510
372  12390  2   1  12389
373  16510  2   2776  13734
374  16510  2   0  16510
375  16512  2   1  16511
376  15374  2   31  15343
377  16493  3   0  1  16492
378  15701  3   0  0  15701
379  13914  2   0  13914
380  12486  2   0  12486
381  16510  2   0  16510
382  16512  2   0  16512
383  16512  2   1  16511
384  15374  2   0  15374
385  16489  3   1  0  16488
386  16512  2   15  16497
387  15596  2   0  15596
388  16510  2   1  16509
389  16512  3   0  0  16512
390  12604  3   0  0  12604
391  16512  2   0  16512
392  15370  3   0  0  15370
393  16474  2   3409  13065
394  16480  2   3  16477
395  16510  2   7  16503
396  16512  2   0  16512
397  16510  2   0  16510
398  15370  3   0  0  15370
399  16480  2   0  16480
400  16512  3   0  0  16512
401  15396  2   0  15396
402  16510  2   1  16509
403  16512  2   0  16512
404  8042  2   0  8042
405  15372  2   8  15364
406  16508  3   0  19  16489
407  12908  3   1  1  12906
408  16512  2   0  16512
409  10111  2   0  10111
410  16482  3   0  0  16482
411  16510  2   0  16510
412  16510  2   0  16510
413  12476  2   54  12422
414  15372  3   0  1  15371
415  16512  2   2  16510
416  16444  2   0  16444
417  16398  2   0  16398
418  16510  2   2  16508
419  16509  4   1  0  1  16507
420  16406  2   0  16406
421  13002  3   1  0  13001
422  9436  2   0  9436
423  15190  2   0  15190
424  16512  2   0  16512
425  16494  2   6  16488
426  16506  3   0  0  16506
427  10111  3   0  0  10111
428  15370  2   3  15367
429  16420  2   0  16420
430  16512  3   0  0  16512
431  16510  3   0  2  16508
432  16512  3   0  0  16512
433  16511  4   0  0  1  16510
434  16506  3   0  0  16506
435  16512  3   0  0  16512
436  16504  2   0  16504
437  12446  3   2  0  12444
438  16512  2   0  16512
439  16398  2   0  16398
440  16506  2   4  16502
441  16512  3   0  0  16512
442  9251  2   0  9251
443  10110  3   0  0  10110
444  16474  3   3  0  16471
445  16512  3   0  0  16512
446  16492  2   0  16492
447  16404  2   0  16404
448  16510  3   0  0  16510
449  16482  2   0  16482
450  16492  2   0  16492
451  16512  4   1  0  0  16511
452  16500  2   0  16500
453  16512  2   1  16511
454  16510  4   1  0  0  16509
455  14288  2   0  14288
456  16508  2   274  16234
457  16502  2   70  16432
458  10110  2   1  10109
459  16390  2   0  16390
460  16440  2   0  16440
461  12691  3   1  0  12690
462  16510  3   0  0  16510
463  16512  2   7  16505
464  16440  2   0  16440
465  13692  2   0  13692
466  16510  2   0  16510
467  16500  2   0  16500
468  10110  4   1  0  0  10109
469  16497  3   0  0  16497
470  16512  2   0  16512
471  16512  2   0  16512
472  16512  2   0  16512
473  16508  3   1  1  16506
474  16509  3   0  89  16420
475  16512  3   0  0  16512
476  16443  3   0  0  16443
477  16510  2   0  16510
478  16506  2   0  16506
479  16260  2   0  16260
480  16508  2   0  16508
481  16494  2   2  16492
482  16490  2   1  16489
483  16512  2   0  16512
484  16490  2   25  16465
485  16496  3   0  0  16496
486  16496  2   0  16496
487  16506  2   0  16506
488  16512  2   0  16512
489  16078  3   0  1  16077
490  16504  3   0  1  16503
491  16508  2   1  16507
492  8804  2   0  8804
493  16496  2   0  16496
494  15358  2   12  15346
495  16504  2   12987  3517
496  16510  2   0  16510
497  16512  3   1  1  16510
498  15354  3   0  0  15354
499  16508  2   0  16508
500  16334  2   0  16334
501  16508  3   0  0  16508
502  13058  3   0  0  13058
503  16352  2   0  16352
504  16504  2   0  16504
505  16510  2   0  16510
506  16494  2   11  16483
507  15348  2   45  15303
508  12964  3   1  0  12963
509  16508  3   0  1  16507
510  16512  3   0  0  16512
511  16508  2   0  16508
512  16510  3   0  2  16508
513  15346  3   0  0  15346
514  16512  3   0  11  16501
515  16504  2   0  16504
516  13050  2   0  13050
517  16488  3   9  0  16479
518  16492  3   0  0  16492
519  16506  2   0  16506
520  16503  3   3  0  16500
521  16512  3   0  1  16511
522  16512  2   7  16505
523  16504  3   0  0  16504
524  16225  3   0  0  16225
525  16512  2   3  16509
526  13164  2   0  13164
527  16510  2   0  16510
528  16484  5   0  1  0  0  16483
529  16501  3   0  0  16501
530  12930  2   0  12930
531  16510  2   0  16510
532  15011  4   0  1  1  15009
533  16492  2   7  16485
534  16492  2   0  16492
535  8308  3   0  1  8307
536  16494  2   0  16494
537  15328  2   0  15328
538  16464  2   0  16464
539  13314  2   0  13314
540  16497  3   0  0  16497
541  11426  3   2  0  11424
542  15612  2   0  15612
543  16478  2   2  16476
544  16500  2   0  16500
545  16492  4   0  0  1  16491
546  10104  4   0  0  0  10104
547  16494  2   7  16487
548  15324  2   78  15246
549  16494  2   0  16494
550  16470  2   0  16470
551  16498  2   0  16498
552  16512  3   0  1  16511
553  14322  3   0  0  14322
554  16492  2   0  16492
555  8737  2   0  8737
556  10104  3   0  0  10104
557  16505  3   12189  0  4316
558  16430  2   3  16427
559  16459  3   0  0  16459
560  13303  3   0  0  13303
561  16460  2   0  16460
562  15750  2   0  15750
563  8134  2   1  8133
564  16508  2   0  16508
565  16456  2   0  16456
566  16456  4   3  0  0  16453
567  16506  3   0  0  16506
568  16486  4   1  0  0  16485
569  16512  2   0  16512
570  16484  3   0  0  16484

