[loci]=147

[populations]=7

[pop]=1
1  10406  2   274  10132
2  9786  3   0  0  9786
3  9786  3   0  0  9786
4  9786  3   0  0  9786
5  4774  2   0  4774
6  10404  2   6  10398
7  10404  3   1  0  10403
8  9790  3   1  377  9412
9  9790  3   1  377  9412
10  9790  3   1  377  9412
11  10266  2   0  10266
12  10404  2   1  10403
13  9792  2   1  9791
14  9792  2   1  9791
15  9792  2   1  9791
16  9792  2   0  9792
17  9792  2   0  9792
18  9792  2   0  9792
19  10400  3   0  0  10400
20  10400  2   0  10400
21  6184  2   0  6184
22  7728  3   0  0  7728
23  6155  2   0  6155
24  7778  2   0  7778
25  7821  2   2  7819
26  8459  2   4  8455
27  10336  2   1  10335
28  7816  3   0  0  7816
29  10368  3   0  0  10368
30  9796  3   0  0  9796
31  9796  3   0  0  9796
32  9796  3   0  0  9796
33  10374  2   0  10374
34  10328  2   0  10328
35  10380  3   0  0  10380
36  10378  2   0  10378
37  9796  2   0  9796
38  9796  2   0  9796
39  9796  2   0  9796
40  10373  3   0  0  10373
41  10384  4   0  0  0  10384
42  9791  4   1  0  1  9789
43  9791  4   1  0  1  9789
44  9791  4   1  0  1  9789
45  10384  3   68  0  10316
46  10384  2   0  10384
47  10388  2   0  10388
48  7937  2   1  7936
49  10396  2   0  10396
50  10406  2   0  10406
51  10389  3   1  0  10388
52  10406  4   6  0  0  10400
53  10404  2   0  10404
54  10402  2   0  10402
55  9781  3   0  0  9781
56  9781  3   0  0  9781
57  9781  3   0  0  9781
58  9777  3   0  0  9777
59  9777  3   0  0  9777
60  9777  3   0  0  9777
61  7798  2   0  7798
62  5034  2   1  5033
63  7659  3   0  3  7656
64  7659  3   0  3  7656
65  7659  3   0  3  7656
66  10152  3   0  0  10152
67  10134  2   0  10134
68  7580  3   0  0  7580
69  10406  2   1  10405
70  10400  3   0  48  10352
71  10378  2   0  10378
72  7836  3   0  1  7835
73  7836  3   0  1  7835
74  7836  3   1  0  7835
75  9924  2   2  9922
76  2152  2   0  2152
77  7286  2   0  7286
78  7908  3   5  0  7903
79  7908  3   5  0  7903
80  7908  3   5  0  7903
81  7217  2   0  7217
82  7952  2   0  7952
83  7952  2   0  7952
84  7952  2   0  7952
85  10389  3   0  0  10389
86  5469  2   0  5469
87  10335  3   0  1  10334
88  10324  3   0  0  10324
89  8496  3   0  0  8496
90  4664  3   0  0  4664
91  8538  2   0  8538
92  5735  2   0  5735
93  8500  2   0  8500
94  10406  3   0  16  10390
95  10398  2   0  10398
96  5757  2   0  5757
97  10398  2   2  10396
98  10406  2   0  10406
99  10383  3   0  2  10381
100  10184  2   3  10181
101  10402  2   0  10402
102  10194  2   0  10194
103  8320  2   0  8320
104  8320  2   0  8320
105  8320  2   0  8320
106  10404  2   1  10403
107  10406  2   0  10406
108  8312  4   0  1  0  8311
109  8312  4   0  0  1  8311
110  8312  4   1  0  0  8311
111  10406  2   0  10406
112  8302  2   1  8301
113  8302  2   1  8301
114  8302  2   1  8301
115  8303  3   1  0  8302
116  8303  3   1  0  8302
117  8303  3   1  0  8302
118  8372  2   0  8372
119  6166  3   0  0  6166
120  10392  2   0  10392
121  8300  2   0  8300
122  8300  2   0  8300
123  8300  2   0  8300
124  8282  2   1  8281
125  8282  2   1  8281
126  8282  2   1  8281
127  10404  2   0  10404
128  8590  2   0  8590
129  8273  3   0  0  8273
130  8273  3   0  0  8273
131  8273  3   0  0  8273
132  9772  2   0  9772
133  10216  3   0  0  10216
134  8912  2   0  8912
135  10406  2   318  10088
136  7489  3   0  1  7488
137  6606  3   0  1  6605
138  10406  3   0  0  10406
139  8988  3   0  0  8988
140  10406  3   0  293  10113
141  8167  3   0  7  8160
142  8167  3   0  7  8160
143  8167  3   0  7  8160
144  9149  3   0  0  9149
145  10390  2   0  10390
146  9100  2   0  9100
147  7685  2   0  7685

[pop]=2
1  11576  2   8  11568
2  11541  3   0  0  11541
3  11541  3   0  0  11541
4  11541  3   0  0  11541
5  1531  2   0  1531
6  11576  2   0  11576
7  11570  3   0  0  11570
8  11554  3   0  440  11114
9  11554  3   0  440  11114
10  11554  3   0  440  11114
11  11418  2   0  11418
12  11578  2   0  11578
13  11564  2   1  11563
14  11564  2   1  11563
15  11564  2   1  11563
16  11564  2   0  11564
17  11564  2   0  11564
18  11564  2   0  11564
19  11570  3   0  0  11570
20  11572  2   1  11571
21  6187  2   0  6187
22  8008  3   0  0  8008
23  6146  2   0  6146
24  8129  2   0  8129
25  8228  2   0  8228
26  9302  2   0  9302
27  11474  2   9  11465
28  8229  3   1  0  8228
29  11566  3   0  0  11566
30  11564  3   1  0  11563
31  11564  3   1  0  11563
32  11564  3   1  0  11563
33  11574  2   0  11574
34  11476  2   61  11415
35  11561  3   0  0  11561
36  11574  2   1  11573
37  11564  2   0  11564
38  11564  2   0  11564
39  11564  2   0  11564
40  11563  3   0  0  11563
41  11571  4   0  0  0  11571
42  11563  4   0  0  0  11563
43  11563  4   0  0  0  11563
44  11563  4   0  0  0  11563
45  11570  3   156  0  11414
46  11564  2   0  11564
47  11572  2   0  11572
48  8477  2   0  8477
49  11574  2   1  11573
50  11574  2   0  11574
51  11576  3   0  1  11575
52  11575  4   24  0  1  11550
53  11578  2   0  11578
54  11578  2   0  11578
55  11510  3   0  0  11510
56  11510  3   0  0  11510
57  11510  3   0  0  11510
58  11499  3   0  0  11499
59  11499  3   0  0  11499
60  11499  3   0  0  11499
61  8127  2   0  8127
62  4278  2   0  4278
63  8038  3   0  1  8037
64  8038  3   0  1  8037
65  8038  3   0  1  8037
66  11334  3   0  0  11334
67  11318  2   0  11318
68  7648  3   0  0  7648
69  11576  2   1  11575
70  11578  3   1  5  11572
71  11550  2   0  11550
72  8688  3   0  0  8688
73  8688  3   0  0  8688
74  8688  3   0  0  8688
75  11176  2   0  11176
76  410  2   0  410
77  7052  2   0  7052
78  9084  3   14  0  9070
79  9084  3   14  0  9070
80  9084  3   14  0  9070
81  6926  2   2  6924
82  9172  2   0  9172
83  9172  2   0  9172
84  9172  2   0  9172
85  11576  3   0  0  11576
86  4238  2   0  4238
87  11504  3   0  0  11504
88  11493  3   0  0  11493
89  9315  3   0  0  9315
90  3724  3   0  0  3724
91  10162  2   0  10162
92  5658  2   0  5658
93  9316  2   0  9316
94  11576  3   0  0  11576
95  11570  2   0  11570
96  5690  2   0  5690
97  11570  2   0  11570
98  11576  2   0  11576
99  11532  3   1  0  11531
100  11502  2   2  11500
101  11574  2   0  11574
102  11504  2   0  11504
103  10196  2   0  10196
104  10196  2   0  10196
105  10196  2   0  10196
106  11578  2   0  11578
107  11578  2   0  11578
108  10214  4   0  0  0  10214
109  10214  4   0  0  0  10214
110  10214  4   0  0  0  10214
111  11578  2   2  11576
112  10198  2   0  10198
113  10198  2   0  10198
114  10198  2   0  10198
115  10212  3   0  5  10207
116  10212  3   0  5  10207
117  10212  3   0  5  10207
118  9386  2   1  9385
119  6358  3   0  0  6358
120  11538  2   0  11538
121  10192  2   0  10192
122  10192  2   0  10192
123  10192  2   0  10192
124  10168  2   0  10168
125  10168  2   0  10168
126  10168  2   0  10168
127  11578  2   1  11577
128  9658  2   0  9658
129  10144  3   1  0  10143
130  10144  3   1  0  10143
131  10144  3   1  0  10143
132  11202  2   2  11200
133  11516  3   0  0  11516
134  10136  2   0  10136
135  11578  2   455  11123
136  7790  3   0  0  7790
137  6982  3   1  0  6981
138  11578  3   0  0  11578
139  10222  3   0  0  10222
140  11578  3   0  12  11566
141  9883  3   1  1  9881
142  9883  3   1  1  9881
143  9883  3   1  1  9881
144  10438  3   0  0  10438
145  11544  2   0  11544
146  10494  2   0  10494
147  8112  2   9  8103

[pop]=3
1  8654  2   0  8654
2  8614  3   0  0  8614
3  8614  3   0  0  8614
4  8614  3   0  0  8614
5  2411  2   0  2411
6  8654  2   0  8654
7  8652  3   0  0  8652
8  8614  3   0  2  8612
9  8614  3   0  2  8612
10  8614  3   0  2  8612
11  8566  2   0  8566
12  8654  2   0  8654
13  8622  2   0  8622
14  8622  2   0  8622
15  8622  2   0  8622
16  8622  2   0  8622
17  8622  2   0  8622
18  8622  2   0  8622
19  8652  3   0  0  8652
20  8652  2   0  8652
21  4446  2   0  4446
22  6006  3   0  0  6006
23  4394  2   0  4394
24  6070  2   0  6070
25  6108  2   0  6108
26  6634  2   0  6634
27  8618  2   0  8618
28  6111  3   0  0  6111
29  8654  3   2  0  8652
30  8621  3   0  0  8621
31  8621  3   0  0  8621
32  8621  3   0  0  8621
33  8654  2   0  8654
34  8618  2   0  8618
35  8650  3   0  1  8649
36  8654  2   3  8651
37  8620  2   0  8620
38  8620  2   0  8620
39  8620  2   0  8620
40  8613  3   0  0  8613
41  8653  4   0  0  0  8653
42  8620  4   0  0  0  8620
43  8620  4   0  0  0  8620
44  8620  4   0  0  0  8620
45  8654  3   389  0  8265
46  8652  2   0  8652
47  8654  2   1  8653
48  6246  2   0  6246
49  8654  2   0  8654
50  8654  2   1  8653
51  8640  3   0  0  8640
52  8653  4   1  0  0  8652
53  8652  2   0  8652
54  8654  2   0  8654
55  8604  3   0  0  8604
56  8604  3   0  0  8604
57  8604  3   0  0  8604
58  8598  3   0  0  8598
59  8598  3   0  0  8598
60  8598  3   0  0  8598
61  6118  2   0  6118
62  2988  2   0  2988
63  6550  3   0  12  6538
64  6550  3   0  12  6538
65  6550  3   0  12  6538
66  8584  3   1  0  8583
67  8582  2   0  8582
68  5905  3   0  0  5905
69  8654  2   0  8654
70  8654  3   0  0  8654
71  8650  2   1  8649
72  7016  3   0  0  7016
73  7016  3   0  0  7016
74  7016  3   0  0  7016
75  8526  2   0  8526
76  622  2   0  622
77  5612  2   8  5604
78  7310  3   0  0  7310
79  7310  3   0  0  7310
80  7310  3   0  0  7310
81  5552  2   0  5552
82  7382  2   0  7382
83  7382  2   0  7382
84  7382  2   0  7382
85  8652  3   0  0  8652
86  3474  2   0  3474
87  8632  3   1  0  8631
88  8623  3   0  1  8622
89  6636  3   0  0  6636
90  2630  3   0  0  2630
91  7936  2   0  7936
92  4066  2   0  4066
93  6636  2   2  6634
94  8654  3   0  0  8654
95  8652  2   0  8652
96  4103  2   5  4098
97  8652  2   0  8652
98  8654  2   0  8654
99  8650  3   0  0  8650
100  8600  2   0  8600
101  8652  2   2  8650
102  8608  2   0  8608
103  8142  2   2  8140
104  8142  2   2  8140
105  8142  2   2  8140
106  8654  2   0  8654
107  8654  2   0  8654
108  8150  4   0  0  0  8150
109  8150  4   0  0  0  8150
110  8150  4   0  0  0  8150
111  8654  2   0  8654
112  8150  2   4  8146
113  8150  2   4  8146
114  8150  2   4  8146
115  8153  3   0  0  8153
116  8153  3   0  0  8153
117  8153  3   0  0  8153
118  7536  2   0  7536
119  4667  3   1  0  4666
120  8650  2   0  8650
121  8142  2   0  8142
122  8142  2   0  8142
123  8142  2   0  8142
124  8152  2   0  8152
125  8152  2   0  8152
126  8152  2   0  8152
127  8654  2   0  8654
128  7684  2   0  7684
129  8141  3   0  0  8141
130  8141  3   0  0  8141
131  8141  3   0  0  8141
132  8386  2   0  8386
133  8618  3   0  0  8618
134  7948  2   0  7948
135  8654  2   1  8653
136  5554  3   0  0  5554
137  5078  3   0  0  5078
138  8654  3   0  0  8654
139  8005  3   0  0  8005
140  8654  3   0  0  8654
141  8004  3   0  0  8004
142  8004  3   0  0  8004
143  8004  3   0  0  8004
144  8081  3   0  0  8081
145  8650  2   1  8649
146  8086  2   0  8086
147  5705  2   0  5705

[pop]=4
1  6614  2   0  6614
2  6606  3   0  0  6606
3  6606  3   0  0  6606
4  6606  3   0  0  6606
5  1082  2   3  1079
6  6614  2   0  6614
7  6614  3   0  0  6614
8  6608  3   0  209  6399
9  6608  3   0  209  6399
10  6608  3   0  209  6399
11  6294  2   0  6294
12  6614  2   0  6614
13  6612  2   0  6612
14  6612  2   0  6612
15  6612  2   0  6612
16  6612  2   0  6612
17  6612  2   0  6612
18  6612  2   0  6612
19  6614  3   0  0  6614
20  6614  2   0  6614
21  1963  2   7  1956
22  3084  3   0  0  3084
23  1940  2   0  1940
24  3144  2   0  3144
25  3170  2   0  3170
26  4528  2   0  4528
27  6320  2   0  6320
28  3175  3   0  0  3175
29  6609  3   0  0  6609
30  6612  3   0  0  6612
31  6612  3   0  0  6612
32  6612  3   0  0  6612
33  6612  2   0  6612
34  6320  2   0  6320
35  6610  3   0  0  6610
36  6612  2   0  6612
37  6612  2   0  6612
38  6612  2   0  6612
39  6612  2   0  6612
40  6610  3   0  0  6610
41  6611  4   0  0  0  6611
42  6612  4   0  0  0  6612
43  6612  4   0  0  0  6612
44  6612  4   0  0  0  6612
45  6612  3   441  0  6171
46  6610  2   0  6610
47  6612  2   0  6612
48  3248  2   0  3248
49  6612  2   0  6612
50  6612  2   1  6611
51  6612  3   0  0  6612
52  6612  4   23  0  0  6589
53  6606  2   0  6606
54  6614  2   0  6614
55  6606  3   0  0  6606
56  6606  3   0  0  6606
57  6606  3   0  0  6606
58  6604  3   0  0  6604
59  6604  3   0  0  6604
60  6604  3   0  0  6604
61  3044  2   0  3044
62  1201  2   0  1201
63  5387  3   0  0  5387
64  5387  3   0  0  5387
65  5387  3   0  0  5387
66  6052  3   0  0  6052
67  6028  2   0  6028
68  2777  3   0  0  2777
69  6614  2   0  6614
70  6614  3   0  0  6614
71  6594  2   0  6594
72  5590  3   1  0  5589
73  5590  3   1  0  5589
74  5590  3   0  1  5589
75  5810  2   0  5810
76  1624  2   0  1624
77  2476  2   0  2476
78  5724  3   15  0  5709
79  5724  3   15  0  5709
80  5724  3   15  0  5709
81  2432  2   0  2432
82  5768  2   0  5768
83  5768  2   0  5768
84  5768  2   0  5768
85  6614  3   0  0  6614
86  1801  2   0  1801
87  6574  3   0  0  6574
88  6579  3   0  0  6579
89  4529  3   0  0  4529
90  1033  3   0  0  1033
91  4680  2   0  4680
92  1807  2   0  1807
93  4530  2   0  4530
94  6613  3   0  0  6613
95  6614  2   0  6614
96  1818  2   0  1818
97  6614  2   0  6614
98  6612  2   0  6612
99  6566  3   0  0  6566
100  6610  2   26  6584
101  6614  2   0  6614
102  6612  2   0  6612
103  6216  2   0  6216
104  6216  2   0  6216
105  6216  2   0  6216
106  6614  2   0  6614
107  6612  2   0  6612
108  6218  4   0  0  0  6218
109  6218  4   0  0  0  6218
110  6218  4   0  0  0  6218
111  6612  2   0  6612
112  6214  2   0  6214
113  6214  2   0  6214
114  6214  2   0  6214
115  6220  3   0  0  6220
116  6220  3   0  0  6220
117  6220  3   0  0  6220
118  4838  2   0  4838
119  2143  3   0  0  2143
120  6576  2   0  6576
121  6212  2   14  6198
122  6212  2   14  6198
123  6212  2   14  6198
124  6210  2   0  6210
125  6210  2   0  6210
126  6210  2   0  6210
127  6614  2   0  6614
128  4974  2   0  4974
129  6208  3   0  0  6208
130  6208  3   0  0  6208
131  6208  3   0  0  6208
132  6570  2   0  6570
133  6612  3   0  0  6612
134  5268  2   2  5266
135  6614  2   369  6245
136  3283  3   0  0  3283
137  2471  3   0  0  2471
138  6614  3   0  0  6614
139  5333  3   0  0  5333
140  6614  3   0  0  6614
141  6130  3   0  0  6130
142  6130  3   0  0  6130
143  6130  3   0  0  6130
144  5500  3   0  0  5500
145  6574  2   0  6574
146  5486  2   0  5486
147  3453  2   0  3453

[pop]=5
1  66738  2   4  66734
2  66604  3   0  0  66604
3  66604  3   0  0  66604
4  66604  3   0  0  66604
5  14101  2   1  14100
6  66740  2   0  66740
7  66732  3   0  0  66732
8  66638  3   0  3821  62817
9  66638  3   0  3821  62817
10  66638  3   0  3821  62817
11  64920  2   21  64899
12  66740  2   3  66737
13  66688  2   0  66688
14  66688  2   0  66688
15  66688  2   0  66688
16  66688  2   1  66687
17  66688  2   1  66687
18  66688  2   1  66687
19  66726  3   1  1  66724
20  66724  2   1  66723
21  31296  2   7  31289
22  40757  3   1  4  40752
23  31096  2   2  31094
24  41301  2   0  41301
25  41757  2   0  41757
26  47904  2   0  47904
27  65852  2   8  65844
28  41762  3   0  1  41761
29  66690  3   0  1  66689
30  66702  3   0  1  66701
31  66702  3   0  1  66701
32  66702  3   0  1  66701
33  66706  2   0  66706
34  66032  2   0  66032
35  66665  3   1  3  66661
36  66710  2   0  66710
37  66704  2   2  66702
38  66704  2   2  66702
39  66704  2   2  66702
40  66674  3   1  1  66672
41  66730  4   0  1  2  66727
42  66698  4   1  3  0  66694
43  66698  4   1  3  0  66694
44  66698  4   1  3  0  66694
45  66730  3   2971  1  63758
46  66646  2   0  66646
47  66734  2   1  66733
48  42993  2   1  42992
49  66734  2   1  66733
50  66736  2   0  66736
51  66698  3   0  4  66694
52  66736  4   372  0  0  66364
53  66728  2   2  66726
54  66740  2   0  66740
55  66577  3   1  0  66576
56  66577  3   1  0  66576
57  66577  3   1  0  66576
58  66533  3   1  1  66531
59  66533  3   1  1  66531
60  66533  3   1  1  66531
61  41539  2   1  41538
62  23023  2   1  23022
63  51866  3   1  0  51865
64  51866  3   1  0  51865
65  51866  3   1  0  51865
66  65665  3   0  1  65664
67  65618  2   3  65615
68  39155  3   1  0  39154
69  66738  2   1  66737
70  66732  3   0  1  66731
71  66556  2   2  66554
72  54338  3   0  0  54338
73  54338  3   0  0  54338
74  54338  3   0  0  54338
75  64834  2   0  64834
76  8758  2   2  8756
77  36363  2   0  36363
78  55988  3   470  1  55517
79  55988  3   470  1  55517
80  55988  3   470  1  55517
81  35772  2   0  35772
82  56438  2   2  56436
83  56438  2   2  56436
84  56438  2   2  56436
85  66704  3   1  2  66701
86  24257  2   6  24251
87  66492  3   2  0  66490
88  66465  3   0  0  66465
89  47964  3   0  2  47962
90  20671  3   0  1  20670
91  58444  2   0  58444
92  27595  2   2  27593
93  47968  2   0  47968
94  66739  3   1  0  66738
95  66640  2   9  66631
96  27677  2   0  27677
97  66644  2   0  66644
98  66740  2   2  66738
99  66561  3   0  0  66561
100  66152  2   126  66026
101  66654  2   0  66654
102  66162  2   5  66157
103  60868  2   1  60867
104  60868  2   1  60867
105  60868  2   1  60867
106  66680  2   2  66678
107  66740  2   2  66738
108  60946  4   2  1  1  60942
109  60946  4   1  2  1  60942
110  60946  4   1  1  2  60942
111  66736  2   0  66736
112  60942  2   0  60942
113  60942  2   0  60942
114  60942  2   0  60942
115  60970  3   0  1  60969
116  60970  3   0  1  60969
117  60970  3   0  1  60969
118  56872  2   2  56870
119  30644  3   0  1  30643
120  66616  2   0  66616
121  60942  2   1  60941
122  60942  2   1  60941
123  60942  2   1  60941
124  60820  2   5  60815
125  60820  2   5  60815
126  60820  2   5  60815
127  66716  2   1  66715
128  58118  2   1  58117
129  60696  3   2  1  60693
130  60696  3   2  1  60693
131  60696  3   2  1  60693
132  64996  2   0  64996
133  66211  3   0  1  66210
134  59908  2   12  59896
135  66724  2   5485  61239
136  38674  3   1  0  38673
137  33646  3   0  0  33646
138  66724  3   4  0  66720
139  60321  3   0  1  60320
140  66737  3   0  7  66730
141  59542  3   0  0  59542
142  59542  3   0  0  59542
143  59542  3   0  0  59542
144  61118  3   1  1  61116
145  66634  2   1  66633
146  61188  2   3  61185
147  40140  2   0  40140

[pop]=6
1  908  2   1  907
2  894  3   0  0  894
3  894  3   0  0  894
4  894  3   0  0  894
5  209  2   0  209
6  908  2   0  908
7  906  3   0  1  905
8  894  3   0  46  848
9  894  3   0  46  848
10  894  3   0  46  848
11  838  2   0  838
12  908  2   0  908
13  896  2   0  896
14  896  2   0  896
15  896  2   0  896
16  896  2   0  896
17  896  2   0  896
18  896  2   0  896
19  906  3   0  0  906
20  906  2   0  906
21  403  2   0  403
22  475  3   0  0  475
23  400  2   0  400
24  488  2   0  488
25  491  2   0  491
26  633  2   0  633
27  882  2   1  881
28  493  3   0  0  493
29  908  3   0  0  908
30  897  3   0  0  897
31  897  3   0  0  897
32  897  3   0  0  897
33  908  2   0  908
34  882  2   0  882
35  906  3   0  0  906
36  908  2   0  908
37  898  2   0  898
38  898  2   0  898
39  898  2   0  898
40  908  3   0  0  908
41  908  4   0  0  0  908
42  898  4   0  0  0  898
43  898  4   0  0  0  898
44  898  4   0  0  0  898
45  908  3   46  0  862
46  906  2   0  906
47  908  2   0  908
48  513  2   0  513
49  908  2   0  908
50  908  2   0  908
51  907  3   0  0  907
52  908  4   4  0  1  903
53  906  2   0  906
54  908  2   0  908
55  894  3   0  0  894
56  894  3   0  0  894
57  894  3   0  0  894
58  894  3   0  0  894
59  894  3   0  0  894
60  894  3   0  0  894
61  492  2   0  492
62  312  2   0  312
63  693  3   0  0  693
64  693  3   0  0  693
65  693  3   0  0  693
66  876  3   0  0  876
67  876  2   0  876
68  458  3   0  0  458
69  908  2   0  908
70  908  3   0  0  908
71  906  2   0  906
72  720  3   0  0  720
73  720  3   0  0  720
74  720  3   0  0  720
75  864  2   0  864
76  242  2   0  242
77  424  2   0  424
78  728  3   3  0  725
79  728  3   3  0  725
80  728  3   3  0  725
81  416  2   0  416
82  742  2   0  742
83  742  2   0  742
84  742  2   0  742
85  908  3   0  0  908
86  344  2   0  344
87  902  3   0  0  902
88  900  3   0  0  900
89  633  3   0  0  633
90  304  3   0  0  304
91  770  2   0  770
92  379  2   0  379
93  633  2   0  633
94  908  3   0  0  908
95  906  2   0  906
96  382  2   0  382
97  908  2   0  908
98  908  2   0  908
99  902  3   0  0  902
100  900  2   1  899
101  908  2   0  908
102  900  2   0  900
103  772  2   0  772
104  772  2   0  772
105  772  2   0  772
106  908  2   0  908
107  908  2   0  908
108  768  4   0  0  0  768
109  768  4   0  0  0  768
110  768  4   0  0  0  768
111  908  2   0  908
112  770  2   0  770
113  770  2   0  770
114  770  2   0  770
115  772  3   0  0  772
116  772  3   0  0  772
117  772  3   0  0  772
118  726  2   0  726
119  416  3   0  0  416
120  904  2   0  904
121  772  2   0  772
122  772  2   0  772
123  772  2   0  772
124  766  2   1  765
125  766  2   1  765
126  766  2   1  765
127  908  2   0  908
128  740  2   0  740
129  766  3   0  0  766
130  766  3   0  0  766
131  766  3   0  0  766
132  882  2   0  882
133  898  3   1  0  897
134  768  2   0  768
135  908  2   79  829
136  509  3   0  0  509
137  446  3   0  0  446
138  908  3   0  0  908
139  778  3   0  0  778
140  908  3   0  1  907
141  752  3   0  0  752
142  752  3   0  0  752
143  752  3   0  0  752
144  786  3   0  0  786
145  904  2   0  904
146  788  2   0  788
147  532  2   0  532

[pop]=7
1  16512  2   1  16511
2  16391  3   1  1  16389
3  16391  3   1  1  16389
4  16391  3   1  1  16389
5  2692  2   0  2692
6  16512  2   2  16510
7  16512  3   0  0  16512
8  16432  3   0  1129  15303
9  16432  3   0  1129  15303
10  16432  3   0  1129  15303
11  13044  2   0  13044
12  16512  2   1  16511
13  16456  2   0  16456
14  16456  2   0  16456
15  16456  2   0  16456
16  16458  2   1  16457
17  16458  2   1  16457
18  16458  2   1  16457
19  16511  3   0  0  16511
20  16512  2   0  16512
21  7314  2   0  7314
22  7166  3   0  0  7166
23  7274  2   2  7272
24  7331  2   3  7328
25  7484  2   0  7484
26  10099  2   0  10099
27  15314  2   1  15313
28  7495  3   0  0  7495
29  16508  3   0  0  16508
30  16468  3   0  0  16468
31  16468  3   0  0  16468
32  16468  3   0  0  16468
33  16510  2   3  16507
34  15660  2   0  15660
35  16504  3   0  0  16504
36  16510  2   0  16510
37  16466  2   0  16466
38  16466  2   0  16466
39  16466  2   0  16466
40  16500  3   1  0  16499
41  16509  4   1  0  8  16500
42  16467  4   0  0  0  16467
43  16467  4   0  0  0  16467
44  16467  4   0  0  0  16467
45  16510  3   813  0  15697
46  16504  2   3  16501
47  16512  2   0  16512
48  7790  2   0  7790
49  16512  2   0  16512
50  16512  2   0  16512
51  16506  3   0  0  16506
52  16512  4   4  19  1  16488
53  16510  2   0  16510
54  16512  2   2  16510
55  16390  3   0  1  16389
56  16390  3   0  1  16389
57  16390  3   0  1  16389
58  16364  3   0  0  16364
59  16364  3   0  0  16364
60  16364  3   0  0  16364
61  7064  2   2  7062
62  6201  2   0  6201
63  11941  3   0  0  11941
64  11941  3   0  0  11941
65  11941  3   0  0  11941
66  16029  3   0  0  16029
67  15990  2   0  15990
68  6093  3   0  1  6092
69  16512  2   0  16512
70  16512  3   0  2  16510
71  16504  2   0  16504
72  12482  3   0  0  12482
73  12482  3   0  0  12482
74  12482  3   0  0  12482
75  15716  2   0  15716
76  7912  2   0  7912
77  5255  2   0  5255
78  12756  3   28  0  12728
79  12756  3   28  0  12728
80  12756  3   28  0  12728
81  5111  2   0  5111
82  12830  2   0  12830
83  12830  2   0  12830
84  12830  2   0  12830
85  16484  3   1  0  16483
86  4737  2   0  4737
87  16487  3   0  0  16487
88  16484  3   1  0  16483
89  10109  3   1  0  10108
90  5858  3   1  0  5857
91  13976  2   2  13974
92  6562  2   0  6562
93  10112  2   0  10112
94  16512  3   0  0  16512
95  16356  2   0  16356
96  6590  2   0  6590
97  16380  2   0  16380
98  16512  2   0  16512
99  16475  3   0  0  16475
100  16440  2   34  16406
101  16428  2   0  16428
102  16442  2   0  16442
103  13516  2   0  13516
104  13516  2   0  13516
105  13516  2   0  13516
106  16446  2   0  16446
107  16512  2   0  16512
108  13530  4   0  1  0  13529
109  13530  4   0  0  1  13529
110  13530  4   1  0  0  13529
111  16512  2   0  16512
112  13500  2   0  13500
113  13500  2   0  13500
114  13500  2   0  13500
115  13513  3   0  0  13513
116  13513  3   0  0  13513
117  13513  3   0  0  13513
118  14900  2   0  14900
119  6930  3   0  0  6930
120  16498  2   2  16496
121  13504  2   0  13504
122  13504  2   0  13504
123  13504  2   0  13504
124  13400  2   0  13400
125  13400  2   0  13400
126  13400  2   0  13400
127  16502  2   0  16502
128  15094  2   7  15087
129  13355  3   0  0  13355
130  13355  3   0  0  13355
131  13355  3   0  0  13355
132  16098  2   0  16098
133  16444  3   0  0  16444
134  15336  2   0  15336
135  16508  2   1047  15461
136  8079  3   0  0  8079
137  7236  3   0  0  7236
138  16508  3   0  6  16502
139  15398  3   1  0  15397
140  16512  3   1  1  16510
141  13041  3   0  1  13040
142  13041  3   0  1  13040
143  13041  3   0  1  13040
144  15498  3   0  1  15497
145  16498  2   0  16498
146  15514  2   1  15513
147  8374  2   0  8374

