[loci]=420

[populations]=7

[pop]=1
1  10406  3   0  0  10406
2  10406  2   0  10406
3  8798  3   0  0  8798
4  10319  3   1  2  10316
5  10399  3   0  0  10399
6  10337  4   0  36  0  10301
7  10406  2   52  10354
8  10322  2   0  10322
9  10406  3   1  0  10405
10  8525  4   0  1  0  8524
11  10336  2   2  10334
12  10406  2   0  10406
13  8418  2   1  8417
14  10334  3   0  0  10334
15  10406  2   0  10406
16  10268  2   1  10267
17  10401  3   1  0  10400
18  10404  2   0  10404
19  10329  3   0  0  10329
20  10338  2   5  10333
21  10342  2   0  10342
22  10406  3   2  3  10401
23  10404  2   0  10404
24  10338  3   0  0  10338
25  10402  2   2  10400
26  10342  3   2459  8  7875
27  10406  3   0  0  10406
28  2780  2   0  2780
29  6993  4   0  2  0  6991
30  10298  2   0  10298
31  10194  2   0  10194
32  10237  4   0  3  1  10233
33  10404  4   0  0  0  10404
34  6817  3   0  0  6817
35  10329  4   0  0  0  10329
36  10406  2   0  10406
37  10302  2   0  10302
38  10404  4   0  0  0  10404
39  10406  4   0  0  0  10406
40  6644  2   0  6644
41  10403  3   1  0  10402
42  10406  2   50  10356
43  10404  3   0  1  10403
44  6274  2   0  6274
45  10336  3   0  2  10334
46  10328  2   1  10327
47  10340  3   0  0  10340
48  10404  2   0  10404
49  10351  3   0  0  10351
50  10406  3   4856  0  5550
51  7445  3   0  0  7445
52  10337  4   0  0  0  10337
53  10406  2   0  10406
54  5922  2   0  5922
55  10339  3   0  17  10322
56  10404  2   0  10404
57  10334  2   1  10333
58  10406  2   62  10344
59  5468  2   7  5461
60  10337  3   0  12  10325
61  10306  2   0  10306
62  10336  2   0  10336
63  10356  3   0  3  10353
64  10406  3   0  0  10406
65  10404  2   0  10404
66  10404  2   260  10144
67  5392  2   97  5295
68  10340  2   1  10339
69  10404  2   1  10403
70  10320  2   0  10320
71  10307  3   0  5  10302
72  10350  2   189  10161
73  10404  3   0  4  10400
74  5338  3   1  0  5337
75  10340  4   0  0  0  10340
76  10399  4   5  0  0  10394
77  10346  4   1  0  0  10345
78  10406  3   1  1  10404
79  10404  3   0  0  10404
80  10340  2   0  10340
81  10404  2   0  10404
82  10396  2   4224  6172
83  8290  2   0  8290
84  10404  3   1  0  10403
85  5242  2   0  5242
86  10338  2   0  10338
87  10404  3   0  0  10404
88  10316  2   0  10316
89  10406  2   0  10406
90  10394  2   0  10394
91  5028  2   0  5028
92  10297  3   0  0  10297
93  10406  2   0  10406
94  10297  3   0  0  10297
95  10404  2   0  10404
96  10348  3   0  0  10348
97  10400  2   0  10400
98  4851  3   1  0  4850
99  10285  3   0  0  10285
100  10404  3   1  1  10402
101  10344  3   1  0  10343
102  10402  2   0  10402
103  10398  2   12  10386
104  4608  3   0  0  4608
105  10404  3   0  0  10404
106  10404  2   0  10404
107  10344  3   0  0  10344
108  10404  2   0  10404
109  10396  2   0  10396
110  10258  3   0  0  10258
111  10246  2   0  10246
112  10318  2   194  10124
113  10345  3   0  33  10312
114  4378  4   0  0  1  4377
115  10239  3   0  0  10239
116  10309  3   0  0  10309
117  10341  3   0  0  10341
118  10404  2   3  10401
119  10406  2   1  10405
120  10341  3   0  0  10341
121  10404  2   0  10404
122  10406  3   0  0  10406
123  10310  2   0  10310
124  8704  2   0  8704
125  10310  3   9  45  10256
126  10153  3   0  751  9402
127  10406  2   0  10406
128  10406  3   0  0  10406
129  10400  3   0  0  10400
130  3819  3   369  0  3450
131  10292  4   1  0  0  10291
132  9776  2   0  9776
133  3896  2   0  3896
134  10284  2   0  10284
135  10250  2   1  10249
136  3932  2   0  3932
137  10406  2   2  10404
138  10400  3   0  0  10400
139  4166  2   499  3667
140  10065  4   0  2  0  10063
141  10406  2   0  10406
142  4025  3   0  0  4025
143  10088  2   0  10088
144  10404  3   0  0  10404
145  4066  2   0  4066
146  10396  3   0  0  10396
147  10406  2   0  10406
148  10400  2   0  10400
149  10406  3   0  1  10405
150  10406  2   0  10406
151  10406  2   0  10406
152  10406  3   4  4  10398
153  4158  2   0  4158
154  10406  2   2  10404
155  10004  3   0  0  10004
156  10404  3   0  0  10404
157  10372  2   0  10372
158  10406  3   2  0  10404
159  10406  4   0  0  0  10406
160  10006  3   0  0  10006
161  10402  2   0  10402
162  10402  2   0  10402
163  10402  3   0  0  10402
164  10406  2   4  10402
165  10396  4   0  0  0  10396
166  10406  3   0  0  10406
167  10396  2   0  10396
168  10402  3   1  0  10401
169  10406  2   0  10406
170  4150  2   0  4150
171  10402  2   10373  29
172  10406  2   0  10406
173  10402  2   0  10402
174  4148  2   0  4148
175  10404  2   0  10404
176  10234  3   0  3  10231
177  10378  2   7  10371
178  10406  2   2  10404
179  10404  2   0  10404
180  9898  2   5  9893
181  9840  2   0  9840
182  10402  2   1  10401
183  4220  2   4  4216
184  10406  2   0  10406
185  10398  2   2168  8230
186  10400  2   0  10400
187  10406  2   0  10406
188  10402  3   0  4  10398
189  4226  2   2  4224
190  10310  2   1  10309
191  10398  2   3  10395
192  10404  2   2  10402
193  10406  2   0  10406
194  10404  2   319  10085
195  10402  2   0  10402
196  10306  2   1  10305
197  10406  3   0  1  10405
198  9656  2   5  9651
199  9638  3   3  0  9635
200  10298  3   0  0  10298
201  10392  2   0  10392
202  10212  2   0  10212
203  4066  2   0  4066
204  9686  2   0  9686
205  10404  2   2  10402
206  10402  3   0  0  10402
207  10398  2   4  10394
208  10398  2   0  10398
209  10406  2   0  10406
210  9246  4   0  0  0  9246
211  10344  2   0  10344
212  10398  2   0  10398
213  10398  2   5  10393
214  9241  3   0  0  9241
215  10400  2   9  10391
216  10398  3   0  0  10398
217  9220  2   22  9198
218  9602  2   179  9423
219  3338  2   1  3337
220  10392  2   2555  7837
221  9174  2   49  9125
222  3208  2   1  3207
223  10395  3   0  10  10385
224  9098  2   0  9098
225  10404  3   0  0  10404
226  3090  2   0  3090
227  10330  2   10  10320
228  10398  2   0  10398
229  3098  2   0  3098
230  10394  5   0  0  0  0  10394
231  10405  4   0  0  4504  5901
232  10342  2   0  10342
233  10334  2   3  10331
234  10406  5   0  0  0  0  10406
235  10154  3   0  0  10154
236  10400  3   1  19  10380
237  10348  2   0  10348
238  10406  2   60  10346
239  9478  2   0  9478
240  10188  4   9  0  0  10179
241  10400  4   0  0  3  10397
242  10343  4   0  0  0  10343
243  10366  2   0  10366
244  10402  3   0  0  10402
245  10124  4   0  0  0  10124
246  10270  2   1  10269
247  10398  2   0  10398
248  10356  2   0  10356
249  10144  2   0  10144
250  10356  3   0  0  10356
251  10372  2   2  10370
252  10347  3   0  0  10347
253  9924  2   1  9923
254  10373  3   0  3  10370
255  10402  2   0  10402
256  10062  2   0  10062
257  4430  2   0  4430
258  10376  2   0  10376
259  10404  2   0  10404
260  10364  2   0  10364
261  10362  2   21  10341
262  9996  2   0  9996
263  10358  2   0  10358
264  9998  3   0  0  9998
265  10380  3   0  0  10380
266  10364  3   0  0  10364
267  10192  2   0  10192
268  10382  2   0  10382
269  10364  2   0  10364
270  10406  2   0  10406
271  10364  2   0  10364
272  10378  2   0  10378
273  10382  2   0  10382
274  10382  2   0  10382
275  10386  2   0  10386
276  10381  3   0  0  10381
277  10208  2   0  10208
278  8957  3   0  1  8956
279  10380  2   0  10380
280  10294  2   0  10294
281  10210  2   0  10210
282  10380  3   0  0  10380
283  10406  2   0  10406
284  10225  4   0  1  0  10224
285  8430  2   0  8430
286  10400  2   6  10394
287  10406  2   0  10406
288  7904  2   3  7901
289  10400  3   0  0  10400
290  10228  2   0  10228
291  10124  2   3  10121
292  4532  2   0  4532
293  7274  2   0  7274
294  10400  3   0  3  10397
295  10378  2   4  10374
296  10406  3   0  0  10406
297  10392  2   0  10392
298  10388  3   1  0  10387
299  10135  3   0  0  10135
300  10400  2   0  10400
301  10390  2   0  10390
302  10393  3   3  0  10390
303  10400  3   1  0  10399
304  10144  2   1  10143
305  10400  2   1  10399
306  10378  2   521  9857
307  10378  3   0  0  10378
308  10406  3   0  0  10406
309  10390  3   0  0  10390
310  10406  2   0  10406
311  10174  2   2  10172
312  10354  2   0  10354
313  10394  2   1  10393
314  10247  3   3  3  10241
315  4708  2   0  4708
316  10390  3   0  0  10390
317  10200  2   0  10200
318  10390  5   0  0  0  2  10388
319  3286  2   2  3284
320  10402  2   0  10402
321  10406  2   0  10406
322  10390  3   0  0  10390
323  10406  3   0  0  10406
324  10250  2   0  10250
325  10218  2   29  10189
326  10228  2   3  10225
327  10370  2   0  10370
328  10394  3   0  0  10394
329  9650  2   166  9484
330  10378  2   0  10378
331  10370  3   0  0  10370
332  10392  3   0  0  10392
333  10234  2   9  10225
334  10400  2   0  10400
335  10392  2   0  10392
336  10406  2   2  10404
337  10236  2   0  10236
338  10400  2   0  10400
339  10390  3   0  0  10390
340  10406  3   0  1  10405
341  10368  2   9  10359
342  10390  2   2  10388
343  10369  3   0  0  10369
344  10390  2   1  10389
345  10254  2   1  10253
346  10402  2   0  10402
347  10406  2   0  10406
348  10386  3   0  0  10386
349  10250  2   2  10248
350  10396  3   0  11  10385
351  9862  2   0  9862
352  10384  3   0  0  10384
353  10380  2   0  10380
354  10248  2   0  10248
355  10386  2   0  10386
356  10385  3   0  0  10385
357  10370  2   0  10370
358  10248  3   0  1  10247
359  10406  2   0  10406
360  10402  2   1  10401
361  7828  3   0  0  7828
362  10370  3   0  6671  3699
363  10370  3   0  0  10370
364  10404  3   0  0  10404
365  10350  2   1  10349
366  10380  3   1  0  10379
367  7836  2   1  7835
368  10363  4   0  13  0  10350
369  10244  3   0  2  10242
370  10404  3   0  0  10404
371  7996  2   0  7996
372  10360  2   3  10357
373  10243  4   0  0  0  10243
374  10404  2   0  10404
375  10404  3   0  0  10404
376  10402  2   0  10402
377  10332  2   4  10328
378  10396  2   0  10396
379  8078  2   1  8077
380  10258  2   1  10257
381  10328  3   0  2  10326
382  8282  3   0  1  8281
383  9840  2   0  9840
384  10324  2   0  10324
385  10334  2   0  10334
386  10376  2   1  10375
387  10236  2   0  10236
388  10404  2   0  10404
389  10374  3   0  0  10374
390  9728  2   1  9727
391  10189  3   0  0  10189
392  9688  2   0  9688
393  10387  3   2  0  10385
394  10386  3   0  0  10386
395  10290  3   0  8  10282
396  10404  3   0  0  10404
397  10402  2   4  10398
398  10296  2   4  10292
399  9618  2   1349  8269
400  9864  2   0  9864
401  10400  2   0  10400
402  10298  2   0  10298
403  10142  2   0  10142
404  10368  2   0  10368
405  10394  3   1  0  10393
406  10176  2   0  10176
407  9988  2   0  9988
408  10189  3   0  0  10189
409  10226  2   2  10224
410  8722  3   0  0  8722
411  8800  2   0  8800
412  10402  2   4  10398
413  10394  2   13  10381
414  10402  2   0  10402
415  10396  2   0  10396
416  8710  2   0  8710
417  8548  2   0  8548
418  10308  2   0  10308
419  10380  2   0  10380
420  8706  2   0  8706

[pop]=2
1  11578  3   0  0  11578
2  11570  2   0  11570
3  10106  3   1  0  10105
4  11546  3   0  0  11546
5  11577  3   0  0  11577
6  11552  4   0  2  0  11550
7  11578  2   1  11577
8  11548  2   0  11548
9  11578  3   0  0  11578
10  9658  4   3  0  0  9655
11  11552  2   0  11552
12  11570  2   0  11570
13  9516  2   0  9516
14  11554  3   0  0  11554
15  11578  2   1  11577
16  11514  2   4  11510
17  11578  3   0  0  11578
18  11578  2   0  11578
19  11554  3   0  0  11554
20  11556  2   6  11550
21  11550  2   0  11550
22  11571  3   0  0  11571
23  11576  2   0  11576
24  11557  3   0  0  11557
25  11572  2   0  11572
26  11534  3   1137  6  10391
27  11571  3   0  0  11571
28  404  2   0  404
29  7503  4   0  0  1  7502
30  11530  2   1  11529
31  11402  2   0  11402
32  11441  4   0  0  0  11441
33  11530  4   0  0  0  11530
34  7262  3   0  0  7262
35  11557  4   0  0  0  11557
36  11578  2   0  11578
37  11536  2   0  11536
38  11577  4   0  0  0  11577
39  11570  4   4  0  0  11566
40  6952  2   0  6952
41  11578  3   0  0  11578
42  11578  2   56  11522
43  11532  3   0  0  11532
44  6582  2   0  6582
45  11560  3   0  8  11552
46  11558  2   0  11558
47  11560  3   0  0  11560
48  11578  2   0  11578
49  11543  3   0  2  11541
50  11571  3   5076  0  6495
51  9144  3   0  0  9144
52  11561  4   0  0  0  11561
53  11578  2   0  11578
54  5998  2   0  5998
55  11561  3   0  3  11558
56  11578  2   0  11578
57  11562  2   0  11562
58  11578  2   299  11279
59  5530  2   2  5528
60  11563  3   0  0  11563
61  11548  2   0  11548
62  11480  2   2  11478
63  11550  3   0  0  11550
64  11573  3   0  0  11573
65  11578  2   0  11578
66  11530  2   565  10965
67  5386  2   9  5377
68  11562  2   4  11558
69  11578  2   1  11577
70  11560  2   0  11560
71  11545  3   0  0  11545
72  11542  2   655  10887
73  11578  3   0  0  11578
74  5312  3   0  0  5312
75  11560  4   0  0  0  11560
76  11577  4   0  0  0  11577
77  11550  4   0  0  0  11550
78  11576  3   0  1  11575
79  11578  3   1  0  11577
80  11562  2   0  11562
81  11578  2   0  11578
82  11512  2   1609  9903
83  10228  2   13  10215
84  11532  3   0  0  11532
85  5108  2   0  5108
86  11562  2   0  11562
87  11578  3   0  0  11578
88  11558  2   0  11558
89  11576  2   0  11576
90  11570  2   0  11570
91  4826  2   0  4826
92  11549  3   0  0  11549
93  11578  2   1  11577
94  11549  3   0  0  11549
95  11576  2   2  11574
96  11553  3   1  0  11552
97  11570  2   1  11569
98  4556  3   1  0  4555
99  11545  3   1  0  11544
100  11576  3   0  1  11575
101  11557  3   0  0  11557
102  11578  2   0  11578
103  11568  2   0  11568
104  4247  3   0  0  4247
105  11578  3   0  0  11578
106  11540  2   0  11540
107  11559  3   0  0  11559
108  11576  2   0  11576
109  11562  2   0  11562
110  11544  3   0  0  11544
111  11542  2   5  11537
112  11504  2   4  11500
113  11562  3   0  2  11560
114  3887  4   0  0  1  3886
115  11543  3   0  5  11538
116  11499  3   0  0  11499
117  11562  3   1  0  11561
118  11576  2   0  11576
119  11578  2   1  11577
120  11562  3   0  0  11562
121  11578  2   0  11578
122  11578  3   0  0  11578
123  11484  2   0  11484
124  10504  2   2  10502
125  11473  3   0  4  11469
126  11539  3   0  268  11271
127  11578  2   0  11578
128  11578  3   0  0  11578
129  11576  3   1  0  11575
130  2528  3   11  0  2517
131  11453  4   0  0  1  11452
132  11254  2   0  11254
133  2618  2   0  2618
134  11446  2   0  11446
135  11562  2   0  11562
136  2630  2   0  2630
137  11578  2   0  11578
138  11556  3   0  0  11556
139  2670  2   14  2656
140  11499  4   0  0  0  11499
141  11578  2   0  11578
142  2729  3   0  0  2729
143  11398  2   0  11398
144  11576  3   0  0  11576
145  2798  2   0  2798
146  11568  3   0  0  11568
147  11578  2   0  11578
148  11552  2   0  11552
149  11578  3   0  0  11578
150  11578  2   0  11578
151  11578  2   0  11578
152  11578  3   0  2  11576
153  2984  2   0  2984
154  11578  2   0  11578
155  11544  3   0  0  11544
156  11576  3   0  0  11576
157  11514  2   1  11513
158  11578  3   0  1  11577
159  11569  4   0  0  1  11568
160  11544  3   1  5  11538
161  11576  2   0  11576
162  11572  2   0  11572
163  11573  3   0  0  11573
164  11572  2   0  11572
165  11561  4   0  0  0  11561
166  11577  3   0  2  11575
167  11558  2   0  11558
168  11576  3   0  0  11576
169  11578  2   2  11576
170  3016  2   6  3010
171  11574  2   11572  2
172  11578  2   0  11578
173  11574  2   1  11573
174  3036  2   0  3036
175  11578  2   0  11578
176  11472  3   0  4  11468
177  11562  2   0  11562
178  11578  2   0  11578
179  11558  2   0  11558
180  11534  2   0  11534
181  10998  2   2  10996
182  11576  2   0  11576
183  3124  2   0  3124
184  11576  2   0  11576
185  11570  2   3449  8121
186  11576  2   0  11576
187  11576  2   2  11574
188  11574  3   0  0  11574
189  3132  2   1  3131
190  11540  2   0  11540
191  11570  2   0  11570
192  11578  2   0  11578
193  11578  2   0  11578
194  11578  2   15  11563
195  11574  2   0  11574
196  11534  2   0  11534
197  11576  3   1  1  11574
198  10928  2   0  10928
199  11515  3   1  0  11514
200  11528  3   1  0  11527
201  11572  2   0  11572
202  11474  2   0  11474
203  2994  2   0  2994
204  10952  2   0  10952
205  11578  2   5  11573
206  11572  3   0  1  11571
207  11574  2   1  11573
208  11576  2   0  11576
209  11578  2   0  11578
210  11504  4   0  0  0  11504
211  11554  2   0  11554
212  11572  2   0  11572
213  11576  2   0  11576
214  11501  3   0  0  11501
215  11574  2   0  11574
216  11574  3   0  0  11574
217  11496  2   2  11494
218  10810  2   4  10806
219  2254  2   0  2254
220  11574  2   3425  8149
221  11492  2   4  11488
222  2074  2   0  2074
223  11576  3   0  66  11510
224  11488  2   0  11488
225  11578  3   0  1  11577
226  1994  2   2  1992
227  11554  2   2  11552
228  11568  2   0  11568
229  1986  2   1  1985
230  11574  5   0  0  1  0  11573
231  11577  4   0  0  4546  7031
232  11550  2   0  11550
233  11552  2   0  11552
234  11578  5   0  0  3  1  11574
235  11236  3   1  1  11234
236  11574  3   1  1  11572
237  11550  2   0  11550
238  11578  2   2  11576
239  10624  2   2  10622
240  11290  4   15  0  0  11275
241  11573  4   1  0  1  11571
242  11426  4   0  0  0  11426
243  11562  2   0  11562
244  11572  3   0  0  11572
245  11500  4   0  0  0  11500
246  11368  2   1  11367
247  11574  2   0  11574
248  11560  2   0  11560
249  11504  2   0  11504
250  11564  3   0  0  11564
251  11566  2   0  11566
252  11466  3   0  0  11466
253  11438  2   0  11438
254  11566  3   0  6  11560
255  11572  2   0  11572
256  11264  2   0  11264
257  2310  2   0  2310
258  11568  2   0  11568
259  11572  2   0  11572
260  11478  2   0  11478
261  11568  2   79  11489
262  11454  2   0  11454
263  11520  2   0  11520
264  11454  3   0  0  11454
265  11478  3   0  1  11477
266  11526  3   0  0  11526
267  11516  2   0  11516
268  11572  2   0  11572
269  11526  2   0  11526
270  11574  2   0  11574
271  11522  2   0  11522
272  11572  2   0  11572
273  11480  2   6  11474
274  11554  2   44  11510
275  11576  2   0  11576
276  11554  3   0  1  11553
277  11526  2   0  11526
278  10807  3   0  0  10807
279  11478  2   0  11478
280  11364  2   0  11364
281  11366  2   0  11366
282  11484  3   0  0  11484
283  11574  2   0  11574
284  11533  4   0  0  0  11533
285  10380  2   0  10380
286  11536  2   0  11536
287  11576  2   0  11576
288  10006  2   0  10006
289  11549  3   0  0  11549
290  11368  2   0  11368
291  11490  2   0  11490
292  2270  2   0  2270
293  9330  2   0  9330
294  11552  3   0  0  11552
295  11574  2   0  11574
296  11577  3   1  0  11576
297  11554  2   0  11554
298  11572  3   0  0  11572
299  11495  3   1  0  11494
300  11576  2   0  11576
301  11564  2   0  11564
302  11557  3   0  1  11556
303  11555  3   4  0  11551
304  11500  2   0  11500
305  11576  2   0  11576
306  11574  2   40  11534
307  11518  3   0  0  11518
308  11577  3   6  0  11571
309  11572  3   0  0  11572
310  11578  2   0  11578
311  11506  2   0  11506
312  11436  2   0  11436
313  11568  2   0  11568
314  11542  3   0  0  11542
315  5664  2   0  5664
316  11574  3   0  1  11573
317  11510  2   2  11508
318  11574  5   0  0  0  0  11574
319  878  2   0  878
320  11578  2   0  11578
321  11576  2   0  11576
322  11574  3   0  0  11574
323  11576  3   0  0  11576
324  11536  2   0  11536
325  11516  2   3  11513
326  11518  2   0  11518
327  11572  2   0  11572
328  11570  3   0  0  11570
329  11154  2   3  11151
330  11386  2   0  11386
331  11572  3   0  1  11571
332  11564  3   0  0  11564
333  11522  2   6  11516
334  11574  2   2  11572
335  11572  2   0  11572
336  11442  2   5  11437
337  11520  2   0  11520
338  11574  2   0  11574
339  11570  3   1  0  11569
340  11442  3   0  0  11442
341  11570  2   0  11570
342  11570  2   0  11570
343  11570  3   0  1  11569
344  11568  2   0  11568
345  11520  2   0  11520
346  11578  2   0  11578
347  11578  2   1  11577
348  11564  3   0  0  11564
349  11520  2   13  11507
350  11521  3   0  12  11509
351  11360  2   0  11360
352  11418  3   2  0  11416
353  11564  2   1  11563
354  11518  2   0  11518
355  11564  2   0  11564
356  11410  3   1  1  11408
357  11554  2   0  11554
358  11520  3   2  0  11518
359  11450  2   0  11450
360  11520  2   1  11519
361  7876  3   0  1  7875
362  11394  3   0  2184  9210
363  11556  3   0  0  11556
364  11519  3   0  0  11519
365  11566  2   0  11566
366  11562  3   0  1  11561
367  7870  2   0  7870
368  11553  4   0  11  0  11542
369  11520  3   0  0  11520
370  11514  3   1  0  11513
371  8214  2   0  8214
372  11550  2   0  11550
373  11520  4   0  0  0  11520
374  11446  2   0  11446
375  11517  3   0  0  11517
376  11578  2   3  11575
377  11562  2   0  11562
378  11574  2   0  11574
379  8376  2   7  8369
380  11354  2   0  11354
381  11560  3   0  0  11560
382  8982  3   0  0  8982
383  11346  2   0  11346
384  11560  2   0  11560
385  11548  2   0  11548
386  11562  2   0  11562
387  11518  2   0  11518
388  11518  2   0  11518
389  11562  3   0  2  11560
390  11306  2   1  11305
391  11307  3   0  0  11307
392  11292  2   0  11292
393  11468  3   0  0  11468
394  11559  3   2  0  11557
395  11477  3   0  0  11477
396  11503  3   0  0  11503
397  11576  2   0  11576
398  11484  2   2  11482
399  10248  2   62  10186
400  11414  2   0  11414
401  11576  2   0  11576
402  11484  2   0  11484
403  11446  2   0  11446
404  11556  2   0  11556
405  11566  3   0  2  11564
406  11470  2   0  11470
407  11460  2   0  11460
408  11478  3   0  0  11478
409  11298  2   0  11298
410  9920  3   0  0  9920
411  10692  2   0  10692
412  11518  2   0  11518
413  11568  2   15  11553
414  11478  2   0  11478
415  11576  2   1  11575
416  9916  2   0  9916
417  10490  2   0  10490
418  11498  2   0  11498
419  11572  2   0  11572
420  9870  2   0  9870

[pop]=3
1  8654  3   0  0  8654
2  8654  2   0  8654
3  7662  3   0  0  7662
4  8624  3   0  0  8624
5  8652  3   0  1  8651
6  8644  4   0  0  0  8644
7  8654  2   0  8654
8  8624  2   0  8624
9  8654  3   0  0  8654
10  7333  4   1  4  0  7328
11  8646  2   0  8646
12  8654  2   0  8654
13  7232  2   0  7232
14  8646  3   0  0  8646
15  8654  2   0  8654
16  8634  2   0  8634
17  8652  3   0  2  8650
18  8652  2   5  8647
19  8626  3   0  0  8626
20  8646  2   0  8646
21  8646  2   0  8646
22  8654  3   0  17  8637
23  8652  2   0  8652
24  8646  3   0  0  8646
25  8650  2   0  8650
26  8608  3   951  0  7657
27  8654  3   0  0  8654
28  656  2   1  655
29  5851  4   0  0  0  5851
30  8640  2   0  8640
31  8470  2   0  8470
32  8613  4   0  0  0  8613
33  8629  4   0  0  0  8629
34  5716  3   0  0  5716
35  8628  4   0  0  0  8628
36  8654  2   0  8654
37  8648  2   0  8648
38  8652  4   0  0  0  8652
39  8654  4   0  0  0  8654
40  5548  2   0  5548
41  8652  3   0  0  8652
42  8654  2   1  8653
43  8632  3   0  0  8632
44  5266  2   0  5266
45  8630  3   0  0  8630
46  8644  2   0  8644
47  8628  3   0  1  8627
48  8654  2   0  8654
49  8642  3   0  0  8642
50  8645  3   4146  0  4499
51  7375  3   0  2  7373
52  8629  4   2  0  0  8627
53  8654  2   2  8652
54  4954  2   6  4948
55  8630  3   0  0  8630
56  8654  2   0  8654
57  8630  2   0  8630
58  8652  2   499  8153
59  4598  2   1  4597
60  8630  3   0  0  8630
61  8614  2   0  8614
62  8598  2   1  8597
63  8640  3   0  0  8640
64  8654  3   0  1  8653
65  8648  2   30  8618
66  8632  2   145  8487
67  4516  2   0  4516
68  8628  2   0  8628
69  8652  2   0  8652
70  8640  2   2  8638
71  8614  3   0  0  8614
72  8636  2   4  8632
73  8650  3   0  0  8650
74  4436  3   0  0  4436
75  8631  4   0  6  1  8624
76  8652  4   3  0  0  8649
77  8641  4   0  1  0  8640
78  8654  3   0  1  8653
79  8652  3   0  0  8652
80  8632  2   0  8632
81  8652  2   0  8652
82  8636  2   803  7833
83  7988  2   0  7988
84  8632  3   0  0  8632
85  4306  2   0  4306
86  8632  2   1  8631
87  8652  3   7  0  8645
88  8638  2   0  8638
89  8654  2   0  8654
90  8652  2   0  8652
91  4134  2   0  4134
92  8644  3   0  0  8644
93  8654  2   0  8654
94  8641  3   0  0  8641
95  8652  2   0  8652
96  8644  3   0  0  8644
97  8600  2   0  8600
98  3900  3   0  0  3900
99  8628  3   0  4  8624
100  8652  3   0  0  8652
101  8646  3   0  5  8641
102  8652  2   0  8652
103  8602  2   0  8602
104  3658  3   0  0  3658
105  8652  3   0  0  8652
106  8648  2   0  8648
107  8648  3   0  0  8648
108  8642  2   0  8642
109  8598  2   0  8598
110  8624  3   1  0  8623
111  8638  2   0  8638
112  8650  2   0  8650
113  8645  3   0  0  8645
114  3345  4   0  0  1  3344
115  8623  3   1  0  8622
116  8650  3   0  1  8649
117  8646  3   0  0  8646
118  8636  2   0  8636
119  8652  2   0  8652
120  8644  3   0  0  8644
121  8638  2   2  8636
122  8652  3   0  23  8629
123  8650  2   0  8650
124  8172  2   0  8172
125  8650  3   0  0  8650
126  8616  3   0  5  8611
127  8654  2   0  8654
128  8652  3   0  0  8652
129  8654  3   0  0  8654
130  2370  3   0  0  2370
131  8648  4   0  1  0  8647
132  8466  2   0  8466
133  2418  2   3  2415
134  8644  2   0  8644
135  8634  2   0  8634
136  2506  2   7  2499
137  8652  2   0  8652
138  8638  3   0  0  8638
139  2562  2   0  2562
140  8595  4   0  4  0  8591
141  8652  2   0  8652
142  2587  3   0  0  2587
143  8568  2   0  8568
144  8654  3   0  0  8654
145  2644  2   1  2643
146  8648  3   0  0  8648
147  8652  2   0  8652
148  8650  2   0  8650
149  8652  3   0  0  8652
150  8652  2   0  8652
151  8652  2   0  8652
152  8654  3   0  0  8654
153  2774  2   1  2773
154  8652  2   0  8652
155  8598  3   3  0  8595
156  8654  3   1  0  8653
157  8648  2   0  8648
158  8652  3   0  0  8652
159  8654  4   0  0  0  8654
160  8598  3   0  0  8598
161  8654  2   0  8654
162  8654  2   0  8654
163  8653  3   0  0  8653
164  8654  2   0  8654
165  8648  4   0  0  0  8648
166  8654  3   0  1  8653
167  8650  2   0  8650
168  8652  3   0  0  8652
169  8652  2   0  8652
170  2796  2   0  2796
171  8650  2   8650  0
172  8652  2   1  8651
173  8652  2   0  8652
174  2810  2   1  2809
175  8652  2   1  8651
176  8620  3   0  0  8620
177  8648  2   1  8647
178  8652  2   0  8652
179  8652  2   0  8652
180  8592  2   0  8592
181  8306  2   0  8306
182  8654  2   0  8654
183  2884  2   0  2884
184  8654  2   4  8650
185  8646  2   3372  5274
186  8652  2   0  8652
187  8652  2   0  8652
188  8654  3   0  0  8654
189  2896  2   3  2893
190  8638  2   0  8638
191  8652  2   0  8652
192  8652  2   0  8652
193  8652  2   0  8652
194  8652  2   0  8652
195  8652  2   0  8652
196  8634  2   0  8634
197  8654  3   0  0  8654
198  8406  2   0  8406
199  8581  3   0  0  8581
200  8632  3   0  0  8632
201  8654  2   0  8654
202  8598  2   2  8596
203  2784  2   7  2777
204  8408  2   0  8408
205  8650  2   0  8650
206  8654  3   0  0  8654
207  8652  2   0  8652
208  8650  2   0  8650
209  8654  2   0  8654
210  8568  4   0  0  0  8568
211  8634  2   1  8633
212  8652  2   0  8652
213  8652  2   2  8650
214  8566  3   0  6  8560
215  8652  2   0  8652
216  8652  3   1  0  8651
217  8562  2   0  8562
218  8362  2   0  8362
219  2196  2   0  2196
220  8644  2   2086  6558
221  8562  2   245  8317
222  2052  2   0  2052
223  8648  3   0  0  8648
224  8556  2   2  8554
225  8654  3   0  0  8654
226  1948  2   0  1948
227  8634  2   0  8634
228  8652  2   0  8652
229  1926  2   0  1926
230  8642  5   0  0  0  0  8642
231  8647  4   0  0  4023  4624
232  8650  2   0  8650
233  8630  2   1  8629
234  8654  5   0  0  0  0  8654
235  8249  3   0  0  8249
236  8652  3   11  1  8640
237  8650  2   0  8650
238  8654  2   1  8653
239  8194  2   0  8194
240  8300  4   0  0  0  8300
241  8651  4   0  0  0  8651
242  8640  4   0  0  1  8639
243  8650  2   0  8650
244  8654  3   5  0  8649
245  8607  4   0  0  2  8605
246  8366  2   0  8366
247  8652  2   0  8652
248  8652  2   0  8652
249  8612  2   0  8612
250  8652  3   3  0  8649
251  8654  2   0  8654
252  8487  3   0  0  8487
253  8578  2   0  8578
254  8654  3   0  6  8648
255  8654  2   0  8654
256  8622  2   2  8620
257  2504  2   2  2502
258  8654  2   0  8654
259  8654  2   1  8653
260  8508  2   3  8505
261  8654  2   0  8654
262  8588  2   0  8588
263  8620  2   0  8620
264  8596  3   0  0  8596
265  8650  3   0  0  8650
266  8623  3   0  0  8623
267  8620  2   0  8620
268  8654  2   2  8652
269  8630  2   7  8623
270  8654  2   0  8654
271  8630  2   0  8630
272  8654  2   1  8653
273  8650  2   0  8650
274  8650  2   0  8650
275  8652  2   0  8652
276  8651  3   0  0  8651
277  8620  2   0  8620
278  8185  3   0  0  8185
279  8648  2   0  8648
280  8546  2   0  8546
281  8632  2   0  8632
282  8648  3   0  0  8648
283  8654  2   0  8654
284  8615  4   0  0  1  8614
285  7954  2   0  7954
286  8552  2   0  8552
287  8654  2   0  8654
288  7628  2   0  7628
289  8559  3   0  0  8559
290  8636  2   0  8636
291  8614  2   0  8614
292  2506  2   0  2506
293  7140  2   0  7140
294  8562  3   0  0  8562
295  8650  2   0  8650
296  8654  3   0  1  8653
297  8648  2   0  8648
298  8654  3   0  0  8654
299  8616  3   0  0  8616
300  8654  2   0  8654
301  8652  2   0  8652
302  8648  3   0  0  8648
303  8565  3   8  1  8556
304  8616  2   0  8616
305  8654  2   0  8654
306  8650  2   0  8650
307  8629  3   1  0  8628
308  8654  3   0  0  8654
309  8654  3   0  0  8654
310  8654  2   3  8651
311  8620  2   0  8620
312  8644  2   0  8644
313  8654  2   0  8654
314  8616  3   0  0  8616
315  4712  2   0  4712
316  8654  3   0  8  8646
317  8620  2   0  8620
318  8654  5   8  0  0  0  8646
319  1244  2   0  1244
320  8654  2   0  8654
321  8654  2   0  8654
322  8654  3   0  0  8654
323  8654  3   1  0  8653
324  8614  2   0  8614
325  8628  2   0  8628
326  8628  2   0  8628
327  8648  2   4  8644
328  8654  3   0  1  8653
329  8418  2   0  8418
330  8602  2   0  8602
331  8648  3   2  0  8646
332  8646  3   0  0  8646
333  8612  2   0  8612
334  8602  2   0  8602
335  8654  2   0  8654
336  8654  2   0  8654
337  8612  2   1  8611
338  8602  2   0  8602
339  8654  3   0  0  8654
340  8654  3   0  0  8654
341  8646  2   0  8646
342  8652  2   2  8650
343  8644  3   0  0  8644
344  8652  2   4  8648
345  8628  2   0  8628
346  8654  2   0  8654
347  8654  2   0  8654
348  8650  3   0  0  8650
349  8628  2   0  8628
350  8649  3   0  0  8649
351  8518  2   5  8513
352  8616  3   0  0  8616
353  8648  2   0  8648
354  8628  2   0  8628
355  8632  2   4  8628
356  8614  3   0  0  8614
357  8646  2   0  8646
358  8626  3   0  0  8626
359  8654  2   0  8654
360  8652  2   0  8652
361  6804  3   1  0  6803
362  8595  3   0  2713  5882
363  8646  3   0  2  8644
364  8652  3   0  0  8652
365  8634  2   0  8634
366  8630  3   0  0  8630
367  6808  2   0  6808
368  8646  4   0  0  0  8646
369  8626  3   1  0  8625
370  8652  3   0  0  8652
371  7002  2   0  7002
372  8646  2   0  8646
373  8625  4   0  0  0  8625
374  8654  2   0  8654
375  8652  3   8  0  8644
376  8654  2   0  8654
377  8632  2   0  8632
378  8650  2   0  8650
379  7128  2   0  7128
380  8560  2   0  8560
381  8629  3   0  0  8629
382  7452  3   0  0  7452
383  8502  2   0  8502
384  8630  2   0  8630
385  8638  2   0  8638
386  8626  2   0  8626
387  8620  2   1  8619
388  8652  2   0  8652
389  8612  3   0  0  8612
390  8482  2   0  8482
391  8527  3   0  0  8527
392  8476  2   0  8476
393  8584  3   0  0  8584
394  8652  3   0  0  8652
395  8616  3   0  0  8616
396  8649  3   0  0  8649
397  8654  2   0  8654
398  8620  2   0  8620
399  8000  2   0  8000
400  8502  2   0  8502
401  8654  2   1  8653
402  8622  2   0  8622
403  8586  2   0  8586
404  8654  2   0  8654
405  8652  3   0  0  8652
406  8592  2   0  8592
407  8546  2   2  8544
408  8590  3   0  0  8590
409  8598  2   0  8598
410  7990  3   0  0  7990
411  8142  2   0  8142
412  8622  2   0  8622
413  8652  2   0  8652
414  8646  2   29  8617
415  8654  2   0  8654
416  7988  2   1  7987
417  8002  2   0  8002
418  8630  2   0  8630
419  8646  2   0  8646
420  7990  2   0  7990

[pop]=4
1  6614  3   0  0  6614
2  6612  2   0  6612
3  5240  3   0  0  5240
4  6572  3   0  0  6572
5  6612  3   0  0  6612
6  6614  4   0  0  0  6614
7  6614  2   0  6614
8  6574  2   0  6574
9  6614  3   0  0  6614
10  5013  4   0  0  0  5013
11  6614  2   0  6614
12  6612  2   0  6612
13  4912  2   0  4912
14  6614  3   0  0  6614
15  6614  2   0  6614
16  6604  2   0  6604
17  6612  3   0  0  6612
18  6612  2   0  6612
19  6594  3   0  0  6594
20  6614  2   0  6614
21  6602  2   0  6602
22  6612  3   0  0  6612
23  6612  2   0  6612
24  6614  3   0  0  6614
25  6612  2   0  6612
26  6586  3   693  8  5885
27  6612  3   0  0  6612
28  52  2   0  52
29  3725  4   0  0  0  3725
30  6604  2   0  6604
31  6560  2   0  6560
32  6382  4   0  0  0  6382
33  6614  4   0  0  0  6614
34  3569  3   0  0  3569
35  6600  4   0  0  0  6600
36  6614  2   0  6614
37  6604  2   0  6604
38  6612  4   0  0  0  6612
39  6612  4   0  0  0  6612
40  3416  2   0  3416
41  6612  3   0  0  6612
42  6614  2   78  6536
43  6614  3   0  0  6614
44  3098  2   4  3094
45  6600  3   0  0  6600
46  6614  2   0  6614
47  6600  3   0  0  6600
48  6614  2   0  6614
49  6593  3   0  0  6593
50  6610  3   2154  0  4456
51  3855  3   0  0  3855
52  6602  4   0  0  0  6602
53  6614  2   0  6614
54  2616  2   0  2616
55  6602  3   0  0  6602
56  6614  2   0  6614
57  6604  2   0  6604
58  6614  2   427  6187
59  2262  2   1  2261
60  6606  3   0  0  6606
61  6608  2   0  6608
62  6600  2   0  6600
63  6592  3   0  0  6592
64  6612  3   0  0  6612
65  6614  2   0  6614
66  6614  2   1548  5066
67  2166  2   0  2166
68  6608  2   0  6608
69  6612  2   0  6612
70  6614  2   0  6614
71  6608  3   0  0  6608
72  6580  2   469  6111
73  6614  3   0  0  6614
74  2160  3   0  0  2160
75  6608  4   0  0  0  6608
76  6612  4   0  0  0  6612
77  6595  4   0  0  0  6595
78  6613  3   0  0  6613
79  6614  3   0  2  6612
80  6608  2   0  6608
81  6614  2   0  6614
82  6598  2   1518  5080
83  4492  2   0  4492
84  6614  3   0  0  6614
85  2186  2   0  2186
86  6608  2   0  6608
87  6614  3   0  0  6614
88  6614  2   0  6614
89  6612  2   0  6612
90  6610  2   0  6610
91  2070  2   0  2070
92  6608  3   0  0  6608
93  6614  2   0  6614
94  6608  3   0  0  6608
95  6614  2   0  6614
96  6603  3   0  0  6603
97  6604  2   0  6604
98  1962  3   0  0  1962
99  6567  3   0  0  6567
100  6614  3   14  0  6600
101  6601  3   0  0  6601
102  6614  2   0  6614
103  6606  2   0  6606
104  1795  3   0  0  1795
105  6614  3   0  0  6614
106  6612  2   0  6612
107  6606  3   1  0  6605
108  6614  2   0  6614
109  6606  2   0  6606
110  6552  3   0  0  6552
111  6608  2   0  6608
112  6602  2   0  6602
113  6610  3   0  0  6610
114  1614  4   0  0  0  1614
115  6541  3   0  0  6541
116  6605  3   0  0  6605
117  6611  3   0  0  6611
118  6614  2   0  6614
119  6612  2   0  6612
120  6611  3   0  0  6611
121  6614  2   0  6614
122  6614  3   0  0  6614
123  6606  2   0  6606
124  4874  2   0  4874
125  6605  3   0  0  6605
126  6493  3   0  368  6125
127  6614  2   0  6614
128  6614  3   0  0  6614
129  6614  3   0  0  6614
130  908  3   0  0  908
131  6600  4   0  0  0  6600
132  6190  2   0  6190
133  972  2   0  972
134  6600  2   0  6600
135  6614  2   0  6614
136  992  2   0  992
137  6614  2   0  6614
138  6612  3   0  0  6612
139  1004  2   0  1004
140  6396  4   0  0  0  6396
141  6614  2   0  6614
142  1029  3   0  0  1029
143  6584  2   0  6584
144  6614  3   0  0  6614
145  1064  2   0  1064
146  6614  3   0  0  6614
147  6614  2   2  6612
148  6612  2   51  6561
149  6614  3   0  0  6614
150  6614  2   0  6614
151  6614  2   0  6614
152  6614  3   0  0  6614
153  1120  2   0  1120
154  6614  2   0  6614
155  6614  3   0  0  6614
156  6614  3   0  0  6614
157  6598  2   0  6598
158  6614  3   0  0  6614
159  6614  4   0  0  0  6614
160  6614  3   0  53  6561
161  6614  2   0  6614
162  6614  2   0  6614
163  6614  3   0  0  6614
164  6614  2   0  6614
165  6608  4   0  0  0  6608
166  6614  3   0  0  6614
167  6610  2   0  6610
168  6614  3   0  0  6614
169  6614  2   0  6614
170  1132  2   0  1132
171  6614  2   6614  0
172  6614  2   0  6614
173  6614  2   0  6614
174  1128  2   0  1128
175  6614  2   0  6614
176  6444  3   0  16  6428
177  6614  2   0  6614
178  6614  2   0  6614
179  6612  2   0  6612
180  6612  2   0  6612
181  6436  2   0  6436
182  6614  2   0  6614
183  1166  2   0  1166
184  6614  2   0  6614
185  6608  2   1699  4909
186  6614  2   0  6614
187  6614  2   0  6614
188  6614  3   0  0  6614
189  1166  2   0  1166
190  6524  2   0  6524
191  6612  2   0  6612
192  6614  2   0  6614
193  6614  2   0  6614
194  6614  2   0  6614
195  6614  2   0  6614
196  6524  2   0  6524
197  6614  3   0  0  6614
198  5638  2   0  5638
199  6610  3   0  0  6610
200  6515  3   0  0  6515
201  6614  2   0  6614
202  6424  2   0  6424
203  1136  2   0  1136
204  5634  2   0  5634
205  6614  2   11  6603
206  6614  3   0  0  6614
207  6614  2   0  6614
208  6612  2   0  6612
209  6614  2   0  6614
210  6608  4   0  0  0  6608
211  6614  2   0  6614
212  6612  2   0  6612
213  6614  2   0  6614
214  6608  3   0  0  6608
215  6614  2   0  6614
216  6614  3   0  0  6614
217  6608  2   0  6608
218  5570  2   0  5570
219  780  2   0  780
220  6612  2   989  5623
221  6602  2   0  6602
222  694  2   0  694
223  6612  3   0  8  6604
224  6598  2   0  6598
225  6614  3   0  0  6614
226  652  2   0  652
227  6612  2   1  6611
228  6610  2   0  6610
229  644  2   0  644
230  6612  5   0  0  0  0  6612
231  6613  4   0  0  2107  4506
232  6614  2   0  6614
233  6612  2   0  6612
234  6614  5   0  0  0  0  6614
235  6440  3   0  0  6440
236  6612  3   0  0  6612
237  6614  2   0  6614
238  6614  2   0  6614
239  5414  2   0  5414
240  6461  4   28  0  0  6433
241  6612  4   0  0  0  6612
242  6573  4   0  0  0  6573
243  6614  2   0  6614
244  6612  3   0  0  6612
245  6535  4   0  0  0  6535
246  6506  2   0  6506
247  6612  2   0  6612
248  6614  2   0  6614
249  6556  2   0  6556
250  6614  3   0  0  6614
251  6614  2   0  6614
252  6550  3   0  0  6550
253  6302  2   0  6302
254  6614  3   0  0  6614
255  6612  2   8  6604
256  6532  2   0  6532
257  1558  2   0  1558
258  6614  2   0  6614
259  6612  2   0  6612
260  6558  2   0  6558
261  6614  2   28  6586
262  6354  2   0  6354
263  6594  2   0  6594
264  6364  3   0  0  6364
265  6592  3   0  0  6592
266  6595  3   0  0  6595
267  6600  2   3  6597
268  6614  2   0  6614
269  6602  2   0  6602
270  6612  2   0  6612
271  6602  2   0  6602
272  6614  2   0  6614
273  6596  2   0  6596
274  6614  2   0  6614
275  6614  2   0  6614
276  6614  3   0  0  6614
277  6608  2   0  6608
278  5479  3   0  0  5479
279  6596  2   0  6596
280  6482  2   0  6482
281  6554  2   0  6554
282  6596  3   0  0  6596
283  6614  2   0  6614
284  6608  4   0  0  0  6608
285  5084  2   0  5084
286  6584  2   0  6584
287  6614  2   0  6614
288  4830  2   0  4830
289  6588  3   0  0  6588
290  6556  2   0  6556
291  6506  2   0  6506
292  1516  2   0  1516
293  4410  2   0  4410
294  6588  3   0  0  6588
295  6614  2   0  6614
296  6614  3   0  0  6614
297  6608  2   0  6608
298  6614  3   0  0  6614
299  6518  3   0  1  6517
300  6614  2   0  6614
301  6614  2   0  6614
302  6609  3   0  0  6609
303  6593  3   0  0  6593
304  6520  2   0  6520
305  6614  2   0  6614
306  6614  2   0  6614
307  6592  3   0  0  6592
308  6614  3   0  0  6614
309  6614  3   0  0  6614
310  6614  2   0  6614
311  6540  2   0  6540
312  6584  2   13  6571
313  6614  2   0  6614
314  6610  3   0  0  6610
315  2774  2   0  2774
316  6614  3   0  0  6614
317  6542  2   0  6542
318  6614  5   0  0  0  0  6614
319  870  2   0  870
320  6612  2   0  6612
321  6614  2   0  6614
322  6614  3   0  0  6614
323  6614  3   0  0  6614
324  6612  2   0  6612
325  6558  2   0  6558
326  6560  2   0  6560
327  6614  2   0  6614
328  6614  3   0  0  6614
329  6246  2   0  6246
330  6532  2   1  6531
331  6614  3   0  0  6614
332  6608  3   0  0  6608
333  6612  2   0  6612
334  6606  2   0  6606
335  6614  2   0  6614
336  6612  2   2  6610
337  6612  2   0  6612
338  6606  2   0  6606
339  6614  3   0  0  6614
340  6612  3   0  0  6612
341  6614  2   0  6614
342  6614  2   0  6614
343  6614  3   0  0  6614
344  6614  2   0  6614
345  6578  2   0  6578
346  6614  2   0  6614
347  6614  2   0  6614
348  6614  3   0  0  6614
349  6574  2   26  6548
350  6602  3   0  3  6599
351  6430  2   0  6430
352  6531  3   0  0  6531
353  6614  2   0  6614
354  6580  2   0  6580
355  6604  2   0  6604
356  6532  3   0  0  6532
357  6610  2   1  6609
358  6571  3   0  0  6571
359  6612  2   0  6612
360  6604  2   0  6604
361  3674  3   0  0  3674
362  6522  3   0  1459  5063
363  6610  3   0  0  6610
364  6604  3   0  0  6604
365  6614  2   0  6614
366  6605  3   0  0  6605
367  3660  2   0  3660
368  6608  4   0  146  0  6462
369  6568  3   0  9  6559
370  6604  3   0  0  6604
371  3800  2   0  3800
372  6602  2   0  6602
373  6567  4   0  0  0  6567
374  6610  2   0  6610
375  6604  3   0  10  6594
376  6614  2   0  6614
377  6614  2   0  6614
378  6614  2   0  6614
379  3858  2   0  3858
380  6514  2   0  6514
381  6614  3   0  3  6611
382  4068  3   0  0  4068
383  6430  2   0  6430
384  6614  2   0  6614
385  6614  2   0  6614
386  6606  2   0  6606
387  6562  2   0  6562
388  6606  2   0  6606
389  6606  3   0  0  6606
390  6382  2   0  6382
391  6502  3   0  0  6502
392  6364  2   0  6364
393  6605  3   0  0  6605
394  6573  3   0  0  6573
395  6607  3   0  0  6607
396  6608  3   0  0  6608
397  6614  2   0  6614
398  6610  2   0  6610
399  5976  2   0  5976
400  6598  2   0  6598
401  6614  2   0  6614
402  6610  2   0  6610
403  6502  2   0  6502
404  6610  2   0  6610
405  6596  3   0  0  6596
406  6526  2   1  6525
407  6608  2   0  6608
408  6537  3   0  0  6537
409  6576  2   0  6576
410  4552  3   0  0  4552
411  5772  2   0  5772
412  6610  2   0  6610
413  6598  2   8  6590
414  6610  2   0  6610
415  6614  2   0  6614
416  4556  2   0  4556
417  5546  2   0  5546
418  6612  2   0  6612
419  6614  2   0  6614
420  4522  2   0  4522

[pop]=5
1  66736  3   1  2  66733
2  66732  2   2  66730
3  58323  3   1  2  58320
4  65948  3   0  0  65948
5  66723  3   0  0  66723
6  66567  4   1  0  9  66557
7  66734  2   1  66733
8  65964  2   3  65961
9  66732  3   0  1  66731
10  56316  4   59  5  1  56251
11  66572  2   1  66571
12  66732  2   2  66730
13  55632  2   2  55630
14  66575  3   0  1  66574
15  66734  2   6  66728
16  66208  2   218  65990
17  66728  3   0  0  66728
18  66728  2   1  66727
19  66043  3   1  0  66042
20  66598  2   61  66537
21  66504  2   0  66504
22  66733  3   2  5  66726
23  66728  2   0  66728
24  66591  3   1  1  66589
25  66690  2   0  66690
26  66404  3   12432  112  53860
27  66734  3   1  1  66732
28  8956  2   0  8956
29  45904  4   1  1  0  45902
30  66320  2   6  66314
31  65484  2   3  65481
32  66041  4   1  0  0  66040
33  66719  4   1  2  0  66716
34  44733  3   0  1  44732
35  66057  4   4  1  7  66045
36  66732  2   2  66730
37  66328  2   14  66314
38  66729  4   11  1  3  66714
39  66736  4   1  1  2  66732
40  43572  2   2  43570
41  66728  3   0  2  66726
42  66732  2   2216  64516
43  66724  3   0  0  66724
44  41328  2   0  41328
45  66089  3   1  91  65997
46  66588  2   0  66588
47  66098  3   1  0  66097
48  66732  2   2  66730
49  66461  3   5  1  66455
50  66731  3   23383  2  43346
51  52555  3   2  0  52553
52  66085  4   0  7  0  66078
53  66734  2   0  66734
54  38472  2   0  38472
55  66099  3   0  0  66099
56  66732  2   22  66710
57  66102  2   2  66100
58  66736  2   2458  64278
59  35948  2   6  35942
60  66101  3   1  0  66100
61  66580  2   4  66576
62  66324  2   0  66324
63  66474  3   1  0  66473
64  66736  3   1  0  66735
65  66730  2   0  66730
66  66724  2   9804  56920
67  35322  2   13  35309
68  66104  2   2  66102
69  66734  2   7  66727
70  66586  2   0  66586
71  66576  3   1  0  66575
72  66436  2   6664  59772
73  66730  3   1  0  66729
74  34981  3   0  2  34979
75  66102  4   1  0  0  66101
76  66733  4   4  3  0  66726
77  66477  4   1  2  0  66474
78  66735  3   0  0  66735
79  66733  3   0  35  66698
80  66106  2   0  66106
81  66734  2   3  66731
82  66598  2   19208  47390
83  57984  2   0  57984
84  66721  3   0  10  66711
85  34268  2   0  34268
86  66100  2   1  66099
87  66732  3   0  2  66730
88  66582  2   15  66567
89  66736  2   2  66734
90  66692  2   2  66690
91  32906  2   2  32904
92  65916  3   0  0  65916
93  66734  2   27  66707
94  65862  3   1  0  65861
95  66734  2   0  66734
96  66513  3   0  2  66511
97  66612  2   2  66610
98  31421  3   8  1  31412
99  65811  3   1  1  65809
100  66735  3   9  7  66719
101  66511  3   0  0  66511
102  66734  2   4  66730
103  66616  2   0  66616
104  29737  3   0  5  29732
105  66734  3   3  10  66721
106  66700  2   2  66698
107  66504  3   1  1  66502
108  66726  2   2  66724
109  66598  2   0  66598
110  65765  3   0  0  65765
111  65438  2   0  65438
112  66572  2   1  66571
113  66506  3   1  0  66505
114  28061  4   3  1  1  28056
115  65743  3   0  52  65691
116  66573  3   0  0  66573
117  66499  3   5  2  66492
118  66722  2   0  66722
119  66736  2   0  66736
120  66489  3   0  0  66489
121  66728  2   0  66728
122  66738  3   1  2  66735
123  66566  2   3  66563
124  59730  2   0  59730
125  66558  3   0  0  66558
126  65597  3   1  2961  62635
127  66734  2   2  66732
128  66734  3   2  1  66731
129  66724  3   0  1  66723
130  20411  3   4  3  20404
131  66504  4   1  3  0  66500
132  63976  2   6  63970
133  20836  2   0  20836
134  66486  2   0  66486
135  66266  2   1  66265
136  21068  2   1  21067
137  66736  2   7  66729
138  66649  3   1  1  66647
139  21338  2   3  21335
140  65278  4   1  1  1  65275
141  66734  2   2  66732
142  21635  3   3  0  21632
143  65022  2   2  65020
144  66726  3   3  0  66723
145  22014  2   1  22013
146  66486  3   0  1  66485
147  66734  2   0  66734
148  66726  2   10  66716
149  66736  3   1  0  66735
150  66732  2   3  66729
151  66736  2   13  66723
152  66736  3   1  3  66732
153  22736  2   1  22735
154  66734  2   0  66734
155  65478  3   0  1  65477
156  66728  3   0  1  66727
157  65760  2   2  65758
158  66734  3   0  0  66734
159  66718  4   2  1  0  66715
160  65470  3   0  77  65393
161  66726  2   2  66724
162  66724  2   2  66722
163  66724  3   1  1  66722
164  66718  2   0  66718
165  66337  4   1  1  0  66335
166  66722  3   1  0  66721
167  66682  2   12  66670
168  66722  3   0  2  66720
169  66736  2   0  66736
170  22868  2   0  22868
171  66616  2   66616  0
172  66732  2   3  66729
173  66724  2   6  66718
174  22914  2   0  22914
175  66730  2   2  66728
176  65918  3   0  169  65749
177  66394  2   24  66370
178  66728  2   0  66728
179  66734  2   2  66732
180  65054  2   0  65054
181  62332  2   0  62332
182  66718  2   2  66716
183  23342  2   2  23340
184  66700  2   0  66700
185  66692  2   18491  48201
186  66722  2   4  66718
187  66736  2   0  66736
188  66717  3   0  0  66717
189  23338  2   0  23338
190  65988  2   1  65987
191  66694  2   0  66694
192  66734  2   0  66734
193  66732  2   3  66729
194  66734  2   14  66720
195  66716  2   2  66714
196  65966  2   1  65965
197  66677  3   1  0  66676
198  63584  2   0  63584
199  64510  3   18  0  64492
200  65950  3   0  1  65949
201  66722  2   3  66719
202  65788  2   0  65788
203  22516  2   0  22516
204  63682  2   3  63679
205  66730  2   108  66622
206  66538  3   0  0  66538
207  66708  2   0  66708
208  66736  2   3  66733
209  66732  2   5  66727
210  64026  4   1  4  1  64020
211  66410  2   0  66410
212  66692  2   2  66690
213  66702  2   2  66700
214  64006  3   0  0  64006
215  66716  2   0  66716
216  66686  3   0  1  66685
217  63980  2   0  63980
218  63210  2   5  63205
219  18084  2   2  18082
220  66672  2   10128  56544
221  63930  2   7  63923
222  16946  2   0  16946
223  66727  3   1  413  66313
224  63850  2   0  63850
225  66737  3   1  7  66729
226  16234  2   1  16233
227  66418  2   49  66369
228  66684  2   4  66680
229  16074  2   0  16074
230  66720  5   2  1  4  1  66712
231  66735  4   1  1  21866  44867
232  66588  2   2  66586
233  66416  2   0  66416
234  66740  5   0  1  0  0  66739
235  64615  3   0  4  64611
236  66712  3   2  0  66710
237  66598  2   0  66598
238  66740  2   0  66740
239  62224  2   44  62180
240  64961  4   289  1  1  64670
241  66709  4   3  1  1  66704
242  66285  4   1  1  0  66283
243  66694  2   2  66692
244  66719  3   0  1  66718
245  64933  4   1  1  0  64931
246  65480  2   0  65480
247  66700  2   2  66698
248  66624  2   0  66624
249  65096  2   0  65096
250  66632  3   0  1  66631
251  66712  2   0  66712
252  66130  3   2  3  66125
253  64526  2   1  64525
254  66713  3   35  80  66598
255  66728  2   1  66727
256  65916  2   0  65916
257  17012  2   0  17012
258  66714  2   0  66714
259  66734  2   0  66734
260  66284  2   0  66284
261  66660  2   925  65735
262  64726  2   1  64725
263  66526  2   1  66525
264  64770  3   0  0  64770
265  66554  3   1  0  66553
266  66558  3   1  0  66557
267  65492  2   32  65460
268  66724  2   0  66724
269  66578  2   1  66577
270  66738  2   0  66738
271  66584  2   4  66580
272  66686  2   5  66681
273  66552  2   0  66552
274  66666  2   15  66651
275  66730  2   0  66730
276  66666  3   1  0  66665
277  65728  2   0  65728
278  61577  3   1  0  61576
279  66552  2   2  66550
280  65866  2   3  65863
281  66288  2   2  66286
282  66546  3   0  1  66545
283  66738  2   2  66736
284  65786  4   1  5  0  65780
285  59558  2   1  59557
286  66594  2   0  66594
287  66740  2   7  66733
288  57744  2   0  57744
289  66620  3   0  0  66620
290  66308  2   3  66305
291  65310  2   0  65310
292  16760  2   2  16758
293  54394  2   2  54392
294  66642  3   2  0  66640
295  66726  2   0  66726
296  66738  3   0  0  66738
297  66666  2   2  66664
298  66702  3   0  1  66701
299  65342  3   0  3  65339
300  66734  2   3  66731
301  66702  2   3  66699
302  66669  3   0  1  66668
303  66654  3   7  0  66647
304  65346  2   3  65343
305  66734  2   1  66733
306  66724  2   22  66702
307  66542  3   0  1  66541
308  66739  3   1  1  66737
309  66704  3   1  0  66703
310  66740  2   0  66740
311  65414  2   0  65414
312  66334  2   0  66334
313  66704  2   2  66702
314  65873  3   0  0  65873
315  37834  2   3  37831
316  66708  3   0  0  66708
317  65464  2   0  65464
318  66706  5   0  0  1  0  66705
319  11826  2   0  11826
320  66718  2   3  66715
321  66740  2   2  66738
322  66703  3   7  5  66691
323  66740  3   0  0  66740
324  65802  2   0  65802
325  65512  2   4  65508
326  65500  2   0  65500
327  66690  2   0  66690
328  66702  3   10  0  66692
329  63710  2   5  63705
330  66274  2   1  66273
331  66689  3   0  0  66689
332  66666  3   1  1  66664
333  65474  2   4  65470
334  66698  2   2  66696
335  66696  2   2  66694
336  66714  2   99  66615
337  65432  2   1  65431
338  66698  2   0  66698
339  66691  3   0  1  66690
340  66720  3   0  0  66720
341  66676  2   8  66668
342  66678  2   4  66674
343  66669  3   2  1  66666
344  66670  2   0  66670
345  65578  2   3  65575
346  66740  2   12  66728
347  66740  2   5  66735
348  66667  3   1  2  66664
349  65568  2   88  65480
350  66638  3   1  187  66450
351  64788  2   0  64788
352  66385  3   0  0  66385
353  66664  2   3  66661
354  65564  2   2  65562
355  66652  2   1  66651
356  66350  3   2  0  66348
357  66608  2   15  66593
358  65551  3   0  0  65551
359  66718  2   0  66718
360  66682  2   2  66680
361  50200  3   0  0  50200
362  66253  3   0  21289  44964
363  66612  3   1  0  66611
364  66692  3   4  0  66688
365  66606  2   0  66606
366  66639  3   0  0  66639
367  50276  2   10  50266
368  66579  4   0  416  0  66163
369  65542  3   0  4  65538
370  66692  3   0  2  66690
371  51654  2   1  51653
372  66562  2   0  66562
373  65532  4   1  1  1  65529
374  66700  2   0  66700
375  66697  3   2  3  66692
376  66740  2   2  66738
377  66582  2   0  66582
378  66512  2   2  66510
379  52422  2   49  52373
380  66002  2   8  65994
381  66570  3   2  1  66567
382  54740  3   1  0  54739
383  64734  2   2  64732
384  66566  2   4  66562
385  66554  2   2  66552
386  66582  2   1  66581
387  65498  2   1  65497
388  66706  2   3  66703
389  66549  3   3  1  66545
390  64364  2   0  64364
391  65693  3   2  1  65690
392  64230  2   0  64230
393  66350  3   0  0  66350
394  66685  3   0  0  66685
395  66413  3   1  0  66412
396  66703  3   0  1  66702
397  66702  2   0  66702
398  66438  2   97  66341
399  60904  2   47  60857
400  65612  2   3  65609
401  66700  2   4  66696
402  66446  2   2  66444
403  64962  2   3  64959
404  66714  2   2  66712
405  66697  3   4  0  66693
406  65086  2   4  65082
407  65866  2   0  65866
408  65147  3   1  1  65145
409  66044  2   0  66044
410  59220  3   0  5  59215
411  60330  2   2  60328
412  66640  2   0  66640
413  66690  2   450  66240
414  66672  2   0  66672
415  66652  2   1  66651
416  59160  2   1  59159
417  59038  2   2  59036
418  66508  2   2  66506
419  66672  2   3  66669
420  58944  2   2  58942

[pop]=6
1  908  3   0  0  908
2  908  2   0  908
3  782  3   0  0  782
4  898  3   0  0  898
5  908  3   0  0  908
6  904  4   0  0  0  904
7  908  2   0  908
8  898  2   1  897
9  908  3   0  0  908
10  753  4   0  0  0  753
11  904  2   0  904
12  908  2   0  908
13  732  2   0  732
14  904  3   1  0  903
15  908  2   0  908
16  902  2   0  902
17  908  3   0  0  908
18  908  2   0  908
19  898  3   0  0  898
20  904  2   1  903
21  904  2   0  904
22  908  3   0  0  908
23  908  2   0  908
24  902  3   0  0  902
25  908  2   0  908
26  904  3   140  1  763
27  908  3   0  0  908
28  200  2   0  200
29  591  4   0  0  0  591
30  902  2   1  901
31  900  2   0  900
32  887  4   0  0  0  887
33  908  4   0  0  0  908
34  575  3   0  0  575
35  896  4   0  0  0  896
36  908  2   0  908
37  902  2   0  902
38  908  4   0  0  0  908
39  908  4   0  0  0  908
40  556  2   0  556
41  908  3   0  0  908
42  908  2   20  888
43  908  3   0  0  908
44  520  2   0  520
45  896  3   0  1  895
46  902  2   0  902
47  896  3   0  0  896
48  908  2   0  908
49  902  3   0  0  902
50  908  3   352  0  556
51  657  3   0  0  657
52  896  4   0  0  0  896
53  908  2   0  908
54  492  2   0  492
55  897  3   0  0  897
56  908  2   0  908
57  898  2   0  898
58  908  2   32  876
59  460  2   0  460
60  898  3   0  0  898
61  908  2   0  908
62  906  2   0  906
63  904  3   0  0  904
64  908  3   0  0  908
65  908  2   1  907
66  908  2   111  797
67  446  2   1  445
68  898  2   0  898
69  908  2   0  908
70  904  2   0  904
71  908  3   0  1  907
72  904  2   71  833
73  908  3   0  0  908
74  441  3   0  0  441
75  898  4   0  0  0  898
76  908  4   0  0  0  908
77  904  4   0  0  0  904
78  908  3   0  0  908
79  908  3   0  0  908
80  898  2   0  898
81  908  2   0  908
82  908  2   220  688
83  742  2   0  742
84  908  3   0  0  908
85  436  2   0  436
86  898  2   0  898
87  908  3   0  0  908
88  906  2   0  906
89  908  2   0  908
90  906  2   0  906
91  416  2   0  416
92  884  3   0  0  884
93  908  2   0  908
94  880  3   0  0  880
95  908  2   0  908
96  905  3   0  0  905
97  908  2   0  908
98  402  3   0  0  402
99  892  3   0  0  892
100  908  3   0  0  908
101  905  3   0  0  905
102  908  2   0  908
103  908  2   0  908
104  386  3   0  0  386
105  908  3   0  0  908
106  908  2   0  908
107  906  3   0  0  906
108  908  2   0  908
109  908  2   0  908
110  890  3   0  0  890
111  864  2   0  864
112  902  2   1  901
113  904  3   0  0  904
114  370  4   0  0  0  370
115  888  3   0  2  886
116  902  3   0  0  902
117  904  3   0  0  904
118  908  2   0  908
119  908  2   0  908
120  904  3   0  0  904
121  908  2   0  908
122  908  3   0  0  908
123  902  2   0  902
124  764  2   0  764
125  902  3   0  0  902
126  885  3   0  24  861
127  908  2   0  908
128  906  3   0  0  906
129  906  3   0  0  906
130  277  3   0  0  277
131  901  4   0  0  0  901
132  854  2   0  854
133  280  2   0  280
134  904  2   0  904
135  900  2   0  900
136  282  2   0  282
137  908  2   0  908
138  908  3   0  0  908
139  290  2   1  289
140  879  4   0  0  0  879
141  908  2   0  908
142  293  3   0  0  293
143  896  2   0  896
144  906  3   0  0  906
145  294  2   0  294
146  906  3   0  0  906
147  908  2   0  908
148  908  2   2  906
149  908  3   0  0  908
150  908  2   0  908
151  908  2   0  908
152  908  3   0  0  908
153  314  2   0  314
154  908  2   0  908
155  894  3   0  0  894
156  906  3   0  0  906
157  900  2   0  900
158  908  3   0  0  908
159  908  4   0  0  0  908
160  894  3   0  2  892
161  906  2   0  906
162  908  2   0  908
163  908  3   0  0  908
164  908  2   0  908
165  905  4   0  0  0  905
166  908  3   0  0  908
167  904  2   0  904
168  908  3   0  1  907
169  908  2   0  908
170  324  2   0  324
171  906  2   906  0
172  908  2   0  908
173  908  2   0  908
174  320  2   0  320
175  908  2   0  908
176  894  3   0  0  894
177  904  2   0  904
178  908  2   0  908
179  908  2   0  908
180  892  2   0  892
181  862  2   0  862
182  906  2   0  906
183  318  2   0  318
184  908  2   0  908
185  904  2   246  658
186  908  2   0  908
187  908  2   0  908
188  906  3   0  0  906
189  320  2   0  320
190  894  2   0  894
191  906  2   0  906
192  908  2   0  908
193  908  2   0  908
194  908  2   2  906
195  906  2   0  906
196  892  2   0  892
197  905  3   0  0  905
198  828  2   0  828
199  886  3   0  0  886
200  892  3   0  0  892
201  908  2   0  908
202  894  2   0  894
203  312  2   0  312
204  830  2   0  830
205  908  2   2  906
206  904  3   1  0  903
207  908  2   0  908
208  908  2   0  908
209  908  2   0  908
210  882  4   0  0  0  882
211  904  2   1  903
212  906  2   0  906
213  908  2   0  908
214  880  3   0  0  880
215  906  2   0  906
216  908  3   0  0  908
217  880  2   1  879
218  822  2   1  821
219  266  2   0  266
220  908  2   189  719
221  878  2   4  874
222  256  2   0  256
223  908  3   0  7  901
224  878  2   0  878
225  908  3   0  0  908
226  248  2   0  248
227  906  2   0  906
228  906  2   0  906
229  244  2   0  244
230  908  5   0  0  0  0  908
231  908  4   0  0  326  582
232  908  2   0  908
233  906  2   0  906
234  908  5   0  0  0  0  908
235  889  3   0  0  889
236  906  3   0  0  906
237  908  2   0  908
238  908  2   1  907
239  812  2   0  812
240  893  4   0  0  0  893
241  906  4   0  0  0  906
242  904  4   0  0  0  904
243  908  2   0  908
244  908  3   0  0  908
245  871  4   0  0  0  871
246  896  2   0  896
247  906  2   0  906
248  908  2   1  907
249  882  2   0  882
250  908  3   0  0  908
251  908  2   0  908
252  904  3   0  0  904
253  856  2   0  856
254  908  3   0  8  900
255  908  2   0  908
256  898  2   0  898
257  348  2   0  348
258  908  2   0  908
259  908  2   0  908
260  904  2   0  904
261  908  2   6  902
262  856  2   0  856
263  904  2   1  903
264  856  3   0  0  856
265  904  3   0  0  904
266  904  3   0  0  904
267  894  2   0  894
268  908  2   0  908
269  904  2   0  904
270  908  2   0  908
271  904  2   0  904
272  908  2   0  908
273  904  2   0  904
274  908  2   0  908
275  908  2   0  908
276  908  3   0  0  908
277  896  2   0  896
278  796  3   0  0  796
279  904  2   0  904
280  890  2   0  890
281  902  2   0  902
282  904  3   0  0  904
283  908  2   0  908
284  894  4   0  0  0  894
285  762  2   0  762
286  904  2   0  904
287  908  2   0  908
288  732  2   0  732
289  904  3   0  0  904
290  902  2   0  902
291  872  2   0  872
292  336  2   0  336
293  690  2   0  690
294  906  3   0  0  906
295  908  2   0  908
296  908  3   0  0  908
297  908  2   0  908
298  908  3   0  0  908
299  874  3   0  0  874
300  908  2   0  908
301  908  2   0  908
302  908  3   0  0  908
303  906  3   0  0  906
304  876  2   0  876
305  908  2   0  908
306  908  2   2  906
307  904  3   0  0  904
308  908  3   0  0  908
309  908  3   0  0  908
310  908  2   0  908
311  880  2   0  880
312  902  2   3  899
313  908  2   0  908
314  896  3   0  0  896
315  494  2   0  494
316  906  3   0  0  906
317  880  2   0  880
318  906  5   0  0  0  0  906
319  260  2   0  260
320  908  2   0  908
321  908  2   0  908
322  906  3   0  0  906
323  908  3   0  0  908
324  896  2   0  896
325  880  2   0  880
326  882  2   0  882
327  908  2   0  908
328  908  3   0  0  908
329  856  2   1  855
330  902  2   0  902
331  908  3   0  0  908
332  906  3   0  0  906
333  886  2   1  885
334  906  2   0  906
335  906  2   0  906
336  908  2   0  908
337  882  2   0  882
338  906  2   0  906
339  906  3   0  0  906
340  908  3   0  0  908
341  906  2   0  906
342  904  2   0  904
343  905  3   0  0  905
344  904  2   0  904
345  884  2   0  884
346  908  2   0  908
347  908  2   0  908
348  904  3   0  0  904
349  884  2   1  883
350  906  3   0  0  906
351  876  2   0  876
352  902  3   0  0  902
353  904  2   0  904
354  886  2   0  886
355  906  2   0  906
356  902  3   0  0  902
357  904  2   0  904
358  883  3   0  0  883
359  908  2   0  908
360  906  2   0  906
361  652  3   0  0  652
362  902  3   0  322  580
363  904  3   0  0  904
364  906  3   0  0  906
365  906  2   0  906
366  906  3   0  0  906
367  656  2   0  656
368  904  4   0  4  0  900
369  884  3   0  0  884
370  906  3   0  0  906
371  668  2   0  668
372  904  2   0  904
373  884  4   0  0  0  884
374  908  2   0  908
375  908  3   0  1  907
376  908  2   0  908
377  906  2   0  906
378  906  2   1  905
379  674  2   0  674
380  898  2   0  898
381  906  3   0  0  906
382  694  3   0  0  694
383  880  2   0  880
384  906  2   0  906
385  906  2   0  906
386  906  2   0  906
387  884  2   0  884
388  908  2   0  908
389  906  3   0  0  906
390  876  2   0  876
391  894  3   0  0  894
392  876  2   0  876
393  908  3   0  0  908
394  906  3   0  0  906
395  902  3   0  0  902
396  908  3   0  0  908
397  906  2   0  906
398  902  2   0  902
399  828  2   2  826
400  892  2   0  892
401  906  2   0  906
402  904  2   0  904
403  878  2   0  878
404  906  2   0  906
405  906  3   0  0  906
406  878  2   0  878
407  892  2   0  892
408  876  3   0  0  876
409  902  2   0  902
410  736  3   0  0  736
411  802  2   0  802
412  908  2   0  908
413  906  2   5  901
414  908  2   0  908
415  906  2   0  906
416  734  2   0  734
417  778  2   0  778
418  902  2   0  902
419  908  2   0  908
420  730  2   0  730

[pop]=7
1  16512  3   0  0  16512
2  16510  2   0  16510
3  15197  3   0  0  15197
4  16506  3   0  1  16505
5  16512  3   1  0  16511
6  16480  4   0  0  0  16480
7  16512  2   0  16512
8  16506  2   0  16506
9  16512  3   0  0  16512
10  14911  4   1  0  0  14910
11  16482  2   2  16480
12  16510  2   0  16510
13  14798  2   3  14795
14  16482  3   0  0  16482
15  16512  2   0  16512
16  16120  2   0  16120
17  16511  3   0  0  16511
18  16512  2   0  16512
19  16508  3   0  7  16501
20  16480  2   4  16476
21  16504  2   12  16492
22  16512  3   0  0  16512
23  16512  2   2  16510
24  16481  3   0  0  16481
25  16508  2   0  16508
26  16508  3   2182  11  14315
27  16512  3   0  0  16512
28  7550  2   1  7549
29  13505  4   0  0  0  13505
30  16138  2   0  16138
31  16300  2   0  16300
32  16297  4   0  0  0  16297
33  16508  4   0  0  1  16507
34  13345  3   1  0  13344
35  16508  4   0  1  4  16503
36  16512  2   0  16512
37  16118  2   0  16118
38  16512  4   0  0  0  16512
39  16512  4   1  0  1  16510
40  13192  2   0  13192
41  16512  3   0  0  16512
42  16512  2   722  15790
43  16510  3   1  0  16509
44  12914  2   0  12914
45  16507  3   0  39  16468
46  16488  2   1  16487
47  16508  3   0  0  16508
48  16512  2   0  16512
49  16508  3   0  0  16508
50  16512  3   5295  0  11217
51  13496  3   0  0  13496
52  16508  4   0  0  1  16507
53  16512  2   0  16512
54  12554  2   0  12554
55  16508  3   1  0  16507
56  16512  2   0  16512
57  16508  2   0  16508
58  16512  2   1226  15286
59  12236  2   3  12233
60  16508  3   0  1  16507
61  16500  2   0  16500
62  16416  2   0  16416
63  16508  3   0  0  16508
64  16512  3   0  0  16512
65  16512  2   1  16511
66  16510  2   1740  14770
67  12136  2   0  12136
68  16508  2   0  16508
69  16512  2   47  16465
70  16488  2   0  16488
71  16500  3   0  0  16500
72  16508  2   1366  15142
73  16512  3   0  0  16512
74  12078  3   0  0  12078
75  16508  4   0  0  0  16508
76  16511  4   0  0  3  16508
77  16510  4   0  3  1  16506
78  16512  3   0  0  16512
79  16512  3   0  2  16510
80  16508  2   2  16506
81  16512  2   0  16512
82  16482  2   3481  13001
83  14306  2   0  14306
84  16510  3   0  11  16499
85  11886  2   3  11883
86  16508  2   0  16508
87  16512  3   0  0  16512
88  16488  2   0  16488
89  16512  2   0  16512
90  16512  2   0  16512
91  11690  2   0  11690
92  14512  3   1  1  14510
93  16512  2   0  16512
94  14351  3   0  1  14350
95  16512  2   0  16512
96  16509  3   0  0  16509
97  16502  2   0  16502
98  11440  3   0  0  11440
99  16506  3   0  0  16506
100  16512  3   0  47  16465
101  16509  3   0  0  16509
102  16512  2   1  16511
103  16500  2   0  16500
104  11137  3   25  1  11111
105  16512  3   1  3  16508
106  16504  2   0  16504
107  16510  3   1  0  16509
108  16512  2   0  16512
109  16496  2   2  16494
110  16505  3   0  1  16504
111  13134  2   0  13134
112  16340  2   0  16340
113  16509  3   0  0  16509
114  10856  4   1  0  0  10855
115  16504  3   0  0  16504
116  16344  3   1  0  16343
117  16511  3   0  0  16511
118  16512  2   0  16512
119  16512  2   0  16512
120  16512  3   3  1  16508
121  16512  2   0  16512
122  16512  3   0  7  16505
123  16338  2   0  16338
124  14674  2   0  14674
125  16334  3   0  0  16334
126  16498  3   0  322  16176
127  16510  2   0  16510
128  16512  3   0  0  16512
129  16506  3   0  0  16506
130  9060  3   1  0  9059
131  16307  4   1  13  0  16293
132  15842  2   0  15842
133  9144  2   0  9144
134  16296  2   2  16294
135  16512  2   0  16512
136  9174  2   0  9174
137  16512  2   0  16512
138  16502  3   0  0  16502
139  9174  2   1  9173
140  16469  4   1  1  0  16467
141  16512  2   0  16512
142  9229  3   0  1  9228
143  16190  2   0  16190
144  16508  3   0  1  16507
145  9244  2   1  9243
146  16510  3   1  0  16509
147  16510  2   0  16510
148  16510  2   0  16510
149  16512  3   0  0  16512
150  16512  2   0  16512
151  16512  2   0  16512
152  16510  3   1  0  16509
153  9322  2   0  9322
154  16512  2   0  16512
155  16504  3   0  0  16504
156  16508  3   0  1  16507
157  16370  2   1  16369
158  16512  3   0  0  16512
159  16512  4   0  0  0  16512
160  16504  3   0  0  16504
161  16508  2   0  16508
162  16512  2   1  16511
163  16512  3   0  0  16512
164  16512  2   0  16512
165  16479  4   0  0  1  16478
166  16510  3   0  11  16499
167  16500  2   0  16500
168  16512  3   0  27  16485
169  16512  2   0  16512
170  9358  2   0  9358
171  16512  2   16512  0
172  16512  2   0  16512
173  16512  2   0  16512
174  9368  2   4  9364
175  16512  2   1  16511
176  16480  3   1  0  16479
177  16508  2   6  16502
178  16512  2   0  16512
179  16510  2   0  16510
180  16496  2   0  16496
181  15554  2   0  15554
182  16506  2   0  16506
183  9464  2   0  9464
184  16510  2   0  16510
185  16504  2   2804  13700
186  16512  2   0  16512
187  16512  2   0  16512
188  16508  3   1  0  16507
189  9466  2   0  9466
190  16504  2   0  16504
191  16504  2   0  16504
192  16512  2   0  16512
193  16512  2   0  16512
194  16512  2   1  16511
195  16508  2   0  16508
196  16504  2   0  16504
197  16496  3   0  0  16496
198  15166  2   0  15166
199  16483  3   1  1  16481
200  16504  3   2  0  16502
201  16512  2   0  16512
202  16484  2   0  16484
203  9394  2   0  9394
204  15204  2   0  15204
205  16512  2   0  16512
206  16270  3   16  0  16254
207  16512  2   10  16502
208  16512  2   0  16512
209  16512  2   0  16512
210  16456  4   0  0  0  16456
211  16506  2   0  16506
212  16504  2   0  16504
213  16512  2   0  16512
214  16455  3   1  0  16454
215  16504  2   0  16504
216  16512  3   0  0  16512
217  16450  2   0  16450
218  15094  2   0  15094
219  8930  2   0  8930
220  16510  2   4868  11642
221  16446  2   595  15851
222  8808  2   1  8807
223  16510  3   1  3  16506
224  16428  2   0  16428
225  16510  3   0  0  16510
226  8770  2   0  8770
227  16506  2   8  16498
228  16504  2   0  16504
229  8760  2   1  8759
230  16508  5   0  2  5  0  16501
231  16510  4   0  0  5063  11447
232  16496  2   0  16496
233  16506  2   12  16494
234  16510  5   1  0  0  0  16509
235  16203  3   0  0  16203
236  16502  3   1  0  16501
237  16498  2   7  16491
238  16510  2   0  16510
239  14916  2   11  14905
240  16249  4   18  0  0  16231
241  16500  4   0  0  0  16500
242  16375  4   0  0  0  16375
243  16498  2   14  16484
244  16512  3   5  0  16507
245  14481  4   0  0  0  14481
246  16332  2   0  16332
247  16502  2   0  16502
248  16498  2   28  16470
249  14838  2   10  14828
250  16498  3   0  0  16498
251  16502  2   0  16502
252  16441  3   0  0  16441
253  16458  2   0  16458
254  16504  3   0  253  16251
255  16512  2   0  16512
256  16298  2   0  16298
257  8948  2   0  8948
258  16504  2   9  16495
259  16512  2   1  16511
260  16454  2   0  16454
261  16502  2   108  16394
262  16478  2   2  16476
263  16456  2   0  16456
264  16478  3   3  1  16474
265  16454  3   0  0  16454
266  16466  3   0  1  16465
267  15516  2   3  15513
268  16508  2   0  16508
269  16468  2   0  16468
270  16512  2   8  16504
271  16472  2   1  16471
272  16508  2   0  16508
273  16462  2   0  16462
274  16502  2   0  16502
275  16510  2   3  16507
276  16502  3   0  0  16502
277  15916  2   4  15912
278  15641  3   0  0  15641
279  16460  2   0  16460
280  16404  2   1  16403
281  16412  2   0  16412
282  16460  3   1  0  16459
283  16512  2   0  16512
284  16015  4   0  0  0  16015
285  15078  2   6  15072
286  16496  2   0  16496
287  16512  2   0  16512
288  14652  2   0  14652
289  16499  3   1  50  16448
290  16426  2   0  16426
291  16486  2   0  16486
292  8876  2   0  8876
293  13878  2   0  13878
294  16500  3   0  0  16500
295  16504  2   0  16504
296  16512  3   1  2  16509
297  16504  2   0  16504
298  16512  3   0  0  16512
299  16486  3   0  0  16486
300  16508  2   0  16508
301  16508  2   0  16508
302  16504  3   0  0  16504
303  16503  3   13  0  16490
304  16490  2   0  16490
305  16508  2   0  16508
306  16504  2   0  16504
307  16490  3   0  0  16490
308  16512  3   11  0  16501
309  16512  3   0  1  16511
310  16512  2   1  16511
311  16492  2   0  16492
312  16394  2   0  16394
313  16508  2   7  16501
314  15935  3   0  0  15935
315  11134  2   0  11134
316  16512  3   1  0  16511
317  16494  2   0  16494
318  16512  5   1  1  0  0  16510
319  7782  2   0  7782
320  16510  2   0  16510
321  16512  2   0  16512
322  16512  3   1  0  16511
323  16512  3   0  1  16511
324  15462  2   2  15460
325  16496  2   1  16495
326  16494  2   0  16494
327  16502  2   0  16502
328  16510  3   1  0  16509
329  15570  2   0  15570
330  16392  2   0  16392
331  16500  3   0  0  16500
332  16500  3   0  0  16500
333  14444  2   1  14443
334  16506  2   0  16506
335  16512  2   0  16512
336  16510  2   1  16509
337  14260  2   1  14259
338  16506  2   2  16504
339  16512  3   0  0  16512
340  16510  3   1  0  16509
341  16498  2   3  16495
342  16512  2   0  16512
343  16497  3   0  1  16496
344  16512  2   0  16512
345  16504  2   0  16504
346  16510  2   0  16510
347  16512  2   3  16509
348  16512  3   0  0  16512
349  16504  2   1  16503
350  16497  3   0  27  16470
351  16006  2   0  16006
352  16430  3   0  2  16428
353  16512  2   0  16512
354  16504  2   0  16504
355  16502  2   0  16502
356  16418  3   0  0  16418
357  16506  2   0  16506
358  16504  3   0  0  16504
359  16510  2   2  16508
360  16508  2   0  16508
361  12912  3   0  1  12911
362  16412  3   5  5541  10866
363  16506  3   0  0  16506
364  16510  3   3  1  16506
365  16496  2   1  16495
366  16497  3   1  0  16496
367  12932  2   1  12931
368  16506  4   1  3  1  16501
369  16504  3   0  0  16504
370  16510  3   0  0  16510
371  13094  2   1  13093
372  16504  2   0  16504
373  16504  4   0  0  0  16504
374  16508  2   2  16506
375  16510  3   0  0  16510
376  16512  2   0  16512
377  16494  2   0  16494
378  16306  2   0  16306
379  13176  2   0  13176
380  16334  2   18  16316
381  16492  3   1  0  16491
382  13524  3   0  0  13524
383  16084  2   0  16084
384  16490  2   0  16490
385  16494  2   0  16494
386  16490  2   0  16490
387  16504  2   24  16480
388  16510  2   0  16510
389  16484  3   0  0  16484
390  15962  2   1  15961
391  16251  3   0  0  16251
392  15936  2   2  15934
393  16375  3   0  1  16374
394  16494  3   0  1  16493
395  16471  3   0  0  16471
396  16511  3   1  0  16510
397  16508  2   1  16507
398  16476  2   41  16435
399  14644  2   4  14640
400  16334  2   0  16334
401  16508  2   0  16508
402  16476  2   0  16476
403  16456  2   0  16456
404  16504  2   0  16504
405  16502  3   0  5  16497
406  16470  2   0  16470
407  16384  2   0  16384
408  16473  3   0  1  16472
409  16352  2   0  16352
410  14132  3   2  0  14130
411  14826  2   0  14826
412  16460  2   0  16460
413  16502  2   62  16440
414  16512  2   7  16505
415  16494  2   0  16494
416  14132  2   0  14132
417  14538  2   0  14538
418  16480  2   0  16480
419  16504  2   0  16504
420  14086  2   0  14086

