[loci]=562

[populations]=7

[pop]=1
1  10406  4   1  0  0  10405
2  10406  2   0  10406
3  10406  2   0  10406
4  10406  3   0  1  10405
5  10406  3   0  0  10406
6  10406  2   0  10406
7  6264  3   0  0  6264
8  10406  2   0  10406
9  10406  2   312  10094
10  10406  3   1  0  10405
11  10406  2   0  10406
12  10406  3   0  0  10406
13  10406  3   2  0  10404
14  10406  2   0  10406
15  10406  2   1  10405
16  10406  2   10  10396
17  10402  2   0  10402
18  10406  3   0  0  10406
19  10406  2   0  10406
20  10406  3   1  0  10405
21  10406  2   0  10406
22  9800  2   0  9800
23  10406  3   1  0  10405
24  10406  2   0  10406
25  10406  2   0  10406
26  10402  3   0  0  10402
27  10406  3   0  0  10406
28  10406  2   0  10406
29  10406  2   0  10406
30  10400  3   0  0  10400
31  8062  3   0  0  8062
32  10406  2   0  10406
33  10406  2   0  10406
34  10406  3   0  0  10406
35  10406  5   0  9  2  0  10395
36  10406  3   1  11  10394
37  10406  3   0  0  10406
38  10406  2   0  10406
39  10406  3   0  0  10406
40  10406  3   0  0  10406
41  10406  3   0  0  10406
42  10398  2   1  10397
43  10406  2   0  10406
44  8386  2   0  8386
45  10406  3   0  0  10406
46  10406  4   0  0  0  10406
47  10406  2   0  10406
48  10406  3   0  0  10406
49  10406  3   0  0  10406
50  10398  2   4  10394
51  9800  2   0  9800
52  10406  3   0  0  10406
53  10406  2   0  10406
54  10406  2   437  9969
55  10406  2   0  10406
56  10406  2   0  10406
57  10394  3   0  0  10394
58  10406  2   0  10406
59  10393  4   0  0  0  10393
60  10406  2   0  10406
61  8630  2   0  8630
62  10406  2   0  10406
63  10406  2   0  10406
64  8699  3   0  0  8699
65  10406  2   0  10406
66  10406  3   0  0  10406
67  10406  2   2  10404
68  10406  3   0  2  10404
69  10406  3   0  3  10403
70  10406  3   0  0  10406
71  10406  2   0  10406
72  10406  2   380  10026
73  10406  4   0  0  0  10406
74  10406  2   0  10406
75  10406  2   0  10406
76  8896  2   0  8896
77  10406  3   0  1  10405
78  10406  3   0  0  10406
79  10406  3   3  1  10402
80  10406  4   0  0  0  10406
81  10405  4   0  75  1  10329
82  10406  4   0  0  2  10404
83  10406  3   0  0  10406
84  10406  3   1  1  10404
85  10346  3   0  0  10346
86  8955  3   0  0  8955
87  10406  2   0  10406
88  10406  3   0  0  10406
89  10406  4   1  0  0  10405
90  10404  3   0  0  10404
91  10404  2   53  10351
92  10406  2   0  10406
93  10404  2   882  9522
94  10404  2   0  10404
95  10404  2   0  10404
96  10404  2   10  10394
97  10404  4   0  0  0  10404
98  10406  2   0  10406
99  10398  3   0  0  10398
100  10395  3   0  39  10356
101  10286  2   0  10286
102  10406  3   0  0  10406
103  10406  2   0  10406
104  10384  3   1  1  10382
105  9703  4   0  0  2  9701
106  10362  5   1  2  0  0  10359
107  10396  2   0  10396
108  10356  3   0  0  10356
109  10400  3   0  1  10399
110  10362  2   0  10362
111  10394  2   11  10383
112  10394  2   0  10394
113  10400  2   0  10400
114  9704  3   0  0  9704
115  10406  2   0  10406
116  10356  2   0  10356
117  10402  3   0  0  10402
118  10380  2   2  10378
119  10400  2   2  10398
120  10406  3   0  0  10406
121  10396  2   0  10396
122  9154  2   0  9154
123  10393  3   83  5  10305
124  10406  4   0  1  3  10402
125  10406  3   0  0  10406
126  10400  3   2  0  10398
127  9156  3   0  0  9156
128  10396  2   0  10396
129  10396  2   9686  710
130  9140  3   15  0  9125
131  10406  2   0  10406
132  10406  3   1  1  10404
133  10404  3   1  0  10403
134  10404  2   0  10404
135  10406  2   0  10406
136  10404  2   185  10219
137  10404  2   0  10404
138  10406  2   0  10406
139  10404  2   0  10404
140  10404  3   1  0  10403
141  10404  3   0  1  10403
142  10404  2   1  10403
143  10404  5   0  0  0  0  10404
144  10368  3   0  0  10368
145  9598  2   6  9592
146  10368  2   3  10365
147  10406  3   0  0  10406
148  10404  2   0  10404
149  10406  3   0  437  9969
150  10368  2   2  10366
151  10406  2   0  10406
152  10406  2   0  10406
153  10106  2   0  10106
154  10404  2   2  10402
155  10070  3   1  0  10069
156  10406  2   0  10406
157  10406  2   2  10404
158  10406  2   0  10406
159  10362  2   2  10360
160  9530  3   0  0  9530
161  10406  2   68  10338
162  10406  2   21  10385
163  8629  4   0  0  0  8629
164  10402  2   0  10402
165  10404  2   0  10404
166  8664  2   0  8664
167  10406  4   0  0  0  10406
168  10346  3   0  0  10346
169  9708  3   8  0  9700
170  10406  3   1  0  10405
171  10390  2   2  10388
172  10406  2   0  10406
173  10400  2   0  10400
174  10406  3   1  0  10405
175  10404  2   1  10403
176  10406  3   0  0  10406
177  8793  3   0  0  8793
178  10406  2   0  10406
179  10406  2   1  10405
180  10406  2   1  10405
181  10404  2   13  10391
182  10397  3   0  0  10397
183  10406  2   0  10406
184  10406  2   0  10406
185  10392  3   0  0  10392
186  10276  2   0  10276
187  10406  3   1  0  10405
188  10402  5   0  21  522  0  9859
189  10406  3   0  0  10406
190  10400  2   1  10399
191  10406  2   2  10404
192  10396  2   2  10394
193  10202  3   0  0  10202
194  10406  4   124  0  0  10282
195  10406  3   1  1  10404
196  10049  3   0  9  10040
197  10406  3   0  0  10406
198  10406  2   0  10406
199  10156  3   0  0  10156
200  9770  2   0  9770
201  10388  2   0  10388
202  10398  2   0  10398
203  10396  3   0  0  10396
204  10388  3   0  0  10388
205  10406  2   0  10406
206  10406  2   0  10406
207  10397  4   0  0  0  10397
208  10402  2   0  10402
209  10404  2   0  10404
210  10406  2   0  10406
211  10394  3   0  0  10394
212  10396  2   0  10396
213  8166  3   0  0  8166
214  8120  3   0  0  8120
215  10406  2   10  10396
216  10406  2   0  10406
217  10404  3   0  0  10404
218  10406  2   36  10370
219  10404  2   7  10397
220  10406  2   0  10406
221  10398  3   0  6  10392
222  10406  2   1  10405
223  10406  3   4  1  10401
224  10402  2   0  10402
225  9766  3   0  0  9766
226  10398  2   0  10398
227  10406  2   3  10403
228  10402  2   0  10402
229  10406  2   0  10406
230  10405  3   0  3  10402
231  10406  2   18  10388
232  10406  2   0  10406
233  10406  2   1  10405
234  10406  2   1  10405
235  10406  3   1  0  10405
236  10406  3   0  36  10370
237  10406  2   0  10406
238  9978  3   0  2  9976
239  10406  3   0  0  10406
240  10402  4   0  0  0  10402
241  8865  3   0  0  8865
242  10406  2   2  10404
243  10406  2   3  10403
244  10298  2   0  10298
245  9770  3   0  0  9770
246  10406  2   0  10406
247  9996  2   0  9996
248  10406  2   0  10406
249  10404  3   0  0  10404
250  10406  2   0  10406
251  10406  3   0  0  10406
252  10406  4   3  1  0  10402
253  10397  3   0  0  10397
254  10404  2   0  10404
255  10406  3   0  0  10406
256  10404  3   0  0  10404
257  10404  3   1  0  10403
258  10404  2   0  10404
259  9904  2   0  9904
260  9766  2   0  9766
261  10150  3   0  0  10150
262  10402  3   1  0  10401
263  10368  2   0  10368
264  9736  2   0  9736
265  10400  3   0  0  10400
266  9802  2   0  9802
267  10400  2   0  10400
268  10376  2   0  10376
269  10362  3   0  0  10362
270  10284  2   0  10284
271  9800  2   0  9800
272  10402  2   1  10401
273  10402  2   116  10286
274  10300  2   0  10300
275  10402  2   3  10399
276  10338  2   0  10338
277  10402  2   2  10400
278  10404  3   3  0  10401
279  10406  2   0  10406
280  10395  3   0  0  10395
281  10349  3   0  0  10349
282  10394  3   0  1  10393
283  10358  2   2  10356
284  10404  4   1  1  0  10402
285  10406  2   1  10405
286  10392  3   0  0  10392
287  10402  2   0  10402
288  10406  2   0  10406
289  9790  2   0  9790
290  9802  2   0  9802
291  9800  2   0  9800
292  10396  2   0  10396
293  9790  3   7  0  9783
294  10406  3   46  46  10314
295  10406  3   0  0  10406
296  10404  2   2  10402
297  10395  4   117  1  4  10273
298  10406  2   57  10349
299  10400  2   1  10399
300  9277  3   0  1  9276
301  10404  2   1  10403
302  9790  2   8  9782
303  10406  2   0  10406
304  10396  2   0  10396
305  10404  2   0  10404
306  10406  2   0  10406
307  9290  2   4  9286
308  10406  2   2  10404
309  9254  2   2  9252
310  10406  2   11  10395
311  10406  2   0  10406
312  10400  2   5  10395
313  10404  3   0  0  10404
314  10406  3   0  1  10405
315  10406  2   0  10406
316  10402  2   0  10402
317  10324  2   81  10243
318  10396  2   2  10394
319  10326  2   1  10325
320  10406  2   0  10406
321  10406  2   3  10403
322  10404  4   8  0  1  10395
323  10406  2   0  10406
324  9920  2   20  9900
325  10406  2   0  10406
326  10406  2   0  10406
327  10404  3   0  0  10404
328  10406  3   0  6  10400
329  10406  2   0  10406
330  10406  2   114  10292
331  10406  3   1  1  10404
332  10404  3   0  0  10404
333  10404  4   0  2  0  10402
334  10406  3   0  4  10402
335  10404  3   0  0  10404
336  10389  4   1  0  0  10388
337  10406  3   4  3  10399
338  9790  2   21  9769
339  9688  2   1  9687
340  10390  2   0  10390
341  10406  2   0  10406
342  10406  3   0  0  10406
343  10406  3   0  0  10406
344  10406  2   10  10396
345  10350  3   0  0  10350
346  9692  2   0  9692
347  10390  2   0  10390
348  9694  2   0  9694
349  9790  3   0  0  9790
350  9696  2   0  9696
351  10392  2   6  10386
352  9784  2   0  9784
353  10406  2   0  10406
354  10358  2   2  10356
355  10406  4   0  0  0  10406
356  9780  3   0  0  9780
357  10406  2   0  10406
358  10356  2   0  10356
359  9768  4   0  0  0  9768
360  10406  3   0  1  10405
361  10374  2   0  10374
362  10392  3   0  0  10392
363  9764  3   0  0  9764
364  10404  4   0  0  0  10404
365  10388  2   265  10123
366  10406  2   0  10406
367  10406  2   5  10401
368  10406  4   0  25  0  10381
369  10400  2   0  10400
370  10380  3   0  0  10380
371  10378  2   840  9538
372  10358  2   0  10358
373  9754  2   0  9754
374  10406  2   0  10406
375  10401  4   0  0  0  10401
376  10200  2   5  10195
377  9658  3   1  0  9657
378  10400  2   0  10400
379  10168  2   0  10168
380  10400  4   0  0  0  10400
381  9686  2   0  9686
382  10395  4   0  0  0  10395
383  9580  2   0  9580
384  10406  2   0  10406
385  10394  2   0  10394
386  10128  2   0  10128
387  9540  4   0  0  2  9538
388  10396  2   4  10392
389  10392  2   0  10392
390  9658  3   1  0  9657
391  10112  5   0  0  0  0  10112
392  10404  2   98  10306
393  9602  3   0  0  9602
394  9483  3   0  0  9483
395  10005  3   5  0  10000
396  10042  2   0  10042
397  9514  2   2  9512
398  9824  2   50  9774
399  10014  3   0  0  10014
400  9550  3   42  0  9508
401  10141  3   2  1  10138
402  9710  3   0  0  9710
403  10176  2   0  10176
404  10234  2   0  10234
405  9656  3   0  0  9656
406  9688  2   5  9683
407  10246  2   0  10246
408  10197  3   0  0  10197
409  10315  3   1  524  9790
410  10358  2   0  10358
411  10406  3   0  0  10406
412  9871  3   0  2418  7453
413  10322  3   0  0  10322
414  10364  3   0  1  10363
415  10222  2   0  10222
416  10376  2   0  10376
417  10274  2   298  9976
418  10406  3   0  0  10406
419  10252  2   0  10252
420  10292  2   2  10290
421  10308  2   0  10308
422  10266  2   0  10266
423  10206  4   0  2455  0  7751
424  10288  4   0  0  0  10288
425  10374  3   0  0  10374
426  10389  3   0  0  10389
427  10354  2   0  10354
428  10258  3   0  0  10258
429  10331  3   0  0  10331
430  9726  2   0  9726
431  10307  3   0  0  10307
432  10373  3   0  0  10373
433  9742  2   2  9740
434  9736  2   1  9735
435  10370  2   0  10370
436  10406  3   0  0  10406
437  10392  2   0  10392
438  9737  3   0  0  9737
439  10404  2   0  10404
440  10396  3   0  0  10396
441  10378  3   5  1  10372
442  10349  3   1  1  10347
443  10402  2   644  9758
444  10402  3   0  0  10402
445  10406  2   1  10405
446  9765  4   0  0  0  9765
447  9740  2   0  9740
448  10384  2   12  10372
449  10404  4   0  0  0  10404
450  10406  2   0  10406
451  10398  3   0  0  10398
452  10360  3   1  0  10359
453  10406  2   2  10404
454  10390  2   0  10390
455  10404  2   360  10044
456  10364  2   0  10364
457  10378  2   0  10378
458  10398  2   1  10397
459  10385  4   20  0  3  10362
460  10398  3   1  2  10395
461  10390  2   0  10390
462  10396  3   0  0  10396
463  10391  5   0  0  0  0  10391
464  10368  3   0  0  10368
465  10403  3   0  8  10395
466  9742  3   0  1  9741
467  10398  2   0  10398
468  10398  3   0  2  10396
469  10404  3   0  0  10404
470  10398  2   0  10398
471  10402  3   0  3  10399
472  10406  3   0  0  10406
473  9742  3   1  8  9733
474  10404  3   1  0  10403
475  10402  3   0  0  10402
476  10400  2   0  10400
477  10378  2   0  10378
478  10406  2   2  10404
479  9745  3   2  0  9743
480  9751  4   0  0  0  9751
481  10402  2   77  10325
482  10378  2   0  10378
483  10406  2   0  10406
484  10406  2   0  10406
485  10402  2   0  10402
486  9748  2   0  9748
487  10406  3   0  10  10396
488  10384  3   0  0  10384
489  10404  2   0  10404
490  10406  3   0  1  10405
491  10406  3   0  0  10406
492  10406  2   65  10341
493  10406  3   0  0  10406
494  10400  3   2  0  10398
495  10406  2   2  10404
496  10406  2   0  10406
497  10404  2   0  10404
498  9775  3   1  0  9774
499  10406  2   2  10404
500  10404  2   0  10404
501  10406  3   0  0  10406
502  10404  4   0  0  0  10404
503  10404  2   0  10404
504  10406  2   0  10406
505  10386  2   3  10383
506  10406  3   0  0  10406
507  10406  2   0  10406
508  10406  3   0  0  10406
509  10398  3   0  0  10398
510  10406  3   0  0  10406
511  9782  2   0  9782
512  10404  2   0  10404
513  10404  2   1  10403
514  10398  2   2  10396
515  10406  3   0  1  10405
516  9974  2   0  9974
517  10406  2   0  10406
518  10330  2   0  10330
519  10406  3   0  0  10406
520  10374  2   1  10373
521  8657  3   0  0  8657
522  10374  3   0  1  10373
523  10403  3   1  0  10402
524  10127  4   7  2845  0  7275
525  10406  4   44  0  0  10362
526  10406  3   0  1  10405
527  10400  2   0  10400
528  10402  3   0  2  10400
529  10184  2   0  10184
530  10400  2   0  10400
531  10367  3   0  0  10367
532  10406  3   1  1  10404
533  10362  2   13  10349
534  10402  2   0  10402
535  10189  4   0  0  0  10189
536  9790  2   0  9790
537  8702  2   0  8702
538  10406  4   0  0  0  10406
539  8696  2   0  8696
540  10406  2   0  10406
541  9793  3   0  3  9790
542  10404  2   0  10404
543  10406  2   0  10406
544  10402  3   1  7  10394
545  10397  3   0  0  10397
546  9798  2   0  9798
547  10406  3   2  0  10404
548  8738  3   0  0  8738
549  10278  2   0  10278
550  10402  2   0  10402
551  8734  5   3  0  8  0  8723
552  10402  2   0  10402
553  10404  3   1  0  10403
554  10406  3   0  0  10406
555  10394  2   37  10357
556  10215  4   173  0  0  10042
557  10208  2   0  10208
558  8794  2   1  8793
559  10406  2   2  10404
560  10208  2   0  10208
561  10399  3   0  0  10399
562  10389  3   20  1  10368

[pop]=2
1  11550  4   3  1  0  11546
2  11578  2   0  11578
3  11576  2   0  11576
4  11533  3   0  0  11533
5  11578  3   0  0  11578
6  11576  2   0  11576
7  6880  3   0  1  6879
8  11548  2   1  11547
9  11534  2   22  11512
10  11578  3   0  0  11578
11  11578  2   3  11575
12  11548  3   0  0  11548
13  11534  3   1  2  11531
14  11536  2   0  11536
15  11574  2   0  11574
16  11576  2   2  11574
17  11562  2   0  11562
18  11578  3   0  0  11578
19  11578  2   1  11577
20  11578  3   0  0  11578
21  11578  2   0  11578
22  11576  2   0  11576
23  11572  3   0  0  11572
24  11548  2   0  11548
25  11578  2   0  11578
26  11566  3   1  0  11565
27  11578  3   0  0  11578
28  11570  2   0  11570
29  11578  2   2  11576
30  11565  3   0  0  11565
31  10326  3   0  0  10326
32  11550  2   0  11550
33  11534  2   0  11534
34  11578  3   0  0  11578
35  11578  5   0  130  1  0  11447
36  11572  3   0  2  11570
37  11577  3   0  0  11577
38  11572  2   0  11572
39  11578  3   0  0  11578
40  11574  3   0  0  11574
41  11577  3   0  0  11577
42  11564  2   0  11564
43  11578  2   0  11578
44  10758  2   2  10756
45  11535  3   1  0  11534
46  11578  4   0  1  0  11577
47  11578  2   3  11575
48  11578  3   0  0  11578
49  11575  3   0  0  11575
50  11564  2   0  11564
51  11576  2   0  11576
52  11578  3   0  0  11578
53  11578  2   0  11578
54  11574  2   21  11553
55  11548  2   0  11548
56  11578  2   0  11578
57  11563  3   0  0  11563
58  11536  2   0  11536
59  11562  4   0  0  0  11562
60  11578  2   1  11577
61  11022  2   0  11022
62  11578  2   0  11578
63  11568  2   0  11568
64  11070  3   2  0  11068
65  11538  2   0  11538
66  11578  3   0  0  11578
67  11576  2   0  11576
68  11576  3   0  0  11576
69  11537  3   1  0  11536
70  11576  3   1  0  11575
71  11574  2   0  11574
72  11574  2   16  11558
73  11538  4   2  0  0  11536
74  11562  2   0  11562
75  11578  2   0  11578
76  11254  2   0  11254
77  11578  3   0  0  11578
78  11577  3   0  0  11577
79  11544  3   0  0  11544
80  11538  4   0  0  20  11518
81  11578  4   0  1  5  11572
82  11564  4   0  0  0  11564
83  11577  3   0  0  11577
84  11577  3   13  4  11560
85  11560  3   0  0  11560
86  11299  3   0  0  11299
87  11546  2   0  11546
88  11536  3   0  0  11536
89  11565  4   0  0  0  11565
90  11574  3   0  1  11573
91  11578  2   3  11575
92  11534  2   0  11534
93  11576  2   49  11527
94  11570  2   0  11570
95  11578  2   2  11576
96  11570  2   2  11568
97  11568  4   0  2  2  11564
98  11540  2   0  11540
99  11560  3   0  0  11560
100  11558  3   0  1  11557
101  11544  2   0  11544
102  11534  3   0  0  11534
103  11578  2   0  11578
104  11550  3   0  0  11550
105  11511  4   0  1  1  11509
106  11525  5   0  0  0  0  11525
107  11544  2   1  11543
108  11518  3   0  0  11518
109  11559  3   0  0  11559
110  11554  2   0  11554
111  11570  2   2  11568
112  11538  2   0  11538
113  11522  2   0  11522
114  11512  3   0  2  11510
115  11574  2   1  11573
116  11548  2   0  11548
117  11544  3   1  0  11543
118  11572  2   0  11572
119  11574  2   0  11574
120  11571  3   0  0  11571
121  11576  2   0  11576
122  11368  2   0  11368
123  11546  3   0  1  11545
124  11570  4   0  4  0  11566
125  11574  3   65  2  11507
126  11574  3   0  0  11574
127  11384  3   0  0  11384
128  11574  2   3  11571
129  11554  2   9625  1929
130  11378  3   1  0  11377
131  11550  2   0  11550
132  11568  3   0  0  11568
133  11552  3   0  0  11552
134  11550  2   0  11550
135  11574  2   0  11574
136  11556  2   2564  8992
137  11574  2   6  11568
138  11554  2   0  11554
139  11560  2   0  11560
140  11573  3   0  0  11573
141  11563  3   0  0  11563
142  11574  2   4  11570
143  11570  5   0  1  0  0  11569
144  11555  3   0  0  11555
145  11494  2   2  11492
146  11558  2   0  11558
147  11554  3   0  0  11554
148  11570  2   0  11570
149  11552  3   0  21  11531
150  11558  2   0  11558
151  11552  2   4  11548
152  11576  2   0  11576
153  11242  2   0  11242
154  11562  2   0  11562
155  11212  3   0  0  11212
156  11556  2   4  11552
157  11568  2   0  11568
158  11574  2   0  11574
159  11556  2   0  11556
160  11472  3   0  1  11471
161  11576  2   1  11575
162  11558  2   0  11558
163  9955  4   3  0  0  9952
164  11564  2   0  11564
165  11566  2   0  11566
166  10022  2   0  10022
167  11577  4   0  0  0  11577
168  11446  3   0  0  11446
169  11529  3   9  0  11520
170  11554  3   0  0  11554
171  11558  2   0  11558
172  11556  2   0  11556
173  11570  2   0  11570
174  11578  3   0  0  11578
175  11572  2   3  11569
176  11549  3   0  1  11548
177  10308  3   93  0  10215
178  11554  2   0  11554
179  11578  2   0  11578
180  11578  2   0  11578
181  11570  2   24  11546
182  11572  3   0  0  11572
183  11578  2   0  11578
184  11578  2   0  11578
185  11532  3   0  0  11532
186  11556  2   0  11556
187  11578  3   0  0  11578
188  11568  5   0  0  27  1  11540
189  11578  3   0  0  11578
190  11566  2   0  11566
191  11558  2   0  11558
192  11566  2   0  11566
193  11554  3   0  0  11554
194  11578  4   10  0  0  11568
195  11536  3   0  0  11536
196  11540  3   0  2  11538
197  11575  3   0  0  11575
198  11574  2   0  11574
199  11348  3   0  0  11348
200  11568  2   0  11568
201  11570  2   0  11570
202  11512  2   0  11512
203  11565  3   0  0  11565
204  11570  3   1  0  11569
205  11574  2   0  11574
206  11556  2   0  11556
207  11576  4   0  1  0  11575
208  11530  2   1  11529
209  11570  2   0  11570
210  11562  2   0  11562
211  11546  3   0  0  11546
212  11568  2   1  11567
213  9116  3   17  0  9099
214  9034  3   0  3  9031
215  11564  2   31  11533
216  11558  2   0  11558
217  11578  3   4  0  11574
218  11558  2   5  11553
219  11578  2   2  11576
220  11570  2   0  11570
221  11554  3   0  2  11552
222  11558  2   0  11558
223  11571  3   1  0  11570
224  11530  2   3  11527
225  11562  3   0  0  11562
226  11564  2   0  11564
227  11574  2   0  11574
228  11534  2   0  11534
229  11572  2   0  11572
230  11558  3   0  0  11558
231  11556  2   7  11549
232  11576  2   0  11576
233  11570  2   0  11570
234  11558  2   0  11558
235  11576  3   2  1  11573
236  11571  3   0  1  11570
237  11578  2   0  11578
238  11500  3   0  0  11500
239  11576  3   0  1  11575
240  11533  4   0  0  0  11533
241  11314  3   0  1  11313
242  11578  2   0  11578
243  11568  2   1  11567
244  11470  2   0  11470
245  11528  3   0  0  11528
246  11574  2   2  11572
247  11490  2   0  11490
248  11576  2   0  11576
249  11550  3   0  0  11550
250  11574  2   0  11574
251  11556  3   0  0  11556
252  11565  4   3  0  0  11562
253  11543  3   0  0  11543
254  11502  2   0  11502
255  11556  3   0  1  11555
256  11561  3   0  1  11560
257  11548  3   0  0  11548
258  11500  2   1  11499
259  11432  2   0  11432
260  11338  2   0  11338
261  11372  3   0  0  11372
262  11518  3   0  0  11518
263  11514  2   1  11513
264  11320  2   0  11320
265  11553  3   1  0  11552
266  11574  2   0  11574
267  11558  2   0  11558
268  11540  2   0  11540
269  11570  3   0  0  11570
270  11316  2   0  11316
271  11576  2   0  11576
272  11536  2   142  11394
273  11536  2   4  11532
274  11348  2   0  11348
275  11560  2   0  11560
276  11394  2   0  11394
277  11570  2   0  11570
278  11539  3   0  0  11539
279  11520  2   1  11519
280  11552  3   0  0  11552
281  11398  3   0  0  11398
282  11556  3   0  0  11556
283  11430  2   0  11430
284  11542  4   0  0  0  11542
285  11528  2   1  11527
286  11576  3   0  0  11576
287  11574  2   1  11573
288  11568  2   0  11568
289  11570  2   0  11570
290  11576  2   2  11574
291  11576  2   0  11576
292  11570  2   0  11570
293  11570  3   0  0  11570
294  11555  3   1  1  11553
295  11562  3   0  0  11562
296  11578  2   4  11574
297  11569  4   2334  0  0  9235
298  11560  2   192  11368
299  11502  2   0  11502
300  11057  3   0  0  11057
301  11578  2   1  11577
302  11570  2   1  11569
303  11554  2   0  11554
304  11508  2   0  11508
305  11576  2   0  11576
306  11576  2   1  11575
307  11072  2   0  11072
308  11576  2   0  11576
309  11050  2   0  11050
310  11562  2   0  11562
311  11576  2   2  11574
312  11512  2   1  11511
313  11578  3   1  0  11577
314  11560  3   0  0  11560
315  11576  2   0  11576
316  11514  2   2  11512
317  11552  2   7  11545
318  11568  2   4  11564
319  11552  2   0  11552
320  11564  2   0  11564
321  11558  2   0  11558
322  11575  4   11  2  0  11562
323  11576  2   0  11576
324  11296  2   0  11296
325  11564  2   13  11551
326  11560  2   2  11558
327  11576  3   0  0  11576
328  11578  3   0  0  11578
329  11564  2   0  11564
330  11562  2   5  11557
331  11577  3   0  0  11577
332  11578  3   1  0  11577
333  11578  4   0  0  1  11577
334  11576  3   0  0  11576
335  11577  3   0  0  11577
336  11563  4   0  0  46  11517
337  11577  3   0  0  11577
338  11542  2   1  11541
339  11528  2   0  11528
340  11444  2   0  11444
341  11566  2   0  11566
342  11570  3   0  0  11570
343  11570  3   0  0  11570
344  11578  2   3  11575
345  11554  3   0  0  11554
346  11532  2   0  11532
347  11446  2   0  11446
348  11532  2   0  11532
349  11535  3   0  0  11535
350  11534  2   0  11534
351  11446  2   2  11444
352  11534  2   0  11534
353  11570  2   0  11570
354  11556  2   0  11556
355  11576  4   0  0  0  11576
356  11530  3   0  0  11530
357  11542  2   0  11542
358  11558  2   0  11558
359  11523  4   0  0  0  11523
360  11570  3   0  0  11570
361  11578  2   0  11578
362  11443  3   0  0  11443
363  11512  3   0  0  11512
364  11544  4   0  0  0  11544
365  11444  2   18  11426
366  11572  2   0  11572
367  11570  2   0  11570
368  11566  4   0  1  0  11565
369  11576  2   0  11576
370  11416  3   0  0  11416
371  11408  2   57  11351
372  11546  2   0  11546
373  11506  2   0  11506
374  11568  2   0  11568
375  11540  4   0  0  0  11540
376  11502  2   19  11483
377  11440  3   0  0  11440
378  11568  2   0  11568
379  11500  2   1  11499
380  11570  4   0  0  0  11570
381  11530  2   2  11528
382  11567  4   0  0  0  11567
383  11442  2   0  11442
384  11566  2   0  11566
385  11546  2   0  11546
386  11486  2   0  11486
387  11437  4   0  0  0  11437
388  11564  2   0  11564
389  11564  2   2  11562
390  11528  3   0  0  11528
391  11550  5   0  0  0  0  11550
392  11552  2   271  11281
393  11461  3   0  0  11461
394  11492  3   0  0  11492
395  11213  3   2  0  11211
396  11500  2   0  11500
397  11498  2   0  11498
398  11550  2   216  11334
399  11218  3   0  1  11217
400  11507  3   0  0  11507
401  11576  3   0  0  11576
402  11476  3   0  1  11475
403  11568  2   0  11568
404  11562  2   0  11562
405  11488  3   0  0  11488
406  11536  2   0  11536
407  11544  2   0  11544
408  11573  3   0  0  11573
409  11574  3   0  2167  9407
410  11450  2   0  11450
411  11555  3   0  0  11555
412  11550  3   0  3450  8100
413  11574  3   2  0  11572
414  11462  3   0  0  11462
415  11574  2   0  11574
416  11468  2   0  11468
417  11576  2   13  11563
418  11558  3   0  0  11558
419  11576  2   0  11576
420  11576  2   0  11576
421  11556  2   0  11556
422  11574  2   0  11574
423  11569  4   0  3449  2  8118
424  11578  4   1  0  0  11577
425  11570  3   0  0  11570
426  11488  3   1  0  11487
427  11558  2   0  11558
428  11570  3   0  0  11570
429  11576  3   1  0  11575
430  11530  2   0  11530
431  11571  3   0  0  11571
432  11570  3   6  0  11564
433  11546  2   1  11545
434  11490  2   4  11486
435  11578  2   0  11578
436  11560  3   0  0  11560
437  11456  2   0  11456
438  11493  3   1  0  11492
439  11576  2   1  11575
440  11505  3   0  0  11505
441  11572  3   0  2  11570
442  11574  3   0  1  11573
443  11558  2   33  11525
444  11555  3   2  0  11553
445  11558  2   0  11558
446  11549  4   1  0  0  11548
447  11508  2   0  11508
448  11576  2   5  11571
449  11576  4   1  0  0  11575
450  11560  2   1  11559
451  11512  3   1  0  11511
452  11572  3   0  0  11572
453  11562  2   0  11562
454  11576  2   0  11576
455  11578  2   23  11555
456  11574  2   1  11573
457  11572  2   0  11572
458  11512  2   0  11512
459  11572  4   2  0  0  11570
460  11514  3   0  1  11513
461  11572  2   0  11572
462  11578  3   0  1  11577
463  11572  5   0  0  0  1  11571
464  11570  3   1  0  11569
465  11555  3   1  7  11547
466  11533  3   0  0  11533
467  11578  2   0  11578
468  11520  3   0  0  11520
469  11554  3   0  0  11554
470  11518  2   0  11518
471  11520  3   0  0  11520
472  11553  3   0  0  11553
473  11536  3   0  2  11534
474  11574  3   0  0  11574
475  11578  3   0  0  11578
476  11572  2   0  11572
477  11572  2   0  11572
478  11564  2   0  11564
479  11534  3   0  0  11534
480  11539  4   1  0  0  11538
481  11522  2   5  11517
482  11572  2   1  11571
483  11562  2   0  11562
484  11572  2   0  11572
485  11516  2   0  11516
486  11548  2   0  11548
487  11577  3   0  2  11575
488  11572  3   0  0  11572
489  11554  2   0  11554
490  11563  3   0  0  11563
491  11572  3   0  0  11572
492  11574  2   2  11572
493  11574  3   0  0  11574
494  11577  3   1  0  11576
495  11572  2   0  11572
496  11578  2   1  11577
497  11560  2   0  11560
498  11543  3   0  0  11543
499  11578  2   0  11578
500  11546  2   0  11546
501  11572  3   0  0  11572
502  11549  4   24  0  0  11525
503  11560  2   0  11560
504  11570  2   0  11570
505  11570  2   0  11570
506  11573  3   0  1  11572
507  11574  2   0  11574
508  11574  3   1  0  11573
509  11578  3   0  0  11578
510  11577  3   0  0  11577
511  11572  2   0  11572
512  11556  2   0  11556
513  11530  2   0  11530
514  11578  2   0  11578
515  11578  3   2  0  11576
516  11468  2   0  11468
517  11578  2   0  11578
518  11558  2   0  11558
519  11528  3   0  0  11528
520  11570  2   0  11570
521  10899  3   0  0  10899
522  11565  3   0  1  11564
523  11553  3   0  0  11553
524  11515  4   2  3835  0  7678
525  11578  4   47  0  0  11531
526  11578  3   16  0  11562
527  11578  2   0  11578
528  11552  3   0  0  11552
529  11534  2   2  11532
530  11576  2   2  11574
531  11567  3   0  0  11567
532  11572  3   0  0  11572
533  11564  2   1  11563
534  11554  2   0  11554
535  11535  4   0  0  0  11535
536  11574  2   0  11574
537  11086  2   0  11086
538  11570  4   0  0  0  11570
539  11096  2   0  11096
540  11570  2   0  11570
541  11574  3   0  0  11574
542  11576  2   0  11576
543  11576  2   0  11576
544  11556  3   0  0  11556
545  11578  3   0  2  11576
546  11574  2   1  11573
547  11534  3   0  1  11533
548  11233  3   0  0  11233
549  11566  2   0  11566
550  11556  2   0  11556
551  11253  5   0  0  0  0  11253
552  11558  2   16  11542
553  11576  3   1  0  11575
554  11537  3   1  1  11535
555  11578  2   1  11577
556  11558  4   785  0  0  10773
557  11558  2   0  11558
558  11356  2   0  11356
559  11540  2   0  11540
560  11558  2   0  11558
561  11572  3   0  0  11572
562  11578  3   86  0  11492

[pop]=3
1  8648  4   0  0  2  8646
2  8652  2   0  8652
3  8654  2   0  8654
4  8653  3   56  0  8597
5  8651  3   0  0  8651
6  8654  2   3  8651
7  5830  3   0  0  5830
8  8650  2   0  8650
9  8654  2   0  8654
10  8651  3   0  0  8651
11  8650  2   0  8650
12  8650  3   0  1  8649
13  8654  3   0  1  8653
14  8654  2   0  8654
15  8648  2   0  8648
16  8654  2   8  8646
17  8654  2   0  8654
18  8654  3   0  0  8654
19  8650  2   0  8650
20  8654  3   0  0  8654
21  8648  2   0  8648
22  8626  2   0  8626
23  8654  3   0  0  8654
24  8650  2   0  8650
25  8652  2   0  8652
26  8654  3   0  0  8654
27  8654  3   0  0  8654
28  8654  2   0  8654
29  8654  2   0  8654
30  8654  3   0  0  8654
31  8192  3   0  0  8192
32  8648  2   0  8648
33  8650  2   0  8650
34  8654  3   0  0  8654
35  8651  5   0  1026  0  0  7625
36  8654  3   0  8  8646
37  8650  3   0  0  8650
38  8654  2   0  8654
39  8654  3   3  0  8651
40  8654  3   0  0  8654
41  8648  3   1  0  8647
42  8654  2   0  8654
43  8654  2   0  8654
44  8356  2   0  8356
45  8652  3   0  0  8652
46  8654  4   0  0  0  8654
47  8650  2   0  8650
48  8648  3   0  39  8609
49  8654  3   0  0  8654
50  8654  2   0  8654
51  8626  2   0  8626
52  8654  3   0  8  8646
53  8650  2   0  8650
54  8654  2   0  8654
55  8648  2   3  8645
56  8654  2   0  8654
57  8654  3   0  0  8654
58  8650  2   3  8647
59  8654  4   0  0  0  8654
60  8654  2   0  8654
61  8458  2   0  8458
62  8654  2   0  8654
63  8654  2   1  8653
64  8469  3   1  0  8468
65  8650  2   0  8650
66  8649  3   0  0  8649
67  8648  2   0  8648
68  8654  3   0  0  8654
69  8650  3   0  0  8650
70  8651  3   0  0  8651
71  8654  2   137  8517
72  8652  2   0  8652
73  8650  4   0  0  0  8650
74  8654  2   0  8654
75  8652  2   0  8652
76  8514  2   0  8514
77  8652  3   0  0  8652
78  8648  3   0  0  8648
79  8647  3   0  0  8647
80  8650  4   0  0  0  8650
81  8652  4   0  0  0  8652
82  8654  4   0  0  0  8654
83  8651  3   0  5  8646
84  8649  3   0  0  8649
85  8652  3   0  0  8652
86  8521  3   0  0  8521
87  8648  2   0  8648
88  8650  3   0  0  8650
89  8650  4   0  0  0  8650
90  8654  3   0  0  8654
91  8652  2   0  8652
92  8650  2   0  8650
93  8652  2   0  8652
94  8654  2   0  8654
95  8650  2   0  8650
96  8654  2   8  8646
97  8654  4   0  0  0  8654
98  8648  2   0  8648
99  8642  3   0  1  8641
100  8641  3   0  0  8641
101  8652  2   0  8652
102  8648  3   0  0  8648
103  8652  2   2  8650
104  8640  3   0  0  8640
105  8518  4   1  0  0  8517
106  8627  5   1  2  0  0  8624
107  8646  2   0  8646
108  8620  3   1  1  8618
109  8650  3   5  0  8645
110  8652  2   0  8652
111  8652  2   0  8652
112  8646  2   0  8646
113  8638  2   0  8638
114  8517  3   0  0  8517
115  8646  2   0  8646
116  8648  2   0  8648
117  8649  3   0  0  8649
118  8654  2   0  8654
119  8638  2   0  8638
120  8652  3   5  5  8642
121  8654  2   0  8654
122  8544  2   0  8544
123  8649  3   0  0  8649
124  8654  4   52  0  0  8602
125  8648  3   1  0  8647
126  8640  3   1  0  8639
127  8550  3   0  0  8550
128  8654  2   0  8654
129  8640  2   7090  1550
130  8544  3   0  0  8544
131  8650  2   0  8650
132  8654  3   0  0  8654
133  8648  3   0  0  8648
134  8648  2   0  8648
135  8654  2   4  8650
136  8648  2   7  8641
137  8642  2   0  8642
138  8652  2   2  8650
139  8650  2   0  8650
140  8639  3   0  0  8639
141  8649  3   0  0  8649
142  8638  2   0  8638
143  8640  5   0  0  0  0  8640
144  8652  3   0  0  8652
145  8452  2   0  8452
146  8650  2   0  8650
147  8652  3   0  0  8652
148  8634  2   1  8633
149  8650  3   0  0  8650
150  8652  2   0  8652
151  8652  2   0  8652
152  8654  2   0  8654
153  8522  2   112  8410
154  8648  2   0  8648
155  8493  3   0  0  8493
156  8652  2   0  8652
157  8654  2   0  8654
158  8654  2   0  8654
159  8650  2   0  8650
160  8421  3   0  0  8421
161  8654  2   0  8654
162  8652  2   0  8652
163  7841  4   0  0  0  7841
164  8650  2   0  8650
165  8654  2   0  8654
166  7890  2   0  7890
167  8654  4   0  0  1  8653
168  8598  3   0  0  8598
169  8567  3   0  0  8567
170  8648  3   0  0  8648
171  8654  2   0  8654
172  8648  2   0  8648
173  8650  2   46  8604
174  8654  3   0  0  8654
175  8624  2   0  8624
176  8646  3   0  0  8646
177  8104  3   0  109  7995
178  8648  2   0  8648
179  8654  2   0  8654
180  8654  2   0  8654
181  8622  2   0  8622
182  8650  3   0  0  8650
183  8654  2   2  8652
184  8654  2   0  8654
185  8642  3   4  0  8638
186  8654  2   3  8651
187  8654  3   0  0  8654
188  8618  5   0  0  0  0  8618
189  8654  3   1  0  8653
190  8616  2   0  8616
191  8646  2   0  8646
192  8648  2   0  8648
193  8652  3   0  0  8652
194  8654  4   0  0  0  8654
195  8638  3   0  0  8638
196  8643  3   0  8  8635
197  8654  3   0  0  8654
198  8652  2   14  8638
199  8566  3   0  1  8565
200  8602  2   0  8602
201  8652  2   0  8652
202  8636  2   0  8636
203  8651  3   0  7  8644
204  8650  3   435  0  8215
205  8654  2   0  8654
206  8650  2   0  8650
207  8654  4   0  0  0  8654
208  8644  2   0  8644
209  8648  2   0  8648
210  8652  2   0  8652
211  8648  3   0  0  8648
212  8652  2   1  8651
213  7316  3   0  0  7316
214  7260  3   0  2  7258
215  8652  2   0  8652
216  8650  2   0  8650
217  8654  3   0  0  8654
218  8650  2   0  8650
219  8654  2   0  8654
220  8654  2   0  8654
221  8652  3   0  0  8652
222  8650  2   0  8650
223  8654  3   0  0  8654
224  8648  2   0  8648
225  8590  3   0  0  8590
226  8644  2   0  8644
227  8654  2   0  8654
228  8648  2   2  8646
229  8654  2   0  8654
230  8652  3   0  0  8652
231  8650  2   0  8650
232  8654  2   1  8653
233  8654  2   2  8652
234  8650  2   0  8650
235  8654  3   0  0  8654
236  8654  3   4  0  8650
237  8652  2   0  8652
238  8549  3   0  0  8549
239  8654  3   0  0  8654
240  8647  4   0  0  0  8647
241  8413  3   0  0  8413
242  8652  2   0  8652
243  8654  2   0  8654
244  8606  2   2  8604
245  8618  3   0  0  8618
246  8650  2   0  8650
247  8524  2   0  8524
248  8650  2   0  8650
249  8646  3   0  0  8646
250  8648  2   2  8646
251  8648  3   0  0  8648
252  8654  4   0  0  0  8654
253  8644  3   0  0  8644
254  8646  2   0  8646
255  8648  3   0  0  8648
256  8647  3   0  0  8647
257  8646  3   0  0  8646
258  8644  2   0  8644
259  8464  2   0  8464
260  8346  2   0  8346
261  8566  3   0  19  8547
262  8626  3   0  0  8626
263  8638  2   1  8637
264  8322  2   0  8322
265  8651  3   0  2  8649
266  8626  2   0  8626
267  8652  2   2  8650
268  8646  2   0  8646
269  8618  3   0  0  8618
270  8586  2   0  8586
271  8626  2   1  8625
272  8646  2   647  7999
273  8650  2   0  8650
274  8608  2   0  8608
275  8652  2   0  8652
276  8632  2   0  8632
277  8648  2   0  8648
278  8650  3   0  2  8648
279  8644  2   0  8644
280  8650  3   0  0  8650
281  8631  3   0  0  8631
282  8654  3   0  0  8654
283  8632  2   0  8632
284  8650  4   0  0  1  8649
285  8646  2   1  8645
286  8646  3   0  0  8646
287  8650  2   0  8650
288  8652  2   0  8652
289  8624  2   0  8624
290  8626  2   0  8626
291  8626  2   0  8626
292  8652  2   0  8652
293  8624  3   0  0  8624
294  8648  3   0  0  8648
295  8650  3   0  0  8650
296  8654  2   0  8654
297  8641  4   2300  0  0  6341
298  8650  2   0  8650
299  8654  2   0  8654
300  8467  3   0  0  8467
301  8654  2   0  8654
302  8622  2   0  8622
303  8648  2   0  8648
304  8654  2   0  8654
305  8654  2   40  8614
306  8652  2   0  8652
307  8468  2   0  8468
308  8652  2   1  8651
309  8458  2   0  8458
310  8652  2   0  8652
311  8654  2   1  8653
312  8654  2   0  8654
313  8654  3   0  0  8654
314  8652  3   0  0  8652
315  8654  2   0  8654
316  8654  2   0  8654
317  8624  2   0  8624
318  8648  2   0  8648
319  8626  2   0  8626
320  8652  2   0  8652
321  8652  2   0  8652
322  8654  4   0  0  0  8654
323  8652  2   0  8652
324  8414  2   0  8414
325  8654  2   0  8654
326  8654  2   0  8654
327  8654  3   0  2  8652
328  8652  3   0  0  8652
329  8650  2   0  8650
330  8654  2   0  8654
331  8654  3   0  0  8654
332  8654  3   0  12  8642
333  8654  4   0  0  0  8654
334  8652  3   0  0  8652
335  8654  3   0  1  8653
336  8647  4   0  0  1  8646
337  8652  3   1  0  8651
338  8622  2   0  8622
339  8608  2   37  8571
340  8630  2   2  8628
341  8654  2   2  8652
342  8654  3   0  0  8654
343  8654  3   69  0  8585
344  8652  2   0  8652
345  8628  3   0  0  8628
346  8608  2   0  8608
347  8632  2   0  8632
348  8610  2   0  8610
349  8617  3   0  0  8617
350  8608  2   0  8608
351  8632  2   0  8632
352  8618  2   0  8618
353  8654  2   0  8654
354  8644  2   0  8644
355  8652  4   0  1  0  8651
356  8616  3   0  0  8616
357  8654  2   2  8652
358  8644  2   0  8644
359  8617  4   0  0  2  8615
360  8654  3   0  0  8654
361  8654  2   0  8654
362  8624  3   1  0  8623
363  8616  3   0  0  8616
364  8654  4   0  1  0  8653
365  8624  2   0  8624
366  8652  2   3  8649
367  8652  2   0  8652
368  8652  4   1  0  1  8650
369  8654  2   0  8654
370  8612  3   0  0  8612
371  8600  2   0  8600
372  8614  2   0  8614
373  8604  2   0  8604
374  8654  2   0  8654
375  8654  4   0  0  0  8654
376  8632  2   0  8632
377  8582  3   0  0  8582
378  8654  2   0  8654
379  8626  2   0  8626
380  8652  4   1  0  0  8651
381  8602  2   0  8602
382  8651  4   0  0  0  8651
383  8574  2   0  8574
384  8652  2   9  8643
385  8654  2   0  8654
386  8622  2   0  8622
387  8576  4   0  0  0  8576
388  8654  2   0  8654
389  8650  2   0  8650
390  8550  3   0  0  8550
391  8634  5   0  0  0  0  8634
392  8642  2   0  8642
393  8586  3   0  0  8586
394  8546  3   0  0  8546
395  8369  3   0  1  8368
396  8494  2   12  8482
397  8550  2   0  8550
398  8578  2   0  8578
399  8370  3   0  0  8370
400  8560  3   0  0  8560
401  8640  3   0  0  8640
402  8594  3   0  0  8594
403  8652  2   0  8652
404  8652  2   0  8652
405  8602  3   1  0  8601
406  8580  2   0  8580
407  8588  2   0  8588
408  8630  3   0  1  8629
409  8650  3   0  2228  6422
410  8614  2   0  8614
411  8646  3   0  0  8646
412  8609  3   0  2855  5754
413  8653  3   1  5  8647
414  8618  3   0  0  8618
415  8632  2   0  8632
416  8624  2   0  8624
417  8642  2   0  8642
418  8646  3   0  0  8646
419  8638  2   0  8638
420  8638  2   0  8638
421  8652  2   0  8652
422  8640  2   3  8637
423  8643  4   0  2854  2  5787
424  8639  4   0  0  0  8639
425  8650  3   0  0  8650
426  8633  3   2  0  8631
427  8652  2   0  8652
428  8652  3   0  0  8652
429  8638  3   0  1  8637
430  8622  2   0  8622
431  8652  3   0  0  8652
432  8646  3   0  1  8645
433  8624  2   0  8624
434  8600  2   0  8600
435  8652  2   0  8652
436  8647  3   0  0  8647
437  8582  2   1  8581
438  8602  3   0  0  8602
439  8654  2   0  8654
440  8646  3   0  1  8645
441  8646  3   0  0  8646
442  8630  3   0  0  8630
443  8650  2   8  8642
444  8649  3   0  0  8649
445  8648  2   0  8648
446  8626  4   0  7  1  8618
447  8602  2   0  8602
448  8654  2   0  8654
449  8652  4   0  0  2  8650
450  8646  2   0  8646
451  8650  3   0  0  8650
452  8629  3   0  0  8629
453  8648  2   0  8648
454  8654  2   0  8654
455  8654  2   0  8654
456  8630  2   0  8630
457  8652  2   0  8652
458  8652  2   0  8652
459  8654  4   2  0  0  8652
460  8652  3   0  0  8652
461  8646  2   0  8646
462  8654  3   0  0  8654
463  8646  5   0  0  0  2  8644
464  8628  3   1  0  8627
465  8649  3   0  2  8647
466  8614  3   0  0  8614
467  8654  2   0  8654
468  8654  3   1  0  8653
469  8651  3   1  0  8650
470  8654  2   0  8654
471  8654  3   0  0  8654
472  8651  3   0  0  8651
473  8615  3   0  0  8615
474  8652  3   0  0  8652
475  8654  3   0  0  8654
476  8650  2   0  8650
477  8626  2   0  8626
478  8644  2   0  8644
479  8616  3   1  0  8615
480  8615  4   0  1  0  8614
481  8654  2   0  8654
482  8622  2   0  8622
483  8642  2   0  8642
484  8652  2   0  8652
485  8654  2   0  8654
486  8614  2   1  8613
487  8654  3   1  8  8645
488  8621  3   0  0  8621
489  8648  2   0  8648
490  8642  3   0  0  8642
491  8652  3   0  0  8652
492  8654  2   5  8649
493  8654  3   0  0  8654
494  8651  3   0  1  8650
495  8654  2   0  8654
496  8654  2   1  8653
497  8638  2   0  8638
498  8620  3   0  0  8620
499  8654  2   0  8654
500  8648  2   0  8648
501  8654  3   2  0  8652
502  8646  4   0  0  0  8646
503  8636  2   0  8636
504  8654  2   11  8643
505  8614  2   0  8614
506  8654  3   0  0  8654
507  8654  2   0  8654
508  8654  3   0  0  8654
509  8652  3   0  0  8652
510  8654  3   0  0  8654
511  8622  2   0  8622
512  8648  2   0  8648
513  8652  2   0  8652
514  8652  2   0  8652
515  8654  3   0  0  8654
516  8516  2   0  8516
517  8654  2   0  8654
518  8582  2   0  8582
519  8652  3   0  1  8651
520  8608  2   0  8608
521  8259  3   0  0  8259
522  8608  3   0  0  8608
523  8650  3   0  0  8650
524  8561  4   1  1576  0  6984
525  8654  4   1  1  0  8652
526  8654  3   0  0  8654
527  8652  2   0  8652
528  8650  3   0  0  8650
529  8580  2   0  8580
530  8652  2   0  8652
531  8602  3   0  2  8600
532  8654  3   0  0  8654
533  8604  2   0  8604
534  8650  2   0  8650
535  8589  4   0  0  0  8589
536  8624  2   0  8624
537  8320  2   0  8320
538  8654  4   0  0  0  8654
539  8334  2   0  8334
540  8654  2   0  8654
541  8624  3   0  0  8624
542  8654  2   0  8654
543  8654  2   11  8643
544  8652  3   0  0  8652
545  8654  3   1  0  8653
546  8624  2   13  8611
547  8652  3   0  0  8652
548  8379  3   0  2  8377
549  8614  2   0  8614
550  8652  2   0  8652
551  8394  5   0  0  1  0  8393
552  8652  2   0  8652
553  8654  3   0  0  8654
554  8654  3   0  0  8654
555  8654  2   0  8654
556  8612  4   2  1  0  8609
557  8612  2   0  8612
558  8462  2   0  8462
559  8654  2   0  8654
560  8614  2   14  8600
561  8654  3   0  0  8654
562  8654  3   4  0  8650

[pop]=4
1  6614  4   0  0  0  6614
2  6614  2   0  6614
3  6614  2   0  6614
4  6612  3   0  0  6612
5  6614  3   0  0  6614
6  6614  2   0  6614
7  4186  3   0  0  4186
8  6614  2   0  6614
9  6612  2   0  6612
10  6614  3   0  0  6614
11  6614  2   0  6614
12  6614  3   0  0  6614
13  6612  3   0  0  6612
14  6612  2   0  6612
15  6614  2   0  6614
16  6614  2   0  6614
17  6612  2   0  6612
18  6614  3   0  0  6614
19  6614  2   0  6614
20  6614  3   0  0  6614
21  6614  2   0  6614
22  6614  2   0  6614
23  6614  3   0  0  6614
24  6614  2   1  6613
25  6614  2   0  6614
26  6612  3   0  0  6612
27  6614  3   0  0  6614
28  6614  2   0  6614
29  6612  2   0  6612
30  6610  3   0  0  6610
31  5639  3   0  0  5639
32  6614  2   0  6614
33  6612  2   0  6612
34  6614  3   0  0  6614
35  6614  5   0  0  0  0  6614
36  6614  3   0  0  6614
37  6614  3   0  0  6614
38  6614  2   0  6614
39  6614  3   0  0  6614
40  6614  3   1  0  6613
41  6614  3   0  0  6614
42  6610  2   0  6610
43  6612  2   0  6612
44  5878  2   0  5878
45  6612  3   0  0  6612
46  6614  4   0  0  0  6614
47  6614  2   0  6614
48  6614  3   0  0  6614
49  6614  3   0  0  6614
50  6610  2   0  6610
51  6614  2   0  6614
52  6612  3   0  0  6612
53  6614  2   0  6614
54  6614  2   0  6614
55  6614  2   0  6614
56  6614  2   0  6614
57  6610  3   0  0  6610
58  6612  2   0  6612
59  6610  4   0  0  0  6610
60  6612  2   0  6612
61  6076  2   0  6076
62  6614  2   0  6614
63  6614  2   0  6614
64  6109  3   0  0  6109
65  6612  2   0  6612
66  6614  3   0  0  6614
67  6614  2   0  6614
68  6614  3   0  0  6614
69  6612  3   0  0  6612
70  6614  3   0  0  6614
71  6614  2   0  6614
72  6614  2   0  6614
73  6612  4   0  0  0  6612
74  6614  2   0  6614
75  6614  2   0  6614
76  6224  2   0  6224
77  6614  3   0  0  6614
78  6614  3   0  0  6614
79  6614  3   1  0  6613
80  6612  4   0  0  0  6612
81  6614  4   0  0  0  6614
82  6614  4   0  0  0  6614
83  6614  3   0  0  6614
84  6614  3   0  0  6614
85  6608  3   0  0  6608
86  6244  3   0  0  6244
87  6614  2   6  6608
88  6612  3   0  0  6612
89  6614  4   0  0  0  6614
90  6614  3   0  0  6614
91  6614  2   0  6614
92  6612  2   0  6612
93  6614  2   0  6614
94  6614  2   0  6614
95  6614  2   0  6614
96  6614  2   0  6614
97  6614  4   0  0  1  6613
98  6614  2   0  6614
99  6612  3   0  0  6612
100  6611  3   0  0  6611
101  6610  2   0  6610
102  6614  3   0  0  6614
103  6612  2   0  6612
104  6604  3   0  0  6604
105  6592  4   0  0  0  6592
106  6598  5   0  0  0  0  6598
107  6612  2   0  6612
108  6600  3   0  0  6600
109  6612  3   0  0  6612
110  6610  2   0  6610
111  6614  2   0  6614
112  6610  2   0  6610
113  6608  2   0  6608
114  6592  3   0  0  6592
115  6614  2   0  6614
116  6614  2   0  6614
117  6614  3   0  0  6614
118  6614  2   0  6614
119  6614  2   0  6614
120  6614  3   0  0  6614
121  6614  2   0  6614
122  6496  2   0  6496
123  6614  3   0  0  6614
124  6614  4   0  0  0  6614
125  6614  3   0  0  6614
126  6614  3   0  0  6614
127  6504  3   0  0  6504
128  6614  2   0  6614
129  6608  2   4951  1657
130  6495  3   0  0  6495
131  6614  2   0  6614
132  6614  3   0  0  6614
133  6614  3   0  0  6614
134  6614  2   0  6614
135  6614  2   0  6614
136  6614  2   326  6288
137  6614  2   0  6614
138  6614  2   0  6614
139  6614  2   0  6614
140  6614  3   0  0  6614
141  6614  3   0  0  6614
142  6614  2   0  6614
143  6614  5   0  0  0  0  6614
144  6614  3   0  0  6614
145  6588  2   7  6581
146  6614  2   0  6614
147  6614  3   0  0  6614
148  6614  2   0  6614
149  6614  3   0  0  6614
150  6614  2   0  6614
151  6614  2   0  6614
152  6614  2   0  6614
153  6552  2   0  6552
154  6614  2   0  6614
155  6547  3   0  0  6547
156  6614  2   0  6614
157  6614  2   0  6614
158  6614  2   0  6614
159  6614  2   0  6614
160  6586  3   0  0  6586
161  6614  2   0  6614
162  6614  2   0  6614
163  5938  4   0  0  0  5938
164  6614  2   0  6614
165  6614  2   0  6614
166  5966  2   0  5966
167  6614  4   0  0  0  6614
168  6604  3   0  0  6604
169  6598  3   43  0  6555
170  6614  3   0  0  6614
171  6614  2   0  6614
172  6614  2   0  6614
173  6614  2   1  6613
174  6614  3   0  0  6614
175  6614  2   0  6614
176  6610  3   0  0  6610
177  6060  3   0  0  6060
178  6614  2   0  6614
179  6614  2   0  6614
180  6614  2   0  6614
181  6612  2   285  6327
182  6614  3   0  0  6614
183  6614  2   0  6614
184  6614  2   0  6614
185  6610  3   0  0  6610
186  6614  2   0  6614
187  6614  3   0  0  6614
188  6612  5   0  0  0  0  6612
189  6614  3   0  0  6614
190  6612  2   0  6612
191  6614  2   0  6614
192  6614  2   0  6614
193  6614  3   0  0  6614
194  6614  4   0  0  0  6614
195  6608  3   0  0  6608
196  6614  3   0  0  6614
197  6614  3   0  0  6614
198  6614  2   0  6614
199  6562  3   0  0  6562
200  6608  2   0  6608
201  6614  2   0  6614
202  6596  2   0  6596
203  6612  3   0  0  6612
204  6614  3   0  0  6614
205  6614  2   0  6614
206  6614  2   0  6614
207  6614  4   0  0  0  6614
208  6608  2   0  6608
209  6608  2   0  6608
210  6614  2   0  6614
211  6610  3   0  0  6610
212  6614  2   0  6614
213  5476  3   0  0  5476
214  5444  3   0  0  5444
215  6614  2   2  6612
216  6614  2   0  6614
217  6614  3   0  0  6614
218  6614  2   0  6614
219  6614  2   0  6614
220  6614  2   0  6614
221  6610  3   0  43  6567
222  6614  2   0  6614
223  6614  3   0  0  6614
224  6608  2   0  6608
225  6606  3   0  0  6606
226  6606  2   0  6606
227  6614  2   0  6614
228  6608  2   0  6608
229  6614  2   12  6602
230  6610  3   0  0  6610
231  6614  2   11  6603
232  6614  2   0  6614
233  6614  2   0  6614
234  6614  2   0  6614
235  6614  3   0  0  6614
236  6614  3   0  0  6614
237  6614  2   0  6614
238  6578  3   0  0  6578
239  6614  3   0  0  6614
240  6608  4   0  1  0  6607
241  6362  3   1  0  6361
242  6614  2   0  6614
243  6614  2   0  6614
244  6582  2   0  6582
245  6612  3   0  0  6612
246  6614  2   0  6614
247  6584  2   0  6584
248  6614  2   0  6614
249  6608  3   0  0  6608
250  6614  2   0  6614
251  6614  3   0  0  6614
252  6614  4   91  0  0  6523
253  6608  3   0  0  6608
254  6604  2   0  6604
255  6614  3   0  0  6614
256  6614  3   0  0  6614
257  6612  3   0  0  6612
258  6602  2   0  6602
259  6560  2   0  6560
260  6532  2   0  6532
261  6552  3   0  0  6552
262  6608  3   0  0  6608
263  6614  2   0  6614
264  6526  2   0  6526
265  6607  3   0  1  6606
266  6614  2   0  6614
267  6608  2   0  6608
268  6614  2   0  6614
269  6610  3   0  0  6610
270  6548  2   0  6548
271  6614  2   0  6614
272  6610  2   2  6608
273  6610  2   1  6609
274  6554  2   0  6554
275  6612  2   0  6612
276  6574  2   0  6574
277  6614  2   0  6614
278  6612  3   0  0  6612
279  6604  2   0  6604
280  6614  3   0  0  6614
281  6574  3   0  0  6574
282  6614  3   0  0  6614
283  6578  2   0  6578
284  6612  4   0  0  0  6612
285  6604  2   0  6604
286  6611  3   0  0  6611
287  6614  2   0  6614
288  6612  2   0  6612
289  6610  2   15  6595
290  6614  2   0  6614
291  6614  2   0  6614
292  6614  2   0  6614
293  6610  3   0  0  6610
294  6614  3   0  0  6614
295  6614  3   0  0  6614
296  6614  2   0  6614
297  6614  4   604  0  0  6010
298  6614  2   44  6570
299  6598  2   0  6598
300  6408  3   0  0  6408
301  6614  2   0  6614
302  6608  2   0  6608
303  6614  2   0  6614
304  6600  2   0  6600
305  6614  2   0  6614
306  6614  2   0  6614
307  6402  2   0  6402
308  6614  2   0  6614
309  6384  2   0  6384
310  6614  2   0  6614
311  6614  2   0  6614
312  6604  2   0  6604
313  6614  3   0  0  6614
314  6614  3   0  0  6614
315  6614  2   0  6614
316  6606  2   0  6606
317  6614  2   0  6614
318  6614  2   1  6613
319  6614  2   0  6614
320  6614  2   0  6614
321  6614  2   0  6614
322  6614  4   105  0  0  6509
323  6614  2   0  6614
324  6526  2   0  6526
325  6614  2   0  6614
326  6614  2   0  6614
327  6614  3   0  0  6614
328  6614  3   0  0  6614
329  6614  2   0  6614
330  6614  2   0  6614
331  6614  3   0  0  6614
332  6614  3   0  0  6614
333  6614  4   0  0  0  6614
334  6614  3   0  0  6614
335  6614  3   0  0  6614
336  6614  4   1  0  0  6613
337  6612  3   0  0  6612
338  6614  2   0  6614
339  6612  2   0  6612
340  6582  2   0  6582
341  6614  2   0  6614
342  6614  3   0  0  6614
343  6614  3   0  0  6614
344  6612  2   0  6612
345  6610  3   0  0  6610
346  6612  2   0  6612
347  6584  2   4  6580
348  6612  2   0  6612
349  6614  3   1  0  6613
350  6612  2   0  6612
351  6588  2   0  6588
352  6614  2   0  6614
353  6614  2   0  6614
354  6614  2   0  6614
355  6612  4   0  0  0  6612
356  6612  3   0  0  6612
357  6612  2   0  6612
358  6614  2   0  6614
359  6612  4   0  0  0  6612
360  6614  3   0  0  6614
361  6614  2   0  6614
362  6582  3   0  0  6582
363  6608  3   0  0  6608
364  6612  4   0  0  0  6612
365  6578  2   0  6578
366  6614  2   0  6614
367  6614  2   0  6614
368  6614  4   0  0  0  6614
369  6614  2   0  6614
370  6568  3   0  0  6568
371  6562  2   0  6562
372  6598  2   0  6598
373  6594  2   0  6594
374  6614  2   0  6614
375  6612  4   0  0  0  6612
376  6610  2   1  6609
377  6546  3   0  0  6546
378  6614  2   0  6614
379  6610  2   0  6610
380  6612  4   0  0  0  6612
381  6612  2   0  6612
382  6612  4   0  0  0  6612
383  6562  2   0  6562
384  6614  2   0  6614
385  6612  2   0  6612
386  6610  2   0  6610
387  6506  4   0  0  0  6506
388  6614  2   0  6614
389  6612  2   0  6612
390  6598  3   0  0  6598
391  6613  5   0  0  0  0  6613
392  6614  2   110  6504
393  6545  3   0  1  6544
394  6588  3   0  0  6588
395  6525  3   2  0  6523
396  6598  2   0  6598
397  6588  2   0  6588
398  6606  2   97  6509
399  6526  3   0  0  6526
400  6588  3   0  0  6588
401  6614  3   0  0  6614
402  6580  3   0  0  6580
403  6614  2   0  6614
404  6614  2   0  6614
405  6572  3   0  3  6569
406  6588  2   0  6588
407  6610  2   0  6610
408  6608  3   0  0  6608
409  6613  3   0  1285  5328
410  6594  2   0  6594
411  6614  3   0  0  6614
412  6601  3   0  3508  3093
413  6614  3   1  0  6613
414  6593  3   0  0  6593
415  6608  2   0  6608
416  6598  2   0  6598
417  6614  2   0  6614
418  6614  3   0  0  6614
419  6612  2   0  6612
420  6614  2   0  6614
421  6614  2   0  6614
422  6614  2   0  6614
423  6612  4   0  3510  0  3102
424  6614  4   0  0  0  6614
425  6614  3   1  2  6611
426  6603  3   0  0  6603
427  6614  2   0  6614
428  6612  3   0  0  6612
429  6614  3   0  0  6614
430  6584  2   0  6584
431  6613  3   0  0  6613
432  6614  3   0  0  6614
433  6582  2   0  6582
434  6588  2   0  6588
435  6614  2   1  6613
436  6614  3   0  0  6614
437  6586  2   0  6586
438  6591  3   0  0  6591
439  6614  2   0  6614
440  6606  3   0  0  6606
441  6614  3   0  0  6614
442  6614  3   0  0  6614
443  6612  2   0  6612
444  6612  3   0  0  6612
445  6614  2   0  6614
446  6591  4   0  0  0  6591
447  6600  2   0  6600
448  6614  2   2  6612
449  6614  4   0  0  0  6614
450  6614  2   0  6614
451  6606  3   0  0  6606
452  6614  3   0  0  6614
453  6614  2   0  6614
454  6614  2   0  6614
455  6614  2   0  6614
456  6614  2   0  6614
457  6614  2   0  6614
458  6606  2   0  6606
459  6614  4   1  0  0  6613
460  6608  3   0  0  6608
461  6614  2   0  6614
462  6614  3   0  0  6614
463  6614  5   0  0  0  0  6614
464  6614  3   0  0  6614
465  6610  3   0  0  6610
466  6601  3   0  0  6601
467  6614  2   0  6614
468  6606  3   0  0  6606
469  6610  3   0  0  6610
470  6604  2   0  6604
471  6608  3   0  0  6608
472  6610  3   0  0  6610
473  6602  3   0  0  6602
474  6614  3   0  0  6614
475  6614  3   0  0  6614
476  6614  2   0  6614
477  6610  2   0  6610
478  6614  2   0  6614
479  6601  3   0  0  6601
480  6602  4   0  0  0  6602
481  6610  2   0  6610
482  6612  2   0  6612
483  6614  2   1  6613
484  6614  2   0  6614
485  6610  2   0  6610
486  6602  2   0  6602
487  6614  3   0  0  6614
488  6612  3   0  0  6612
489  6612  2   0  6612
490  6614  3   0  0  6614
491  6614  3   0  0  6614
492  6614  2   0  6614
493  6614  3   2  0  6612
494  6614  3   0  0  6614
495  6614  2   0  6614
496  6614  2   0  6614
497  6614  2   0  6614
498  6586  3   0  0  6586
499  6614  2   0  6614
500  6610  2   0  6610
501  6614  3   0  0  6614
502  6610  4   0  0  0  6610
503  6614  2   0  6614
504  6614  2   0  6614
505  6612  2   0  6612
506  6614  3   0  0  6614
507  6614  2   0  6614
508  6614  3   0  0  6614
509  6614  3   0  0  6614
510  6614  3   0  0  6614
511  6612  2   0  6612
512  6610  2   0  6610
513  6610  2   0  6610
514  6614  2   0  6614
515  6614  3   0  0  6614
516  6582  2   0  6582
517  6614  2   0  6614
518  6606  2   0  6606
519  6608  3   0  0  6608
520  6612  2   0  6612
521  6382  3   0  0  6382
522  6612  3   0  0  6612
523  6610  3   0  0  6610
524  6593  4   197  2564  1  3831
525  6614  4   209  0  1  6404
526  6614  3   0  0  6614
527  6614  2   0  6614
528  6614  3   0  0  6614
529  6596  2   0  6596
530  6614  2   0  6614
531  6612  3   0  0  6612
532  6614  3   0  0  6614
533  6612  2   0  6612
534  6610  2   0  6610
535  6597  4   0  0  0  6597
536  6614  2   0  6614
537  6448  2   0  6448
538  6614  4   0  0  0  6614
539  6450  2   0  6450
540  6614  2   0  6614
541  6614  3   0  0  6614
542  6614  2   0  6614
543  6614  2   0  6614
544  6612  3   0  0  6612
545  6614  3   0  0  6614
546  6614  2   0  6614
547  6612  3   0  0  6612
548  6477  3   0  0  6477
549  6612  2   0  6612
550  6610  2   0  6610
551  6478  5   0  0  0  0  6478
552  6612  2   0  6612
553  6613  3   0  0  6613
554  6612  3   0  0  6612
555  6614  2   0  6614
556  6611  4   210  0  0  6401
557  6612  2   0  6612
558  6534  2   0  6534
559  6610  2   0  6610
560  6612  2   0  6612
561  6614  3   0  0  6614
562  6614  3   4  0  6610

[pop]=5
1  66732  4   0  0  0  66732
2  66678  2   8  66670
3  66726  2   0  66726
4  66724  3   4  0  66720
5  66687  3   0  1  66686
6  66726  2   0  66726
7  45573  3   0  1  45572
8  66732  2   19  66713
9  66726  2   31  66695
10  66693  3   0  0  66693
11  66704  2   0  66704
12  66735  3   0  3  66732
13  66725  3   13  3  66709
14  66728  2   3  66725
15  66728  2   6  66722
16  66718  2   1  66717
17  66724  2   3  66721
18  66738  3   1  1  66736
19  66718  2   15  66703
20  66738  3   0  4  66734
21  66726  2   0  66726
22  66730  2   3  66727
23  66722  3   0  1  66721
24  66740  2   1  66739
25  66730  2   0  66730
26  66724  3   0  0  66724
27  66740  3   1  4  66735
28  66726  2   2  66724
29  66740  2   0  66740
30  66726  3   3  0  66723
31  60322  3   0  1  60321
32  66740  2   0  66740
33  66730  2   2  66728
34  66730  3   0  0  66730
35  66734  5   1  17  57  17  66642
36  66727  3   0  1  66726
37  66732  3   1  0  66731
38  66728  2   0  66728
39  66736  3   0  1  66735
40  66726  3   0  1  66725
41  66722  3   0  0  66722
42  66718  2   2  66716
43  66740  2   11  66729
44  61988  2   18  61970
45  66730  3   0  1  66729
46  66735  4   1  1  1  66732
47  66724  2   5  66719
48  66734  3   1  0  66733
49  66730  3   1  3  66726
50  66714  2   0  66714
51  66728  2   2  66726
52  66740  3   2  0  66738
53  66736  2   0  66736
54  66730  2   8  66722
55  66740  2   0  66740
56  66730  2   4  66726
57  66711  3   1  0  66710
58  66732  2   0  66732
59  66710  4   0  1  1  66708
60  66740  2   0  66740
61  63214  2   0  63214
62  66726  2   1  66725
63  66708  2   1  66707
64  63395  3   2  0  63393
65  66732  2   4  66728
66  66709  3   2  0  66707
67  66724  2   0  66724
68  66735  3   0  0  66735
69  66729  3   2  0  66727
70  66716  3   1  2  66713
71  66734  2   0  66734
72  66732  2   3  66729
73  66728  4   0  1  0  66727
74  66698  2   0  66698
75  66682  2   7  66675
76  63894  2   0  63894
77  66702  3   1  0  66701
78  66700  3   0  0  66700
79  66738  3   33  5  66700
80  66719  4   1  1  0  66717
81  66700  4   2  4  4  66690
82  66686  4   0  3  0  66683
83  66652  3   1  0  66651
84  66694  3   47  5  66642
85  66652  3   1  1  66650
86  64045  3   0  1  64044
87  66738  2   14  66724
88  66716  3   1  1  66714
89  66668  4   0  1  0  66667
90  66711  3   0  22  66689
91  66690  2   0  66690
92  66714  2   2  66712
93  66680  2   29  66651
94  66678  2   0  66678
95  66672  2   0  66672
96  66676  2   1  66675
97  66675  4   0  0  9  66666
98  66734  2   3  66731
99  66326  3   1  0  66325
100  66266  3   2  9  66255
101  66600  2   2  66598
102  66728  3   2  1  66725
103  66738  2   0  66738
104  66084  3   0  0  66084
105  66405  4   0  0  2  66403
106  65673  5   0  0  2  0  65671
107  66346  2   0  66346
108  65507  3   0  0  65507
109  66540  3   0  0  66540
110  66680  2   30  66650
111  66700  2   3  66697
112  66308  2   2  66306
113  66654  2   0  66654
114  66425  3   2  0  66423
115  66714  2   6  66708
116  66628  2   2  66626
117  66643  3   0  1  66642
118  66696  2   0  66696
119  66530  2   0  66530
120  66726  3   0  0  66726
121  66710  2   0  66710
122  64250  2   2  64248
123  66419  3   0  4  66415
124  66726  4   0  5  0  66721
125  66723  3   2  3  66718
126  66583  3   2  1  66580
127  64274  3   1  0  64273
128  66716  2   0  66716
129  66604  2   48198  18406
130  64194  3   1  2  64191
131  66688  2   7  66681
132  66732  3   0  1  66731
133  66578  3   0  0  66578
134  66610  2   2  66608
135  66736  2   0  66736
136  66636  2   2268  64368
137  66670  2   0  66670
138  66704  2   0  66704
139  66640  2   6  66634
140  66683  3   0  3  66680
141  66642  3   0  0  66642
142  66682  2   4  66678
143  66680  5   1  0  1  0  66678
144  66647  3   3  1  66643
145  66174  2   79  66095
146  66604  2   1  66603
147  66718  3   2  1  66715
148  66686  2   1  66685
149  66714  3   2  8  66704
150  66596  2   1  66595
151  66716  2   1  66715
152  66736  2   0  66736
153  64536  2   0  64536
154  66636  2   29  66607
155  64241  3   0  0  64241
156  66714  2   0  66714
157  66738  2   0  66738
158  66738  2   2  66736
159  66548  2   48  66500
160  65572  3   1  6  65565
161  66736  2   3  66733
162  66702  2   0  66702
163  60199  4   0  1  7  60191
164  66610  2   1  66609
165  66734  2   0  66734
166  60448  2   2  60446
167  66736  4   9  1  0  66726
168  66122  3   1  1  66120
169  66447  3   178  0  66269
170  66683  3   0  0  66683
171  66732  2   1  66731
172  66678  2   4  66674
173  66538  2   1  66537
174  66730  3   0  2  66728
175  66636  2   2  66634
176  66699  3   0  3  66696
177  61545  3   2  1  61542
178  66674  2   0  66674
179  66736  2   0  66736
180  66728  2   5  66723
181  66616  2   660  65956
182  66493  3   1  1  66491
183  66736  2   0  66736
184  66726  2   4  66722
185  66500  3   0  1  66499
186  66704  2   0  66704
187  66712  3   0  2  66710
188  66512  5   2  0  11  1  66498
189  66706  3   0  1  66705
190  66488  2   0  66488
191  66568  2   0  66568
192  66390  2   0  66390
193  66688  3   1  8  66679
194  66699  4   1  7  1  66690
195  66652  3   0  1  66651
196  66642  3   1  1  66640
197  66731  3   1  19  66711
198  66730  2   0  66730
199  66020  3   1  0  66019
200  66650  2   0  66650
201  66700  2   2  66698
202  66626  2   3  66623
203  66587  3   0  0  66587
204  66710  3   0  0  66710
205  66734  2   2  66732
206  66728  2   0  66728
207  66727  4   1  0  4  66722
208  66668  2   1  66667
209  66696  2   2  66694
210  66734  2   2  66732
211  66622  3   1  0  66621
212  66572  2   8  66564
213  56334  3   0  1  56333
214  56038  3   0  0  56038
215  66734  2   212  66522
216  66736  2   2  66734
217  66734  3   0  0  66734
218  66736  2   5  66731
219  66734  2   0  66734
220  66740  2   1  66739
221  66675  3   3  383  66289
222  66736  2   2  66734
223  66740  3   4  0  66736
224  66678  2   0  66678
225  66602  3   1  1  66600
226  66650  2   2  66648
227  66724  2   0  66724
228  66680  2   0  66680
229  66736  2   5  66731
230  66689  3   1  0  66688
231  66734  2   22  66712
232  66740  2   2  66738
233  66730  2   0  66730
234  66734  2   1  66733
235  66740  3   9  7  66724
236  66731  3   5  0  66726
237  66730  2   2  66728
238  65398  3   0  0  65398
239  66740  3   2  0  66738
240  66664  4   1  0  1  66662
241  61833  3   1  0  61832
242  66728  2   1  66727
243  66730  2   0  66730
244  65588  2   0  65588
245  66502  3   0  2  66500
246  66716  2   1  66715
247  65134  2   4  65130
248  66714  2   0  66714
249  66604  3   1  1  66602
250  66712  2   0  66712
251  66736  3   1  0  66735
252  66732  4   97  0  2  66633
253  66542  3   2  1  66539
254  66592  2   2  66590
255  66731  3   3  0  66728
256  66706  3   1  0  66705
257  66624  3   1  1  66622
258  66586  2   2  66584
259  64244  2   3  64241
260  63118  2   2  63116
261  64594  3   0  0  64594
262  66686  3   0  1  66685
263  66040  2   0  66040
264  62846  2   13  62833
265  66561  3   0  3  66558
266  66702  2   4  66698
267  66560  2   2  66558
268  66268  2   6  66262
269  66700  3   1  1  66698
270  65668  2   2  65666
271  66718  2   1  66717
272  66712  2   21  66691
273  66714  2   9  66705
274  65822  2   3  65819
275  66626  2   1  66625
276  66110  2   2  66108
277  66634  2   0  66634
278  66717  3   4  4  66709
279  66672  2   1  66671
280  66508  3   0  3  66505
281  66137  3   5  1  66131
282  66560  3   0  0  66560
283  66284  2   0  66284
284  66722  4   0  1  0  66721
285  66688  2   4  66684
286  66724  3   1  2  66721
287  66656  2   1  66655
288  66680  2   0  66680
289  66572  2   4  66568
290  66722  2   3  66719
291  66724  2   1  66723
292  66734  2   3  66731
293  66566  3   0  8  66558
294  66736  3   0  0  66736
295  66720  3   1  0  66719
296  66726  2   14  66712
297  66737  4   3034  0  0  63703
298  66728  2   1939  64789
299  66650  2   5  66645
300  60773  3   1  0  60772
301  66730  2   0  66730
302  66546  2   0  66546
303  66740  2   0  66740
304  66672  2   4  66668
305  66738  2   1  66737
306  66730  2   1  66729
307  60776  2   0  60776
308  66730  2   0  66730
309  60346  2   0  60346
310  66732  2   0  66732
311  66724  2   0  66724
312  66682  2   0  66682
313  66740  3   1  1  66738
314  66735  3   1  0  66734
315  66732  2   28  66704
316  66686  2   0  66686
317  66560  2   1  66559
318  66738  2   18  66720
319  66558  2   2  66556
320  66738  2   2  66736
321  66740  2   0  66740
322  66739  4   449  0  0  66290
323  66732  2   0  66732
324  64378  2   0  64378
325  66738  2   24  66714
326  66738  2   0  66738
327  66736  3   1  0  66735
328  66734  3   1  0  66733
329  66740  2   4  66736
330  66738  2   1  66737
331  66736  3   0  0  66736
332  66738  3   0  0  66738
333  66738  4   1  0  1  66736
334  66734  3   3  0  66731
335  66738  3   1  0  66737
336  66733  4   6  1  0  66726
337  66734  3   75  1  66658
338  66600  2   4  66596
339  66494  2   0  66494
340  66600  2   0  66600
341  66740  2   4  66736
342  66738  3   1  1  66736
343  66738  3   1  1  66736
344  66728  2   0  66728
345  66486  3   1  0  66485
346  66506  2   1  66505
347  66620  2   1  66619
348  66510  2   0  66510
349  66566  3   0  1  66565
350  66526  2   2  66524
351  66622  2   73  66549
352  66548  2   3  66545
353  66740  2   0  66740
354  66726  2   0  66726
355  66706  4   0  0  1  66705
356  66512  3   1  1  66510
357  66716  2   0  66716
358  66726  2   1  66725
359  66475  4   1  1  0  66473
360  66740  3   1  0  66739
361  66734  2   0  66734
362  66588  3   2  0  66586
363  66456  3   1  1  66454
364  66724  4   1  0  1  66722
365  66568  2   2  66566
366  66740  2   0  66740
367  66740  2   0  66740
368  66740  4   0  2  0  66738
369  66624  2   2  66622
370  66488  3   1  1  66486
371  66446  2   7  66439
372  66184  2   0  66184
373  66364  2   2  66362
374  66738  2   3  66735
375  66725  4   6  0  1  66718
376  66506  2   154  66352
377  65973  3   1  0  65972
378  66476  2   13  66463
379  66394  2   14  66380
380  66543  4   0  1  0  66542
381  66474  2   2  66472
382  66397  4   1  1  1  66394
383  65610  2   4  65606
384  66738  2   0  66738
385  66720  2   1  66719
386  66248  2   0  66248
387  65572  4   2  0  0  65570
388  66310  2   0  66310
389  66318  2   6  66312
390  65536  3   0  1  65535
391  66570  5   0  1  1  1  66567
392  66560  2   3136  63424
393  65834  3   1  0  65833
394  65380  3   3  0  65377
395  64256  3   104  0  64152
396  66046  2   0  66046
397  65498  2   0  65498
398  65986  2   1831  64155
399  64330  3   2  1  64327
400  65604  3   0  1  65603
401  66719  3   0  0  66719
402  66140  3   0  8  66132
403  66634  2   2  66632
404  66710  2   2  66708
405  66178  3   0  0  66178
406  66118  2   0  66118
407  66506  2   0  66506
408  66594  3   2  0  66592
409  66693  3   0  11667  55026
410  66318  2   3  66315
411  66649  3   1  0  66648
412  66443  3   1  30278  36164
413  66700  3   40  4  66656
414  66389  3   2  0  66387
415  66620  2   2  66618
416  66482  2   0  66482
417  66732  2   7  66725
418  66662  3   2  0  66660
419  66650  2   4  66646
420  66732  2   0  66732
421  66718  2   2  66716
422  66662  2   0  66662
423  66714  4   1  30287  3  36423
424  66673  4   0  0  1  66672
425  66706  3   0  0  66706
426  66584  3   0  0  66584
427  66722  2   2  66720
428  66730  3   0  0  66730
429  66734  3   1  0  66733
430  66472  2   3  66469
431  66733  3   1  1  66731
432  66706  3   4  6  66696
433  66514  2   11  66503
434  66196  2   18  66178
435  66712  2   15  66697
436  66707  3   1  1  66705
437  66522  2   1  66521
438  66202  3   0  3  66199
439  66736  2   2  66734
440  66652  3   1  0  66651
441  66713  3   3  0  66710
442  66730  3   10  1  66719
443  66718  2   10  66708
444  66719  3   0  1  66718
445  66708  2   0  66708
446  66549  4   0  0  0  66549
447  66250  2   2  66248
448  66718  2   105  66613
449  66736  4   2  0  1  66733
450  66714  2   0  66714
451  66680  3   0  1  66679
452  66731  3   0  1  66730
453  66714  2   0  66714
454  66724  2   2  66722
455  66736  2   10  66726
456  66728  2   2  66726
457  66738  2   1  66737
458  66696  2   2  66694
459  66740  4   3  0  0  66737
460  66692  3   7  2  66683
461  66728  2   2  66726
462  66726  3   0  0  66726
463  66728  5   2  2  1  0  66723
464  66720  3   4  1  66715
465  66711  3   5  3  66703
466  66254  3   1  0  66253
467  66726  2   2  66724
468  66696  3   0  1  66695
469  66713  3   0  2  66711
470  66696  2   3  66693
471  66696  3   0  0  66696
472  66713  3   0  1  66712
473  66271  3   0  0  66271
474  66740  3   2  3  66735
475  66730  3   3  1  66726
476  66730  2   2  66728
477  66732  2   1  66731
478  66718  2   0  66718
479  66275  3   1  1  66273
480  66275  4   1  1  0  66273
481  66704  2   0  66704
482  66726  2   1  66725
483  66714  2   6  66708
484  66740  2   2  66738
485  66706  2   4  66702
486  66266  2   9  66257
487  66734  3   0  1  66733
488  66728  3   1  1  66726
489  66714  2   2  66712
490  66709  3   12  0  66697
491  66738  3   1  1  66736
492  66736  2   1  66735
493  66737  3   12  2  66723
494  66733  3   34  1  66698
495  66738  2   0  66738
496  66740  2   0  66740
497  66702  2   1  66701
498  66423  3   0  3  66420
499  66738  2   5  66733
500  66712  2   3  66709
501  66740  3   0  1  66739
502  66714  4   1  3  0  66710
503  66700  2   2  66698
504  66736  2   0  66736
505  66718  2   0  66718
506  66738  3   1  0  66737
507  66740  2   2  66738
508  66740  3   0  1  66739
509  66734  3   0  1  66733
510  66740  3   2  0  66738
511  66656  2   2  66654
512  66710  2   0  66710
513  66712  2   1  66711
514  66734  2   0  66734
515  66738  3   3  0  66735
516  66102  2   0  66102
517  66738  2   9  66729
518  66608  2   2  66606
519  66711  3   1  1  66709
520  66684  2   1  66683
521  61026  3   3  2  61021
522  66698  3   1  1  66696
523  66709  3   1  4  66704
524  66369  4   415  24645  0  41309
525  66738  4   1537  0  3  65198
526  66740  3   0  0  66740
527  66736  2   1  66735
528  66712  3   1  0  66711
529  66490  2   0  66490
530  66736  2   3  66733
531  66710  3   1  0  66709
532  66738  3   0  0  66738
533  66708  2   0  66708
534  66712  2   3  66709
535  66497  4   4  1  4  66488
536  66694  2   2  66692
537  61862  2   2  61860
538  66738  4   1  2  1  66734
539  61968  2   9  61959
540  66738  2   0  66738
541  66703  3   1  0  66702
542  66736  2   2  66734
543  66740  2   0  66740
544  66720  3   0  3  66717
545  66738  3   0  0  66738
546  66706  2   0  66706
547  66719  3   0  0  66719
548  62451  3   1  0  62450
549  66688  2   2  66686
550  66718  2   0  66718
551  62500  5   1  4  1  0  62494
552  66722  2   1  66721
553  66734  3   8  1  66725
554  66725  3   0  1  66724
555  66738  2   0  66738
556  66656  4   6523  0  1  60132
557  66640  2   2  66638
558  62942  2   2  62940
559  66728  2   0  66728
560  66642  2   0  66642
561  66696  3   0  1  66695
562  66734  3   676  2  66056

[pop]=6
1  908  4   0  0  0  908
2  908  2   0  908
3  908  2   0  908
4  908  3   0  0  908
5  908  3   0  0  908
6  908  2   0  908
7  567  3   0  0  567
8  908  2   0  908
9  908  2   0  908
10  908  3   0  0  908
11  908  2   0  908
12  908  3   0  0  908
13  908  3   0  0  908
14  908  2   0  908
15  908  2   0  908
16  908  2   2  906
17  908  2   0  908
18  908  3   0  0  908
19  908  2   0  908
20  908  3   0  0  908
21  908  2   0  908
22  900  2   0  900
23  908  3   0  0  908
24  908  2   0  908
25  908  2   0  908
26  908  3   0  0  908
27  908  3   0  0  908
28  908  2   0  908
29  908  2   0  908
30  908  3   0  0  908
31  768  3   0  0  768
32  908  2   0  908
33  908  2   0  908
34  908  3   0  0  908
35  908  5   0  3  0  0  905
36  908  3   0  2  906
37  908  3   0  0  908
38  908  2   0  908
39  908  3   0  0  908
40  908  3   0  0  908
41  908  3   0  0  908
42  908  2   0  908
43  908  2   0  908
44  774  2   1  773
45  908  3   0  0  908
46  908  4   0  0  0  908
47  908  2   0  908
48  908  3   0  0  908
49  908  3   0  0  908
50  908  2   0  908
51  900  2   0  900
52  908  3   0  0  908
53  908  2   0  908
54  908  2   2  906
55  908  2   0  908
56  908  2   0  908
57  908  3   0  0  908
58  908  2   0  908
59  908  4   0  0  0  908
60  908  2   0  908
61  788  2   0  788
62  908  2   0  908
63  908  2   0  908
64  795  3   0  0  795
65  908  2   0  908
66  908  3   0  0  908
67  908  2   0  908
68  908  3   0  0  908
69  908  3   0  0  908
70  908  3   0  0  908
71  908  2   1  907
72  908  2   0  908
73  908  4   0  0  1  907
74  908  2   0  908
75  908  2   0  908
76  820  2   0  820
77  908  3   0  0  908
78  908  3   0  0  908
79  908  3   0  0  908
80  908  4   0  0  1  907
81  908  4   0  1  1  906
82  906  4   0  0  0  906
83  906  3   0  0  906
84  908  3   0  0  908
85  908  3   0  0  908
86  835  3   0  0  835
87  908  2   0  908
88  908  3   0  0  908
89  906  4   0  0  1  905
90  908  3   0  0  908
91  908  2   0  908
92  908  2   0  908
93  906  2   4  902
94  908  2   0  908
95  908  2   0  908
96  904  2   2  902
97  904  4   0  0  0  904
98  908  2   0  908
99  896  3   0  0  896
100  892  3   0  0  892
101  906  2   0  906
102  908  3   0  0  908
103  908  2   0  908
104  880  3   0  0  880
105  900  4   0  0  0  900
106  862  5   0  0  0  0  862
107  904  2   0  904
108  858  3   0  0  858
109  904  3   0  0  904
110  904  2   0  904
111  906  2   0  906
112  904  2   0  904
113  906  2   0  906
114  900  3   0  0  900
115  908  2   0  908
116  904  2   0  904
117  906  3   0  0  906
118  908  2   0  908
119  906  2   0  906
120  906  3   0  0  906
121  908  2   0  908
122  860  2   0  860
123  899  3   1  0  898
124  906  4   0  0  0  906
125  908  3   0  0  908
126  906  3   0  0  906
127  864  3   0  0  864
128  908  2   0  908
129  906  2   679  227
130  864  3   0  0  864
131  906  2   0  906
132  906  3   0  0  906
133  904  3   0  0  904
134  904  2   0  904
135  908  2   0  908
136  906  2   48  858
137  906  2   0  906
138  908  2   0  908
139  908  2   0  908
140  906  3   0  0  906
141  908  3   0  0  908
142  906  2   1  905
143  906  5   0  0  0  0  906
144  904  3   0  0  904
145  890  2   1  889
146  902  2   0  902
147  908  3   0  0  908
148  906  2   0  906
149  908  3   0  2  906
150  902  2   0  902
151  908  2   0  908
152  908  2   0  908
153  884  2   0  884
154  908  2   0  908
155  882  3   0  0  882
156  908  2   0  908
157  908  2   0  908
158  908  2   0  908
159  902  2   0  902
160  873  3   0  0  873
161  908  2   0  908
162  908  2   0  908
163  803  4   0  0  0  803
164  908  2   0  908
165  908  2   0  908
166  810  2   0  810
167  908  4   0  0  0  908
168  896  3   0  0  896
169  894  3   3  0  891
170  908  3   0  0  908
171  908  2   0  908
172  908  2   0  908
173  904  2   0  904
174  908  3   0  0  908
175  904  2   0  904
176  906  3   0  0  906
177  828  3   1  1  826
178  908  2   0  908
179  908  2   0  908
180  908  2   0  908
181  904  2   15  889
182  904  3   0  0  904
183  908  2   0  908
184  908  2   0  908
185  902  3   0  0  902
186  908  2   0  908
187  908  3   0  0  908
188  898  5   0  0  3  0  895
189  908  3   0  0  908
190  898  2   0  898
191  908  2   0  908
192  902  2   0  902
193  908  3   0  0  908
194  908  4   1  1  0  906
195  906  3   0  0  906
196  908  3   0  2  906
197  908  3   0  0  908
198  908  2   0  908
199  896  3   0  0  896
200  900  2   0  900
201  908  2   0  908
202  904  2   0  904
203  904  3   0  1  903
204  908  3   2  0  906
205  908  2   0  908
206  908  2   0  908
207  908  4   0  0  0  908
208  906  2   0  906
209  908  2   0  908
210  908  2   0  908
211  904  3   0  1  903
212  906  2   0  906
213  766  3   0  0  766
214  760  3   0  0  760
215  908  2   1  907
216  908  2   0  908
217  908  3   0  0  908
218  908  2   0  908
219  908  2   0  908
220  908  2   0  908
221  906  3   0  3  903
222  908  2   0  908
223  908  3   0  0  908
224  906  2   0  906
225  900  3   0  0  900
226  906  2   0  906
227  908  2   0  908
228  906  2   0  906
229  908  2   0  908
230  906  3   0  0  906
231  908  2   1  907
232  908  2   0  908
233  908  2   0  908
234  908  2   0  908
235  908  3   0  0  908
236  908  3   0  0  908
237  908  2   0  908
238  892  3   0  0  892
239  908  3   0  0  908
240  906  4   2  0  0  904
241  863  3   0  0  863
242  908  2   0  908
243  908  2   0  908
244  892  2   0  892
245  890  3   0  0  890
246  908  2   0  908
247  894  2   0  894
248  908  2   0  908
249  906  3   0  0  906
250  908  2   0  908
251  908  3   0  0  908
252  908  4   1  0  0  907
253  907  3   0  0  907
254  904  2   0  904
255  908  3   0  0  908
256  908  3   0  0  908
257  902  3   0  0  902
258  904  2   0  904
259  882  2   0  882
260  878  2   0  878
261  884  3   0  0  884
262  904  3   0  0  904
263  878  2   0  878
264  878  2   0  878
265  904  3   0  0  904
266  898  2   0  898
267  904  2   0  904
268  890  2   0  890
269  906  3   0  0  906
270  902  2   0  902
271  898  2   0  898
272  904  2   10  894
273  904  2   1  903
274  904  2   0  904
275  908  2   0  908
276  906  2   0  906
277  906  2   0  906
278  906  3   0  0  906
279  908  2   1  907
280  903  3   0  0  903
281  905  3   0  0  905
282  904  3   0  0  904
283  906  2   0  906
284  906  4   0  0  0  906
285  908  2   0  908
286  906  3   0  0  906
287  908  2   0  908
288  908  2   0  908
289  898  2   0  898
290  898  2   0  898
291  898  2   0  898
292  908  2   0  908
293  898  3   0  0  898
294  908  3   0  0  908
295  908  3   0  0  908
296  908  2   0  908
297  908  4   68  0  0  840
298  908  2   21  887
299  908  2   0  908
300  836  3   0  0  836
301  908  2   0  908
302  898  2   0  898
303  908  2   0  908
304  908  2   0  908
305  908  2   0  908
306  908  2   0  908
307  838  2   0  838
308  908  2   0  908
309  834  2   0  834
310  908  2   0  908
311  908  2   0  908
312  908  2   0  908
313  908  3   0  0  908
314  908  3   0  0  908
315  908  2   1  907
316  908  2   0  908
317  904  2   0  904
318  908  2   0  908
319  902  2   0  902
320  908  2   0  908
321  908  2   1  907
322  908  4   5  0  0  903
323  908  2   0  908
324  880  2   0  880
325  908  2   1  907
326  908  2   0  908
327  908  3   0  0  908
328  908  3   0  0  908
329  908  2   0  908
330  908  2   1  907
331  908  3   0  0  908
332  908  3   0  0  908
333  908  4   0  0  0  908
334  908  3   0  0  908
335  908  3   0  0  908
336  908  4   0  0  0  908
337  908  3   1  0  907
338  896  2   0  896
339  890  2   0  890
340  904  2   0  904
341  908  2   0  908
342  908  3   0  0  908
343  908  3   0  0  908
344  908  2   0  908
345  902  3   0  0  902
346  890  2   0  890
347  904  2   0  904
348  890  2   0  890
349  896  3   0  0  896
350  892  2   0  892
351  904  2   3  901
352  896  2   0  896
353  908  2   0  908
354  906  2   0  906
355  908  4   0  0  0  908
356  896  3   0  0  896
357  908  2   0  908
358  906  2   0  906
359  896  4   0  0  0  896
360  908  3   0  0  908
361  908  2   0  908
362  904  3   0  0  904
363  896  3   0  0  896
364  908  4   0  0  0  908
365  902  2   1  901
366  908  2   0  908
367  908  2   0  908
368  908  4   0  0  0  908
369  902  2   0  902
370  902  3   0  0  902
371  902  2   8  894
372  902  2   0  902
373  894  2   0  894
374  908  2   0  908
375  908  4   0  0  0  908
376  900  2   2  898
377  883  3   0  0  883
378  894  2   0  894
379  894  2   0  894
380  898  4   0  0  0  898
381  896  2   0  896
382  893  4   0  0  0  893
383  876  2   0  876
384  908  2   0  908
385  908  2   0  908
386  888  2   0  888
387  885  4   0  0  0  885
388  886  2   0  886
389  886  2   0  886
390  872  3   0  0  872
391  901  5   0  0  0  0  901
392  906  2   31  875
393  889  3   0  1  888
394  890  3   0  0  890
395  887  3   0  0  887
396  900  2   0  900
397  890  2   0  890
398  888  2   35  853
399  888  3   0  0  888
400  889  3   0  0  889
401  906  3   0  0  906
402  886  3   0  0  886
403  906  2   0  906
404  908  2   0  908
405  896  3   0  0  896
406  902  2   0  902
407  904  2   0  904
408  906  3   0  0  906
409  907  3   0  174  733
410  902  2   0  902
411  908  3   0  0  908
412  906  3   0  394  512
413  908  3   0  0  908
414  904  3   0  0  904
415  908  2   0  908
416  904  2   0  904
417  906  2   2  904
418  908  3   0  0  908
419  908  2   0  908
420  908  2   0  908
421  908  2   0  908
422  908  2   0  908
423  908  4   0  394  0  514
424  908  4   0  0  0  908
425  908  3   0  0  908
426  906  3   0  0  906
427  908  2   0  908
428  908  3   0  1  907
429  908  3   0  0  908
430  898  2   0  898
431  908  3   0  0  908
432  908  3   0  0  908
433  896  2   1  895
434  888  2   0  888
435  908  2   0  908
436  908  3   0  0  908
437  898  2   0  898
438  887  3   0  0  887
439  908  2   0  908
440  906  3   0  0  906
441  908  3   0  0  908
442  908  3   0  0  908
443  908  2   6  902
444  908  3   0  0  908
445  908  2   0  908
446  900  4   0  0  0  900
447  888  2   0  888
448  908  2   0  908
449  908  4   0  0  0  908
450  908  2   0  908
451  908  3   0  0  908
452  908  3   0  0  908
453  908  2   0  908
454  908  2   0  908
455  908  2   1  907
456  908  2   1  907
457  908  2   0  908
458  908  2   0  908
459  908  4   0  0  1  907
460  908  3   0  0  908
461  908  2   0  908
462  908  3   0  1  907
463  908  5   0  0  0  0  908
464  908  3   0  0  908
465  908  3   0  0  908
466  892  3   0  0  892
467  908  2   0  908
468  908  3   0  0  908
469  908  3   0  0  908
470  908  2   0  908
471  908  3   0  0  908
472  908  3   0  0  908
473  892  3   0  0  892
474  908  3   0  0  908
475  908  3   0  0  908
476  908  2   0  908
477  908  2   0  908
478  908  2   0  908
479  892  3   0  0  892
480  892  4   0  0  0  892
481  908  2   0  908
482  908  2   0  908
483  908  2   0  908
484  908  2   0  908
485  908  2   0  908
486  890  2   0  890
487  908  3   0  2  906
488  908  3   0  0  908
489  908  2   0  908
490  908  3   0  0  908
491  908  3   0  0  908
492  908  2   0  908
493  908  3   0  0  908
494  908  3   0  0  908
495  908  2   0  908
496  908  2   0  908
497  908  2   0  908
498  893  3   0  0  893
499  908  2   0  908
500  908  2   0  908
501  908  3   0  0  908
502  908  4   0  0  0  908
503  908  2   0  908
504  908  2   0  908
505  908  2   0  908
506  908  3   0  0  908
507  908  2   0  908
508  908  3   0  0  908
509  908  3   0  0  908
510  908  3   0  0  908
511  898  2   0  898
512  908  2   0  908
513  908  2   0  908
514  908  2   0  908
515  908  3   0  0  908
516  896  2   0  896
517  908  2   0  908
518  906  2   0  906
519  908  3   0  0  908
520  908  2   0  908
521  819  3   0  1  818
522  908  3   0  0  908
523  908  3   0  0  908
524  902  4   5  303  0  594
525  908  4   12  0  0  896
526  908  3   0  0  908
527  908  2   0  908
528  908  3   0  0  908
529  904  2   0  904
530  908  2   0  908
531  908  3   0  0  908
532  908  3   0  0  908
533  908  2   0  908
534  908  2   0  908
535  906  4   0  0  0  906
536  900  2   0  900
537  844  2   0  844
538  908  4   0  0  0  908
539  842  2   0  842
540  908  2   0  908
541  900  3   0  0  900
542  908  2   0  908
543  908  2   0  908
544  908  3   0  0  908
545  908  3   0  0  908
546  900  2   0  900
547  908  3   0  0  908
548  855  3   0  0  855
549  908  2   0  908
550  908  2   0  908
551  858  5   0  0  1  0  857
552  908  2   0  908
553  908  3   0  0  908
554  908  3   0  0  908
555  908  2   0  908
556  907  4   69  0  0  838
557  906  2   0  906
558  860  2   0  860
559  908  2   0  908
560  906  2   0  906
561  908  3   0  0  908
562  908  3   9  0  899

[pop]=7
1  16512  4   0  0  0  16512
2  16496  2   0  16496
3  16512  2   7  16505
4  16510  3   1  0  16509
5  16502  3   1  0  16501
6  16512  2   0  16512
7  12165  3   1  0  12164
8  16510  2   0  16510
9  16510  2   0  16510
10  16507  3   0  1  16506
11  16510  2   0  16510
12  16512  3   3  0  16509
13  16510  3   1  1  16508
14  16510  2   0  16510
15  16510  2   0  16510
16  16510  2   0  16510
17  16510  2   0  16510
18  16512  3   5  0  16507
19  16510  2   0  16510
20  16512  3   0  0  16512
21  16510  2   2  16508
22  16512  2   0  16512
23  16510  3   0  0  16510
24  16512  2   0  16512
25  16512  2   6  16506
26  16509  3   0  2  16507
27  16512  3   1  0  16511
28  16510  2   0  16510
29  16512  2   0  16512
30  16508  3   0  2  16506
31  14622  3   1  0  14621
32  16512  2   2  16510
33  16512  2   0  16512
34  16512  3   8  1  16503
35  16512  5   0  45  0  0  16467
36  16508  3   0  0  16508
37  16510  3   0  2  16508
38  16508  2   2  16506
39  16512  3   0  0  16512
40  16508  3   0  0  16508
41  16512  3   0  3  16509
42  16508  2   0  16508
43  16512  2   0  16512
44  15054  2   0  15054
45  16512  3   0  0  16512
46  16512  4   0  125  0  16387
47  16512  2   0  16512
48  16508  3   0  21  16487
49  16512  3   0  0  16512
50  16508  2   0  16508
51  16512  2   0  16512
52  16512  3   0  0  16512
53  16510  2   2  16508
54  16512  2   1  16511
55  16512  2   0  16512
56  16512  2   0  16512
57  16506  3   0  1  16505
58  16512  2   0  16512
59  16506  4   1  1  0  16504
60  16512  2   4  16508
61  15446  2   4  15442
62  16512  2   1  16511
63  16506  2   0  16506
64  15539  3   1  9  15529
65  16512  2   0  16512
66  16502  3   0  1  16501
67  16508  2   0  16508
68  16512  3   1  0  16511
69  16512  3   0  1  16511
70  16508  3   0  0  16508
71  16512  2   2  16510
72  16512  2   2  16510
73  16510  4   0  0  0  16510
74  16502  2   2  16500
75  16484  2   0  16484
76  15900  2   2  15898
77  16510  3   0  0  16510
78  16506  3   1  1  16504
79  16512  3   0  0  16512
80  16512  4   0  0  0  16512
81  16503  4   0  0  0  16503
82  16495  4   1  0  0  16494
83  16429  3   0  0  16429
84  16503  3   0  1  16502
85  16502  3   0  0  16502
86  15982  3   1  0  15981
87  16512  2   0  16512
88  16511  3   0  0  16511
89  16474  4   0  0  2  16472
90  16504  3   1  0  16503
91  16488  2   0  16488
92  16510  2   0  16510
93  16484  2   4  16480
94  16496  2   5  16491
95  16476  2   0  16476
96  16484  2   0  16484
97  16478  4   1  0  0  16477
98  16512  2   0  16512
99  15562  3   0  0  15562
100  15349  3   0  2  15347
101  16486  2   0  16486
102  16512  3   0  0  16512
103  16512  2   0  16512
104  14702  3   0  0  14702
105  16453  4   0  0  1  16452
106  13581  5   0  0  0  1  13580
107  15816  2   1  15815
108  13171  3   0  0  13171
109  16110  3   0  0  16110
110  16494  2   0  16494
111  16508  2   0  16508
112  15688  2   0  15688
113  16508  2   2  16506
114  16459  3   0  0  16459
115  16510  2   0  16510
116  16496  2   0  16496
117  16378  3   0  0  16378
118  16506  2   0  16506
119  16220  2   0  16220
120  16509  3   0  0  16509
121  16508  2   2  16506
122  16070  2   2  16068
123  15831  3   0  0  15831
124  16510  4   0  1  1  16508
125  16510  3   7  0  16503
126  16323  3   0  0  16323
127  16070  3   0  1  16069
128  16510  2   0  16510
129  16498  2   12284  4214
130  16077  3   0  0  16077
131  16498  2   5  16493
132  16510  3   0  0  16510
133  16206  3   0  1  16205
134  16320  2   0  16320
135  16510  2   0  16510
136  16362  2   718  15644
137  16486  2   0  16486
138  16506  2   0  16506
139  16394  2   0  16394
140  16501  3   0  1  16500
141  16406  3   1  0  16405
142  16502  2   221  16281
143  16502  5   0  0  0  2  16500
144  16506  3   0  0  16506
145  16368  2   0  16368
146  16498  2   0  16498
147  16510  3   0  0  16510
148  16502  2   0  16502
149  16508  3   0  1  16507
150  16484  2   0  16484
151  16508  2   0  16508
152  16512  2   2  16510
153  16182  2   0  16182
154  16404  2   0  16404
155  16151  3   0  1  16150
156  16508  2   0  16508
157  16512  2   0  16512
158  16512  2   0  16512
159  16414  2   3  16411
160  15147  3   0  0  15147
161  16512  2   0  16512
162  16508  2   0  16508
163  14205  4   0  0  0  14205
164  16360  2   1  16359
165  16512  2   6  16506
166  14288  2   0  14288
167  16512  4   0  0  0  16512
168  15778  3   0  0  15778
169  16464  3   0  1  16463
170  16497  3   0  1  16496
171  16510  2   1  16509
172  16482  2   0  16482
173  16092  2   0  16092
174  16510  3   0  0  16510
175  16412  2   2  16410
176  16506  3   1  1  16504
177  14580  3   2  12  14566
178  16472  2   2  16470
179  16512  2   1  16511
180  16510  2   0  16510
181  16368  2   30  16338
182  15978  3   0  0  15978
183  16510  2   0  16510
184  16510  2   0  16510
185  16284  3   0  0  16284
186  16510  2   0  16510
187  16508  3   0  0  16508
188  16150  5   0  0  0  6  16144
189  16508  3   0  0  16508
190  16098  2   15  16083
191  16296  2   0  16296
192  15636  2   0  15636
193  16510  3   1  0  16509
194  16505  4   0  10  0  16495
195  16502  3   0  0  16502
196  16510  3   0  0  16510
197  16512  3   0  0  16512
198  16512  2   0  16512
199  16268  3   0  0  16268
200  16502  2   2  16500
201  16510  2   0  16510
202  16500  2   0  16500
203  16349  3   2  0  16347
204  16511  3   7  1  16503
205  16512  2   0  16512
206  16512  2   2  16510
207  16512  4   0  0  0  16512
208  16508  2   0  16508
209  16502  2   0  16502
210  16510  2   0  16510
211  16484  3   0  0  16484
212  16268  2   3  16265
213  13558  3   0  0  13558
214  13460  3   1  1  13458
215  16512  2   21  16491
216  16512  2   0  16512
217  16512  3   0  1  16511
218  16512  2   0  16512
219  16512  2   0  16512
220  16512  2   1  16511
221  16496  3   0  0  16496
222  16512  2   3  16509
223  16512  3   1  0  16511
224  16512  2   0  16512
225  16498  3   1  0  16497
226  16494  2   0  16494
227  16508  2   0  16508
228  16512  2   0  16512
229  16510  2   0  16510
230  16500  3   0  0  16500
231  16512  2   0  16512
232  16512  2   0  16512
233  16510  2   0  16510
234  16512  2   0  16512
235  16512  3   2  1  16509
236  16510  3   0  0  16510
237  16512  2   0  16512
238  16287  3   1  0  16286
239  16512  3   0  0  16512
240  16512  4   0  0  0  16512
241  15988  3   0  0  15988
242  16512  2   1  16511
243  16512  2   0  16512
244  16254  2   0  16254
245  16328  3   1  0  16327
246  16512  2   0  16512
247  16108  2   0  16108
248  16512  2   4  16508
249  16486  3   0  0  16486
250  16512  2   0  16512
251  16512  3   0  1  16511
252  16510  4   19  0  0  16491
253  16476  3   0  0  16476
254  16482  2   0  16482
255  16512  3   0  0  16512
256  16507  3   0  0  16507
257  16412  3   0  0  16412
258  16476  2   0  16476
259  15774  2   0  15774
260  15368  2   0  15368
261  16078  3   1  0  16077
262  16498  3   0  0  16498
263  14948  2   0  14948
264  15306  2   0  15306
265  16308  3   0  2  16306
266  16512  2   0  16512
267  16314  2   0  16314
268  15450  2   0  15450
269  16504  3   0  11  16493
270  16194  2   0  16194
271  16512  2   0  16512
272  16508  2   56  16452
273  16508  2   0  16508
274  16248  2   0  16248
275  16448  2   0  16448
276  16334  2   0  16334
277  16406  2   0  16406
278  16507  3   1  0  16506
279  16506  2   2  16504
280  16049  3   1  0  16048
281  16359  3   0  0  16359
282  16180  3   1  0  16179
283  16394  2   0  16394
284  16508  4   0  0  0  16508
285  16510  2   0  16510
286  16511  3   0  0  16511
287  16466  2   0  16466
288  16506  2   13  16493
289  16504  2   0  16504
290  16512  2   0  16512
291  16512  2   1  16511
292  16510  2   0  16510
293  16504  3   0  1  16503
294  16512  3   0  0  16512
295  16512  3   0  1  16511
296  16510  2   4  16506
297  16509  4   1149  0  0  15360
298  16512  2   210  16302
299  16504  2   1  16503
300  15584  3   0  0  15584
301  16510  2   0  16510
302  16504  2   0  16504
303  16512  2   2  16510
304  16508  2   0  16508
305  16508  2   0  16508
306  16512  2   0  16512
307  15564  2   0  15564
308  16512  2   0  16512
309  15520  2   0  15520
310  16512  2   0  16512
311  16510  2   0  16510
312  16510  2   1  16509
313  16512  3   0  0  16512
314  16512  3   0  1  16511
315  16510  2   0  16510
316  16510  2   0  16510
317  16470  2   0  16470
318  16506  2   0  16506
319  16472  2   0  16472
320  16512  2   0  16512
321  16512  2   0  16512
322  16512  4   80  0  0  16432
323  16512  2   7  16505
324  15984  2   1  15983
325  16512  2   0  16512
326  16512  2   0  16512
327  16512  3   0  0  16512
328  16512  3   0  0  16512
329  16512  2   0  16512
330  16512  2   0  16512
331  16512  3   0  0  16512
332  16512  3   0  0  16512
333  16512  4   0  0  0  16512
334  16512  3   0  0  16512
335  16512  3   10  0  16502
336  16504  4   0  0  0  16504
337  16512  3   10  0  16502
338  16500  2   0  16500
339  16474  2   7  16467
340  16500  2   0  16500
341  16512  2   0  16512
342  16512  3   0  0  16512
343  16512  3   1  0  16511
344  16512  2   0  16512
345  16488  3   0  2  16486
346  16478  2   47  16431
347  16498  2   0  16498
348  16480  2   48  16432
349  16496  3   0  0  16496
350  16480  2   0  16480
351  16496  2   12  16484
352  16496  2   0  16496
353  16512  2   3  16509
354  16498  2   1  16497
355  16512  4   1  85  0  16426
356  16490  3   0  0  16490
357  16512  2   0  16512
358  16496  2   1  16495
359  16487  4   0  0  1  16486
360  16512  3   0  0  16512
361  16512  2   2  16510
362  16492  3   0  1  16491
363  16474  3   0  0  16474
364  16512  4   0  0  0  16512
365  16490  2   0  16490
366  16512  2   0  16512
367  16512  2   0  16512
368  16512  4   0  0  0  16512
369  16454  2   0  16454
370  16474  3   0  0  16474
371  16472  2   0  16472
372  16452  2   4  16448
373  16464  2   0  16464
374  16512  2   0  16512
375  16511  4   0  1  0  16510
376  16104  2   1  16103
377  16394  3   0  6  16388
378  16068  2   0  16068
379  15910  2   0  15910
380  16223  4   0  0  3  16220
381  16468  2   0  16468
382  15881  4   0  0  0  15881
383  15248  2   2  15246
384  16512  2   0  16512
385  16512  2   2  16510
386  15586  2   15  15571
387  15561  4   0  0  0  15561
388  15636  2   0  15636
389  15720  2   0  15720
390  15200  3   0  0  15200
391  16230  5   1  0  0  0  16229
392  16374  2   350  16024
393  15776  3   0  0  15776
394  15802  3   0  1  15801
395  16179  3   0  0  16179
396  16168  2   0  16168
397  15962  2   0  15962
398  15708  2   541  15167
399  16188  3   0  0  16188
400  16051  3   0  0  16051
401  16509  3   0  0  16509
402  16452  3   1  0  16451
403  16464  2   0  16464
404  16510  2   7  16503
405  16228  3   0  0  16228
406  16422  2   0  16422
407  16478  2   3  16475
408  16418  3   0  0  16418
409  16509  3   0  3037  13472
410  16452  2   0  16452
411  16456  3   0  1  16455
412  16490  3   0  7595  8895
413  16510  3   25  0  16485
414  16463  3   0  0  16463
415  16448  2   0  16448
416  16476  2   3  16473
417  16512  2   0  16512
418  16470  3   0  1  16469
419  16492  2   0  16492
420  16512  2   0  16512
421  16512  2   1  16511
422  16498  2   0  16498
423  16512  4   0  7598  0  8914
424  16506  4   0  1  0  16505
425  16510  3   0  0  16510
426  16492  3   0  1  16491
427  16512  2   0  16512
428  16512  3   1  0  16511
429  16511  3   2  0  16509
430  16460  2   0  16460
431  16512  3   0  0  16512
432  16512  3   0  4  16508
433  16474  2   0  16474
434  16464  2   0  16464
435  16512  2   0  16512
436  16508  3   0  0  16508
437  16464  2   0  16464
438  16465  3   0  0  16465
439  16510  2   0  16510
440  16510  3   0  0  16510
441  16512  3   0  0  16512
442  16512  3   0  1  16511
443  16512  2   1  16511
444  16512  3   0  0  16512
445  16508  2   1  16507
446  16483  4   0  0  6  16477
447  16466  2   2  16464
448  16512  2   0  16512
449  16510  4   0  2  0  16508
450  16508  2   6  16502
451  16510  3   0  0  16510
452  16512  3   0  0  16512
453  16506  2   0  16506
454  16512  2   0  16512
455  16510  2   3  16507
456  16512  2   22  16490
457  16512  2   2  16510
458  16512  2   0  16512
459  16512  4   0  1  0  16511
460  16512  3   0  0  16512
461  16512  2   0  16512
462  16512  3   2  3  16507
463  16512  5   0  0  0  0  16512
464  16510  3   1  0  16509
465  16512  3   0  46  16466
466  16462  3   0  0  16462
467  16512  2   0  16512
468  16512  3   0  0  16512
469  16512  3   0  0  16512
470  16512  2   0  16512
471  16512  3   1  0  16511
472  16512  3   4  0  16508
473  16459  3   0  0  16459
474  16512  3   2  4  16506
475  16512  3   0  0  16512
476  16512  2   0  16512
477  16510  2   1  16509
478  16510  2   0  16510
479  16460  3   0  0  16460
480  16453  4   0  0  1  16452
481  16512  2   0  16512
482  16510  2   0  16510
483  16510  2   0  16510
484  16512  2   0  16512
485  16512  2   0  16512
486  16436  2   6  16430
487  16512  3   0  0  16512
488  16510  3   0  0  16510
489  16512  2   0  16512
490  16508  3   0  0  16508
491  16512  3   0  0  16512
492  16512  2   0  16512
493  16512  3   0  0  16512
494  16511  3   35  0  16476
495  16512  2   1  16511
496  16510  2   0  16510
497  16504  2   1  16503
498  16207  3   0  0  16207
499  16512  2   0  16512
500  16512  2   2  16510
501  16512  3   0  0  16512
502  16512  4   0  0  1  16511
503  16504  2   0  16504
504  16512  2   2  16510
505  16510  2   0  16510
506  16512  3   0  0  16512
507  16512  2   0  16512
508  16512  3   0  0  16512
509  16512  3   1  0  16511
510  16510  3   1  4  16505
511  16484  2   0  16484
512  16512  2   14  16498
513  16512  2   0  16512
514  16512  2   0  16512
515  16512  3   0  0  16512
516  16438  2   3  16435
517  16512  2   0  16512
518  16506  2   0  16506
519  16510  3   0  0  16510
520  16508  2   0  16508
521  13836  3   0  0  13836
522  16506  3   0  0  16506
523  16512  3   0  0  16512
524  16469  4   5  7959  0  8505
525  16512  4   74  0  0  16438
526  16510  3   0  0  16510
527  16512  2   1  16511
528  16512  3   0  0  16512
529  16498  2   0  16498
530  16512  2   26  16486
531  16508  3   0  0  16508
532  16512  3   0  0  16512
533  16510  2   1  16509
534  16512  2   0  16512
535  16497  4   0  0  0  16497
536  16494  2   0  16494
537  15228  2   0  15228
538  16512  4   0  0  0  16512
539  15346  2   1  15345
540  16512  2   3  16509
541  16494  3   1  1  16492
542  16512  2   0  16512
543  16512  2   0  16512
544  16509  3   0  0  16509
545  16512  3   0  2  16510
546  16494  2   0  16494
547  16512  3   0  0  16512
548  15881  3   0  0  15881
549  16506  2   0  16506
550  16512  2   9  16503
551  15961  5   0  0  0  1  15960
552  16512  2   0  16512
553  16512  3   0  0  16512
554  16512  3   0  4  16508
555  16510  2   0  16510
556  16506  4   190  0  0  16316
557  16506  2   0  16506
558  16166  2   1  16165
559  16512  2   0  16512
560  16506  2   0  16506
561  16507  3   2  0  16505
562  16508  3   96  0  16412

