[loci]=223

[populations]=7

[pop]=1
1  10404  2   0  10404
2  10406  2   0  10406
3  10406  2   0  10406
4  10324  2   0  10324
5  10406  3   1  0  10405
6  9995  3   0  0  9995
7  10404  2   0  10404
8  10348  3   0  1  10347
9  10266  2   0  10266
10  6954  2   0  6954
11  10358  3   3  0  10355
12  10352  3   0  0  10352
13  10308  2   3347  6961
14  10406  2   0  10406
15  10352  2   0  10352
16  10366  3   3  0  10363
17  10348  2   0  10348
18  10406  2   0  10406
19  10224  3   0  0  10224
20  10326  2   0  10326
21  10406  3   0  3  10403
22  10346  4   0  0  11  10335
23  10374  3   212  0  10162
24  5822  2   0  5822
25  9991  3   0  11  9980
26  10398  2   0  10398
27  5590  2   1  5589
28  10406  2   0  10406
29  5490  2   0  5490
30  10290  2   0  10290
31  5138  3   0  0  5138
32  10284  3   0  0  10284
33  10212  2   1  10211
34  10300  3   0  1  10299
35  10344  2   5  10339
36  10193  3   0  0  10193
37  10398  3   1  0  10397
38  10404  2   0  10404
39  10406  4   1  1  0  10404
40  10406  2   0  10406
41  10166  2   0  10166
42  10094  4   0  0  0  10094
43  10268  2   0  10268
44  10405  3   0  0  10405
45  10308  2   0  10308
46  10203  3   0  1  10202
47  10404  2   0  10404
48  10352  2   0  10352
49  10236  2   0  10236
50  10334  2   0  10334
51  10404  3   0  0  10404
52  10294  3   0  0  10294
53  10322  2   0  10322
54  10282  2   0  10282
55  10324  2   1  10323
56  10260  2   1  10259
57  10406  2   1  10405
58  10406  2   336  10070
59  10350  2   0  10350
60  10322  5   0  0  0  0  10322
61  10406  3   0  0  10406
62  9922  2   0  9922
63  10406  3   0  0  10406
64  10352  4   0  0  0  10352
65  10214  2   64  10150
66  10219  3   0  0  10219
67  10245  3   1  0  10244
68  10406  2   0  10406
69  9940  2   0  9940
70  10406  2   0  10406
71  10406  2   0  10406
72  9944  2   0  9944
73  10350  4   0  0  0  10350
74  10382  2   0  10382
75  10248  2   0  10248
76  10406  3   0  1  10405
77  10101  3   1  0  10100
78  10037  3   7  0  10030
79  10346  2   0  10346
80  10390  3   20  0  10370
81  10394  3   0  1  10393
82  10406  3   1  0  10405
83  10406  3   1  0  10405
84  10346  2   232  10114
85  10088  2   0  10088
86  10340  3   1  0  10339
87  10402  2   0  10402
88  10402  2   0  10402
89  10264  2   1  10263
90  10406  2   0  10406
91  10382  2   0  10382
92  10397  3   0  0  10397
93  10404  3   0  0  10404
94  10404  2   0  10404
95  10386  3   0  0  10386
96  10231  3   0  0  10231
97  10406  2   2  10404
98  10358  3   0  0  10358
99  10400  2   0  10400
100  10404  3   1  0  10403
101  10406  2   0  10406
102  10170  4   0  0  0  10170
103  10404  2   0  10404
104  10400  2   1  10399
105  10406  2   0  10406
106  10362  2   0  10362
107  10398  2   0  10398
108  10380  3   0  0  10380
109  10396  3   0  0  10396
110  10402  2   0  10402
111  10363  3   0  0  10363
112  10406  2   0  10406
113  10179  4   0  0  0  10179
114  10403  3   0  0  10403
115  10392  3   0  0  10392
116  10406  3   0  0  10406
117  10012  2   2  10010
118  10406  2   0  10406
119  10159  6   0  0  0  0  0  10159
120  10402  2   0  10402
121  10406  2   0  10406
122  10158  2   0  10158
123  10406  2   0  10406
124  10148  2   0  10148
125  10366  2   0  10366
126  10406  3   0  1  10405
127  10406  2   2  10404
128  10406  2   0  10406
129  10380  3   0  0  10380
130  10149  4   0  0  0  10149
131  10380  2   0  10380
132  10406  2   0  10406
133  10406  3   0  0  10406
134  10403  3   0  1  10402
135  10368  2   0  10368
136  9670  2   0  9670
137  10404  2   0  10404
138  10406  2   0  10406
139  10406  2   0  10406
140  10105  4   0  0  0  10105
141  10404  3   0  0  10404
142  10406  2   0  10406
143  10101  3   0  0  10101
144  10404  3   0  0  10404
145  10406  3   0  1  10405
146  10186  2   9  10177
147  10386  3   0  1  10385
148  10358  2   0  10358
149  10292  2   8  10284
150  10086  2   3  10083
151  10169  4   35  1  302  9831
152  10282  2   0  10282
153  10362  2   2  10360
154  9986  3   0  1  9985
155  10406  2   0  10406
156  10198  2   0  10198
157  10386  2   0  10386
158  10403  3   0  0  10403
159  10406  2   0  10406
160  10364  2   0  10364
161  10404  2   0  10404
162  10406  2   0  10406
163  10219  3   0  0  10219
164  10404  2   0  10404
165  10388  3   0  0  10388
166  10404  3   2  0  10402
167  8810  2   2  8808
168  10222  2   1  10221
169  10402  3   0  30  10372
170  10282  2   0  10282
171  10404  3   0  0  10404
172  10406  2   0  10406
173  10242  2   0  10242
174  10121  3   0  0  10121
175  10399  3   0  0  10399
176  10334  2   1  10333
177  10404  2   0  10404
178  10247  3   2  0  10245
179  10382  2   2  10380
180  10118  2   0  10118
181  10404  3   0  0  10404
182  10394  2   0  10394
183  10335  3   0  0  10335
184  10406  3   0  4  10402
185  10260  2   0  10260
186  10388  3   0  0  10388
187  10402  2   0  10402
188  10390  2   0  10390
189  10404  3   0  0  10404
190  10406  2   678  9728
191  8916  3   0  0  8916
192  10140  3   0  625  9515
193  10406  2   0  10406
194  10404  2   0  10404
195  10406  3   1  0  10405
196  10404  3   0  0  10404
197  10306  2   1  10305
198  10394  2   0  10394
199  10396  2   1  10395
200  10152  3   0  0  10152
201  10406  2   0  10406
202  10406  2   0  10406
203  10406  3   519  1  9886
204  10166  2   0  10166
205  10396  2   0  10396
206  10406  2   0  10406
207  10406  3   0  0  10406
208  10406  4   0  1  0  10405
209  10238  3   0  0  10238
210  10404  2   0  10404
211  10236  3   0  0  10236
212  10400  2   0  10400
213  10264  2   25  10239
214  10406  2   0  10406
215  10400  3   0  0  10400
216  10352  3   0  0  10352
217  10400  3   2  0  10398
218  10196  2   1  10195
219  10198  3   0  0  10198
220  10406  2   0  10406
221  10404  3   0  0  10404
222  10400  2   0  10400
223  10404  2   0  10404

[pop]=2
1  11576  2   0  11576
2  11578  2   0  11578
3  11578  2   0  11578
4  11452  2   0  11452
5  11578  3   0  0  11578
6  11570  3   0  0  11570
7  11576  2   0  11576
8  11564  3   1  0  11563
9  11506  2   0  11506
10  8720  2   0  8720
11  11526  3   0  0  11526
12  11564  3   0  0  11564
13  11528  2   7578  3950
14  11578  2   2  11576
15  11566  2   0  11566
16  11546  3   0  0  11546
17  11560  2   0  11560
18  11578  2   0  11578
19  11090  3   0  0  11090
20  11494  2   0  11494
21  11578  3   0  2  11576
22  11556  4   0  0  0  11556
23  11566  3   16  0  11550
24  7404  2   0  7404
25  11570  3   0  0  11570
26  11570  2   0  11570
27  7040  2   0  7040
28  11578  2   0  11578
29  6974  2   0  6974
30  11456  2   0  11456
31  6378  3   1  0  6377
32  11527  3   0  0  11527
33  11328  2   0  11328
34  11512  3   0  0  11512
35  11548  2   1  11547
36  11303  3   7  1  11295
37  11574  3   0  0  11574
38  11578  2   1  11577
39  11578  4   0  0  0  11578
40  11576  2   0  11576
41  11418  2   24  11394
42  11469  4   0  0  0  11469
43  11518  2   0  11518
44  11578  3   0  0  11578
45  11550  2   0  11550
46  11446  3   0  2  11444
47  11576  2   0  11576
48  11550  2   0  11550
49  11458  2   0  11458
50  11560  2   0  11560
51  11576  3   0  0  11576
52  11544  3   0  0  11544
53  11540  2   0  11540
54  11540  2   0  11540
55  11526  2   0  11526
56  11538  2   0  11538
57  11576  2   0  11576
58  11576  2   13  11563
59  11552  2   0  11552
60  11537  5   0  0  0  0  11537
61  11578  3   0  0  11578
62  11540  2   0  11540
63  11576  3   0  0  11576
64  11552  4   0  0  1  11551
65  11574  2   6  11568
66  11530  3   0  0  11530
67  11574  3   0  2  11572
68  11578  2   0  11578
69  11534  2   0  11534
70  11578  2   0  11578
71  11578  2   0  11578
72  11536  2   0  11536
73  11554  4   1  1  0  11552
74  11542  2   0  11542
75  11512  2   2  11510
76  11578  3   0  0  11578
77  11516  3   0  0  11516
78  11496  3   4  0  11492
79  11556  2   0  11556
80  11566  3   0  0  11566
81  11556  3   0  0  11556
82  11578  3   0  0  11578
83  11574  3   0  0  11574
84  11576  2   715  10861
85  11470  2   0  11470
86  11539  3   0  0  11539
87  11568  2   0  11568
88  11566  2   0  11566
89  11492  2   0  11492
90  11576  2   0  11576
91  11578  2   0  11578
92  11567  3   0  1  11566
93  11574  3   1  0  11573
94  11576  2   0  11576
95  11535  3   0  1  11534
96  11466  3   0  0  11466
97  11578  2   0  11578
98  11547  3   0  0  11547
99  11574  2   0  11574
100  11574  3   0  0  11574
101  11578  2   0  11578
102  11502  4   0  0  1  11501
103  11572  2   0  11572
104  11576  2   11  11565
105  11574  2   0  11574
106  11542  2   0  11542
107  11576  2   0  11576
108  11578  3   0  0  11578
109  11575  3   3  0  11572
110  11572  2   0  11572
111  11539  3   0  0  11539
112  11576  2   1  11575
113  11498  4   0  0  0  11498
114  11578  3   0  1  11577
115  11574  3   0  0  11574
116  11576  3   0  0  11576
117  11308  2   1  11307
118  11578  2   0  11578
119  11492  6   0  0  0  0  0  11492
120  11578  2   0  11578
121  11578  2   3  11575
122  11494  2   0  11494
123  11576  2   1  11575
124  11496  2   4  11492
125  11540  2   0  11540
126  11578  3   0  0  11578
127  11576  2   0  11576
128  11578  2   0  11578
129  11540  3   0  0  11540
130  11489  4   0  0  0  11489
131  11572  2   0  11572
132  11578  2   10  11568
133  11578  3   0  0  11578
134  11577  3   0  0  11577
135  11540  2   2  11538
136  10962  2   0  10962
137  11578  2   0  11578
138  11578  2   0  11578
139  11578  2   0  11578
140  11460  4   19  0  0  11441
141  11577  3   0  0  11577
142  11578  2   6  11572
143  11455  3   1  0  11454
144  11578  3   0  0  11578
145  11577  3   0  1  11576
146  11488  2   0  11488
147  11560  3   0  0  11560
148  11550  2   0  11550
149  11550  2   0  11550
150  11458  2   0  11458
151  11360  4   191  0  24  11145
152  11552  2   0  11552
153  11554  2   0  11554
154  11408  3   0  1  11407
155  11576  2   0  11576
156  11418  2   0  11418
157  11536  2   0  11536
158  11576  3   0  0  11576
159  11578  2   0  11578
160  11534  2   0  11534
161  11578  2   0  11578
162  11576  2   0  11576
163  11436  3   0  0  11436
164  11574  2   0  11574
165  11533  3   0  0  11533
166  11576  3   0  0  11576
167  11304  2   0  11304
168  11436  2   2  11434
169  11573  3   0  1  11572
170  11498  2   0  11498
171  11576  3   0  0  11576
172  11574  2   3  11571
173  11444  2   0  11444
174  11484  3   0  0  11484
175  11571  3   0  1  11570
176  11548  2   0  11548
177  11578  2   0  11578
178  11445  3   0  3  11442
179  11566  2   0  11566
180  11486  2   2  11484
181  11577  3   5  0  11572
182  11542  2   0  11542
183  11554  3   0  0  11554
184  11578  3   0  3  11575
185  11448  2   0  11448
186  11560  3   0  0  11560
187  11572  2   0  11572
188  11528  2   0  11528
189  11578  3   0  0  11578
190  11574  2   1845  9729
191  11316  3   0  0  11316
192  11508  3   0  1088  10420
193  11578  2   2  11576
194  11578  2   0  11578
195  11574  3   0  0  11574
196  11574  3   0  4  11570
197  11530  2   0  11530
198  11566  2   0  11566
199  11574  2   0  11574
200  11508  3   1  0  11507
201  11574  2   0  11574
202  11578  2   0  11578
203  11578  3   20  2  11556
204  11510  2   0  11510
205  11550  2   0  11550
206  11578  2   1  11577
207  11578  3   0  0  11578
208  11576  4   0  0  0  11576
209  11428  3   0  0  11428
210  11572  2   0  11572
211  11428  3   0  0  11428
212  11576  2   0  11576
213  11514  2   1  11513
214  11574  2   0  11574
215  11542  3   0  0  11542
216  11556  3   1  4  11551
217  11575  3   1  0  11574
218  11518  2   0  11518
219  11518  3   0  0  11518
220  11578  2   0  11578
221  11576  3   0  0  11576
222  11576  2   0  11576
223  11576  2   0  11576

[pop]=3
1  8654  2   0  8654
2  8654  2   0  8654
3  8654  2   3  8651
4  8640  2   2  8638
5  8654  3   0  0  8654
6  8654  3   0  0  8654
7  8654  2   1  8653
8  8632  3   0  0  8632
9  8628  2   0  8628
10  5608  2   0  5608
11  8638  3   0  0  8638
12  8632  3   0  0  8632
13  8632  2   5602  3030
14  8654  2   1  8653
15  8628  2   0  8628
16  8642  3   0  0  8642
17  8628  2   0  8628
18  8654  2   0  8654
19  8382  3   0  1  8381
20  8614  2   0  8614
21  8654  3   0  0  8654
22  8628  4   0  0  0  8628
23  8632  3   0  0  8632
24  4414  2   0  4414
25  8654  3   0  0  8654
26  8654  2   0  8654
27  4226  2   0  4226
28  8654  2   0  8654
29  4096  2   0  4096
30  8578  2   0  8578
31  3732  3   0  0  3732
32  8607  3   0  0  8607
33  8494  2   0  8494
34  8617  3   1  0  8616
35  8636  2   0  8636
36  8466  3   0  0  8466
37  8654  3   0  0  8654
38  8654  2   0  8654
39  8651  4   0  0  0  8651
40  8654  2   0  8654
41  8612  2   0  8612
42  8641  4   0  1  0  8640
43  8510  2   1  8509
44  8654  3   0  0  8654
45  8610  2   36  8574
46  8625  3   0  0  8625
47  8654  2   0  8654
48  8636  2   0  8636
49  8630  2   200  8430
50  8630  2   0  8630
51  8654  3   0  1  8653
52  8602  3   0  1  8601
53  8638  2   0  8638
54  8602  2   0  8602
55  8650  2   0  8650
56  8602  2   0  8602
57  8654  2   4  8650
58  8654  2   0  8654
59  8634  2   0  8634
60  8638  5   0  0  0  0  8638
61  8654  3   0  0  8654
62  8644  2   0  8644
63  8654  3   0  0  8654
64  8634  4   0  0  0  8634
65  8654  2   0  8654
66  8593  3   1  1  8591
67  8654  3   0  0  8654
68  8654  2   0  8654
69  8644  2   0  8644
70  8654  2   0  8654
71  8654  2   0  8654
72  8646  2   0  8646
73  8630  4   0  0  0  8630
74  8644  2   0  8644
75  8638  2   0  8638
76  8654  3   0  0  8654
77  8581  3   0  0  8581
78  8561  3   0  0  8561
79  8624  2   0  8624
80  8640  3   0  0  8640
81  8653  3   0  0  8653
82  8654  3   0  0  8654
83  8652  3   0  0  8652
84  8652  2   2  8650
85  8504  2   0  8504
86  8650  3   0  0  8650
87  8654  2   0  8654
88  8654  2   0  8654
89  8630  2   0  8630
90  8654  2   0  8654
91  8652  2   0  8652
92  8646  3   0  0  8646
93  8652  3   0  21  8631
94  8654  2   0  8654
95  8653  3   0  0  8653
96  8619  3   1  0  8618
97  8654  2   1  8653
98  8648  3   4  2  8642
99  8650  2   0  8650
100  8654  3   0  5  8649
101  8654  2   0  8654
102  8526  4   0  0  0  8526
103  8652  2   0  8652
104  8650  2   11  8639
105  8654  2   0  8654
106  8648  2   0  8648
107  8650  2   19  8631
108  8654  3   0  0  8654
109  8650  3   1  0  8649
110  8648  2   0  8648
111  8650  3   1  0  8649
112  8654  2   0  8654
113  8537  4   0  1  0  8536
114  8652  3   0  1  8651
115  8648  3   0  0  8648
116  8654  3   0  0  8654
117  8578  2   0  8578
118  8654  2   2  8652
119  8536  6   21  1  0  0  0  8514
120  8652  2   0  8652
121  8654  2   0  8654
122  8534  2   0  8534
123  8654  2   0  8654
124  8536  2   0  8536
125  8652  2   0  8652
126  8654  3   1  0  8653
127  8654  2   23  8631
128  8654  2   1  8653
129  8654  3   0  0  8654
130  8529  4   0  0  0  8529
131  8646  2   0  8646
132  8654  2   0  8654
133  8654  3   0  0  8654
134  8652  3   0  0  8652
135  8652  2   0  8652
136  8434  2   0  8434
137  8654  2   0  8654
138  8654  2   0  8654
139  8654  2   5  8649
140  8505  4   6  0  1  8498
141  8654  3   0  0  8654
142  8654  2   0  8654
143  8501  3   1  0  8500
144  8654  3   0  4  8650
145  8653  3   4  0  8649
146  8534  2   0  8534
147  8652  3   0  0  8652
148  8654  2   0  8654
149  8624  2   0  8624
150  8544  2   0  8544
151  8537  4   1  0  19  8517
152  8616  2   0  8616
153  8654  2   0  8654
154  8454  3   0  0  8454
155  8654  2   0  8654
156  8556  2   0  8556
157  8650  2   0  8650
158  8653  3   0  3  8650
159  8654  2   0  8654
160  8636  2   6  8630
161  8654  2   0  8654
162  8654  2   0  8654
163  8583  3   0  0  8583
164  8654  2   0  8654
165  8648  3   0  8  8640
166  8654  3   0  0  8654
167  8442  2   0  8442
168  8586  2   1  8585
169  8654  3   0  0  8654
170  8634  2   0  8634
171  8654  3   0  1  8653
172  8654  2   0  8654
173  8592  2   0  8592
174  8569  3   0  0  8569
175  8654  3   1  0  8653
176  8590  2   0  8590
177  8654  2   1  8653
178  8593  3   0  0  8593
179  8638  2   0  8638
180  8576  2   0  8576
181  8654  3   0  0  8654
182  8644  2   0  8644
183  8601  3   0  0  8601
184  8654  3   0  0  8654
185  8602  2   6  8596
186  8654  3   0  0  8654
187  8654  2   0  8654
188  8650  2   0  8650
189  8654  3   6  0  8648
190  8642  2   2006  6636
191  8436  3   3  2  8431
192  8604  3   0  1088  7516
193  8654  2   0  8654
194  8654  2   79  8575
195  8654  3   0  0  8654
196  8654  3   1  0  8653
197  8638  2   1  8637
198  8654  2   0  8654
199  8652  2   0  8652
200  8603  3   0  0  8603
201  8654  2   0  8654
202  8654  2   0  8654
203  8654  3   0  0  8654
204  8602  2   0  8602
205  8642  2   0  8642
206  8654  2   0  8654
207  8654  3   0  0  8654
208  8654  4   0  0  0  8654
209  8593  3   0  1  8592
210  8654  2   0  8654
211  8592  3   0  0  8592
212  8654  2   0  8654
213  8636  2   0  8636
214  8654  2   0  8654
215  8643  3   0  0  8643
216  8608  3   0  0  8608
217  8654  3   0  0  8654
218  8612  2   2  8610
219  8611  3   0  0  8611
220  8654  2   0  8654
221  8654  3   0  0  8654
222  8654  2   0  8654
223  8654  2   0  8654

[pop]=4
1  6614  2   10  6604
2  6614  2   2  6612
3  6614  2   0  6614
4  6534  2   0  6534
5  6614  3   0  0  6614
6  6614  3   0  0  6614
7  6612  2   0  6612
8  6596  3   0  0  6596
9  6612  2   0  6612
10  4008  2   0  4008
11  6530  3   0  0  6530
12  6596  3   0  0  6596
13  6612  2   4923  1689
14  6614  2   0  6614
15  6596  2   0  6596
16  6566  3   0  0  6566
17  6600  2   0  6600
18  6614  2   0  6614
19  6458  3   3  0  6455
20  6508  2   1  6507
21  6614  3   0  0  6614
22  6601  4   0  0  0  6601
23  6614  3   0  0  6614
24  3210  2   0  3210
25  6614  3   0  0  6614
26  6614  2   0  6614
27  3048  2   0  3048
28  6614  2   0  6614
29  2980  2   0  2980
30  6586  2   0  6586
31  2742  3   0  0  2742
32  6604  3   0  0  6604
33  6354  2   6  6348
34  6485  3   0  0  6485
35  6614  2   0  6614
36  6333  3   0  0  6333
37  6614  3   0  0  6614
38  6614  2   0  6614
39  6614  4   0  0  0  6614
40  6614  2   0  6614
41  6486  2   0  6486
42  6605  4   0  0  0  6605
43  6592  2   0  6592
44  6614  3   0  0  6614
45  6608  2   0  6608
46  6520  3   0  0  6520
47  6614  2   0  6614
48  6614  2   0  6614
49  6534  2   0  6534
50  6602  2   0  6602
51  6614  3   0  0  6614
52  6606  3   0  0  6606
53  6576  2   0  6576
54  6604  2   0  6604
55  6608  2   0  6608
56  6604  2   0  6604
57  6614  2   0  6614
58  6614  2   0  6614
59  6614  2   0  6614
60  6572  5   0  0  0  0  6572
61  6614  3   0  0  6614
62  6594  2   0  6594
63  6614  3   0  0  6614
64  6614  4   0  0  0  6614
65  6614  2   0  6614
66  6604  3   0  0  6604
67  6614  3   0  0  6614
68  6614  2   0  6614
69  6598  2   0  6598
70  6614  2   0  6614
71  6614  2   0  6614
72  6598  2   0  6598
73  6614  4   0  0  0  6614
74  6606  2   0  6606
75  6530  2   0  6530
76  6614  3   0  0  6614
77  6569  3   0  0  6569
78  6558  3   0  0  6558
79  6612  2   0  6612
80  6614  3   0  0  6614
81  6612  3   0  0  6612
82  6614  3   0  0  6614
83  6614  3   0  0  6614
84  6614  2   1086  5528
85  6468  2   0  6468
86  6614  3   0  0  6614
87  6612  2   0  6612
88  6612  2   0  6612
89  6600  2   0  6600
90  6614  2   0  6614
91  6614  2   0  6614
92  6614  3   0  0  6614
93  6614  3   0  0  6614
94  6612  2   0  6612
95  6610  3   0  0  6610
96  6590  3   0  0  6590
97  6614  2   0  6614
98  6614  3   0  0  6614
99  6614  2   1  6613
100  6612  3   0  0  6612
101  6614  2   0  6614
102  6484  4   0  0  0  6484
103  6614  2   0  6614
104  6614  2   0  6614
105  6614  2   0  6614
106  6614  2   0  6614
107  6614  2   0  6614
108  6614  3   0  0  6614
109  6614  3   0  0  6614
110  6612  2   0  6612
111  6614  3   0  0  6614
112  6614  2   0  6614
113  6469  4   0  0  0  6469
114  6614  3   0  0  6614
115  6614  3   0  0  6614
116  6614  3   0  0  6614
117  6510  2   0  6510
118  6614  2   0  6614
119  6453  6   0  0  0  0  0  6453
120  6614  2   1  6613
121  6614  2   0  6614
122  6448  2   0  6448
123  6614  2   0  6614
124  6444  2   0  6444
125  6614  2   11  6603
126  6614  3   0  0  6614
127  6614  2   0  6614
128  6614  2   0  6614
129  6610  3   0  0  6610
130  6439  4   0  0  0  6439
131  6610  2   0  6610
132  6614  2   0  6614
133  6614  3   0  0  6614
134  6614  3   0  0  6614
135  6614  2   0  6614
136  6322  2   0  6322
137  6614  2   0  6614
138  6614  2   0  6614
139  6614  2   0  6614
140  6399  4   0  0  0  6399
141  6614  3   0  0  6614
142  6614  2   0  6614
143  6385  3   0  0  6385
144  6614  3   0  0  6614
145  6614  3   0  0  6614
146  6584  2   0  6584
147  6614  3   0  0  6614
148  6612  2   0  6612
149  6604  2   0  6604
150  6612  2   0  6612
151  6301  4   6  0  0  6295
152  6610  2   0  6610
153  6612  2   0  6612
154  6292  3   0  0  6292
155  6614  2   0  6614
156  6370  2   0  6370
157  6614  2   0  6614
158  6614  3   0  0  6614
159  6614  2   0  6614
160  6602  2   0  6602
161  6614  2   0  6614
162  6614  2   0  6614
163  6397  3   0  0  6397
164  6614  2   0  6614
165  6614  3   0  0  6614
166  6614  3   0  0  6614
167  6462  2   0  6462
168  6400  2   0  6400
169  6614  3   0  0  6614
170  6582  2   0  6582
171  6614  3   0  0  6614
172  6614  2   0  6614
173  6420  2   0  6420
174  6612  3   0  0  6612
175  6613  3   0  0  6613
176  6606  2   0  6606
177  6614  2   0  6614
178  6421  3   0  0  6421
179  6614  2   0  6614
180  6614  2   0  6614
181  6614  3   0  0  6614
182  6602  2   0  6602
183  6608  3   0  0  6608
184  6614  3   0  0  6614
185  6426  2   0  6426
186  6612  3   0  0  6612
187  6614  2   0  6614
188  6614  2   2  6612
189  6614  3   0  0  6614
190  6614  2   2098  4516
191  6418  3   0  0  6418
192  6612  3   0  446  6166
193  6614  2   0  6614
194  6614  2   0  6614
195  6614  3   0  0  6614
196  6614  3   0  0  6614
197  6578  2   0  6578
198  6612  2   0  6612
199  6614  2   0  6614
200  6612  3   0  0  6612
201  6614  2   0  6614
202  6612  2   0  6612
203  6614  3   0  0  6614
204  6612  2   0  6612
205  6602  2   0  6602
206  6614  2   0  6614
207  6612  3   0  0  6612
208  6614  4   0  0  0  6614
209  6416  3   0  0  6416
210  6614  2   0  6614
211  6412  3   0  0  6412
212  6614  2   0  6614
213  6576  2   0  6576
214  6614  2   0  6614
215  6600  3   0  0  6600
216  6608  3   0  0  6608
217  6614  3   0  1  6613
218  6612  2   0  6612
219  6612  3   0  0  6612
220  6614  2   0  6614
221  6612  3   0  0  6612
222  6614  2   0  6614
223  6614  2   0  6614

[pop]=5
1  66644  2   3  66641
2  66738  2   1  66737
3  66740  2   0  66740
4  66472  2   0  66472
5  66740  3   0  1  66739
6  66114  3   0  1  66113
7  66634  2   1  66633
8  66436  3   0  2  66434
9  66422  2   0  66422
10  48528  2   4  48524
11  66517  3   0  1  66516
12  66438  3   2  11  66425
13  66590  2   49943  16647
14  66738  2   3  66735
15  66422  2   2  66420
16  66512  3   0  2  66510
17  66418  2   0  66418
18  66734  2   3  66731
19  64358  3   13  0  64345
20  66362  2   35  66327
21  66736  3   3  0  66733
22  66408  4   6  1  1  66400
23  66646  3   4  0  66642
24  40496  2   1  40495
25  66168  3   1  0  66167
26  66294  2   2  66292
27  38960  2   1  38959
28  66734  2   2  66732
29  38488  2   0  38488
30  65822  2   5  65817
31  35983  3   0  1  35982
32  65573  3   1  1  65571
33  65612  2   52  65560
34  66286  3   0  1  66285
35  66586  2   0  66586
36  65459  3   0  0  65459
37  66642  3   0  2  66640
38  66712  2   1  66711
39  66713  4   1  0  4  66708
40  66722  2   4  66718
41  65736  2   0  65736
42  66659  4   2  0  1  66656
43  65832  2   2  65830
44  66722  3   0  0  66722
45  66276  2   0  66276
46  65978  3   2  1  65975
47  66680  2   2  66678
48  66608  2   4  66604
49  66090  2   1  66089
50  66496  2   0  66496
51  66684  3   1  0  66683
52  66138  3   2  0  66136
53  66084  2   0  66084
54  66088  2   3  66085
55  66624  2   0  66624
56  66018  2   1  66017
57  66724  2   3  66721
58  66712  2   4  66708
59  66610  2   4  66606
60  66056  5   1  1  1  3  66050
61  66737  3   1  1  66735
62  66422  2   0  66422
63  66730  3   0  1  66729
64  66609  4   2  0  2  66605
65  66522  2   6  66516
66  65834  3   0  2  65832
67  66572  3   4  0  66568
68  66740  2   4  66736
69  66466  2   3  66463
70  66734  2   2  66732
71  66740  2   3  66737
72  66472  2   14  66458
73  66601  4   0  2  1  66598
74  66652  2   2  66650
75  65860  2   0  65860
76  66740  3   0  0  66740
77  65403  3   0  1  65402
78  65235  3   10  1  65224
79  66578  2   0  66578
80  66656  3   0  7  66649
81  66705  3   1  0  66704
82  66735  3   0  0  66735
83  66728  3   0  1  66727
84  66716  2   9538  57178
85  65528  2   4  65524
86  66660  3   0  1  66659
87  66704  2   2  66702
88  66720  2   1  66719
89  66250  2   1  66249
90  66740  2   2  66738
91  66728  2   0  66728
92  66693  3   1  1  66691
93  66726  3   0  0  66726
94  66700  2   1  66699
95  66718  3   1  0  66717
96  66109  3   0  1  66108
97  66738  2   5  66733
98  66674  3   0  0  66674
99  66710  2   7  66703
100  66704  3   0  0  66704
101  66738  2   0  66738
102  65701  4   4  7  0  65690
103  66716  2   0  66716
104  66698  2   266  66432
105  66732  2   13  66719
106  66676  2   2  66674
107  66688  2   0  66688
108  66712  3   1  0  66711
109  66677  3   2  0  66675
110  66702  2   0  66702
111  66677  3   0  0  66677
112  66730  2   1  66729
113  65778  4   1  0  3  65774
114  66730  3   1  25  66704
115  66662  3   1  4  66657
116  66721  3   4  1  66716
117  65226  2   3  65223
118  66736  2   2  66734
119  65750  6   1  0  1  0  1  65747
120  66732  2   7  66725
121  66730  2   0  66730
122  65760  2   2  65758
123  66724  2   2  66722
124  65742  2   0  65742
125  66684  2   4  66680
126  66724  3   0  0  66724
127  66708  2   0  66708
128  66726  2   3  66723
129  66720  3   1  1  66718
130  65731  4   0  1  7  65723
131  66622  2   0  66622
132  66692  2   1  66691
133  66724  3   1  1  66722
134  66736  3   0  0  66736
135  66680  2   4  66676
136  63460  2   1  63459
137  66738  2   5  66733
138  66736  2   1  66735
139  66666  2   0  66666
140  65609  4   4  2  0  65603
141  66738  3   1  1  66736
142  66736  2   3  66733
143  65587  3   8  0  65579
144  66738  3   2  0  66736
145  66650  3   0  10  66640
146  65764  2   0  65764
147  66626  3   1  0  66625
148  66562  2   0  66562
149  66532  2   0  66532
150  65840  2   0  65840
151  65265  4   1339  1  18  63907
152  65602  2   2  65600
153  66600  2   0  66600
154  65184  3   0  1  65183
155  66740  2   3  66737
156  65512  2   3  65509
157  66676  2   0  66676
158  66736  3   1  0  66735
159  66740  2   2  66738
160  66556  2   0  66556
161  66734  2   2  66732
162  66740  2   0  66740
163  65615  3   0  1  65614
164  66740  2   0  66740
165  66671  3   1  0  66670
166  66736  3   0  0  66736
167  60954  2   0  60954
168  65656  2   22  65634
169  66738  3   0  1  66737
170  66272  2   4  66268
171  66736  3   0  0  66736
172  66730  2   0  66730
173  65736  2   7  65729
174  65993  3   1  2  65990
175  66682  3   0  0  66682
176  66362  2   0  66362
177  66736  2   1  66735
178  65762  3   5  5  65752
179  66268  2   1  66267
180  66020  2   0  66020
181  66734  3   43  0  66691
182  66658  2   5  66653
183  66384  3   6  1  66377
184  66740  3   5  14  66721
185  65810  2   0  65810
186  66674  3   1  0  66673
187  66718  2   0  66718
188  66662  2   2  66660
189  66734  3   2  2  66730
190  66736  2   18427  48309
191  61208  3   0  0  61208
192  66110  3   1  6245  59864
193  66722  2   0  66722
194  66734  2   1  66733
195  66738  3   0  4  66734
196  66738  3   0  0  66738
197  66452  2   0  66452
198  66700  2   3  66697
199  66550  2   1  66549
200  66121  3   6  1  66114
201  66730  2   3  66727
202  66716  2   2  66714
203  66732  3   8  0  66724
204  66138  2   2  66136
205  66674  2   2  66672
206  66734  2   0  66734
207  66716  3   1  2  66713
208  66739  4   0  0  1  66738
209  65767  3   1  0  65766
210  66734  2   0  66734
211  65756  3   1  3  65752
212  66650  2   0  66650
213  66332  2   3  66329
214  66732  2   2  66730
215  66678  3   0  2  66676
216  66482  3   0  2  66480
217  66673  3   2  1  66670
218  66176  2   3  66173
219  66183  3   7  1  66175
220  66736  2   2  66734
221  66708  3   1  1  66706
222  66690  2   2  66688
223  66738  2   2  66736

[pop]=6
1  906  2   0  906
2  908  2   0  908
3  908  2   0  908
4  902  2   0  902
5  908  3   0  0  908
6  906  3   0  0  906
7  906  2   0  906
8  902  3   0  0  902
9  904  2   0  904
10  674  2   0  674
11  900  3   0  0  900
12  902  3   0  0  902
13  908  2   669  239
14  908  2   0  908
15  900  2   0  900
16  904  3   0  0  904
17  900  2   0  900
18  908  2   0  908
19  880  3   0  0  880
20  900  2   0  900
21  908  3   0  0  908
22  900  4   0  0  0  900
23  908  3   2  0  906
24  554  2   0  554
25  904  3   0  0  904
26  890  2   0  890
27  542  2   0  542
28  908  2   0  908
29  540  2   0  540
30  902  2   0  902
31  512  3   0  0  512
32  867  3   0  0  867
33  890  2   1  889
34  896  3   0  0  896
35  904  2   0  904
36  887  3   0  0  887
37  908  3   0  0  908
38  908  2   0  908
39  908  4   0  0  0  908
40  906  2   0  906
41  892  2   0  892
42  905  4   0  0  0  905
43  902  2   0  902
44  908  3   0  0  908
45  894  2   0  894
46  896  3   0  0  896
47  908  2   0  908
48  904  2   0  904
49  896  2   0  896
50  908  2   0  908
51  908  3   0  0  908
52  894  3   0  0  894
53  890  2   0  890
54  892  2   0  892
55  908  2   0  908
56  892  2   0  892
57  906  2   0  906
58  908  2   3  905
59  904  2   0  904
60  888  5   0  0  0  0  888
61  908  3   0  0  908
62  900  2   0  900
63  906  3   0  0  906
64  904  4   0  0  0  904
65  904  2   0  904
66  890  3   0  0  890
67  904  3   0  0  904
68  908  2   0  908
69  902  2   0  902
70  908  2   0  908
71  908  2   0  908
72  902  2   0  902
73  906  4   0  0  0  906
74  908  2   0  908
75  884  2   0  884
76  908  3   0  0  908
77  886  3   0  0  886
78  879  3   0  0  879
79  906  2   0  906
80  906  3   0  0  906
81  908  3   0  0  908
82  908  3   0  0  908
83  906  3   0  0  906
84  906  2   101  805
85  888  2   0  888
86  908  3   0  0  908
87  908  2   0  908
88  908  2   0  908
89  902  2   0  902
90  908  2   0  908
91  908  2   0  908
92  906  3   0  0  906
93  906  3   0  0  906
94  908  2   0  908
95  908  3   0  0  908
96  896  3   0  0  896
97  908  2   0  908
98  908  3   0  0  908
99  904  2   0  904
100  908  3   0  0  908
101  908  2   0  908
102  893  4   0  0  0  893
103  906  2   0  906
104  904  2   3  901
105  908  2   0  908
106  908  2   0  908
107  904  2   0  904
108  908  3   0  0  908
109  904  3   0  0  904
110  908  2   0  908
111  908  3   0  0  908
112  908  2   0  908
113  892  4   0  0  0  892
114  908  3   0  0  908
115  904  3   0  0  904
116  908  3   0  0  908
117  886  2   0  886
118  908  2   0  908
119  891  6   0  0  0  0  0  891
120  908  2   0  908
121  908  2   0  908
122  890  2   0  890
123  908  2   0  908
124  890  2   0  890
125  906  2   0  906
126  906  3   0  0  906
127  908  2   0  908
128  908  2   0  908
129  908  3   0  0  908
130  886  4   0  0  0  886
131  900  2   0  900
132  908  2   0  908
133  908  3   0  0  908
134  908  3   0  0  908
135  906  2   0  906
136  852  2   1  851
137  908  2   0  908
138  908  2   0  908
139  906  2   0  906
140  878  4   0  0  0  878
141  908  3   0  0  908
142  908  2   0  908
143  878  3   1  0  877
144  908  3   0  0  908
145  906  3   0  0  906
146  900  2   0  900
147  908  3   0  0  908
148  908  2   0  908
149  904  2   0  904
150  894  2   0  894
151  883  4   15  0  2  866
152  874  2   0  874
153  908  2   0  908
154  870  3   0  0  870
155  908  2   0  908
156  888  2   0  888
157  906  2   0  906
158  908  3   0  0  908
159  908  2   0  908
160  908  2   0  908
161  908  2   0  908
162  908  2   0  908
163  885  3   0  0  885
164  908  2   0  908
165  906  3   0  0  906
166  908  3   0  1  907
167  814  2   0  814
168  888  2   0  888
169  908  3   0  0  908
170  892  2   0  892
171  908  3   0  0  908
172  908  2   0  908
173  888  2   0  888
174  894  3   0  0  894
175  908  3   0  0  908
176  906  2   0  906
177  908  2   0  908
178  887  3   0  0  887
179  900  2   0  900
180  894  2   0  894
181  908  3   2  0  906
182  908  2   0  908
183  906  3   0  0  906
184  908  3   0  0  908
185  890  2   0  890
186  908  3   0  0  908
187  908  2   0  908
188  906  2   0  906
189  908  3   0  0  908
190  908  2   214  694
191  822  3   0  0  822
192  896  3   0  65  831
193  908  2   0  908
194  908  2   0  908
195  908  3   0  0  908
196  908  3   0  0  908
197  900  2   0  900
198  908  2   0  908
199  906  2   0  906
200  895  3   0  0  895
201  908  2   0  908
202  908  2   0  908
203  908  3   2  0  906
204  896  2   0  896
205  908  2   0  908
206  908  2   0  908
207  908  3   0  0  908
208  908  4   0  0  0  908
209  892  3   0  0  892
210  908  2   0  908
211  892  3   0  0  892
212  906  2   0  906
213  900  2   0  900
214  908  2   0  908
215  908  3   0  0  908
216  906  3   0  0  906
217  906  3   0  0  906
218  898  2   0  898
219  898  3   0  0  898
220  908  2   0  908
221  908  3   0  0  908
222  906  2   0  906
223  908  2   0  908

[pop]=7
1  16424  2   0  16424
2  16512  2   0  16512
3  16512  2   0  16512
4  16414  2   0  16414
5  16512  3   0  0  16512
6  16512  3   1  0  16511
7  16354  2   0  16354
8  16510  3   0  0  16510
9  16454  2   9  16445
10  13514  2   0  13514
11  16483  3   0  0  16483
12  16510  3   0  0  16510
13  16470  2   11239  5231
14  16512  2   3  16509
15  16510  2   0  16510
16  16476  3   0  0  16476
17  16510  2   33  16477
18  16512  2   0  16512
19  15808  3   0  0  15808
20  16460  2   0  16460
21  16512  3   1  0  16511
22  16510  4   0  0  1  16509
23  16504  3   0  1  16503
24  12552  2   1  12551
25  16510  3   0  0  16510
26  15370  2   0  15370
27  12316  2   0  12316
28  16512  2   0  16512
29  12300  2   5  12295
30  16190  2   0  16190
31  11951  3   0  0  11951
32  13500  3   0  0  13500
33  16334  2   0  16334
34  16369  3   1  0  16368
35  16484  2   0  16484
36  16295  3   0  0  16295
37  16478  3   0  0  16478
38  16512  2   0  16512
39  16483  4   0  0  0  16483
40  16512  2   0  16512
41  16352  2   0  16352
42  16509  4   0  0  0  16509
43  16320  2   0  16320
44  16512  3   1  4  16507
45  16506  2   0  16506
46  16382  3   0  0  16382
47  16500  2   0  16500
48  16486  2   1  16485
49  16388  2   3  16385
50  16474  2   3  16471
51  16510  3   0  19  16491
52  16500  3   0  0  16500
53  16498  2   24  16474
54  16494  2   21  16473
55  16484  2   1  16483
56  16494  2   0  16494
57  16512  2   0  16512
58  16512  2   1  16511
59  16484  2   0  16484
60  16486  5   0  0  0  0  16486
61  16512  3   0  1  16511
62  16506  2   2  16504
63  16512  3   2  0  16510
64  16487  4   2  5  0  16480
65  16512  2   6  16506
66  16494  3   0  0  16494
67  16512  3   0  0  16512
68  16512  2   0  16512
69  16504  2   0  16504
70  16510  2   0  16510
71  16512  2   0  16512
72  16506  2   0  16506
73  16487  4   0  1  0  16486
74  16484  2   0  16484
75  16426  2   0  16426
76  16510  3   1  0  16509
77  16478  3   0  0  16478
78  16469  3   0  0  16469
79  16484  2   2  16482
80  16478  3   0  0  16478
81  16494  3   0  0  16494
82  16510  3   0  1  16509
83  16512  3   0  0  16512
84  16512  2   1123  15389
85  16464  2   0  16464
86  16500  3   0  0  16500
87  16508  2   0  16508
88  16496  2   1  16495
89  15996  2   0  15996
90  16512  2   0  16512
91  16510  2   2  16508
92  16488  3   0  0  16488
93  16512  3   0  0  16512
94  16508  2   1  16507
95  16508  3   0  6  16502
96  15867  3   0  1  15866
97  16512  2   0  16512
98  16504  3   0  0  16504
99  16512  2   0  16512
100  16510  3   0  0  16510
101  16512  2   3  16509
102  16484  4   0  0  1  16483
103  16506  2   2  16504
104  16512  2   14  16498
105  16510  2   0  16510
106  16506  2   0  16506
107  16510  2   1  16509
108  16508  3   0  1  16507
109  16512  3   0  1  16511
110  16504  2   3  16501
111  16506  3   0  1  16505
112  16512  2   0  16512
113  16486  4   0  0  1  16485
114  16512  3   0  0  16512
115  16512  3   0  3  16509
116  16512  3   0  0  16512
117  15242  2   0  15242
118  16510  2   0  16510
119  16488  6   6  1  0  1  0  16480
120  16512  2   6  16506
121  16512  2   0  16512
122  16488  2   0  16488
123  16510  2   0  16510
124  16486  2   0  16486
125  16506  2   3  16503
126  16510  3   0  0  16510
127  16510  2   0  16510
128  16512  2   0  16512
129  16510  3   0  0  16510
130  16483  4   1  0  0  16482
131  16504  2   3  16501
132  16504  2   0  16504
133  16511  3   0  0  16511
134  16512  3   1  0  16511
135  16506  2   0  16506
136  14544  2   0  14544
137  16512  2   0  16512
138  16512  2   1  16511
139  16502  2   0  16502
140  16469  4   0  0  0  16469
141  16512  3   0  0  16512
142  16512  2   0  16512
143  16467  3   1  1  16465
144  16512  3   0  0  16512
145  16490  3   0  0  16490
146  16364  2   0  16364
147  16393  3   0  0  16393
148  16488  2   2  16486
149  16334  2   0  16334
150  16392  2   0  16392
151  16089  4   16  0  9  16064
152  14078  2   0  14078
153  16494  2   0  16494
154  16438  3   5  0  16433
155  16512  2   0  16512
156  16174  2   0  16174
157  16504  2   4  16500
158  16512  3   0  0  16512
159  16512  2   0  16512
160  16490  2   0  16490
161  16512  2   0  16512
162  16512  2   3  16509
163  16213  3   1  2  16210
164  16512  2   2  16510
165  16503  3   3  0  16500
166  16512  3   0  0  16512
167  14666  2   0  14666
168  16222  2   5  16217
169  16511  3   8  0  16503
170  16326  2   0  16326
171  16512  3   1  1  16510
172  16512  2   0  16512
173  16246  2   0  16246
174  16418  3   0  0  16418
175  16497  3   0  0  16497
176  16506  2   19  16487
177  16512  2   0  16512
178  16251  3   0  3  16248
179  15452  2   0  15452
180  16418  2   0  16418
181  16512  3   30  1  16481
182  16506  2   0  16506
183  16507  3   0  0  16507
184  16512  3   0  2  16510
185  16276  2   0  16276
186  16502  3   0  1  16501
187  16496  2   4  16492
188  16504  2   0  16504
189  16512  3   0  2  16510
190  16512  2   2859  13653
191  15140  3   0  0  15140
192  16436  3   0  1692  14744
193  16510  2   0  16510
194  16512  2   2  16510
195  16512  3   0  1  16511
196  16512  3   0  0  16512
197  16392  2   0  16392
198  16508  2   0  16508
199  16172  2   0  16172
200  16432  3   0  0  16432
201  16508  2   0  16508
202  16508  2   0  16508
203  16512  3   2  0  16510
204  16436  2   0  16436
205  16506  2   0  16506
206  16512  2   1  16511
207  16508  3   0  0  16508
208  16512  4   1  0  0  16511
209  16278  3   0  0  16278
210  16510  2   17  16493
211  16274  3   0  1  16273
212  16388  2   8  16380
213  16316  2   1  16315
214  16510  2   0  16510
215  16508  3   3  0  16505
216  16510  3   1  0  16509
217  16440  3   0  3  16437
218  16432  2   0  16432
219  16432  3   0  0  16432
220  16512  2   0  16512
221  16498  3   0  0  16498
222  16486  2   0  16486
223  16512  2   0  16512

