[loci]=85

[populations]=7

[pop]=1
1  10356  2   9  10347
2  6950  3   0  0  6950
3  9114  3   0  0  9114
4  10022  3   0  1  10021
5  10374  3   5  1  10368
6  9220  2   2  9218
7  9112  2   0  9112
8  10009  3   1  0  10008
9  9976  2   0  9976
10  7430  3   0  0  7430
11  10003  3   0  0  10003
12  7498  2   0  7498
13  10322  2   4  10318
14  9977  3   0  52  9925
15  7586  2   0  7586
16  8999  3   0  0  8999
17  10322  2   0  10322
18  10372  2   0  10372
19  9976  2   0  9976
20  3162  2   0  3162
21  10372  2   0  10372
22  10388  3   0  16  10372
23  7800  2   0  7800
24  10368  2   0  10368
25  7818  2   9  7809
26  10394  3   0  0  10394
27  10351  3   0  0  10351
28  9483  4   1  0  2  9480
29  9885  3   0  0  9885
30  3220  2   3  3217
31  10356  2   0  10356
32  7983  4   1  1  12  7969
33  10400  2   0  10400
34  10365  3   0  0  10365
35  10369  3   0  0  10369
36  8586  2   0  8586
37  10152  2   17  10135
38  9934  2   0  9934
39  3268  2   0  3268
40  10404  3   1  1  10402
41  10372  2   2  10370
42  10066  2   270  9796
43  9634  2   0  9634
44  8586  3   1  4  8581
45  9346  2   0  9346
46  8120  3   0  0  8120
47  9552  2   0  9552
48  3280  2   3  3277
49  10372  3   1  452  9919
50  9661  3   0  0  9661
51  9930  5   0  0  0  0  9930
52  8181  4   0  0  0  8181
53  9187  4   0  0  0  9187
54  3286  3   0  0  3286
55  10374  2   1  10373
56  5738  2   0  5738
57  9082  2   0  9082
58  10376  3   0  0  10376
59  9682  3   56  0  9626
60  9874  3   0  0  9874
61  8270  5   0  0  0  0  8270
62  9958  2   0  9958
63  8714  3   0  0  8714
64  5824  3   0  1  5823
65  10404  3   1  0  10403
66  9694  2   0  9694
67  8308  3   12  0  8296
68  8544  3   0  0  8544
69  9856  3   0  0  9856
70  8278  2   0  8278
71  5894  2   1  5893
72  10404  3   0  0  10404
73  10386  3   0  0  10386
74  9830  3   0  0  9830
75  8346  2   0  8346
76  9976  4   0  0  0  9976
77  7960  2   0  7960
78  10378  4   0  0  0  10378
79  9826  2   0  9826
80  7450  2   0  7450
81  10396  2   0  10396
82  10226  3   2  0  10224
83  8419  3   0  0  8419
84  10068  3   0  7865  2203
85  5930  2   10  5920

[pop]=2
1  11574  2   0  11574
2  9740  3   0  0  9740
3  11262  3   1  0  11261
4  11482  3   0  0  11482
5  11574  3   0  0  11574
6  11510  2   0  11510
7  11258  2   0  11258
8  11482  3   0  0  11482
9  11502  2   0  11502
10  10208  3   0  0  10208
11  11480  3   0  0  11480
12  10308  2   0  10308
13  11544  2   0  11544
14  11503  3   0  169  11334
15  10430  2   0  10430
16  11152  3   0  0  11152
17  11562  2   0  11562
18  11376  2   0  11376
19  11448  2   2  11446
20  968  2   0  968
21  11572  2   0  11572
22  11574  3   0  3  11571
23  10604  2   25  10579
24  11560  2   0  11560
25  10638  2   3  10635
26  11576  3   0  0  11576
27  11556  3   0  0  11556
28  11547  4   0  0  3  11544
29  11384  3   1  0  11383
30  992  2   0  992
31  11560  2   0  11560
32  10765  4   0  0  11  10754
33  11578  2   0  11578
34  11560  3   0  0  11560
35  11567  3   0  0  11567
36  11442  2   0  11442
37  11572  2   102  11470
38  11426  2   0  11426
39  1028  2   0  1028
40  11578  3   0  0  11578
41  11558  2   0  11558
42  11472  2   8  11464
43  11556  2   0  11556
44  11442  3   0  1  11441
45  11484  2   0  11484
46  10882  3   0  4  10878
47  11176  2   0  11176
48  1024  2   0  1024
49  11572  3   0  23  11549
50  11556  3   0  0  11556
51  11504  5   0  1  0  0  11503
52  10945  4   0  0  0  10945
53  10859  4   0  0  0  10859
54  1035  3   0  0  1035
55  11572  2   0  11572
56  5120  2   0  5120
57  10756  2   0  10756
58  11572  3   0  0  11572
59  11560  3   3  1  11556
60  11505  3   0  1  11504
61  11009  5   0  0  0  0  11009
62  11450  2   0  11450
63  10234  3   1  1  10232
64  5327  3   2  0  5325
65  11576  3   0  0  11576
66  11560  2   0  11560
67  11026  3   7  1  11018
68  9986  3   0  0  9986
69  11504  3   0  0  11504
70  9648  2   0  9648
71  5366  2   1  5365
72  11576  3   0  0  11576
73  11576  3   0  0  11576
74  11500  3   0  0  11500
75  11050  2   0  11050
76  11462  4   0  0  4  11458
77  9336  2   0  9336
78  11572  4   0  0  0  11572
79  11500  2   0  11500
80  8810  2   0  8810
81  11558  2   0  11558
82  11568  3   0  1  11567
83  11080  3   0  0  11080
84  11480  3   0  6362  5118
85  7152  2   0  7152

[pop]=3
1  8654  2   0  8654
2  7320  3   0  0  7320
3  8453  3   0  0  8453
4  8551  3   0  0  8551
5  8654  3   6  0  8648
6  8508  2   0  8508
7  8446  2   3  8443
8  8548  3   0  0  8548
9  8544  2   0  8544
10  7646  3   0  0  7646
11  8548  3   0  1  8547
12  7706  2   0  7706
13  8648  2   0  8648
14  8543  3   0  0  8543
15  7764  2   2  7762
16  8385  3   0  0  8385
17  8648  2   0  8648
18  8552  2   0  8552
19  8542  2   0  8542
20  1224  2   0  1224
21  8632  2   2  8630
22  8654  3   0  0  8654
23  7890  2   0  7890
24  8644  2   0  8644
25  7922  2   1  7921
26  8654  3   0  0  8654
27  8651  3   17  0  8634
28  8537  4   0  0  0  8537
29  8527  3   0  0  8527
30  1332  2   0  1332
31  8648  2   0  8648
32  7999  4   0  0  0  7999
33  8654  2   2  8652
34  8648  3   0  0  8648
35  8651  3   0  0  8651
36  8510  2   0  8510
37  8608  2   58  8550
38  8526  2   1  8525
39  1394  2   13  1381
40  8653  3   0  0  8653
41  8648  2   0  8648
42  8594  2   0  8594
43  8564  2   0  8564
44  8510  3   0  0  8510
45  8540  2   0  8540
46  8070  3   1  0  8069
47  8410  2   7  8403
48  1410  2   32  1378
49  8632  3   0  1  8631
50  8572  3   0  0  8572
51  8537  5   0  0  0  1  8536
52  8103  4   0  2  0  8101
53  8193  4   0  0  0  8193
54  1386  3   0  1  1385
55  8634  2   1  8633
56  4850  2   0  4850
57  8124  2   1  8123
58  8652  3   0  0  8652
59  8586  3   0  0  8586
60  8534  3   0  0  8534
61  8136  5   0  0  0  0  8136
62  8532  2   0  8532
63  7812  3   0  0  7812
64  4937  3   0  0  4937
65  8654  3   0  0  8654
66  8586  2   0  8586
67  8142  3   0  0  8142
68  7640  3   0  0  7640
69  8536  3   0  0  8536
70  7398  2   0  7398
71  4998  2   0  4998
72  8654  3   1  0  8653
73  8652  3   0  1  8651
74  8534  3   0  0  8534
75  8168  2   0  8168
76  8536  4   0  0  0  8536
77  7160  2   0  7160
78  8630  4   2  0  0  8628
79  8530  2   3  8527
80  6794  2   0  6794
81  8654  2   0  8654
82  8622  3   0  0  8622
83  8201  3   0  0  8201
84  8570  3   0  8171  399
85  5694  2   0  5694

[pop]=4
1  6614  2   0  6614
2  3904  3   0  0  3904
3  5669  3   0  0  5669
4  6396  3   0  0  6396
5  6614  3   0  0  6614
6  6570  2   0  6570
7  5654  2   0  5654
8  6368  3   0  0  6368
9  6594  2   0  6594
10  4284  3   0  1  4283
11  6351  3   0  0  6351
12  4374  2   0  4374
13  6614  2   0  6614
14  6596  3   0  27  6569
15  4464  2   0  4464
16  5518  3   0  0  5518
17  6614  2   0  6614
18  6564  2   0  6564
19  6284  2   0  6284
20  578  2   0  578
21  6612  2   0  6612
22  6614  3   0  0  6614
23  4680  2   0  4680
24  6608  2   0  6608
25  4726  2   0  4726
26  6614  3   0  0  6614
27  6614  3   0  0  6614
28  6603  4   0  0  0  6603
29  6158  3   0  0  6158
30  628  2   0  628
31  6614  2   0  6614
32  4886  4   0  0  0  4886
33  6614  2   0  6614
34  6614  3   0  0  6614
35  6614  3   0  0  6614
36  6452  2   0  6452
37  6612  2   29  6583
38  6398  2   0  6398
39  680  2   0  680
40  6614  3   0  0  6614
41  6614  2   0  6614
42  6612  2   0  6612
43  6608  2   1  6607
44  6463  3   0  0  6463
45  6580  2   0  6580
46  5041  3   0  0  5041
47  5800  2   0  5800
48  710  2   0  710
49  6611  3   0  0  6611
50  6609  3   0  0  6609
51  6595  5   0  0  0  0  6595
52  5145  4   0  0  0  5145
53  5482  4   0  1  0  5481
54  740  3   0  0  740
55  6614  2   0  6614
56  1362  2   0  1362
57  5376  2   0  5376
58  6614  3   0  0  6614
59  6610  3   0  0  6610
60  6592  3   0  0  6592
61  5264  5   0  0  0  0  5264
62  6450  2   0  6450
63  5012  3   0  0  5012
64  1398  3   0  0  1398
65  6614  3   0  0  6614
66  6610  2   0  6610
67  5292  3   0  0  5292
68  4854  3   0  0  4854
69  6592  3   0  0  6592
70  4670  2   0  4670
71  1406  2   0  1406
72  6614  3   0  0  6614
73  6614  3   0  0  6614
74  6592  3   0  0  6592
75  5404  2   0  5404
76  6464  4   0  0  0  6464
77  4498  2   0  4498
78  6614  4   0  0  0  6614
79  6590  2   0  6590
80  4252  2   0  4252
81  6612  2   0  6612
82  6610  3   0  1  6609
83  5451  3   0  0  5451
84  6515  3   0  4137  2378
85  3304  2   0  3304

[pop]=5
1  66708  2   0  66708
2  52700  3   0  3  52697
3  63070  3   1  2  63067
4  64764  3   1  0  64763
5  66712  3   24  1  66687
6  64140  2   0  64140
7  63014  2   2  63012
8  64724  3   0  1  64723
9  64474  2   2  64472
10  55198  3   1  1  55196
11  64692  3   0  0  64692
12  55654  2   2  55652
13  66588  2   0  66588
14  64525  3   1  1452  63072
15  56256  2   0  56256
16  62436  3   2  1  62433
17  66640  2   3  66637
18  66090  2   3  66087
19  64530  2   0  64530
20  11726  2   0  11726
21  66552  2   2  66550
22  66716  3   2  0  66714
23  57216  2   0  57216
24  66298  2   16  66282
25  57420  2   1  57419
26  66725  3   4  2  66719
27  66650  3   0  2  66648
28  65260  4   0  0  51  65209
29  64241  3   0  3  64238
30  12050  2   2  12048
31  66678  2   7  66671
32  58137  4   0  0  12  58125
33  66726  2   0  66726
34  66686  3   2  2  66682
35  66682  3   0  1  66681
36  62976  2   1  62975
37  65980  2   366  65614
38  64406  2   0  64406
39  12502  2   48  12454
40  66728  3   0  2  66726
41  66700  2   3  66697
42  65998  2   1  65997
43  65892  2   3  65889
44  62981  3   2  0  62979
45  63218  2   9  63209
46  58728  3   3  0  58725
47  62864  2   0  62864
48  12474  2   0  12474
49  66554  3   1  11  66542
50  65986  3   1  1  65984
51  64431  5   1  0  1  0  64429
52  59044  4   2  0  2  59040
53  61163  4   1  0  0  61162
54  12656  3   1  1  12654
55  66556  2   0  66556
56  28636  2   3  28633
57  60658  2   1  60657
58  66698  3   0  1  66697
59  66130  3   9  1  66120
60  64279  3   1  0  64278
61  59462  5   0  1  1  3  59457
62  64576  2   0  64576
63  58522  3   0  1  58521
64  29093  3   0  2  29091
65  66727  3   0  1  66726
66  66168  2   6  66162
67  59570  3   2  0  59568
68  57330  3   4  0  57326
69  64222  3   0  0  64222
70  55752  2   3  55749
71  29322  2   3  29319
72  66726  3   0  3  66723
73  66587  3   1  0  66586
74  64149  3   1  1  64147
75  59824  2   0  59824
76  64649  4   2  1  0  64646
77  54030  2   7  54023
78  66555  4   3  1  1  66550
79  64116  2   1  64115
80  51342  2   0  51342
81  66722  2   6  66716
82  66200  3   0  2  66198
83  60173  3   0  1  60172
84  64986  3   1  42635  22350
85  41782  2   0  41782

[pop]=6
1  906  2   0  906
2  648  3   0  0  648
3  829  3   0  0  829
4  862  3   0  0  862
5  906  3   0  0  906
6  854  2   0  854
7  826  2   0  826
8  857  3   0  0  857
9  878  2   0  878
10  684  3   0  0  684
11  855  3   0  0  855
12  690  2   0  690
13  908  2   0  908
14  878  3   0  21  857
15  712  2   0  712
16  805  3   0  0  805
17  908  2   0  908
18  900  2   0  900
19  848  2   0  848
20  244  2   0  244
21  908  2   0  908
22  906  3   0  0  906
23  720  2   0  720
24  904  2   0  904
25  726  2   0  726
26  906  3   0  0  906
27  908  3   0  0  908
28  872  4   0  0  0  872
29  837  3   0  0  837
30  252  2   0  252
31  908  2   0  908
32  739  4   0  0  2  737
33  906  2   0  906
34  908  3   0  0  908
35  908  3   0  0  908
36  860  2   1  859
37  900  2   11  889
38  858  2   0  858
39  256  2   0  256
40  906  3   0  0  906
41  908  2   0  908
42  896  2   0  896
43  884  2   0  884
44  860  3   0  0  860
45  830  2   0  830
46  749  3   0  0  749
47  814  2   0  814
48  256  2   0  256
49  908  3   0  0  908
50  884  3   0  0  884
51  874  5   0  0  0  0  874
52  753  4   0  0  0  753
53  796  4   0  0  0  796
54  262  3   0  0  262
55  908  2   0  908
56  366  2   0  366
57  792  2   0  792
58  908  3   0  0  908
59  890  3   0  0  890
60  874  3   0  0  874
61  758  5   0  0  0  0  758
62  862  2   0  862
63  762  3   0  0  762
64  375  3   0  0  375
65  906  3   0  0  906
66  890  2   0  890
67  760  3   0  0  760
68  735  3   0  0  735
69  876  3   0  0  876
70  722  2   0  722
71  380  2   0  380
72  906  3   0  0  906
73  900  3   0  0  900
74  875  3   0  0  875
75  770  2   0  770
76  864  4   0  0  0  864
77  710  2   0  710
78  908  4   0  0  0  908
79  876  2   0  876
80  674  2   0  674
81  908  2   0  908
82  902  3   0  0  902
83  781  3   0  0  781
84  870  3   0  625  245
85  592  2   0  592

[pop]=7
1  16510  2   0  16510
2  12994  3   1  0  12993
3  16200  3   0  0  16200
4  16484  3   0  0  16484
5  16510  3   4  0  16506
6  15088  2   0  15088
7  16166  2   0  16166
8  16473  3   0  0  16473
9  16456  2   0  16456
10  13954  3   0  0  13954
11  16469  3   3  0  16466
12  14180  2   1  14179
13  16478  2   0  16478
14  16466  3   0  123  16343
15  14440  2   0  14440
16  15818  3   0  0  15818
17  16506  2   0  16506
18  16344  2   0  16344
19  16412  2   0  16412
20  8222  2   2  8220
21  16510  2   0  16510
22  16510  3   0  0  16510
23  14910  2   0  14910
24  16502  2   0  16502
25  15034  2   0  15034
26  16510  3   0  2  16508
27  16492  3   0  0  16492
28  16091  4   0  1  0  16090
29  16324  3   0  0  16324
30  8286  2   0  8286
31  16506  2   0  16506
32  15372  4   0  0  0  15372
33  16510  2   0  16510
34  16506  3   0  0  16506
35  16498  3   1  0  16497
36  16254  2   0  16254
37  16070  2   250  15820
38  16476  2   2  16474
39  8352  2   0  8352
40  16510  3   0  0  16510
41  16506  2   4  16502
42  16406  2   1  16405
43  16364  2   0  16364
44  16254  3   0  1  16253
45  12034  2   0  12034
46  15635  3   0  1  15634
47  15968  2   0  15968
48  8350  2   4  8346
49  16512  3   0  1  16511
50  16407  3   0  0  16407
51  16485  5   1  0  3  0  16481
52  15749  4   0  0  0  15749
53  15652  4   2  0  1  15649
54  8362  3   2  2  8358
55  16512  2   0  16512
56  10156  2   0  10156
57  15570  2   0  15570
58  16502  3   19  0  16483
59  16462  3   0  0  16462
60  16484  3   0  0  16484
61  15914  5   7  0  3  0  15904
62  16490  2   5  16485
63  15158  3   0  2  15156
64  10204  3   0  0  10204
65  16509  3   0  0  16509
66  16470  2   10  16460
67  15952  3   2  3  15947
68  14961  3   0  1  14960
69  16480  3   1  1  16478
70  14684  2   0  14684
71  10228  2   0  10228
72  16510  3   0  0  16510
73  16493  3   0  0  16493
74  16477  3   1  0  16476
75  16042  2   2  16040
76  16495  4   0  0  1  16494
77  14474  2   0  14474
78  16512  4   0  0  0  16512
79  16476  2   0  16476
80  14144  2   3  14141
81  16508  2   0  16508
82  16253  3   0  0  16253
83  16107  3   1  1  16105
84  16498  3   0  12168  4330
85  12968  2   0  12968

