[loci]=22

[populations]=7

[pop]=1
1  10406  3   0  0  10406
2  10404  3   0  0  10404
3  10404  2   0  10404
4  10404  3   0  1  10403
5  10234  2   0  10234
6  10222  2   0  10222
7  10406  3   0  2  10404
8  10400  2   0  10400
9  10398  3   0  0  10398
10  10366  3   2  0  10364
11  10350  2   0  10350
12  10406  2   0  10406
13  9840  2   4  9836
14  10400  2   207  10193
15  10406  3   537  0  9869
16  9834  3   2  1  9831
17  10400  2   0  10400
18  10406  2   1  10405
19  10398  2   0  10398
20  10406  2   0  10406
21  10406  2   0  10406
22  10406  2   0  10406

[pop]=2
1  11578  3   0  2  11576
2  11575  3   0  1  11574
3  11574  2   0  11574
4  11574  3   0  0  11574
5  11566  2   0  11566
6  11568  2   0  11568
7  11578  3   0  0  11578
8  11568  2   0  11568
9  11558  3   0  0  11558
10  11555  3   2  0  11553
11  11546  2   0  11546
12  11578  2   0  11578
13  11562  2   21  11541
14  11430  2   5  11425
15  11577  3   3102  0  8475
16  11564  3   2  0  11562
17  11430  2   2  11428
18  11578  2   0  11578
19  11444  2   20  11424
20  11578  2   0  11578
21  11578  2   0  11578
22  11578  2   0  11578

[pop]=3
1  8654  3   0  0  8654
2  8652  3   0  0  8652
3  8652  2   0  8652
4  8652  3   0  0  8652
5  8642  2   1  8641
6  8642  2   0  8642
7  8654  3   0  0  8654
8  8648  2   0  8648
9  8645  3   0  0  8645
10  8649  3   0  0  8649
11  8648  2   0  8648
12  8650  2   0  8650
13  8630  2   0  8630
14  8652  2   0  8652
15  8647  3   6047  0  2600
16  8626  3   0  0  8626
17  8652  2   0  8652
18  8654  2   0  8654
19  8652  2   0  8652
20  8654  2   0  8654
21  8654  2   2  8652
22  8654  2   0  8654

[pop]=4
1  6614  3   0  0  6614
2  6612  3   0  0  6612
3  6612  2   0  6612
4  6612  3   0  0  6612
5  6610  2   0  6610
6  6610  2   0  6610
7  6614  3   0  0  6614
8  6612  2   1  6611
9  6610  3   0  0  6610
10  6614  3   0  0  6614
11  6614  2   0  6614
12  6614  2   0  6614
13  6606  2   48  6558
14  6610  2   0  6610
15  6614  3   1753  0  4861
16  6608  3   0  0  6608
17  6608  2   0  6608
18  6614  2   0  6614
19  6610  2   0  6610
20  6614  2   0  6614
21  6614  2   0  6614
22  6614  2   0  6614

[pop]=5
1  66736  3   1  0  66735
2  66722  3   1  3  66718
3  66720  2   2  66718
4  66721  3   1  0  66720
5  66710  2   1  66709
6  66708  2   2  66706
7  66740  3   2  1  66737
8  66702  2   1  66701
9  66671  3   0  0  66671
10  65835  3   0  5  65830
11  65570  2   2  65568
12  66740  2   2  66738
13  66526  2   351  66175
14  66690  2   1  66689
15  66736  3   13816  0  52920
16  66506  3   11  0  66495
17  66692  2   1  66691
18  66738  2   1  66737
19  66694  2   0  66694
20  66730  2   5  66725
21  66738  2   0  66738
22  66696  2   2  66694

[pop]=6
1  908  3   0  1  907
2  908  3   0  0  908
3  908  2   0  908
4  908  3   0  0  908
5  908  2   0  908
6  908  2   0  908
7  908  3   0  0  908
8  908  2   0  908
9  906  3   0  1  905
10  881  3   0  0  881
11  868  2   0  868
12  908  2   0  908
13  902  2   3  899
14  908  2   0  908
15  908  3   241  0  667
16  902  3   0  0  902
17  908  2   0  908
18  908  2   0  908
19  908  2   0  908
20  908  2   0  908
21  908  2   0  908
22  908  2   0  908

[pop]=7
1  16512  3   0  118  16394
2  16508  3   0  0  16508
3  16508  2   0  16508
4  16508  3   0  0  16508
5  16512  2   1  16511
6  16512  2   3  16509
7  16512  3   0  0  16512
8  16504  2   0  16504
9  16502  3   1  0  16501
10  14229  3   0  1  14228
11  13452  2   0  13452
12  16512  2   0  16512
13  16444  2   5  16439
14  16500  2   0  16500
15  16512  3   4300  1  12211
16  16444  3   0  0  16444
17  16500  2   3  16497
18  16510  2   0  16510
19  16502  2   0  16502
20  16512  2   0  16512
21  16510  2   0  16510
22  16512  2   0  16512

