[loci]=162

[populations]=7

[pop]=1
1  10201  3   0  0  10201
2  10321  3   0  0  10321
3  5784  2   0  5784
4  10382  4   0  0  0  10382
5  10402  2   10402  0
6  10372  2   0  10372
7  10260  3   0  4  10256
8  10398  2   2  10396
9  10384  2   0  10384
10  10262  3   0  0  10262
11  10380  2   0  10380
12  10406  4   0  0  1  10405
13  10264  2   3  10261
14  10314  2   0  10314
15  10402  2   0  10402
16  6857  3   0  1  6856
17  10406  3   0  0  10406
18  10402  2   0  10402
19  10332  2   2  10330
20  10406  3   0  0  10406
21  10303  3   0  0  10303
22  10381  3   0  0  10381
23  10366  3   1  0  10365
24  10234  2   0  10234
25  10362  2   44  10318
26  10230  2   0  10230
27  10282  3   0  0  10282
28  10213  3   0  1  10212
29  4324  2   0  4324
30  10274  3   0  0  10274
31  4396  2   0  4396
32  10350  3   0  1  10349
33  7678  2   0  7678
34  10406  2   1  10405
35  10406  2   0  10406
36  6384  2   1  6383
37  10406  3   0  0  10406
38  10400  3   0  0  10400
39  10406  3   1  0  10405
40  8007  4   0  3  1037  6967
41  5650  3   1  292  5357
42  10384  2   0  10384
43  6536  2   0  6536
44  5896  2   1  5895
45  10406  3   0  0  10406
46  7670  2   2683  4987
47  6066  2   0  6066
48  10404  2   0  10404
49  10406  2   0  10406
50  8378  3   1  1  8376
51  6952  3   0  2  6950
52  10397  4   0  0  0  10397
53  10404  2   1  10403
54  10389  3   0  0  10389
55  10160  2   0  10160
56  6931  3   0  0  6931
57  6462  4   0  0  0  6462
58  10404  3   0  0  10404
59  8472  3   0  0  8472
60  6916  2   0  6916
61  6637  3   0  1  6636
62  10394  2   0  10394
63  7018  2   0  7018
64  10406  3   0  1  10405
65  10386  3   0  0  10386
66  6588  2   116  6472
67  9940  3   0  0  9940
68  8683  3   0  30  8653
69  8806  4   0  0  0  8806
70  6394  2   0  6394
71  7854  2   0  7854
72  9535  4   0  0  0  9535
73  10402  2   0  10402
74  10018  4   0  0  0  10018
75  10406  2   0  10406
76  10344  3   0  0  10344
77  10404  3   1  0  10403
78  10028  2   0  10028
79  7196  2   24  7172
80  10400  2   9  10391
81  8394  2   4  8390
82  10042  2   0  10042
83  10406  3   0  0  10406
84  8465  3   0  0  8465
85  10401  3   0  3  10398
86  10272  2   0  10272
87  10404  3   1  0  10403
88  10404  2   0  10404
89  8791  4   2  0  0  8789
90  8898  2   0  8898
91  10406  2   4  10402
92  9954  2   0  9954
93  10404  3   1  2  10401
94  10222  2   0  10222
95  6366  2   4  6362
96  7850  3   0  0  7850
97  10404  2   0  10404
98  10406  2   13  10393
99  10406  2   0  10406
100  9162  2   0  9162
101  10404  3   3  0  10401
102  10406  3   0  3  10403
103  9978  2   0  9978
104  10402  3   0  0  10402
105  10402  4   2  0  0  10400
106  9300  2   0  9300
107  8409  3   0  0  8409
108  10406  2   0  10406
109  10402  2   0  10402
110  9324  2   0  9324
111  10406  2   6435  3971
112  10344  2   0  10344
113  10406  2   0  10406
114  10264  2   3  10261
115  10402  3   0  0  10402
116  8409  2   0  8409
117  10343  3   0  1  10342
118  10272  2   0  10272
119  4027  3   0  2  4025
120  9986  2   0  9986
121  10404  3   0  0  10404
122  9434  2   0  9434
123  10406  2   0  10406
124  10404  2   0  10404
125  9472  3   1  0  9471
126  9984  3   0  0  9984
127  10404  2   0  10404
128  10344  3   0  0  10344
129  10406  2   0  10406
130  10406  3   0  0  10406
131  10406  3   4  0  10402
132  7608  2   0  7608
133  10406  3   0  0  10406
134  10364  2   0  10364
135  9502  3   0  1  9501
136  9506  2   0  9506
137  10406  5   1  7  1  0  10397
138  8394  2   2  8392
139  10332  2   2  10330
140  10406  2   1  10405
141  10406  3   17  0  10389
142  7300  2   0  7300
143  10406  2   0  10406
144  10402  2   0  10402
145  10270  2   0  10270
146  9906  2   15  9891
147  10406  2   2  10404
148  10400  2   0  10400
149  8376  3   0  0  8376
150  10374  2   0  10374
151  10406  2   4  10402
152  10373  4   0  0  1  10372
153  9826  3   0  1  9825
154  10392  2   0  10392
155  10374  3   0  0  10374
156  10404  4   0  0  0  10404
157  10392  4   0  0  0  10392
158  9312  4   0  0  0  9312
159  10236  3   0  0  10236
160  9704  3   0  0  9704
161  10381  3   9389  0  992
162  8346  2   0  8346

[pop]=2
1  11367  3   0  0  11367
2  11535  3   0  0  11535
3  3968  2   0  3968
4  11570  4   0  0  1  11569
5  11578  2   11577  1
6  11572  2   0  11572
7  11532  3   0  5  11527
8  11576  2   0  11576
9  11518  2   0  11518
10  11528  3   0  0  11528
11  11570  2   0  11570
12  11574  4   0  0  1  11573
13  11526  2   0  11526
14  11534  2   0  11534
15  11530  2   0  11530
16  5498  3   0  0  5498
17  11575  3   0  0  11575
18  11576  2   0  11576
19  11500  2   0  11500
20  11576  3   1  1  11574
21  11530  3   0  0  11530
22  11561  3   0  1  11560
23  11570  3   0  0  11570
24  11510  2   0  11510
25  11570  2   1  11569
26  11508  2   0  11508
27  11510  3   0  0  11510
28  11505  3   0  0  11505
29  3292  2   0  3292
30  11508  3   0  0  11508
31  3430  2   0  3430
32  11570  3   0  0  11570
33  6882  2   0  6882
34  11572  2   0  11572
35  11578  2   0  11578
36  5786  2   1  5785
37  11572  3   0  1  11571
38  11572  3   0  0  11572
39  11546  3   10  0  11536
40  7326  4   0  2  54  7270
41  5136  3   0  14  5122
42  11556  2   0  11556
43  6016  2   0  6016
44  5544  2   1  5543
45  11546  3   0  0  11546
46  7410  2   2016  5394
47  5826  2   3  5823
48  11542  2   0  11542
49  11578  2   0  11578
50  7860  3   0  0  7860
51  6656  3   0  4  6652
52  11568  4   0  0  1  11567
53  11544  2   0  11544
54  11527  3   0  0  11527
55  11412  2   0  11412
56  6610  3   0  0  6610
57  6810  4   0  0  0  6810
58  11542  3   0  0  11542
59  8148  3   0  0  8148
60  6570  2   0  6570
61  7199  3   0  23  7176
62  11566  2   0  11566
63  7920  2   0  7920
64  11578  3   0  0  11578
65  11564  3   0  0  11564
66  6120  2   248  5872
67  11144  3   0  6  11138
68  8650  3   0  55  8595
69  8954  4   0  0  0  8954
70  5664  2   3  5661
71  9248  2   0  9248
72  10678  4   0  0  1  10677
73  11568  2   0  11568
74  11569  4   0  0  0  11569
75  11578  2   2  11576
76  11568  3   0  0  11568
77  11575  3   0  0  11575
78  11568  2   0  11568
79  5226  2   0  5226
80  11576  2   0  11576
81  9305  2   0  9305
82  11568  2   0  11568
83  11578  3   0  2  11576
84  10120  3   0  0  10120
85  11576  3   2  0  11574
86  11510  2   0  11510
87  11575  3   0  3  11572
88  11578  2   0  11578
89  10487  4   0  0  0  10487
90  10676  2   0  10676
91  11578  2   0  11578
92  11500  2   0  11500
93  11576  3   0  0  11576
94  11570  2   0  11570
95  4836  2   0  4836
96  6992  3   0  0  6992
97  11576  2   0  11576
98  11578  2   0  11578
99  11578  2   0  11578
100  10934  2   0  10934
101  11576  3   18  0  11558
102  11576  3   0  0  11576
103  11508  2   0  11508
104  11570  3   0  0  11570
105  11570  4   0  0  0  11570
106  11096  2   0  11096
107  9299  3   0  1  9298
108  11578  2   0  11578
109  11570  2   0  11570
110  11118  2   1  11117
111  11574  2   2465  9109
112  11572  2   0  11572
113  11576  2   0  11576
114  11570  2   0  11570
115  11568  3   0  0  11568
116  9299  2   0  9299
117  11572  3   1  0  11571
118  11570  2   6  11564
119  1550  3   0  0  1550
120  11516  2   0  11516
121  11570  3   0  0  11570
122  11230  2   0  11230
123  11578  2   1  11577
124  11568  2   10  11558
125  11267  3   0  0  11267
126  11519  3   0  0  11519
127  11568  2   0  11568
128  11570  3   0  0  11570
129  11576  2   1  11575
130  11575  3   0  0  11575
131  11578  3   0  6  11572
132  6428  2   0  6428
133  11578  3   0  0  11578
134  11560  2   3  11557
135  11285  3   0  0  11285
136  11294  2   0  11294
137  11576  5   0  2  0  0  11574
138  9300  2   0  9300
139  11568  2   0  11568
140  11576  2   1  11575
141  11576  3   8  0  11568
142  5868  2   0  5868
143  11576  2   6  11570
144  11576  2   0  11576
145  11572  2   0  11572
146  11528  2   0  11528
147  11578  2   0  11578
148  11576  2   0  11576
149  9304  3   0  0  9304
150  11564  2   0  11564
151  11578  2   0  11578
152  11563  4   0  0  0  11563
153  11530  3   2  0  11528
154  11572  2   0  11572
155  11562  3   0  0  11562
156  11559  4   1  0  0  11558
157  11571  4   0  0  1  11570
158  11077  4   0  0  0  11077
159  11566  3   0  1  11565
160  11521  3   0  0  11521
161  11552  3   8168  0  3384
162  9302  2   0  9302

[pop]=3
1  8647  3   0  0  8647
2  8640  3   1  0  8639
3  4342  2   0  4342
4  8647  4   0  0  0  8647
5  8654  2   8654  0
6  8646  2   2  8644
7  8602  3   0  0  8602
8  8654  2   0  8654
9  8622  2   0  8622
10  8602  3   2  0  8600
11  8646  2   2  8644
12  8654  4   0  0  0  8654
13  8602  2   15  8587
14  8638  2   0  8638
15  8626  2   0  8626
16  5396  3   0  0  5396
17  8654  3   0  0  8654
18  8654  2   0  8654
19  8654  2   0  8654
20  8654  3   0  0  8654
21  8637  3   0  0  8637
22  8646  3   0  0  8646
23  8648  3   0  0  8648
24  8596  2   0  8596
25  8648  2   0  8648
26  8596  2   8  8588
27  8636  3   0  0  8636
28  8590  3   0  0  8590
29  2930  2   1  2929
30  8634  3   0  0  8634
31  3066  2   0  3066
32  8648  3   0  0  8648
33  6290  2   1  6289
34  8650  2   1  8649
35  8654  2   0  8654
36  5458  2   3  5455
37  8650  3   0  0  8650
38  8647  3   0  1  8646
39  8630  3   0  0  8630
40  6603  4   0  237  0  6366
41  4342  3   0  0  4342
42  8644  2   3  8641
43  5622  2   0  5622
44  4570  2   0  4570
45  8632  3   0  0  8632
46  7196  2   3636  3560
47  4816  2   0  4816
48  8630  2   0  8630
49  8654  2   0  8654
50  6878  3   0  0  6878
51  6146  3   0  0  6146
52  8636  4   0  0  0  8636
53  8630  2   0  8630
54  8654  3   0  0  8654
55  8604  2   0  8604
56  6117  3   0  0  6117
57  5411  4   1  0  0  5410
58  8629  3   0  0  8629
59  7044  3   0  12  7032
60  6080  2   3  6077
61  5733  3   4  0  5729
62  8630  2   0  8630
63  6234  2   0  6234
64  8654  3   0  0  8654
65  8610  3   0  0  8610
66  5600  2   1  5599
67  8523  3   0  0  8523
68  7274  3   0  0  7274
69  7405  4   0  0  0  7405
70  5410  2   0  5410
71  7200  2   2  7198
72  8266  4   0  0  0  8266
73  8654  2   0  8654
74  8639  4   0  0  0  8639
75  8654  2   0  8654
76  8650  3   0  0  8650
77  8648  3   0  0  8648
78  8646  2   0  8646
79  5646  2   0  5646
80  8654  2   0  8654
81  6625  2   0  6625
82  8646  2   0  8646
83  8654  3   0  0  8654
84  7891  3   0  0  7891
85  8654  3   0  0  8654
86  8642  2   0  8642
87  8651  3   0  0  8651
88  8650  2   0  8650
89  8199  4   0  0  0  8199
90  8336  2   0  8336
91  8652  2   1  8651
92  8532  2   0  8532
93  8654  3   0  0  8654
94  8650  2   0  8650
95  4350  2   0  4350
96  6530  3   0  1  6529
97  8654  2   0  8654
98  8652  2   0  8652
99  8654  2   0  8654
100  8482  2   2  8480
101  8654  3   0  0  8654
102  8650  3   0  0  8650
103  8542  2   0  8542
104  8654  3   0  0  8654
105  8654  4   0  0  0  8654
106  8546  2   0  8546
107  6626  3   1  0  6625
108  8652  2   0  8652
109  8654  2   2  8652
110  8554  2   0  8554
111  8644  2   1661  6983
112  8652  2   2  8650
113  8654  2   0  8654
114  8650  2   0  8650
115  8654  3   0  0  8654
116  6626  2   14  6612
117  8652  3   0  0  8652
118  8650  2   0  8650
119  1954  3   1  0  1953
120  8556  2   0  8556
121  8654  3   0  1  8653
122  8578  2   0  8578
123  8654  2   0  8654
124  8654  2   0  8654
125  8585  3   0  0  8585
126  8565  3   0  0  8565
127  8654  2   0  8654
128  8652  3   0  0  8652
129  8650  2   0  8650
130  8648  3   0  3  8645
131  8654  3   0  0  8654
132  6330  2   0  6330
133  8654  3   0  0  8654
134  8648  2   0  8648
135  8582  3   0  0  8582
136  8576  2   0  8576
137  8654  5   0  1  1  0  8652
138  6626  2   0  6626
139  8654  2   0  8654
140  8654  2   0  8654
141  8647  3   0  0  8647
142  6078  2   0  6078
143  8654  2   0  8654
144  8654  2   0  8654
145  8646  2   0  8646
146  8574  2   0  8574
147  8654  2   0  8654
148  8654  2   0  8654
149  6624  3   0  0  6624
150  8648  2   0  8648
151  8652  2   0  8652
152  8648  4   0  0  0  8648
153  8576  3   0  0  8576
154  8652  2   0  8652
155  8648  3   0  0  8648
156  8654  4   0  0  0  8654
157  8652  4   0  0  0  8652
158  8498  4   0  0  0  8498
159  8654  3   0  0  8654
160  8566  3   1  0  8565
161  8647  3   8348  0  299
162  6630  2   2  6628

[pop]=4
1  6513  3   0  0  6513
2  6491  3   0  0  6491
3  1600  2   0  1600
4  6612  4   0  0  0  6612
5  6614  2   6614  0
6  6614  2   0  6614
7  6602  3   0  0  6602
8  6614  2   0  6614
9  6602  2   0  6602
10  6601  3   0  0  6601
11  6612  2   0  6612
12  6612  4   0  0  0  6612
13  6602  2   0  6602
14  6464  2   0  6464
15  6608  2   0  6608
16  2423  3   0  0  2423
17  6614  3   0  0  6614
18  6614  2   0  6614
19  6580  2   0  6580
20  6614  3   0  0  6614
21  6430  3   0  0  6430
22  6612  3   0  0  6612
23  6614  3   0  0  6614
24  6588  2   0  6588
25  6614  2   0  6614
26  6586  2   0  6586
27  6370  3   0  0  6370
28  6582  3   0  0  6582
29  1380  2   0  1380
30  6350  3   0  0  6350
31  1452  2   0  1452
32  6614  3   0  0  6614
33  3278  2   0  3278
34  6608  2   0  6608
35  6614  2   0  6614
36  2590  2   0  2590
37  6608  3   0  0  6608
38  6614  3   0  0  6614
39  6614  3   0  0  6614
40  3591  4   0  1  0  3590
41  2206  3   0  0  2206
42  6614  2   0  6614
43  2716  2   0  2716
44  2374  2   0  2374
45  6612  3   0  0  6612
46  4390  2   2113  2277
47  2532  2   6  2526
48  6612  2   0  6612
49  6614  2   0  6614
50  3936  3   0  0  3936
51  3873  3   0  0  3873
52  6613  4   0  0  0  6613
53  6612  2   0  6612
54  6597  3   0  0  6597
55  6060  2   0  6060
56  3876  3   0  0  3876
57  2907  4   0  0  0  2907
58  6612  3   0  0  6612
59  4130  3   0  0  4130
60  3860  2   0  3860
61  3078  3   0  0  3078
62  6612  2   23  6589
63  3452  2   0  3452
64  6614  3   0  0  6614
65  6612  3   0  0  6612
66  3686  2   1052  2634
67  5735  3   0  0  5735
68  4442  3   0  74  4368
69  4601  4   0  0  0  4601
70  2788  2   0  2788
71  4452  2   0  4452
72  5381  4   0  0  0  5381
73  6614  2   0  6614
74  6614  4   0  0  0  6614
75  6614  2   0  6614
76  6609  3   0  0  6609
77  6614  3   0  1  6613
78  6614  2   0  6614
79  3016  2   0  3016
80  6614  2   0  6614
81  4528  2   0  4528
82  6614  2   0  6614
83  6614  3   0  0  6614
84  5184  3   1  1  5182
85  6614  3   0  0  6614
86  6610  2   0  6610
87  6614  3   0  0  6614
88  6614  2   0  6614
89  5586  4   0  0  0  5586
90  5738  2   0  5738
91  6614  2   0  6614
92  6584  2   0  6584
93  6614  3   0  1  6613
94  6614  2   4  6610
95  3124  2   0  3124
96  3812  3   0  0  3812
97  6614  2   0  6614
98  6614  2   0  6614
99  6614  2   0  6614
100  6056  2   0  6056
101  6614  3   0  0  6614
102  6614  3   0  0  6614
103  6600  2   0  6600
104  6614  3   0  0  6614
105  6614  4   0  0  0  6614
106  6210  2   0  6210
107  4530  3   0  0  4530
108  6614  2   0  6614
109  6614  2   0  6614
110  6228  2   0  6228
111  6612  2   1994  4618
112  6612  2   0  6612
113  6614  2   0  6614
114  6614  2   0  6614
115  6614  3   0  0  6614
116  4530  2   0  4530
117  6612  3   0  0  6612
118  6614  2   0  6614
119  1323  3   0  0  1323
120  6606  2   0  6606
121  6614  3   0  0  6614
122  6336  2   0  6336
123  6614  2   0  6614
124  6614  2   0  6614
125  6364  3   7  0  6357
126  6606  3   0  0  6606
127  6614  2   0  6614
128  6612  3   0  0  6612
129  6614  2   0  6614
130  6614  3   0  0  6614
131  6614  3   0  0  6614
132  3610  2   0  3610
133  6614  3   0  0  6614
134  6614  2   0  6614
135  6392  3   0  0  6392
136  6384  2   0  6384
137  6614  5   0  0  0  0  6614
138  4528  2   0  4528
139  6612  2   0  6612
140  6614  2   0  6614
141  6614  3   0  0  6614
142  3428  2   0  3428
143  6614  2   0  6614
144  6614  2   1  6613
145  6614  2   0  6614
146  6608  2   0  6608
147  6614  2   0  6614
148  6614  2   0  6614
149  4528  3   0  0  4528
150  6574  2   0  6574
151  6614  2   0  6614
152  6572  4   0  0  0  6572
153  6606  3   0  0  6606
154  6614  2   0  6614
155  6569  3   0  0  6569
156  6614  4   0  0  0  6614
157  6614  4   0  0  0  6614
158  6153  4   0  0  0  6153
159  6610  3   0  0  6610
160  6606  3   0  0  6606
161  6590  3   5592  0  998
162  4529  2   0  4529

[pop]=5
1  66220  3   2  1  66217
2  66318  3   0  4  66314
3  31396  2   0  31396
4  66664  4   1  0  11  66652
5  66728  2   66727  1
6  66562  2   0  66562
7  66054  3   1  34  66019
8  66726  2   0  66726
9  66586  2   6  66580
10  66042  3   0  0  66042
11  66658  2   0  66658
12  66733  4   4  0  0  66729
13  66052  2   0  66052
14  66298  2   8  66290
15  66644  2   1  66643
16  39690  3   0  0  39690
17  66734  3   1  6  66727
18  66722  2   2  66720
19  66572  2   0  66572
20  66732  3   0  11  66721
21  66278  3   1  1  66276
22  66638  3   1  0  66637
23  66532  3   0  2  66530
24  65960  2   0  65960
25  66532  2   11  66521
26  65946  2   0  65946
27  66238  3   1  1  66236
28  65916  3   0  0  65916
29  23446  2   9  23437
30  66230  3   1  0  66229
31  24342  2   2  24340
32  66455  3   0  0  66455
33  47746  2   4  47742
34  66722  2   2  66720
35  66740  2   2  66738
36  35684  2   0  35684
37  66722  3   6  0  66716
38  66701  3   1  0  66700
39  66654  3   0  1  66653
40  49881  4   1  7  24  49849
41  34310  3   0  5  34305
42  66620  2   0  66620
43  36930  2   1  36929
44  36158  2   2  36156
45  66645  3   2  0  66643
46  48538  2   19241  29297
47  37640  2   0  37640
48  66642  2   0  66642
49  66738  2   2  66736
50  52056  3   0  0  52056
51  43230  3   1  64  43165
52  66681  4   0  0  1  66680
53  66640  2   5  66635
54  66642  3   1  1  66640
55  65684  2   3  65681
56  43141  3   1  1  43139
57  41588  4   14  3  2  41569
58  66633  3   1  1  66631
59  52984  3   1  0  52983
60  42986  2   0  42986
61  43440  3   0  1  43439
62  66648  2   14  66634
63  46930  2   3  46927
64  66740  3   0  0  66740
65  66618  3   5  2  66611
66  40766  2   5122  35644
67  64579  3   1  1  64577
68  54816  3   1  1282  53533
69  55849  4   1  0  0  55848
70  36412  2   6  36406
71  53732  2   2  53730
72  62553  4   0  1  0  62552
73  66718  2   3  66715
74  65992  4   1  1  1  65989
75  66740  2   0  66740
76  66709  3   1  1  66707
77  66528  3   0  0  66528
78  66026  2   2  66024
79  36296  2   0  36296
80  66644  2   0  66644
81  47944  2   0  47944
82  66054  2   0  66054
83  66739  3   1  0  66738
84  58316  3   0  0  58316
85  66658  3   3  0  66655
86  66458  2   2  66456
87  66602  3   0  0  66602
88  66624  2   2  66622
89  60572  4   2  1  2  60567
90  61548  2   2  61546
91  66648  2   6  66642
92  64526  2   2  64524
93  66698  3   0  22  66676
94  66230  2   1  66229
95  40154  2   0  40154
96  42631  3   2  0  42629
97  66700  2   4  66696
98  66654  2   2  66652
99  66740  2   3  66737
100  63332  2   0  63332
101  66715  3   64  0  66651
102  66663  3   1  0  66662
103  64636  2   0  64636
104  66732  3   4  1  66727
105  66732  4   1  3  1  66727
106  64092  2   2  64090
107  47925  3   0  1  47924
108  66668  2   0  66668
109  66732  2   0  66732
110  64226  2   5  64221
111  66730  2   24579  42151
112  66726  2   0  66726
113  66734  2   7  66727
114  66274  2   0  66274
115  66730  3   0  3  66727
116  47923  2   0  47923
117  66725  3   1  1  66723
118  66282  2   0  66282
119  19737  3   0  0  19737
120  64712  2   2  64710
121  66732  3   0  0  66732
122  64848  2   3  64845
123  66740  2   6  66734
124  66730  2   0  66730
125  64976  3   38  0  64938
126  64706  3   1  1  64704
127  66728  2   3  66725
128  66724  3   1  2  66721
129  66684  2   2  66682
130  66683  3   2  0  66681
131  66740  3   0  0  66740
132  41158  2   2  41156
133  66740  3   1  0  66739
134  66636  2   0  66636
135  65052  3   3  6  65043
136  65042  2   18  65024
137  66732  5   0  0  0  0  66732
138  47921  2   0  47921
139  66722  2   0  66722
140  66686  2   1  66685
141  66685  3   1  0  66684
142  38842  2   2  38840
143  66730  2   0  66730
144  66726  2   6  66720
145  66238  2   0  66238
146  64608  2   0  64608
147  66740  2   0  66740
148  66722  2   1  66721
149  47900  3   1  0  47899
150  66546  2   1  66545
151  66662  2   0  66662
152  66543  4   0  1  0  66542
153  64516  3   0  0  64516
154  66704  2   0  66704
155  66543  3   1  0  66542
156  66717  4   0  1  3  66713
157  66698  4   1  2  0  66695
158  63522  4   1  0  1  63520
159  66692  3   2  0  66690
160  64332  3   0  1  64331
161  66576  3   53852  1  12723
162  47905  2   0  47905

[pop]=6
1  902  3   0  0  902
2  898  3   0  0  898
3  384  2   0  384
4  906  4   0  0  0  906
5  906  2   902  4
6  906  2   0  906
7  898  3   0  0  898
8  906  2   0  906
9  902  2   0  902
10  899  3   0  0  899
11  906  2   0  906
12  908  4   0  0  0  908
13  900  2   0  900
14  892  2   0  892
15  902  2   0  902
16  510  3   0  0  510
17  908  3   0  0  908
18  906  2   0  906
19  904  2   0  904
20  908  3   0  0  908
21  890  3   0  0  890
22  905  3   0  0  905
23  906  3   0  0  906
24  898  2   0  898
25  906  2   1  905
26  898  2   0  898
27  890  3   0  0  890
28  898  3   0  0  898
29  348  2   0  348
30  890  3   0  0  890
31  350  2   0  350
32  906  3   0  0  906
33  618  2   0  618
34  908  2   0  908
35  908  2   0  908
36  516  2   0  516
37  908  3   0  0  908
38  906  3   0  0  906
39  908  3   1  0  907
40  644  4   0  1  5  638
41  438  3   0  0  438
42  904  2   0  904
43  538  2   0  538
44  476  2   0  476
45  908  3   0  0  908
46  650  2   217  433
47  494  2   0  494
48  908  2   0  908
49  908  2   0  908
50  662  3   0  0  662
51  606  3   0  3  603
52  905  4   0  0  0  905
53  908  2   0  908
54  904  3   0  0  904
55  876  2   0  876
56  606  3   0  0  606
57  533  4   0  0  0  533
58  908  3   0  0  908
59  692  3   0  0  692
60  606  2   0  606
61  548  3   0  0  548
62  906  2   0  906
63  598  2   0  598
64  908  3   0  0  908
65  906  3   0  0  906
66  570  2   51  519
67  861  3   0  0  861
68  714  3   0  15  699
69  727  4   0  0  0  727
70  516  2   0  516
71  690  2   0  690
72  823  4   0  0  0  823
73  904  2   0  904
74  903  4   0  0  0  903
75  908  2   0  908
76  908  3   0  0  908
77  903  3   0  0  903
78  904  2   0  904
79  510  2   0  510
80  908  2   0  908
81  631  2   0  631
82  904  2   0  904
83  908  3   0  0  908
84  744  3   0  0  744
85  908  3   0  0  908
86  904  2   0  904
87  908  3   0  0  908
88  908  2   0  908
89  776  4   0  0  0  776
90  790  2   0  790
91  908  2   0  908
92  884  2   0  884
93  908  3   0  0  908
94  906  2   0  906
95  532  2   0  532
96  591  3   0  0  591
97  908  2   0  908
98  908  2   0  908
99  908  2   0  908
100  822  2   0  822
101  908  3   1  0  907
102  907  3   0  0  907
103  884  2   0  884
104  904  3   0  0  904
105  903  4   0  0  0  903
106  838  2   0  838
107  631  3   0  0  631
108  908  2   0  908
109  904  2   0  904
110  842  2   0  842
111  908  2   300  608
112  908  2   0  908
113  908  2   0  908
114  906  2   0  906
115  904  3   0  0  904
116  631  2   0  631
117  908  3   0  0  908
118  906  2   0  906
119  325  3   0  0  325
120  882  2   0  882
121  904  3   0  0  904
122  854  2   0  854
123  908  2   0  908
124  904  2   0  904
125  857  3   2  0  855
126  886  3   0  0  886
127  904  2   0  904
128  908  3   0  0  908
129  908  2   0  908
130  908  3   0  0  908
131  908  3   0  0  908
132  582  2   0  582
133  908  3   0  0  908
134  908  2   0  908
135  860  3   0  0  860
136  862  2   0  862
137  908  5   0  0  1  0  907
138  631  2   0  631
139  908  2   0  908
140  908  2   0  908
141  908  3   0  0  908
142  568  2   0  568
143  908  2   0  908
144  908  2   0  908
145  906  2   0  906
146  890  2   0  890
147  908  2   0  908
148  908  2   0  908
149  631  3   0  0  631
150  908  2   0  908
151  908  2   0  908
152  908  4   0  0  0  908
153  890  3   0  0  890
154  908  2   0  908
155  903  3   0  0  903
156  906  4   0  0  1  905
157  908  4   0  0  0  908
158  827  4   0  0  0  827
159  908  3   0  0  908
160  890  3   0  0  890
161  904  3   725  0  179
162  631  2   0  631

[pop]=7
1  16344  3   0  0  16344
2  16510  3   0  1  16509
3  10254  2   2  10252
4  16512  4   0  4  0  16508
5  16512  2   16195  317
6  16508  2   1  16507
7  16502  3   0  0  16502
8  16512  2   0  16512
9  16424  2   0  16424
10  16504  3   0  1  16503
11  16512  2   0  16512
12  16510  4   0  1  0  16509
13  16504  2   0  16504
14  16506  2   0  16506
15  16472  2   1  16471
16  12087  3   1  0  12086
17  16510  3   0  0  16510
18  16512  2   0  16512
19  16460  2   0  16460
20  16510  3   0  9  16501
21  16502  3   0  0  16502
22  16509  3   0  1  16508
23  16508  3   0  0  16508
24  16488  2   20  16468
25  16508  2   8  16500
26  16488  2   0  16488
27  16498  3   0  0  16498
28  16470  3   1  0  16469
29  8878  2   0  8878
30  16494  3   0  1  16493
31  9070  2   0  9070
32  16483  3   1  0  16482
33  13414  2   0  13414
34  16510  2   0  16510
35  16512  2   0  16512
36  11190  2   0  11190
37  16510  3   2  0  16508
38  16512  3   0  0  16512
39  16482  3   0  0  16482
40  13750  4   0  11  13  13726
41  10952  3   0  0  10952
42  16464  2   0  16464
43  11300  2   5  11295
44  11196  2   2  11194
45  16463  3   0  1  16462
46  12456  2   3192  9264
47  11462  2   0  11462
48  16448  2   4  16444
49  16512  2   0  16512
50  14114  3   0  0  14114
51  11690  3   0  0  11690
52  16508  4   1  1  0  16506
53  16440  2   0  16440
54  16500  3   0  0  16500
55  16346  2   0  16346
56  11673  3   0  0  11673
57  12049  4   0  0  2  12047
58  16425  3   0  0  16425
59  14328  3   1  0  14327
60  11658  2   0  11658
61  12300  3   0  0  12300
62  16502  2   0  16502
63  12790  2   0  12790
64  16512  3   1  0  16511
65  16498  3   0  0  16498
66  11348  2   310  11038
67  16066  3   0  0  16066
68  14642  3   0  81  14561
69  14839  4   0  2  1  14836
70  11102  2   5  11097
71  13738  2   1  13737
72  15505  4   1  1  0  15503
73  16500  2   0  16500
74  16470  4   0  0  0  16470
75  16512  2   0  16512
76  16512  3   0  0  16512
77  15884  3   0  0  15884
78  16476  2   0  16476
79  11616  2   0  11616
80  16496  2   0  16496
81  10116  2   0  10116
82  16478  2   3  16475
83  16512  3   0  0  16512
84  14607  3   0  0  14607
85  16502  3   0  0  16502
86  16460  2   0  16460
87  16189  3   0  0  16189
88  16252  2   0  16252
89  15035  4   0  0  0  15035
90  15262  2   0  15262
91  16348  2   0  16348
92  16456  2   0  16456
93  16512  3   0  1  16511
94  16510  2   0  16510
95  11632  2   0  11632
96  12243  3   0  0  12243
97  16512  2   1  16511
98  16406  2   1  16405
99  16512  2   0  16512
100  15648  2   0  15648
101  16512  3   11  4  16497
102  16431  3   1  0  16430
103  16486  2   8  16478
104  16508  3   0  0  16508
105  16508  4   0  0  0  16508
106  15876  2   2  15874
107  10108  3   0  0  10108
108  16452  2   2  16450
109  16508  2   0  16508
110  15900  2   0  15900
111  16512  2   4122  12390
112  16512  2   0  16512
113  16512  2   0  16512
114  16510  2   0  16510
115  16508  3   1  0  16507
116  10102  2   0  10102
117  16512  3   0  0  16512
118  16510  2   0  16510
119  9159  3   0  0  9159
120  16498  2   0  16498
121  16508  3   1  0  16507
122  16058  2   0  16058
123  16512  2   0  16512
124  16508  2   0  16508
125  16083  3   21  1  16061
126  16498  3   0  0  16498
127  16508  2   0  16508
128  16512  3   0  0  16512
129  16476  2   0  16476
130  16477  3   1  1  16475
131  16512  3   0  0  16512
132  12078  2   0  12078
133  16512  3   0  1  16511
134  16494  2   0  16494
135  16091  3   0  0  16091
136  16088  2   0  16088
137  16512  5   0  1  3  1  16507
138  10102  2   0  10102
139  16512  2   0  16512
140  16476  2   0  16476
141  16475  3   0  1  16474
142  11834  2   2  11832
143  16510  2   2  16508
144  16510  2   0  16510
145  16510  2   12  16498
146  16494  2   0  16494
147  16512  2   0  16512
148  16510  2   2  16508
149  10098  3   0  1  10097
150  16508  2   4  16504
151  16436  2   0  16436
152  16508  4   1  1  0  16506
153  16488  3   0  0  16488
154  16510  2   2  16508
155  16508  3   0  1  16507
156  16504  4   0  0  6  16498
157  16509  4   0  0  0  16509
158  15309  4   0  1  0  15308
159  16472  3   0  0  16472
160  16469  3   0  0  16469
161  16483  3   12864  0  3619
162  10093  2   0  10093

