[loci]=160

[populations]=7

[pop]=1
1  10338  2   0  10338
2  7718  2   82  7636
3  10320  3   0  0  10320
4  10354  2   0  10354
5  10364  3   1  1  10362
6  9726  2   0  9726
7  10350  2   0  10350
8  5278  2   0  5278
9  10221  3   0  1  10220
10  10356  2   0  10356
11  10366  3   0  0  10366
12  10321  3   0  0  10321
13  5784  2   0  5784
14  10382  4   0  0  0  10382
15  7774  2   0  7774
16  10402  2   10402  0
17  10372  2   0  10372
18  10260  3   0  4  10256
19  10384  2   0  10384
20  10262  3   0  0  10262
21  10380  2   0  10380
22  10264  2   3  10261
23  7812  2   0  7812
24  10314  2   0  10314
25  10402  2   0  10402
26  6857  3   0  1  6856
27  7830  2   0  7830
28  10303  3   0  0  10303
29  10381  3   0  0  10381
30  10366  3   1  0  10365
31  10234  2   0  10234
32  9792  3   1  1  9790
33  7836  2   0  7836
34  10362  2   44  10318
35  10230  2   0  10230
36  10282  3   0  0  10282
37  10213  3   0  1  10212
38  4324  2   0  4324
39  7836  2   0  7836
40  10274  3   0  0  10274
41  4396  2   0  4396
42  10350  3   0  1  10349
43  7678  2   0  7678
44  9796  2   0  9796
45  10406  2   0  10406
46  6384  2   1  6383
47  10406  3   1  0  10405
48  8007  4   0  3  1037  6967
49  9796  2   7  9789
50  5650  3   1  292  5357
51  7836  2   0  7836
52  10384  2   0  10384
53  6536  2   0  6536
54  5896  2   1  5895
55  10406  3   0  0  10406
56  7670  2   2683  4987
57  6066  2   0  6066
58  10404  2   0  10404
59  10406  2   0  10406
60  8378  3   1  1  8376
61  6952  3   0  2  6950
62  10404  2   1  10403
63  10160  2   0  10160
64  6931  3   0  0  6931
65  6462  4   0  0  0  6462
66  10404  3   0  0  10404
67  8472  3   0  0  8472
68  9798  2   3  9795
69  6916  2   0  6916
70  6637  3   0  1  6636
71  9796  3   0  0  9796
72  6832  3   1  0  6831
73  7018  2   0  7018
74  7802  2   0  7802
75  9940  3   0  0  9940
76  8683  3   0  30  8653
77  8806  4   0  0  0  8806
78  6394  2   0  6394
79  7854  2   0  7854
80  7548  3   0  0  7548
81  9535  4   0  0  0  9535
82  10402  2   0  10402
83  10404  3   1  0  10403
84  7196  2   24  7172
85  10406  3   0  0  10406
86  8465  3   0  0  8465
87  7498  2   19  7479
88  10272  2   0  10272
89  10404  3   1  0  10403
90  7608  2   0  7608
91  10404  2   0  10404
92  8791  4   2  0  0  8789
93  8898  2   0  8898
94  10406  2   4  10402
95  9954  2   0  9954
96  6366  2   4  6362
97  7850  3   0  0  7850
98  10406  2   13  10393
99  10406  2   0  10406
100  9162  2   0  9162
101  10406  3   0  3  10403
102  9978  2   0  9978
103  10402  3   0  0  10402
104  10402  4   2  0  0  10400
105  9300  2   0  9300
106  10406  2   0  10406
107  10402  2   0  10402
108  9324  2   0  9324
109  10402  3   0  0  10402
110  4027  3   0  2  4025
111  9986  2   0  9986
112  10404  3   0  0  10404
113  9434  2   0  9434
114  10406  2   0  10406
115  7747  3   0  4  7743
116  9984  3   0  0  9984
117  10404  2   0  10404
118  9472  3   1  0  9471
119  10406  2   0  10406
120  10406  3   0  0  10406
121  10406  3   4  0  10402
122  7608  2   0  7608
123  10406  3   0  0  10406
124  10364  2   0  10364
125  9502  3   0  1  9501
126  9506  2   0  9506
127  7754  3   0  0  7754
128  10406  2   1  10405
129  10406  3   17  0  10389
130  7300  2   0  7300
131  3856  2   2  3854
132  9906  2   15  9891
133  7576  2   0  7576
134  10406  2   2  10404
135  10374  2   0  10374
136  10406  2   4  10402
137  10373  4   0  0  1  10372
138  9826  3   0  1  9825
139  10374  3   0  0  10374
140  10404  4   0  0  0  10404
141  7615  3   0  24  7591
142  9312  4   0  0  0  9312
143  7618  2   0  7618
144  9704  3   0  0  9704
145  10381  3   9389  0  992
146  10404  2   1  10403
147  10402  3   0  0  10402
148  10370  3   0  1  10369
149  10404  2   0  10404
150  10360  3   1  0  10359
151  10400  2   48  10352
152  9490  2   0  9490
153  10358  2   0  10358
154  10360  2   0  10360
155  9385  3   0  0  9385
156  10364  5   0  0  0  0  10364
157  5309  3   0  0  5309
158  10396  3   0  0  10396
159  9324  2   0  9324
160  10362  2   0  10362

[pop]=2
1  11558  2   0  11558
2  9882  2   65  9817
3  11464  3   1  0  11463
4  11562  2   0  11562
5  11572  3   0  0  11572
6  11458  2   1  11457
7  11484  2   0  11484
8  3202  2   0  3202
9  11536  3   1  0  11535
10  11490  2   1  11489
11  11572  3   2  0  11570
12  11535  3   0  0  11535
13  3968  2   0  3968
14  11570  4   0  0  1  11569
15  9908  2   10  9898
16  11578  2   11577  1
17  11572  2   0  11572
18  11532  3   0  5  11527
19  11518  2   0  11518
20  11528  3   0  0  11528
21  11570  2   0  11570
22  11526  2   0  11526
23  9930  2   0  9930
24  11534  2   0  11534
25  11530  2   0  11530
26  5498  3   0  0  5498
27  9944  2   0  9944
28  11530  3   0  0  11530
29  11561  3   0  1  11560
30  11570  3   0  0  11570
31  11510  2   0  11510
32  11557  3   0  0  11557
33  9946  2   0  9946
34  11570  2   1  11569
35  11508  2   0  11508
36  11510  3   0  0  11510
37  11505  3   0  0  11505
38  3292  2   0  3292
39  9960  2   0  9960
40  11508  3   0  0  11508
41  3430  2   0  3430
42  11570  3   0  0  11570
43  6882  2   0  6882
44  11570  2   0  11570
45  11578  2   0  11578
46  5786  2   1  5785
47  11546  3   10  0  11536
48  7326  4   0  2  54  7270
49  11570  2   0  11570
50  5136  3   0  14  5122
51  9954  2   2  9952
52  11556  2   0  11556
53  6016  2   0  6016
54  5544  2   1  5543
55  11546  3   0  0  11546
56  7410  2   2016  5394
57  5826  2   3  5823
58  11542  2   0  11542
59  11578  2   0  11578
60  7860  3   0  0  7860
61  6656  3   0  4  6652
62  11544  2   0  11544
63  11412  2   0  11412
64  6610  3   0  0  6610
65  6810  4   0  0  0  6810
66  11542  3   0  0  11542
67  8148  3   0  0  8148
68  11572  2   1  11571
69  6570  2   0  6570
70  7199  3   0  23  7176
71  11574  3   0  0  11574
72  6504  3   0  0  6504
73  7920  2   0  7920
74  9914  2   0  9914
75  11144  3   0  6  11138
76  8650  3   0  55  8595
77  8954  4   0  0  0  8954
78  5664  2   3  5661
79  9248  2   0  9248
80  9716  3   0  0  9716
81  10678  4   0  0  1  10677
82  11568  2   0  11568
83  11575  3   0  0  11575
84  5226  2   0  5226
85  11578  3   0  2  11576
86  10120  3   0  0  10120
87  9714  2   0  9714
88  11510  2   0  11510
89  11575  3   0  3  11572
90  9828  2   0  9828
91  11578  2   0  11578
92  10487  4   0  0  0  10487
93  10676  2   0  10676
94  11578  2   0  11578
95  11500  2   0  11500
96  4836  2   0  4836
97  6992  3   0  0  6992
98  11578  2   0  11578
99  11578  2   0  11578
100  10934  2   0  10934
101  11576  3   0  0  11576
102  11508  2   0  11508
103  11570  3   0  0  11570
104  11570  4   0  0  0  11570
105  11096  2   0  11096
106  11578  2   0  11578
107  11570  2   0  11570
108  11118  2   1  11117
109  11568  3   0  0  11568
110  1550  3   0  0  1550
111  11516  2   0  11516
112  11570  3   0  0  11570
113  11230  2   0  11230
114  11578  2   1  11577
115  9908  3   2  0  9906
116  11519  3   0  0  11519
117  11568  2   0  11568
118  11267  3   0  0  11267
119  11576  2   1  11575
120  11575  3   0  0  11575
121  11578  3   0  6  11572
122  6428  2   0  6428
123  11578  3   0  0  11578
124  11560  2   3  11557
125  11285  3   0  0  11285
126  11294  2   0  11294
127  9910  3   5  0  9905
128  11576  2   1  11575
129  11576  3   8  0  11568
130  5868  2   0  5868
131  1768  2   1  1767
132  11528  2   0  11528
133  9774  2   0  9774
134  11578  2   0  11578
135  11564  2   0  11564
136  11578  2   0  11578
137  11563  4   0  0  0  11563
138  11530  3   2  0  11528
139  11562  3   0  0  11562
140  11559  4   1  0  0  11558
141  9810  3   1  12  9797
142  11077  4   0  0  0  11077
143  9808  2   6  9802
144  11521  3   0  0  11521
145  11552  3   8168  0  3384
146  11574  2   1  11573
147  11558  3   0  1  11557
148  11544  3   0  0  11544
149  11574  2   1  11573
150  11564  3   0  0  11564
151  11570  2   109  11461
152  11510  2   1  11509
153  11562  2   0  11562
154  11528  2   0  11528
155  11508  3   0  0  11508
156  11520  5   0  0  7  0  11513
157  5568  3   0  0  5568
158  11572  3   0  0  11572
159  11506  2   0  11506
160  11520  2   0  11520

[pop]=3
1  8636  2   0  8636
2  4450  2   4  4446
3  8578  3   0  0  8578
4  8636  2   0  8636
5  8644  3   0  0  8644
6  8496  2   0  8496
7  8596  2   0  8596
8  3768  2   0  3768
9  8600  3   0  0  8600
10  8604  2   0  8604
11  8644  3   0  0  8644
12  8640  3   1  0  8639
13  4342  2   0  4342
14  8647  4   0  0  0  8647
15  4468  2   0  4468
16  8654  2   8654  0
17  8646  2   2  8644
18  8602  3   0  0  8602
19  8622  2   0  8622
20  8602  3   2  0  8600
21  8646  2   2  8644
22  8602  2   15  8587
23  4478  2   0  4478
24  8638  2   0  8638
25  8626  2   0  8626
26  5396  3   0  0  5396
27  4486  2   0  4486
28  8637  3   0  0  8637
29  8646  3   0  0  8646
30  8648  3   0  0  8648
31  8596  2   0  8596
32  8625  3   0  0  8625
33  4484  2   3  4481
34  8648  2   0  8648
35  8596  2   8  8588
36  8636  3   0  0  8636
37  8590  3   0  0  8590
38  2930  2   1  2929
39  4484  2   0  4484
40  8634  3   0  0  8634
41  3066  2   0  3066
42  8648  3   0  0  8648
43  6290  2   1  6289
44  8626  2   0  8626
45  8654  2   0  8654
46  5458  2   3  5455
47  8630  3   0  0  8630
48  6603  4   0  237  0  6366
49  8626  2   0  8626
50  4342  3   0  0  4342
51  4478  2   0  4478
52  8644  2   3  8641
53  5622  2   0  5622
54  4570  2   0  4570
55  8632  3   0  0  8632
56  7196  2   3636  3560
57  4816  2   0  4816
58  8630  2   0  8630
59  8654  2   0  8654
60  6878  3   0  0  6878
61  6146  3   0  0  6146
62  8630  2   0  8630
63  8604  2   0  8604
64  6117  3   0  0  6117
65  5411  4   1  0  0  5410
66  8629  3   0  0  8629
67  7044  3   0  12  7032
68  8626  2   0  8626
69  6080  2   3  6077
70  5733  3   4  0  5729
71  8626  3   0  0  8626
72  5961  3   0  0  5961
73  6234  2   0  6234
74  4456  2   0  4456
75  8523  3   0  0  8523
76  7274  3   0  0  7274
77  7405  4   0  0  0  7405
78  5410  2   0  5410
79  7200  2   2  7198
80  4338  3   0  0  4338
81  8266  4   0  0  0  8266
82  8654  2   0  8654
83  8648  3   0  0  8648
84  5646  2   0  5646
85  8654  3   0  0  8654
86  7891  3   0  0  7891
87  4316  2   0  4316
88  8642  2   0  8642
89  8651  3   0  0  8651
90  4370  2   0  4370
91  8650  2   0  8650
92  8199  4   0  0  0  8199
93  8336  2   0  8336
94  8652  2   1  8651
95  8532  2   0  8532
96  4350  2   0  4350
97  6530  3   0  1  6529
98  8652  2   0  8652
99  8654  2   0  8654
100  8482  2   2  8480
101  8650  3   0  0  8650
102  8542  2   0  8542
103  8654  3   0  0  8654
104  8654  4   0  0  0  8654
105  8546  2   0  8546
106  8652  2   0  8652
107  8654  2   2  8652
108  8554  2   0  8554
109  8654  3   0  0  8654
110  1954  3   1  0  1953
111  8556  2   0  8556
112  8654  3   0  1  8653
113  8578  2   0  8578
114  8654  2   0  8654
115  4411  3   0  0  4411
116  8565  3   0  0  8565
117  8654  2   0  8654
118  8585  3   0  0  8585
119  8650  2   0  8650
120  8648  3   0  3  8645
121  8654  3   0  0  8654
122  6330  2   0  6330
123  8654  3   0  0  8654
124  8648  2   0  8648
125  8582  3   0  0  8582
126  8576  2   0  8576
127  4411  3   0  0  4411
128  8654  2   0  8654
129  8647  3   0  0  8647
130  6078  2   0  6078
131  2432  2   0  2432
132  8574  2   0  8574
133  4348  2   0  4348
134  8654  2   0  8654
135  8648  2   0  8648
136  8652  2   0  8652
137  8648  4   0  0  0  8648
138  8576  3   0  0  8576
139  8648  3   0  0  8648
140  8654  4   0  0  0  8654
141  4355  3   0  0  4355
142  8498  4   0  0  0  8498
143  4358  2   8  4350
144  8566  3   1  0  8565
145  8647  3   8348  0  299
146  8648  2   0  8648
147  8654  3   0  0  8654
148  8645  3   0  1  8644
149  8648  2   0  8648
150  8642  3   0  1  8641
151  8650  2   1  8649
152  8562  2   0  8562
153  8642  2   0  8642
154  8642  2   0  8642
155  8560  3   0  3  8557
156  8641  5   0  0  0  0  8641
157  4350  3   0  0  4350
158  8650  3   0  0  8650
159  8560  2   10  8550
160  8644  2   0  8644

[pop]=4
1  6588  2   0  6588
2  5524  2   145  5379
3  6584  3   0  0  6584
4  6594  2   0  6594
5  6614  3   0  0  6614
6  6588  2   0  6588
7  6588  2   0  6588
8  1294  2   0  1294
9  6600  3   0  0  6600
10  6588  2   0  6588
11  6614  3   0  0  6614
12  6491  3   0  0  6491
13  1600  2   0  1600
14  6612  4   0  0  0  6612
15  5592  2   0  5592
16  6614  2   6614  0
17  6614  2   0  6614
18  6602  3   0  0  6602
19  6602  2   0  6602
20  6601  3   0  0  6601
21  6612  2   0  6612
22  6602  2   0  6602
23  5624  2   0  5624
24  6464  2   0  6464
25  6608  2   0  6608
26  2423  3   0  0  2423
27  5650  2   0  5650
28  6430  3   0  0  6430
29  6612  3   0  0  6612
30  6614  3   0  0  6614
31  6588  2   0  6588
32  6612  3   0  0  6612
33  5654  2   0  5654
34  6614  2   0  6614
35  6586  2   0  6586
36  6370  3   0  0  6370
37  6582  3   0  0  6582
38  1380  2   0  1380
39  5658  2   0  5658
40  6350  3   0  0  6350
41  1452  2   0  1452
42  6614  3   0  0  6614
43  3278  2   0  3278
44  6614  2   0  6614
45  6614  2   0  6614
46  2590  2   0  2590
47  6614  3   0  0  6614
48  3591  4   0  1  0  3590
49  6614  2   0  6614
50  2206  3   0  0  2206
51  5646  2   0  5646
52  6614  2   0  6614
53  2716  2   0  2716
54  2374  2   0  2374
55  6612  3   0  0  6612
56  4390  2   2113  2277
57  2532  2   6  2526
58  6612  2   0  6612
59  6614  2   0  6614
60  3936  3   0  0  3936
61  3873  3   0  0  3873
62  6612  2   0  6612
63  6060  2   0  6060
64  3876  3   0  0  3876
65  2907  4   0  0  0  2907
66  6612  3   0  0  6612
67  4130  3   0  0  4130
68  6614  2   0  6614
69  3860  2   0  3860
70  3078  3   0  0  3078
71  6614  3   0  0  6614
72  3787  3   0  0  3787
73  3452  2   0  3452
74  5602  2   0  5602
75  5735  3   0  0  5735
76  4442  3   0  74  4368
77  4601  4   0  0  0  4601
78  2788  2   0  2788
79  4452  2   0  4452
80  5505  3   0  1  5504
81  5381  4   0  0  0  5381
82  6614  2   0  6614
83  6614  3   0  1  6613
84  3016  2   0  3016
85  6614  3   0  0  6614
86  5184  3   1  1  5182
87  5558  2   0  5558
88  6610  2   0  6610
89  6614  3   0  0  6614
90  5610  2   0  5610
91  6614  2   0  6614
92  5586  4   0  0  0  5586
93  5738  2   0  5738
94  6614  2   0  6614
95  6584  2   0  6584
96  3124  2   0  3124
97  3812  3   0  0  3812
98  6614  2   0  6614
99  6614  2   0  6614
100  6056  2   0  6056
101  6614  3   0  0  6614
102  6600  2   0  6600
103  6614  3   0  0  6614
104  6614  4   0  0  0  6614
105  6210  2   0  6210
106  6614  2   0  6614
107  6614  2   0  6614
108  6228  2   0  6228
109  6614  3   0  0  6614
110  1323  3   0  0  1323
111  6606  2   0  6606
112  6614  3   0  0  6614
113  6336  2   0  6336
114  6614  2   0  6614
115  5676  3   0  0  5676
116  6606  3   0  0  6606
117  6614  2   0  6614
118  6364  3   7  0  6357
119  6614  2   0  6614
120  6614  3   0  0  6614
121  6614  3   0  0  6614
122  3610  2   0  3610
123  6614  3   0  0  6614
124  6614  2   0  6614
125  6392  3   0  0  6392
126  6384  2   0  6384
127  5675  3   8  0  5667
128  6614  2   0  6614
129  6614  3   0  0  6614
130  3428  2   0  3428
131  2370  2   0  2370
132  6608  2   0  6608
133  5320  2   0  5320
134  6614  2   0  6614
135  6574  2   0  6574
136  6614  2   0  6614
137  6572  4   0  0  0  6572
138  6606  3   0  0  6606
139  6569  3   0  0  6569
140  6614  4   0  0  0  6614
141  5297  3   0  4  5293
142  6153  4   0  0  0  6153
143  5304  2   0  5304
144  6606  3   0  0  6606
145  6590  3   5592  0  998
146  6614  2   0  6614
147  6612  3   0  0  6612
148  6567  3   0  0  6567
149  6614  2   0  6614
150  6614  3   0  0  6614
151  6614  2   55  6559
152  6604  2   0  6604
153  6614  2   3  6611
154  6550  2   18  6532
155  6603  3   0  0  6603
156  6542  5   0  0  0  0  6542
157  2966  3   0  0  2966
158  6614  3   0  0  6614
159  6602  2   0  6602
160  6542  2   0  6542

[pop]=5
1  66544  2   2  66542
2  54654  2   2450  52204
3  66300  3   0  2  66298
4  66580  2   5  66575
5  66563  3   2  0  66561
6  66124  2   1  66123
7  66450  2   2  66448
8  27338  2   2  27336
9  66021  3   0  0  66021
10  66474  2   1  66473
11  66564  3   0  1  66563
12  66318  3   0  4  66314
13  31396  2   0  31396
14  66664  4   1  0  11  66652
15  54960  2   0  54960
16  66728  2   66727  1
17  66562  2   0  66562
18  66054  3   1  34  66019
19  66586  2   6  66580
20  66042  3   0  0  66042
21  66658  2   0  66658
22  66052  2   0  66052
23  55102  2   2  55100
24  66298  2   8  66290
25  66644  2   1  66643
26  39690  3   0  0  39690
27  55174  2   0  55174
28  66278  3   1  1  66276
29  66638  3   1  0  66637
30  66532  3   0  2  66530
31  65960  2   0  65960
32  66656  3   0  0  66656
33  55178  2   0  55178
34  66532  2   11  66521
35  65946  2   0  65946
36  66238  3   1  1  66236
37  65916  3   0  0  65916
38  23446  2   9  23437
39  55200  2   0  55200
40  66230  3   1  0  66229
41  24342  2   2  24340
42  66455  3   0  0  66455
43  47746  2   4  47742
44  66702  2   2  66700
45  66740  2   2  66738
46  35684  2   0  35684
47  66654  3   0  1  66653
48  49881  4   1  7  24  49849
49  66716  2   0  66716
50  34310  3   0  5  34305
51  55134  2   15  55119
52  66620  2   0  66620
53  36930  2   1  36929
54  36158  2   2  36156
55  66645  3   2  0  66643
56  48538  2   19241  29297
57  37640  2   0  37640
58  66642  2   0  66642
59  66738  2   2  66736
60  52056  3   0  0  52056
61  43230  3   1  64  43165
62  66640  2   5  66635
63  65684  2   3  65681
64  43141  3   1  1  43139
65  41588  4   14  3  2  41569
66  66633  3   1  1  66631
67  52984  3   1  0  52983
68  66718  2   0  66718
69  42986  2   0  42986
70  43440  3   0  1  43439
71  66702  3   2  1  66699
72  42585  3   0  6  42579
73  46930  2   3  46927
74  54772  2   2  54770
75  64579  3   1  1  64577
76  54816  3   1  1282  53533
77  55849  4   1  0  0  55848
78  36412  2   6  36406
79  53732  2   2  53730
80  53725  3   0  0  53725
81  62553  4   0  1  0  62552
82  66718  2   3  66715
83  66528  3   0  0  66528
84  36296  2   0  36296
85  66739  3   1  0  66738
86  58316  3   0  0  58316
87  54014  2   0  54014
88  66458  2   2  66456
89  66602  3   0  0  66602
90  54648  2   2  54646
91  66624  2   2  66622
92  60572  4   2  1  2  60567
93  61548  2   2  61546
94  66648  2   6  66642
95  64526  2   2  64524
96  40154  2   0  40154
97  42631  3   2  0  42629
98  66654  2   2  66652
99  66740  2   3  66737
100  63332  2   0  63332
101  66663  3   1  0  66662
102  64636  2   0  64636
103  66732  3   4  1  66727
104  66732  4   1  3  1  66727
105  64092  2   2  64090
106  66668  2   0  66668
107  66732  2   0  66732
108  64226  2   5  64221
109  66730  3   0  3  66727
110  19737  3   0  0  19737
111  64712  2   2  64710
112  66732  3   0  0  66732
113  64848  2   3  64845
114  66740  2   6  66734
115  55047  3   0  0  55047
116  64706  3   1  1  64704
117  66728  2   3  66725
118  64976  3   38  0  64938
119  66684  2   2  66682
120  66683  3   2  0  66681
121  66740  3   0  0  66740
122  41158  2   2  41156
123  66740  3   1  0  66739
124  66636  2   0  66636
125  65052  3   3  6  65043
126  65042  2   18  65024
127  54985  3   12  0  54973
128  66686  2   1  66685
129  66685  3   1  0  66684
130  38842  2   2  38840
131  21876  2   0  21876
132  64608  2   0  64608
133  54036  2   0  54036
134  66740  2   0  66740
135  66546  2   1  66545
136  66662  2   0  66662
137  66543  4   0  1  0  66542
138  64516  3   0  0  64516
139  66543  3   1  0  66542
140  66717  4   0  1  3  66713
141  54240  3   0  401  53839
142  63522  4   1  0  1  63520
143  54254  2   4  54250
144  64332  3   0  1  64331
145  66576  3   53852  1  12723
146  66566  2   8  66558
147  66716  3   0  0  66716
148  66530  3   1  3  66526
149  66556  2   2  66554
150  66648  3   0  1  66647
151  66532  2   1639  64893
152  64084  2   7  64077
153  66646  2   0  66646
154  66514  2   8  66506
155  63999  3   0  0  63999
156  66506  5   1  1  11  0  66493
157  33530  3   1  0  33529
158  66404  3   1  0  66403
159  63956  2   0  63956
160  66500  2   3  66497

[pop]=6
1  900  2   0  900
2  720  2   32  688
3  890  3   0  0  890
4  900  2   0  900
5  906  3   0  0  906
6  892  2   0  892
7  898  2   0  898
8  346  2   0  346
9  900  3   0  0  900
10  898  2   0  898
11  906  3   0  0  906
12  898  3   0  0  898
13  384  2   0  384
14  906  4   0  0  0  906
15  720  2   0  720
16  906  2   902  4
17  906  2   0  906
18  898  3   0  0  898
19  902  2   0  902
20  899  3   0  0  899
21  906  2   0  906
22  900  2   0  900
23  722  2   0  722
24  892  2   0  892
25  902  2   0  902
26  510  3   0  0  510
27  724  2   0  724
28  890  3   0  0  890
29  905  3   0  0  905
30  906  3   0  0  906
31  898  2   0  898
32  896  3   0  0  896
33  724  2   0  724
34  906  2   1  905
35  898  2   0  898
36  890  3   0  0  890
37  898  3   0  0  898
38  348  2   0  348
39  724  2   0  724
40  890  3   0  0  890
41  350  2   0  350
42  906  3   0  0  906
43  618  2   0  618
44  896  2   0  896
45  908  2   0  908
46  516  2   0  516
47  908  3   1  0  907
48  644  4   0  1  5  638
49  896  2   0  896
50  438  3   0  0  438
51  720  2   0  720
52  904  2   0  904
53  538  2   0  538
54  476  2   0  476
55  908  3   0  0  908
56  650  2   217  433
57  494  2   0  494
58  908  2   0  908
59  908  2   0  908
60  662  3   0  0  662
61  606  3   0  3  603
62  908  2   0  908
63  876  2   0  876
64  606  3   0  0  606
65  533  4   0  0  0  533
66  908  3   0  0  908
67  692  3   0  0  692
68  898  2   0  898
69  606  2   0  606
70  548  3   0  0  548
71  896  3   0  0  896
72  597  3   0  0  597
73  598  2   0  598
74  696  2   0  696
75  861  3   0  0  861
76  714  3   0  15  699
77  727  4   0  0  0  727
78  516  2   0  516
79  690  2   0  690
80  680  3   0  0  680
81  823  4   0  0  0  823
82  904  2   0  904
83  903  3   0  0  903
84  510  2   0  510
85  908  3   0  0  908
86  744  3   0  0  744
87  696  2   0  696
88  904  2   0  904
89  908  3   0  0  908
90  706  2   0  706
91  908  2   0  908
92  776  4   0  0  0  776
93  790  2   0  790
94  908  2   0  908
95  884  2   0  884
96  532  2   0  532
97  591  3   0  0  591
98  908  2   0  908
99  908  2   0  908
100  822  2   0  822
101  907  3   0  0  907
102  884  2   0  884
103  904  3   0  0  904
104  903  4   0  0  0  903
105  838  2   0  838
106  908  2   0  908
107  904  2   0  904
108  842  2   0  842
109  904  3   0  0  904
110  325  3   0  0  325
111  882  2   0  882
112  904  3   0  0  904
113  854  2   0  854
114  908  2   0  908
115  713  3   0  0  713
116  886  3   0  0  886
117  904  2   0  904
118  857  3   2  0  855
119  908  2   0  908
120  908  3   0  0  908
121  908  3   0  0  908
122  582  2   0  582
123  908  3   0  0  908
124  908  2   0  908
125  860  3   0  0  860
126  862  2   0  862
127  711  3   0  0  711
128  908  2   0  908
129  908  3   0  0  908
130  568  2   0  568
131  368  2   0  368
132  890  2   0  890
133  694  2   0  694
134  908  2   0  908
135  908  2   0  908
136  908  2   0  908
137  908  4   0  0  0  908
138  890  3   0  0  890
139  903  3   0  0  903
140  906  4   0  0  1  905
141  701  3   0  5  696
142  827  4   0  0  0  827
143  702  2   0  702
144  890  3   0  0  890
145  904  3   725  0  179
146  904  2   0  904
147  906  3   0  0  906
148  902  3   0  0  902
149  904  2   0  904
150  908  3   0  0  908
151  904  2   16  888
152  890  2   0  890
153  908  2   0  908
154  902  2   2  900
155  884  3   0  0  884
156  902  5   0  0  0  0  902
157  479  3   0  0  479
158  898  3   0  0  898
159  882  2   0  882
160  902  2   0  902

[pop]=7
1  16504  2   0  16504
2  12948  2   265  12683
3  16096  3   0  0  16096
4  16506  2   80  16426
5  16508  3   0  0  16508
6  16466  2   1  16465
7  16254  2   0  16254
8  9320  2   0  9320
9  16502  3   0  0  16502
10  16284  2   1  16283
11  16508  3   0  0  16508
12  16510  3   0  1  16509
13  10254  2   2  10252
14  16512  4   0  4  0  16508
15  13334  2   0  13334
16  16512  2   16195  317
17  16508  2   1  16507
18  16502  3   0  0  16502
19  16424  2   0  16424
20  16504  3   0  1  16503
21  16512  2   0  16512
22  16504  2   0  16504
23  13516  2   0  13516
24  16506  2   0  16506
25  16472  2   1  16471
26  12087  3   1  0  12086
27  13554  2   2  13552
28  16502  3   0  0  16502
29  16509  3   0  1  16508
30  16508  3   0  0  16508
31  16488  2   20  16468
32  16512  3   0  1  16511
33  13576  2   0  13576
34  16508  2   8  16500
35  16488  2   0  16488
36  16498  3   0  0  16498
37  16470  3   1  0  16469
38  8878  2   0  8878
39  13594  2   42  13552
40  16494  3   0  1  16493
41  9070  2   0  9070
42  16483  3   1  0  16482
43  13414  2   0  13414
44  16512  2   0  16512
45  16512  2   0  16512
46  11190  2   0  11190
47  16482  3   0  0  16482
48  13750  4   0  11  13  13726
49  16512  2   0  16512
50  10952  3   0  0  10952
51  13478  2   0  13478
52  16464  2   0  16464
53  11300  2   5  11295
54  11196  2   2  11194
55  16463  3   0  1  16462
56  12456  2   3192  9264
57  11462  2   0  11462
58  16448  2   4  16444
59  16512  2   0  16512
60  14114  3   0  0  14114
61  11690  3   0  0  11690
62  16440  2   0  16440
63  16346  2   0  16346
64  11673  3   0  0  11673
65  12049  4   0  0  2  12047
66  16425  3   0  0  16425
67  14328  3   1  0  14327
68  16512  2   1  16511
69  11658  2   0  11658
70  12300  3   0  0  12300
71  16512  3   0  0  16512
72  11620  3   0  0  11620
73  12790  2   0  12790
74  12596  2   0  12596
75  16066  3   0  0  16066
76  14642  3   0  81  14561
77  14839  4   0  2  1  14836
78  11102  2   5  11097
79  13738  2   1  13737
80  12413  3   1  0  12412
81  15505  4   1  1  0  15503
82  16500  2   0  16500
83  15884  3   0  0  15884
84  11616  2   0  11616
85  16512  3   0  0  16512
86  14607  3   0  0  14607
87  12918  2   0  12918
88  16460  2   0  16460
89  16189  3   0  0  16189
90  13250  2   0  13250
91  16252  2   0  16252
92  15035  4   0  0  0  15035
93  15262  2   0  15262
94  16348  2   0  16348
95  16456  2   0  16456
96  11632  2   0  11632
97  12243  3   0  0  12243
98  16406  2   1  16405
99  16512  2   0  16512
100  15648  2   0  15648
101  16431  3   1  0  16430
102  16486  2   8  16478
103  16508  3   0  0  16508
104  16508  4   0  0  0  16508
105  15876  2   2  15874
106  16452  2   2  16450
107  16508  2   0  16508
108  15900  2   0  15900
109  16508  3   1  0  16507
110  9159  3   0  0  9159
111  16498  2   0  16498
112  16508  3   1  0  16507
113  16058  2   0  16058
114  16512  2   0  16512
115  13456  3   2  0  13454
116  16498  3   0  0  16498
117  16508  2   0  16508
118  16083  3   21  1  16061
119  16476  2   0  16476
120  16477  3   1  1  16475
121  16512  3   0  0  16512
122  12078  2   0  12078
123  16512  3   0  1  16511
124  16494  2   0  16494
125  16091  3   0  0  16091
126  16088  2   0  16088
127  13351  3   0  4  13347
128  16476  2   0  16476
129  16475  3   0  1  16474
130  11834  2   2  11832
131  8634  2   1  8633
132  16494  2   0  16494
133  12720  2   3  12717
134  16512  2   0  16512
135  16508  2   4  16504
136  16436  2   0  16436
137  16508  4   1  1  0  16506
138  16488  3   0  0  16488
139  16508  3   0  1  16507
140  16504  4   0  0  6  16498
141  13011  3   0  36  12975
142  15309  4   0  1  0  15308
143  13058  2   1  13057
144  16469  3   0  0  16469
145  16483  3   12864  0  3619
146  16146  2   0  16146
147  16500  3   1  0  16499
148  16447  3   0  1  16446
149  16084  2   0  16084
150  16500  3   0  0  16500
151  15968  2   80  15888
152  16452  2   1  16451
153  16498  2   0  16498
154  16422  2   7  16415
155  16448  3   1  2  16445
156  16410  5   0  1  0  1  16408
157  10854  3   0  64  10790
158  15686  3   0  2  15684
159  16446  2   0  16446
160  16408  2   0  16408

