[loci]=189

[populations]=7

[pop]=1
1  9748  3   0  15  9733
2  2252  2   0  2252
3  10406  2   0  10406
4  10398  2   10  10388
5  9750  2   0  9750
6  6708  3   0  0  6708
7  10404  2   0  10404
8  8382  2   0  8382
9  10406  2   1  10405
10  9753  4   0  0  0  9753
11  6672  2   0  6672
12  10406  3   0  0  10406
13  10404  2   0  10404
14  10348  3   1  0  10347
15  10406  2   0  10406
16  8854  2   0  8854
17  10347  3   1  1  10345
18  9760  2   0  9760
19  10404  2   0  10404
20  9784  3   0  2  9782
21  9748  2   0  9748
22  10345  3   1  4  10340
23  10030  2   0  10030
24  1945  3   0  0  1945
25  9712  3   0  3  9709
26  9784  3   0  0  9784
27  10342  2   0  10342
28  10404  3   0  0  10404
29  10378  2   0  10378
30  8806  2   0  8806
31  10404  2   0  10404
32  10338  2   6  10332
33  9684  3   1  2  9681
34  10232  2   0  10232
35  9749  3   0  0  9749
36  9760  2   6  9754
37  10404  2   5  10399
38  9674  2   0  9674
39  10327  3   0  0  10327
40  9759  4   0  1  0  9758
41  10392  3   0  0  10392
42  2150  2   120  2030
43  9662  2   0  9662
44  9737  3   0  0  9737
45  10404  2   0  10404
46  9644  2   0  9644
47  10406  2   0  10406
48  2146  3   0  0  2146
49  9726  2   1  9725
50  5593  3   0  0  5593
51  2288  2   6  2282
52  9726  3   0  0  9726
53  5474  2   0  5474
54  10400  2   17  10383
55  10384  3   0  0  10384
56  9770  2   0  9770
57  4978  2   0  4978
58  2146  2   0  2146
59  2300  3   0  0  2300
60  10400  2   1  10399
61  10397  3   0  0  10397
62  10278  2   0  10278
63  9764  2   0  9764
64  9726  2   0  9726
65  4150  2   0  4150
66  10400  2   2  10398
67  9724  2   3  9721
68  3566  2   2  3564
69  9760  2   1  9759
70  2858  3   0  0  2858
71  10108  2   2  10106
72  10406  3   0  0  10406
73  10398  2   0  10398
74  10129  3   2  0  10127
75  9752  2   0  9752
76  2463  3   0  0  2463
77  10406  3   0  1  10405
78  5964  2   0  5964
79  9759  4   0  0  0  9759
80  10172  3   0  0  10172
81  9752  2   0  9752
82  2143  3   1  1  2141
83  2022  2   0  2022
84  10211  3   0  0  10211
85  10252  3   2150  0  8102
86  10398  2   0  10398
87  2144  2   0  2144
88  10401  4   0  0  0  10401
89  9740  2   0  9740
90  10218  2   0  10218
91  9778  2   8938  840
92  9684  2   0  9684
93  9764  2   0  9764
94  2140  2   0  2140
95  10390  3   1  3  10386
96  10402  2   0  10402
97  2142  2   43  2099
98  10390  3   0  0  10390
99  10342  3   0  0  10342
100  10128  3   0  0  10128
101  9740  2   0  9740
102  2326  2   0  2326
103  9686  2   0  9686
104  10406  2   0  10406
105  10142  4   0  0  1  10141
106  10142  2   0  10142
107  10384  3   0  0  10384
108  296  2   0  296
109  10392  2   0  10392
110  9771  3   0  0  9771
111  10406  2   3  10403
112  10394  3   0  0  10394
113  2064  3   1  2  2061
114  10375  3   0  0  10375
115  9748  2   0  9748
116  10404  2   8  10396
117  7726  2   2  7724
118  10366  2   0  10366
119  10394  2   0  10394
120  10400  2   88  10312
121  9772  2   1  9771
122  10398  2   0  10398
123  10397  3   0  0  10397
124  10406  2   0  10406
125  10390  3   0  0  10390
126  2070  2   0  2070
127  2334  2   1  2333
128  10364  2   0  10364
129  9698  2   0  9698
130  9774  2   0  9774
131  9796  2   0  9796
132  9705  4   0  0  0  9705
133  10398  2   0  10398
134  8474  2   1  8473
135  2336  2   0  2336
136  10034  2   2  10032
137  9774  3   0  0  9774
138  10206  2   0  10206
139  9782  3   0  0  9782
140  9710  2   0  9710
141  10346  2   5  10341
142  10206  2   0  10206
143  10396  2   0  10396
144  9792  5   1  0  1  0  9790
145  10014  3   0  0  10014
146  9798  4   0  0  0  9798
147  10332  2   0  10332
148  10401  3   0  1  10400
149  9720  4   0  0  0  9720
150  8898  3   0  0  8898
151  9942  2   1  9941
152  10206  2   4  10202
153  10354  2   0  10354
154  10310  2   0  10310
155  9944  2   0  9944
156  10400  2   0  10400
157  9798  3   0  0  9798
158  9794  4   0  1  0  9793
159  9728  3   0  1  9727
160  2120  2   2  2118
161  10360  2   0  10360
162  10402  2   0  10402
163  9793  3   0  0  9793
164  10340  3   0  0  10340
165  9118  2   57  9061
166  9773  3   1  0  9772
167  10402  3   0  0  10402
168  9798  2   0  9798
169  9796  3   0  2  9794
170  9774  3   0  0  9774
171  10366  2   0  10366
172  9998  2   2  9996
173  10260  3   0  3  10257
174  10362  2   0  10362
175  10406  2   0  10406
176  9740  3   0  0  9740
177  9772  2   0  9772
178  2078  2   0  2078
179  9743  3   228  0  9515
180  9388  2   1  9387
181  10372  2   0  10372
182  9666  3   0  0  9666
183  2138  2   2  2136
184  10404  2   0  10404
185  9768  3   0  2  9766
186  2126  2   0  2126
187  9802  2   0  9802
188  9740  2   1  9739
189  10406  2   0  10406

[pop]=2
1  11552  3   3  0  11549
2  412  2   1  411
3  11504  2   0  11504
4  11526  2   1  11525
5  11546  2   0  11546
6  10512  3   0  0  10512
7  11578  2   0  11578
8  9094  2   0  9094
9  11504  2   3  11501
10  11549  4   1  0  0  11548
11  10486  2   0  10486
12  11574  3   0  0  11574
13  11578  2   0  11578
14  11549  3   0  0  11549
15  11502  2   1  11501
16  10708  2   0  10708
17  11550  3   0  7  11543
18  11554  2   4  11550
19  11572  2   0  11572
20  11560  3   0  1  11559
21  11550  2   0  11550
22  11552  3   0  1  11551
23  11528  2   5  11523
24  368  3   0  0  368
25  11530  3   17  2  11511
26  11556  3   0  0  11556
27  11556  2   0  11556
28  11495  3   0  1  11494
29  11568  2   1  11567
30  10632  2   0  10632
31  11492  2   0  11492
32  11556  2   0  11556
33  11512  3   0  0  11512
34  11452  2   0  11452
35  11549  3   0  0  11549
36  11554  2   11  11543
37  11572  2   10  11562
38  11508  2   0  11508
39  11557  3   0  0  11557
40  11555  4   0  0  0  11555
41  11576  3   0  0  11576
42  408  2   53  355
43  11476  2   0  11476
44  11548  3   0  0  11548
45  11574  2   0  11574
46  11476  2   0  11476
47  11578  2   2  11576
48  410  3   0  0  410
49  11546  2   0  11546
50  8527  3   0  0  8527
51  412  2   0  412
52  11547  3   0  0  11547
53  8316  2   0  8316
54  11458  2   1  11457
55  11569  3   0  0  11569
56  11556  2   1  11555
57  7404  2   0  7404
58  410  2   0  410
59  414  3   0  0  414
60  11454  2   0  11454
61  11439  3   0  0  11439
62  11458  2   0  11458
63  11556  2   0  11556
64  11540  2   0  11540
65  5944  2   0  5944
66  11578  2   0  11578
67  11542  2   1  11541
68  4784  2   0  4784
69  11554  2   0  11554
70  3277  3   1  0  3276
71  11556  2   0  11556
72  11578  3   0  0  11578
73  11570  2   0  11570
74  11371  3   0  0  11371
75  11554  2   0  11554
76  2617  3   0  0  2617
77  11578  3   0  0  11578
78  6264  2   0  6264
79  11558  4   0  0  0  11558
80  11384  3   0  0  11384
81  11560  2   1  11559
82  410  3   0  0  410
83  380  2   0  380
84  11409  3   0  0  11409
85  11539  3   114  0  11425
86  11578  2   0  11578
87  410  2   1  409
88  11572  4   0  0  0  11572
89  11548  2   0  11548
90  11540  2   2  11538
91  11550  2   4147  7403
92  11504  2   0  11504
93  11572  2   17  11555
94  410  2   0  410
95  11572  3   0  0  11572
96  11576  2   0  11576
97  410  2   1  409
98  11572  3   0  0  11572
99  11436  3   0  0  11436
100  11246  3   0  0  11246
101  11536  2   0  11536
102  428  2   0  428
103  11504  2   0  11504
104  11578  2   0  11578
105  11534  4   1  0  0  11533
106  11556  2   0  11556
107  11572  3   0  0  11572
108  120  2   0  120
109  11572  2   0  11572
110  11572  3   0  0  11572
111  11576  2   0  11576
112  11576  3   0  0  11576
113  381  3   0  0  381
114  11572  3   0  0  11572
115  11548  2   0  11548
116  11578  2   24  11554
117  8968  2   0  8968
118  11572  2   0  11572
119  11560  2   2  11558
120  11578  2   5  11573
121  11572  2   18  11554
122  11558  2   0  11558
123  11578  3   0  0  11578
124  11578  2   0  11578
125  11575  3   0  0  11575
126  386  2   0  386
127  428  2   0  428
128  11572  2   0  11572
129  11510  2   0  11510
130  11574  2   0  11574
131  11574  2   1  11573
132  11510  4   1  0  0  11509
133  11576  2   0  11576
134  10246  2   0  10246
135  426  2   0  426
136  11518  2   0  11518
137  11574  3   0  0  11574
138  11578  2   0  11578
139  11563  3   0  0  11563
140  11518  2   0  11518
141  11578  2   1  11577
142  11578  2   0  11578
143  11478  2   0  11478
144  11568  5   0  1  0  0  11567
145  11514  3   0  0  11514
146  11574  4   0  0  0  11574
147  11578  2   0  11578
148  11488  3   0  0  11488
149  11523  4   0  0  1  11522
150  10724  3   1  0  10723
151  11514  2   7  11507
152  11578  2   0  11578
153  11562  2   1  11561
154  11578  2   0  11578
155  11516  2   0  11516
156  11576  2   0  11576
157  11574  3   0  0  11574
158  11572  4   0  0  0  11572
159  11526  3   0  0  11526
160  402  2   0  402
161  11572  2   0  11572
162  11494  2   0  11494
163  11573  3   2  0  11571
164  11569  3   1  1  11567
165  10906  2   1  10905
166  11574  3   0  1  11573
167  11576  3   0  0  11576
168  11574  2   0  11574
169  11572  3   0  0  11572
170  11573  3   0  0  11573
171  11572  2   2  11570
172  11448  2   0  11448
173  11576  3   0  0  11576
174  11572  2   0  11572
175  11556  2   0  11556
176  11530  3   0  0  11530
177  11574  2   0  11574
178  404  2   0  404
179  11530  3   9  0  11521
180  11128  2   0  11128
181  11562  2   2  11560
182  11491  3   0  0  11491
183  406  2   0  406
184  11512  2   0  11512
185  11574  3   0  0  11574
186  404  2   0  404
187  11572  2   0  11572
188  11532  2   0  11532
189  11578  2   0  11578

[pop]=3
1  8587  3   0  0  8587
2  620  2   0  620
3  8554  2   0  8554
4  8644  2   0  8644
5  8586  2   0  8586
6  7646  3   0  0  7646
7  8654  2   3  8651
8  7052  2   0  7052
9  8554  2   0  8554
10  8588  4   0  3  0  8585
11  7622  2   0  7622
12  8654  3   1  0  8653
13  8654  2   0  8654
14  8636  3   0  0  8636
15  8552  2   0  8552
16  8216  2   0  8216
17  8635  3   1  0  8634
18  8590  2   0  8590
19  8654  2   0  8654
20  8622  3   3  0  8619
21  8586  2   2  8584
22  8636  3   0  1  8635
23  8642  2   0  8642
24  577  3   0  0  577
25  8599  3   0  1  8598
26  8621  3   0  0  8621
27  8636  2   0  8636
28  8547  3   0  0  8547
29  8640  2   0  8640
30  8172  2   0  8172
31  8546  2   25  8521
32  8636  2   0  8636
33  8596  3   0  0  8596
34  8610  2   0  8610
35  8586  3   0  5  8581
36  8590  2   0  8590
37  8654  2   0  8654
38  8592  2   0  8592
39  8637  3   0  0  8637
40  8590  4   0  0  1  8589
41  8654  3   0  0  8654
42  620  2   112  508
43  8590  2   0  8590
44  8586  3   0  0  8586
45  8654  2   0  8654
46  8586  2   0  8586
47  8654  2   0  8654
48  622  3   0  0  622
49  8580  2   0  8580
50  6475  3   0  0  6475
51  620  2   0  620
52  8582  3   0  1  8581
53  6350  2   0  6350
54  8526  2   0  8526
55  8646  3   0  1  8645
56  8610  2   0  8610
57  5802  2   1  5801
58  622  2   0  622
59  620  3   0  1  619
60  8524  2   0  8524
61  8522  3   0  0  8522
62  8616  2   29  8587
63  8610  2   10  8600
64  8580  2   0  8580
65  5054  2   1  5053
66  8654  2   0  8654
67  8578  2   0  8578
68  4436  2   0  4436
69  8606  2   0  8606
70  3480  3   0  0  3480
71  8650  2   0  8650
72  8654  3   0  0  8654
73  8654  2   0  8654
74  8454  3   0  0  8454
75  8606  2   4  8602
76  3052  3   0  0  3052
77  8654  3   0  0  8654
78  5396  2   0  5396
79  8595  4   0  0  8  8587
80  8478  3   0  1  8477
81  8596  2   0  8596
82  622  3   0  0  622
83  600  2   0  600
84  8501  3   0  0  8501
85  8626  3   1  0  8625
86  8654  2   0  8654
87  620  2   0  620
88  8653  4   0  0  0  8653
89  8606  2   9  8597
90  8626  2   0  8626
91  8568  2   2382  6186
92  8560  2   0  8560
93  8606  2   0  8606
94  620  2   0  620
95  8654  3   0  0  8654
96  8654  2   0  8654
97  620  2   0  620
98  8654  3   0  0  8654
99  8552  3   0  0  8552
100  8554  3   0  0  8554
101  8612  2   125  8487
102  618  2   0  618
103  8562  2   0  8562
104  8654  2   0  8654
105  8617  4   0  0  0  8617
106  8652  2   0  8652
107  8654  3   0  0  8654
108  280  2   0  280
109  8652  2   0  8652
110  8606  3   0  0  8606
111  8654  2   0  8654
112  8653  3   0  4  8649
113  604  3   0  0  604
114  8654  3   0  0  8654
115  8616  2   0  8616
116  8654  2   0  8654
117  7256  2   0  7256
118  8654  2   12  8642
119  8644  2   0  8644
120  8654  2   0  8654
121  8606  2   0  8606
122  8646  2   1  8645
123  8654  3   0  0  8654
124  8654  2   0  8654
125  8654  3   0  0  8654
126  606  2   0  606
127  618  2   0  618
128  8654  2   2  8652
129  8568  2   0  8568
130  8602  2   0  8602
131  8622  2   0  8622
132  8575  4   3  0  0  8572
133  8654  2   0  8654
134  8034  2   0  8034
135  616  2   0  616
136  8604  2   0  8604
137  8600  3   0  5  8595
138  8654  2   0  8654
139  8624  3   0  0  8624
140  8574  2   0  8574
141  8654  2   0  8654
142  8654  2   0  8654
143  8600  2   0  8600
144  8624  5   0  0  0  0  8624
145  8602  3   0  0  8602
146  8622  4   1  0  0  8621
147  8654  2   0  8654
148  8606  3   0  0  8606
149  8585  4   0  1  0  8584
150  8280  3   0  0  8280
151  8592  2   0  8592
152  8654  2   0  8654
153  8652  2   0  8652
154  8654  2   0  8654
155  8592  2   0  8592
156  8654  2   0  8654
157  8622  3   0  0  8622
158  8624  4   0  0  0  8624
159  8588  3   0  0  8588
160  618  2   0  618
161  8654  2   0  8654
162  8620  2   0  8620
163  8624  3   0  0  8624
164  8638  3   0  0  8638
165  8420  2   0  8420
166  8608  3   0  0  8608
167  8654  3   0  0  8654
168  8622  2   0  8622
169  8624  3   0  2  8622
170  8607  3   0  0  8607
171  8652  2   0  8652
172  8592  2   0  8592
173  8652  3   0  5  8647
174  8652  2   0  8652
175  8652  2   0  8652
176  8590  3   0  0  8590
177  8608  2   0  8608
178  614  2   0  614
179  8590  3   0  12  8578
180  8514  2   0  8514
181  8652  2   0  8652
182  8564  3   0  0  8564
183  618  2   0  618
184  8630  2   0  8630
185  8608  3   4  0  8604
186  618  2   0  618
187  8624  2   0  8624
188  8590  2   0  8590
189  8654  2   0  8654

[pop]=4
1  6582  3   0  0  6582
2  1646  2   0  1646
3  6600  2   0  6600
4  6600  2   0  6600
5  6594  2   0  6594
6  5499  3   0  0  5499
7  6614  2   0  6614
8  5964  2   0  5964
9  6600  2   0  6600
10  6590  4   0  0  0  6590
11  5460  2   0  5460
12  6614  3   0  0  6614
13  6614  2   0  6614
14  6613  3   0  0  6613
15  6600  2   0  6600
16  6008  2   0  6008
17  6614  3   0  0  6614
18  6586  2   0  6586
19  6614  2   1  6613
20  6599  3   0  0  6599
21  6582  2   0  6582
22  6612  3   0  0  6612
23  6600  2   0  6600
24  1622  3   0  0  1622
25  6525  3   0  0  6525
26  6603  3   0  1  6602
27  6612  2   0  6612
28  6595  3   0  0  6595
29  6612  2   0  6612
30  5938  2   0  5938
31  6592  2   0  6592
32  6612  2   0  6612
33  6504  3   0  0  6504
34  6600  2   0  6600
35  6568  3   0  0  6568
36  6584  2   8  6576
37  6614  2   91  6523
38  6494  2   0  6494
39  6612  3   0  0  6612
40  6585  4   0  0  0  6585
41  6612  3   0  0  6612
42  778  2   104  674
43  6470  2   0  6470
44  6556  3   0  0  6556
45  6614  2   0  6614
46  6468  2   0  6468
47  6614  2   0  6614
48  842  3   0  0  842
49  6548  2   0  6548
50  4178  3   0  0  4178
51  1646  2   0  1646
52  6539  3   0  0  6539
53  4072  2   0  4072
54  6576  2   0  6576
55  6612  3   0  0  6612
56  6596  2   0  6596
57  3630  2   0  3630
58  890  2   0  890
59  1648  3   0  0  1648
60  6576  2   0  6576
61  6561  3   0  0  6561
62  6602  2   0  6602
63  6592  2   0  6592
64  6538  2   0  6538
65  2972  2   0  2972
66  6612  2   0  6612
67  6534  2   2  6532
68  2500  2   0  2500
69  6586  2   0  6586
70  1998  3   0  0  1998
71  6604  2   0  6604
72  6614  3   0  0  6614
73  6614  2   0  6614
74  6570  3   0  0  6570
75  6580  2   0  6580
76  1775  3   0  0  1775
77  6614  3   0  0  6614
78  3914  2   1  3913
79  6589  4   0  0  0  6589
80  6578  3   0  0  6578
81  6590  2   0  6590
82  1093  3   0  0  1093
83  1622  2   0  1622
84  6584  3   0  0  6584
85  6614  3   0  0  6614
86  6612  2   0  6612
87  1146  2   0  1146
88  6614  4   0  0  2  6612
89  6572  2   0  6572
90  6614  2   0  6614
91  6602  2   3624  2978
92  6556  2   0  6556
93  6608  2   0  6608
94  1236  2   0  1236
95  6614  3   0  0  6614
96  6612  2   0  6612
97  1264  2   0  1264
98  6614  3   0  0  6614
99  6602  3   0  0  6602
100  6566  3   0  0  6566
101  6606  2   0  6606
102  1684  2   0  1684
103  6568  2   0  6568
104  6614  2   0  6614
105  6614  4   0  0  0  6614
106  6612  2   0  6612
107  6614  3   0  0  6614
108  748  2   0  748
109  6612  2   0  6612
110  6607  3   0  0  6607
111  6614  2   0  6614
112  6614  3   0  0  6614
113  1622  3   0  31  1591
114  6614  3   3  0  6611
115  6606  2   0  6606
116  6614  2   9  6605
117  5122  2   0  5122
118  6614  2   0  6614
119  6612  2   0  6612
120  6614  2   0  6614
121  6606  2   0  6606
122  6612  2   0  6612
123  6614  3   0  1  6613
124  6614  2   0  6614
125  6614  3   0  0  6614
126  1624  2   0  1624
127  1694  2   0  1694
128  6614  2   0  6614
129  6592  2   0  6592
130  6608  2   0  6608
131  6604  2   0  6604
132  6590  4   0  0  0  6590
133  6614  2   0  6614
134  5752  2   0  5752
135  1706  2   0  1706
136  6614  2   0  6614
137  6608  3   0  0  6608
138  6614  2   0  6614
139  6608  3   0  0  6608
140  6590  2   0  6590
141  6614  2   0  6614
142  6614  2   0  6614
143  6610  2   0  6610
144  6612  5   0  0  0  0  6612
145  6614  3   0  0  6614
146  6610  4   0  0  0  6610
147  6614  2   0  6614
148  6607  3   0  0  6607
149  6595  4   0  0  0  6595
150  6062  3   0  0  6062
151  6614  2   1  6613
152  6614  2   0  6614
153  6614  2   0  6614
154  6614  2   0  6614
155  6614  2   0  6614
156  6614  2   0  6614
157  6611  3   0  0  6611
158  6614  4   0  0  0  6614
159  6594  3   0  0  6594
160  1626  2   0  1626
161  6614  2   0  6614
162  6610  2   0  6610
163  6614  3   0  0  6614
164  6611  3   0  0  6611
165  6184  2   0  6184
166  6610  3   0  0  6610
167  6612  3   0  0  6612
168  6612  2   1  6611
169  6614  3   0  0  6614
170  6612  3   0  0  6612
171  6614  2   0  6614
172  6610  2   0  6610
173  6614  3   0  0  6614
174  6614  2   4  6610
175  6612  2   0  6612
176  6606  3   0  0  6606
177  6612  2   0  6612
178  1598  2   0  1598
179  6606  3   0  0  6606
180  6344  2   0  6344
181  6614  2   0  6614
182  6612  3   0  0  6612
183  1626  2   0  1626
184  6612  2   0  6612
185  6612  3   0  0  6612
186  1624  2   0  1624
187  6614  2   0  6614
188  6608  2   0  6608
189  6614  2   0  6614

[pop]=5
1  66425  3   18  1  66406
2  9144  2   1  9143
3  66664  2   2  66662
4  66624  2   0  66624
5  66258  2   14  66244
6  52897  3   1  1  52895
7  66740  2   0  66740
8  52876  2   2  52874
9  66668  2   0  66668
10  66265  4   0  2  1  66262
11  52712  2   0  52712
12  66740  3   0  1  66739
13  66738  2   0  66738
14  66481  3   0  2  66479
15  66664  2   4  66660
16  62340  2   29  62311
17  66478  3   4  7  66467
18  66450  2   0  66450
19  66720  2   1  66719
20  66552  3   0  70  66482
21  66256  2   2  66254
22  66464  3   1  4  66459
23  66450  2   0  66450
24  8152  3   5  0  8147
25  66274  3   10  63  66201
26  66548  3   1  1  66546
27  66464  2   2  66462
28  66651  3   1  3  66647
29  66646  2   46  66600
30  61928  2   0  61928
31  66652  2   4  66648
32  66440  2   0  66440
33  66152  3   1  0  66151
34  66150  2   0  66150
35  66257  3   1  0  66256
36  66446  2   353  66093
37  66722  2   324  66398
38  66108  2   0  66108
39  66409  3   0  0  66409
40  66436  4   2  1  0  66433
41  66672  3   1  2  66669
42  8606  2   716  7890
43  66030  2   0  66030
44  66234  3   1  0  66233
45  66736  2   2  66734
46  65968  2   3  65965
47  66712  2   0  66712
48  8618  3   0  0  8618
49  66232  2   7  66225
50  44492  3   2  0  44490
51  9210  2   3  9207
52  66230  3   2  0  66228
53  43522  2   2  43520
54  66560  2   0  66560
55  66673  3   1  0  66672
56  66490  2   0  66490
57  39706  2   0  39706
58  8634  2   1  8633
59  9230  3   2  0  9228
60  66556  2   3  66553
61  66509  3   1  12  66496
62  66206  2   0  66206
63  66468  2   2  66466
64  66212  2   4  66208
65  33618  2   0  33618
66  66718  2   0  66718
67  66204  2   125  66079
68  28946  2   0  28946
69  66428  2   2  66426
70  22421  3   0  0  22421
71  66578  2   0  66578
72  66739  3   1  1  66737
73  66702  2   2  66700
74  65402  3   0  1  65401
75  66428  2   0  66428
76  19243  3   1  0  19242
77  66738  3   0  0  66738
78  43164  2   4  43160
79  66443  4   1  1  0  66441
80  65594  3   0  0  65594
81  66426  2   1  66425
82  8661  3   0  0  8661
83  8434  2   1  8433
84  65773  3   2  2  65769
85  66166  3   34  3  66129
86  66722  2   2  66720
87  8658  2   0  8658
88  66704  4   1  1  0  66702
89  66382  2   0  66382
90  66144  2   2  66142
91  66524  2   39788  26736
92  64914  2   2  64912
93  66518  2   10  66508
94  8678  2   10  8668
95  66706  3   0  0  66706
96  66732  2   2  66730
97  8678  2   0  8678
98  66706  3   0  1  66705
99  66243  3   1  10  66232
100  64944  3   0  1  64943
101  66532  2   0  66532
102  9464  2   3  9461
103  64892  2   3  64889
104  66738  2   2  66736
105  66045  4   1  3  1  66040
106  66594  2   2  66592
107  66705  3   0  1  66704
108  1456  2   4  1452
109  66672  2   2  66670
110  66506  3   2  1  66503
111  66736  2   0  66736
112  66717  3   0  0  66717
113  8495  3   0  55  8440
114  66704  3   1  1  66702
115  66606  2   7  66599
116  66734  2   366  66368
117  56302  2   0  56302
118  66704  2   0  66704
119  66682  2   0  66682
120  66732  2   1  66731
121  66526  2   0  66526
122  66694  2   2  66692
123  66722  3   1  0  66721
124  66736  2   4  66732
125  66708  3   1  4  66703
126  8560  2   0  8560
127  9506  2   0  9506
128  66696  2   0  66696
129  65022  2   7  65015
130  66540  2   2  66538
131  66694  2   4  66690
132  65041  4   2  2  1  65036
133  66722  2   6  66716
134  60962  2   2  60960
135  9496  2   0  9496
136  65836  2   0  65836
137  66546  3   1  0  66545
138  66676  2   6  66670
139  66663  3   0  0  66663
140  65084  2   2  65082
141  66600  2   0  66600
142  66676  2   3  66673
143  66612  2   0  66612
144  66668  5   1  0  0  0  66667
145  65809  3   0  0  65809
146  66708  4   0  4  1  66703
147  66586  2   0  66586
148  66635  3   1  0  66634
149  65173  4   1  1  5  65166
150  63026  3   0  1  63025
151  65708  2   26  65682
152  66686  2   0  66686
153  66254  2   1  66253
154  66560  2   0  66560
155  65710  2   3  65707
156  66732  2   1  66731
157  66713  3   1  0  66712
158  66694  4   1  0  7  66686
159  65212  3   1  0  65211
160  8666  2   2  8664
161  66712  2   3  66709
162  66648  2   2  66646
163  66696  3   0  1  66695
164  66615  3   0  0  66615
165  63924  2   6  63918
166  66538  3   0  5  66533
167  66732  3   0  1  66731
168  66716  2   2  66714
169  66696  3   1  1  66694
170  66535  3   2  1  66532
171  66712  2   2  66710
172  65794  2   0  65794
173  66403  3   1  0  66402
174  66714  2   1  66713
175  66730  2   2  66728
176  65259  3   0  1  65258
177  66540  2   6  66534
178  8524  2   0  8524
179  65265  3   12  0  65253
180  64794  2   1  64793
181  66296  2   2  66294
182  65303  3   1  3  65299
183  8542  2   6  8536
184  66676  2   3  66673
185  66507  3   2  4  66501
186  8702  2   0  8702
187  66694  2   2  66692
188  65238  2   0  65238
189  66734  2   6  66728

[pop]=6
1  898  3   0  0  898
2  242  2   0  242
3  908  2   0  908
4  904  2   0  904
5  894  2   1  893
6  628  3   0  0  628
7  908  2   0  908
8  774  2   0  774
9  908  2   0  908
10  894  4   0  0  0  894
11  620  2   0  620
12  908  3   0  0  908
13  908  2   0  908
14  900  3   0  0  900
15  908  2   0  908
16  826  2   1  825
17  902  3   0  0  902
18  896  2   0  896
19  906  2   0  906
20  898  3   0  1  897
21  892  2   0  892
22  902  3   0  0  902
23  900  2   0  900
24  236  3   0  0  236
25  886  3   0  0  886
26  899  3   0  0  899
27  902  2   0  902
28  908  3   0  0  908
29  906  2   1  905
30  814  2   1  813
31  908  2   0  908
32  902  2   0  902
33  886  3   0  0  886
34  902  2   0  902
35  892  3   0  0  892
36  894  2   2  892
37  906  2   2  904
38  886  2   0  886
39  902  3   0  0  902
40  894  4   0  0  0  894
41  908  3   0  0  908
42  214  2   26  188
43  886  2   0  886
44  892  3   0  0  892
45  908  2   0  908
46  886  2   0  886
47  908  2   0  908
48  214  3   0  0  214
49  890  2   0  890
50  469  3   0  0  469
51  242  2   0  242
52  890  3   0  0  890
53  456  2   0  456
54  906  2   0  906
55  908  3   0  0  908
56  898  2   0  898
57  406  2   0  406
58  216  2   0  216
59  242  3   0  0  242
60  906  2   0  906
61  905  3   0  0  905
62  898  2   0  898
63  896  2   0  896
64  890  2   0  890
65  342  2   0  342
66  908  2   0  908
67  890  2   1  889
68  288  2   0  288
69  896  2   0  896
70  228  3   0  1  227
71  904  2   0  904
72  908  3   0  0  908
73  906  2   0  906
74  880  3   0  0  880
75  896  2   0  896
76  178  3   0  0  178
77  908  3   0  0  908
78  560  2   0  560
79  894  4   0  0  0  894
80  886  3   0  0  886
81  894  2   0  894
82  224  3   0  0  224
83  236  2   0  236
84  890  3   0  0  890
85  902  3   11  0  891
86  908  2   0  908
87  226  2   0  226
88  906  4   0  0  0  906
89  894  2   0  894
90  902  2   0  902
91  890  2   448  442
92  840  2   0  840
93  894  2   1  893
94  228  2   0  228
95  906  3   0  0  906
96  908  2   0  908
97  228  2   0  228
98  906  3   0  0  906
99  900  3   0  1  899
100  888  3   0  0  888
101  898  2   0  898
102  244  2   0  244
103  838  2   0  838
104  908  2   0  908
105  900  4   0  0  0  900
106  906  2   0  906
107  906  3   0  0  906
108  26  2   0  26
109  906  2   0  906
110  894  3   0  0  894
111  908  2   0  908
112  908  3   0  0  908
113  236  3   0  1  235
114  905  3   0  0  905
115  898  2   0  898
116  908  2   3  905
117  742  2   0  742
118  904  2   0  904
119  908  2   0  908
120  908  2   0  908
121  896  2   0  896
122  908  2   0  908
123  908  3   0  0  908
124  908  2   0  908
125  908  3   0  0  908
126  236  2   0  236
127  244  2   0  244
128  906  2   0  906
129  850  2   0  850
130  896  2   0  896
131  898  2   0  898
132  851  4   0  0  0  851
133  906  2   0  906
134  800  2   0  800
135  246  2   0  246
136  898  2   0  898
137  896  3   0  0  896
138  908  2   0  908
139  898  3   0  0  898
140  850  2   0  850
141  906  2   0  906
142  908  2   0  908
143  904  2   0  904
144  898  5   0  0  0  0  898
145  898  3   0  0  898
146  899  4   0  0  0  899
147  906  2   0  906
148  905  3   0  0  905
149  852  4   0  0  0  852
150  824  3   0  0  824
151  898  2   0  898
152  906  2   0  906
153  886  2   0  886
154  906  2   0  906
155  898  2   0  898
156  908  2   0  908
157  900  3   0  0  900
158  898  4   0  0  0  898
159  854  3   0  0  854
160  238  2   0  238
161  906  2   0  906
162  906  2   0  906
163  898  3   0  0  898
164  906  3   0  0  906
165  838  2   0  838
166  894  3   0  0  894
167  908  3   0  0  908
168  900  2   0  900
169  898  3   0  0  898
170  894  3   0  0  894
171  906  2   0  906
172  892  2   0  892
173  906  3   0  0  906
174  906  2   0  906
175  908  2   0  908
176  854  3   0  0  854
177  892  2   0  892
178  238  2   0  238
179  852  3   1  0  851
180  862  2   0  862
181  890  2   1  889
182  894  3   0  0  894
183  236  2   0  236
184  908  2   0  908
185  890  3   0  0  890
186  238  2   0  238
187  898  2   0  898
188  854  2   0  854
189  908  2   0  908

[pop]=7
1  16464  3   100  0  16364
2  7914  2   0  7914
3  16502  2   0  16502
4  16502  2   0  16502
5  16510  2   6  16504
6  10797  3   0  0  10797
7  16512  2   0  16512
8  13922  2   0  13922
9  16504  2   0  16504
10  16510  4   2  0  0  16508
11  10732  2   10  10722
12  16512  3   0  0  16512
13  16512  2   2  16510
14  16512  3   0  0  16512
15  16504  2   0  16504
16  15364  2   1  15363
17  16512  3   0  1  16511
18  16454  2   0  16454
19  16508  2   0  16508
20  16512  3   0  58  16454
21  16510  2   1  16509
22  16512  3   8  0  16504
23  16464  2   0  16464
24  7847  3   0  1  7846
25  16475  3   0  0  16475
26  16512  3   0  0  16512
27  16508  2   0  16508
28  16500  3   0  10  16490
29  16500  2   0  16500
30  15252  2   1  15251
31  16502  2   0  16502
32  16506  2   0  16506
33  16458  3   0  1  16457
34  16244  2   3  16241
35  16510  3   0  0  16510
36  16428  2   9  16419
37  16512  2   6  16506
38  16442  2   4  16438
39  16506  3   152  1  16353
40  16425  4   0  2  0  16423
41  16508  3   0  0  16508
42  7914  2   563  7351
43  16410  2   2  16408
44  16510  3   0  1  16509
45  16508  2   0  16508
46  16404  2   0  16404
47  16506  2   0  16506
48  7914  3   1  1  7912
49  16510  2   1  16509
50  8621  3   0  1  8620
51  7912  2   0  7912
52  16510  3   0  0  16510
53  8442  2   0  8442
54  16474  2   0  16474
55  16500  3   0  0  16500
56  16512  2   9  16503
57  7660  2   1  7659
58  7914  2   1  7913
59  7912  3   0  0  7912
60  16470  2   0  16470
61  16453  3   0  0  16453
62  16288  2   0  16288
63  16512  2   0  16512
64  16508  2   0  16508
65  6544  2   1  6543
66  16508  2   0  16508
67  16510  2   0  16510
68  5590  2   0  5590
69  16510  2   0  16510
70  4419  3   0  97  4322
71  16498  2   0  16498
72  16512  3   0  0  16512
73  16502  2   0  16502
74  15140  3   0  0  15140
75  16508  2   0  16508
76  3759  3   0  6  3753
77  16512  3   2  0  16510
78  12188  2   0  12188
79  16417  4   0  0  0  16417
80  15298  3   1  0  15297
81  16406  2   0  16406
82  7913  3   0  0  7913
83  7896  2   6  7890
84  15444  3   0  0  15444
85  16502  3   13  0  16489
86  16510  2   0  16510
87  7912  2   7  7905
88  16499  4   0  0  0  16499
89  16502  2   0  16502
90  16502  2   0  16502
91  16418  2   5895  10523
92  12734  2   0  12734
93  16418  2   0  16418
94  7912  2   0  7912
95  16498  3   0  0  16498
96  16512  2   0  16512
97  7912  2   0  7912
98  16495  3   1  0  16494
99  15939  3   0  0  15939
100  15912  3   1  0  15911
101  16486  2   3  16483
102  7914  2   1  7913
103  12656  2   14  12642
104  16512  2   0  16512
105  16497  4   0  0  0  16497
106  16500  2   0  16500
107  16494  3   1  0  16493
108  418  2   0  418
109  16484  2   2  16482
110  16418  3   0  0  16418
111  16512  2   0  16512
112  16510  3   1  2  16507
113  7900  3   0  7  7893
114  16492  3   0  0  16492
115  16496  2   0  16496
116  16512  2   29  16483
117  14192  2   0  14192
118  16484  2   0  16484
119  16510  2   0  16510
120  16512  2   0  16512
121  16428  2   0  16428
122  16510  2   3  16507
123  16512  3   0  0  16512
124  16512  2   7  16505
125  16510  3   0  0  16510
126  7904  2   3  7901
127  7914  2   1  7913
128  16488  2   0  16488
129  12748  2   0  12748
130  16436  2   0  16436
131  16512  2   0  16512
132  12713  4   0  0  0  12713
133  16512  2   0  16512
134  15164  2   0  15164
135  7914  2   2  7912
136  16486  2   0  16486
137  16448  3   0  0  16448
138  16508  2   0  16508
139  16504  3   2  1  16501
140  12764  2   1  12763
141  16510  2   0  16510
142  16508  2   0  16508
143  16494  2   2  16492
144  16504  5   0  0  0  1  16503
145  16486  3   1  1  16484
146  16512  4   0  0  0  16512
147  16512  2   6  16506
148  16495  3   0  0  16495
149  12920  4   0  0  44  12876
150  15674  3   0  0  15674
151  16476  2   1  16475
152  16510  2   0  16510
153  15130  2   0  15130
154  16512  2   14  16498
155  16476  2   0  16476
156  16512  2   1  16511
157  16512  3   0  1  16511
158  16509  4   1  0  0  16508
159  12970  3   0  0  12970
160  7910  2   0  7910
161  16494  2   0  16494
162  16492  2   0  16492
163  16510  3   0  1  16509
164  16376  3   0  0  16376
165  15928  2   1  15927
166  16465  3   0  0  16465
167  16512  3   1  0  16511
168  16512  2   0  16512
169  16510  3   1  1  16508
170  16463  3   0  0  16463
171  16496  2   4  16492
172  16326  2   1  16325
173  16506  3   0  0  16506
174  16500  2   0  16500
175  16510  2   0  16510
176  13048  3   1  0  13047
177  16456  2   0  16456
178  7876  2   68  7808
179  13036  3   0  0  13036
180  16248  2   0  16248
181  15204  2   0  15204
182  16378  3   4  0  16374
183  7264  2   0  7264
184  16496  2   0  16496
185  16440  3   0  0  16440
186  7914  2   2  7912
187  16512  2   0  16512
188  12988  2   1  12987
189  16512  2   0  16512

