[loci]=163

[populations]=7

[pop]=1
1  8712  2   0  8712
2  7932  5   0  0  1  0  7931
3  9734  3   0  0  9734
4  10229  4   0  6  0  10223
5  4162  2   0  4162
6  8070  2   0  8070
7  9734  2   0  9734
8  6468  2   0  6468
9  8495  3   1  2012  6482
10  10404  3   0  0  10404
11  9780  2   0  9780
12  9800  2   8762  1038
13  5771  3   0  0  5771
14  9738  2   0  9738
15  9653  3   0  0  9653
16  2482  2   0  2482
17  6516  3   2  0  6514
18  2604  3   0  0  2604
19  3352  3   0  0  3352
20  2738  3   0  1  2737
21  9784  2   0  9784
22  9645  3   1  1  9643
23  8924  2   9  8915
24  3218  2   0  3218
25  5702  2   0  5702
26  10404  3   0  0  10404
27  10290  2   1  10289
28  3064  2   0  3064
29  6756  2   0  6756
30  10283  3   0  0  10283
31  9622  2   0  9622
32  10406  3   1  0  10405
33  9762  2   0  9762
34  3210  2   7  3203
35  5308  2   0  5308
36  10406  4   0  0  1  10405
37  8722  2   0  8722
38  8715  4   0  0  0  8715
39  3362  2   2  3360
40  6916  3   0  0  6916
41  2946  2   0  2946
42  8658  3   0  2  8656
43  3412  3   0  0  3412
44  10312  2   0  10312
45  5336  2   0  5336
46  10406  3   0  0  10406
47  9796  2   0  9796
48  8544  3   0  2  8542
49  3424  3   2  0  3422
50  10315  3   0  4  10311
51  5284  2   3  5281
52  10406  2   0  10406
53  8554  2   1  8553
54  10321  3   0  0  10321
55  9642  3   0  9  9633
56  5230  2   0  5230
57  10406  3   0  0  10406
58  9800  2   0  9800
59  9800  3   0  4  9796
60  3378  2   0  3378
61  10334  2   1  10333
62  9686  2   0  9686
63  5124  2   0  5124
64  3304  4   0  0  0  3304
65  2398  2   0  2398
66  8226  2   12  8214
67  3248  3   1  1  3246
68  9644  2   0  9644
69  9802  2   0  9802
70  6923  4   0  0  0  6923
71  9696  2   0  9696
72  9742  2   0  9742
73  6850  2   0  6850
74  9716  2   0  9716
75  10351  4   1  1  0  10349
76  9804  3   0  0  9804
77  6762  2   0  6762
78  10352  2   0  10352
79  9612  2   0  9612
80  10349  3   0  26  10323
81  4622  2   0  4622
82  8140  3   0  0  8140
83  9736  2   3  9733
84  4562  2   0  4562
85  2886  3   2  1  2883
86  10348  2   0  10348
87  9736  3   0  0  9736
88  4514  3   0  0  4514
89  8076  3   0  0  8076
90  2967  3   1  0  2966
91  1660  2   0  1660
92  8054  2   0  8054
93  9547  3   0  0  9547
94  9802  3   0  0  9802
95  10165  3   0  718  9447
96  3802  2   0  3802
97  1348  2   0  1348
98  4120  2   0  4120
99  9802  5   0  0  0  0  9802
100  7754  3   0  0  7754
101  1260  2   0  1260
102  9497  3   0  0  9497
103  9804  3   0  0  9804
104  7653  3   0  0  7653
105  5474  4   0  0  2  5472
106  7578  2   1  7577
107  9750  3   0  1  9749
108  10285  3   0  0  10285
109  9802  2   0  9802
110  9802  2   0  9802
111  4812  2   0  4812
112  9802  2   3  9799
113  7970  2   7956  14
114  2229  3   0  0  2229
115  5308  3   0  0  5308
116  6754  2   0  6754
117  9748  2   0  9748
118  7306  2   0  7306
119  9718  2   0  9718
120  10322  3   0  0  10322
121  6346  2   0  6346
122  1726  4   0  0  0  1726
123  9728  2   4  9724
124  9802  3   1  0  9801
125  9380  2   0  9380
126  9802  2   1  9801
127  9352  2   0  9352
128  9736  2   0  9736
129  7260  2   0  7260
130  6966  4   0  1  0  6965
131  9332  2   0  9332
132  9802  3   0  0  9802
133  9802  2   0  9802
134  1206  3   1  0  1205
135  9802  2   0  9802
136  8140  2   0  8140
137  9588  3   0  0  9588
138  10364  2   1  10363
139  9802  2   3  9799
140  3865  3   0  0  3865
141  9300  2   0  9300
142  1356  2   540  816
143  9272  2   0  9272
144  9766  3   0  0  9766
145  3602  2   1  3601
146  9570  3   1  0  9569
147  8708  2   0  8708
148  9218  2   0  9218
149  9764  2   0  9764
150  9802  4   0  0  0  9802
151  3352  2   20  3332
152  10060  3   0  8  10052
153  8976  3   0  0  8976
154  9536  2   7  9529
155  10378  2   0  10378
156  9802  2   0  9802
157  3019  3   0  0  3019
158  864  2   0  864
159  10110  2   3  10107
160  9802  2   0  9802
161  3002  2   1  3001
162  838  2   0  838
163  9506  2   0  9506

[pop]=2
1  11296  2   0  11296
2  7554  5   0  0  0  0  7554
3  11564  3   0  0  11564
4  11494  4   0  4  0  11490
5  4930  2   0  4930
6  7872  2   1  7871
7  11564  2   1  11563
8  6254  2   0  6254
9  8285  3   2  75  8208
10  11576  3   0  0  11576
11  11470  2   0  11470
12  11554  2   7140  4414
13  5084  3   0  0  5084
14  11564  2   0  11564
15  11487  3   0  0  11487
16  932  2   0  932
17  6335  3   0  0  6335
18  1138  3   0  0  1138
19  3064  3   0  0  3064
20  1362  3   0  0  1362
21  11564  2   0  11564
22  11485  3   1  0  11484
23  11358  2   0  11358
24  2688  2   0  2688
25  4970  2   0  4970
26  11577  3   0  0  11577
27  11528  2   0  11528
28  1850  2   0  1850
29  6626  2   0  6626
30  11529  3   1  0  11528
31  11460  2   0  11460
32  11578  3   0  0  11578
33  11438  2   0  11438
34  2072  2   0  2072
35  4368  2   0  4368
36  11578  4   3  0  0  11575
37  11228  2   0  11228
38  11225  4   0  0  3  11222
39  2356  2   0  2356
40  6782  3   0  0  6782
41  2150  2   0  2150
42  11187  3   0  1  11186
43  2452  3   0  0  2452
44  11546  2   2  11544
45  4344  2   0  4344
46  11578  3   0  0  11578
47  11534  2   2  11532
48  11102  3   0  4  11098
49  2474  3   0  0  2474
50  11547  3   0  1  11546
51  4388  2   0  4388
52  11578  2   0  11578
53  11100  2   0  11100
54  11551  3   4  0  11547
55  11035  3   0  8  11027
56  4318  2   0  4318
57  11578  3   1  1  11576
58  11540  2   2  11538
59  11546  3   0  20  11526
60  2590  2   0  2590
61  11554  2   1  11553
62  11122  2   0  11122
63  4288  2   0  4288
64  2578  4   0  0  0  2578
65  1518  2   0  1518
66  10726  2   0  10726
67  2559  3   0  0  2559
68  11336  2   0  11336
69  11556  2   0  11556
70  6805  4   0  0  0  6805
71  11146  2   0  11146
72  11558  2   0  11558
73  6718  2   1  6717
74  11548  2   0  11548
75  11564  4   0  0  1  11563
76  11562  3   0  0  11562
77  6506  2   0  6506
78  11564  2   2  11562
79  11320  2   0  11320
80  11564  3   0  1  11563
81  3992  2   1  3991
82  10609  3   0  0  10609
83  11554  2   0  11554
84  3906  2   0  3906
85  2330  3   0  0  2330
86  11564  2   2  11562
87  11553  3   0  0  11553
88  3852  3   0  1  3851
89  10508  3   0  0  10508
90  2261  3   0  1  2260
91  694  2   0  694
92  10476  2   0  10476
93  11252  3   0  0  11252
94  11562  3   0  0  11562
95  11529  3   0  1201  10328
96  2054  2   4  2050
97  452  2   0  452
98  3516  2   0  3516
99  11562  5   1  0  0  0  11561
100  9916  3   0  0  9916
101  392  2   0  392
102  11214  3   0  0  11214
103  11560  3   0  0  11560
104  9763  3   0  0  9763
105  6949  4   0  0  0  6949
106  9660  2   1  9659
107  11562  3   0  0  11562
108  11547  3   0  0  11547
109  11570  2   0  11570
110  11556  2   2  11554
111  3534  2   0  3534
112  11554  2   0  11554
113  11056  2   11011  45
114  1434  3   0  0  1434
115  4288  3   2  0  4286
116  7864  2   0  7864
117  11560  2   0  11560
118  10234  2   0  10234
119  11544  2   0  11544
120  11558  3   0  11  11547
121  7108  2   0  7108
122  1021  4   0  0  2  1019
123  11548  2   0  11548
124  11566  3   0  1  11565
125  11146  2   0  11146
126  11566  2   4  11562
127  11136  2   1  11135
128  11550  2   0  11550
129  7554  2   0  7554
130  9770  4   0  0  0  9770
131  11138  2   0  11138
132  11566  3   32  0  11534
133  11576  2   0  11576
134  533  3   0  0  533
135  11576  2   0  11576
136  9044  2   0  9044
137  11550  3   0  0  11550
138  11570  2   0  11570
139  11576  2   0  11576
140  3101  3   0  0  3101
141  11088  2   1  11087
142  486  2   28  458
143  11054  2   0  11054
144  11564  3   0  0  11564
145  2562  2   2  2560
146  11550  3   0  0  11550
147  9956  2   0  9956
148  11022  2   0  11022
149  11566  2   0  11566
150  11575  4   0  0  0  11575
151  2088  2   0  2088
152  11387  3   0  0  11387
153  10384  3   1  0  10383
154  11544  2   0  11544
155  11572  2   0  11572
156  11576  2   0  11576
157  1612  3   0  0  1612
158  426  2   0  426
159  11408  2   0  11408
160  11576  2   0  11576
161  1588  2   1  1587
162  398  2   0  398
163  11542  2   0  11542

[pop]=3
1  8492  2   0  8492
2  7142  5   0  0  0  1  7141
3  8618  3   0  0  8618
4  8628  4   0  0  0  8628
5  5218  2   0  5218
6  7280  2   0  7280
7  8616  2   0  8616
8  5764  2   0  5764
9  7418  3   0  1  7417
10  8652  3   0  0  8652
11  8574  2   0  8574
12  8626  2   5542  3084
13  5615  3   1  0  5614
14  8618  2   0  8618
15  8551  3   0  1  8550
16  1470  2   0  1470
17  5835  3   1  0  5834
18  1694  3   0  0  1694
19  4266  3   0  0  4266
20  1913  3   0  0  1913
21  8624  2   0  8624
22  8541  3   0  0  8541
23  8506  2   0  8506
24  4092  2   0  4092
25  5472  2   0  5472
26  8652  3   0  0  8652
27  8636  2   0  8636
28  2330  2   0  2330
29  6116  2   0  6116
30  8636  3   0  0  8636
31  8512  2   0  8512
32  8652  3   0  0  8652
33  8496  2   0  8496
34  2516  2   0  2516
35  4948  2   0  4948
36  8654  4   0  2  1  8651
37  8452  2   0  8452
38  8448  4   0  0  0  8448
39  2712  2   0  2712
40  6213  3   0  1  6212
41  3710  2   0  3710
42  8430  3   1  0  8429
43  2804  3   1  1  2802
44  8644  2   0  8644
45  4932  2   0  4932
46  8654  3   0  2  8652
47  8600  2   0  8600
48  8384  3   0  2  8382
49  2838  3   0  0  2838
50  8644  3   0  0  8644
51  4906  2   0  4906
52  8654  2   0  8654
53  8376  2   1  8375
54  8643  3   0  0  8643
55  8428  3   0  0  8428
56  4820  2   0  4820
57  8654  3   0  0  8654
58  8602  2   0  8602
59  8608  3   0  0  8608
60  2888  2   4  2884
61  8644  2   0  8644
62  8454  2   0  8454
63  4734  2   0  4734
64  2871  4   0  1  0  2870
65  3038  2   2  3036
66  8138  2   0  8138
67  2877  3   0  0  2877
68  8300  2   0  8300
69  8614  2   0  8614
70  6213  4   0  0  13  6200
71  8454  2   2  8452
72  8618  2   0  8618
73  6150  2   0  6150
74  8598  2   0  8598
75  8645  4   0  1  0  8644
76  8620  3   0  0  8620
77  6012  2   1  6011
78  8646  2   0  8646
79  8270  2   20  8250
80  8646  3   0  0  8646
81  4272  2   0  4272
82  8091  3   0  0  8091
83  8580  2   0  8580
84  4216  2   0  4216
85  2573  3   0  0  2573
86  8646  2   0  8646
87  8580  3   0  0  8580
88  4158  3   0  0  4158
89  8012  3   0  0  8012
90  2524  3   0  0  2524
91  2114  2   0  2114
92  8004  2   16  7988
93  8190  3   0  0  8190
94  8618  3   0  0  8618
95  8538  3   0  1299  7239
96  3514  2   0  3514
97  1744  2   0  1744
98  3826  2   0  3826
99  8618  5   0  0  0  0  8618
100  7588  3   0  0  7588
101  1554  2   0  1554
102  8170  3   0  0  8170
103  8618  3   0  0  8618
104  7502  3   0  0  7502
105  6531  4   0  0  0  6531
106  7432  2   0  7432
107  8582  3   0  0  8582
108  8584  3   0  0  8584
109  8622  2   0  8622
110  8618  2   0  8618
111  4552  2   0  4552
112  8618  2   0  8618
113  8338  2   8338  0
114  1582  3   0  1  1581
115  5027  3   0  0  5027
116  6320  2   0  6320
117  8580  2   0  8580
118  7992  2   0  7992
119  8620  2   11  8609
120  8598  3   1  0  8597
121  5864  2   13  5851
122  1109  4   0  0  0  1109
123  8620  2   0  8620
124  8614  3   0  0  8614
125  8200  2   37  8163
126  8614  2   0  8614
127  8264  2   0  8264
128  8620  2   0  8620
129  6640  2   17  6623
130  7810  4   0  1  0  7809
131  8302  2   0  8302
132  8618  3   0  0  8618
133  8622  2   0  8622
134  632  3   0  0  632
135  8626  2   109  8517
136  7456  2   0  7456
137  8526  3   0  0  8526
138  8624  2   0  8624
139  8626  2   0  8626
140  2704  3   0  0  2704
141  8316  2   1  8315
142  544  2   11  533
143  8302  2   0  8302
144  8625  3   0  0  8625
145  2268  2   0  2268
146  8521  3   0  0  8521
147  7870  2   0  7870
148  8274  2   1  8273
149  8626  2   5  8621
150  8624  4   0  0  0  8624
151  1944  2   0  1944
152  8587  3   0  0  8587
153  8058  3   0  0  8058
154  8506  2   0  8506
155  8628  2   0  8628
156  8626  2   0  8626
157  1520  3   0  0  1520
158  454  2   0  454
159  8602  2   0  8602
160  8624  2   1  8623
161  1482  2   0  1482
162  448  2   0  448
163  8494  2   0  8494

[pop]=4
1  6122  2   0  6122
2  4212  5   1  0  0  0  4211
3  6614  3   0  0  6614
4  6319  4   0  22  0  6297
5  2072  2   0  2072
6  4354  2   0  4354
7  6614  2   0  6614
8  2514  2   0  2514
9  4562  3   0  3  4559
10  6614  3   0  0  6614
11  6606  2   0  6606
12  6614  2   4796  1818
13  2266  3   0  0  2266
14  6614  2   0  6614
15  6610  3   0  0  6610
16  352  2   0  352
17  2555  3   0  0  2555
18  406  3   0  0  406
19  1306  3   0  0  1306
20  470  3   0  0  470
21  6614  2   0  6614
22  6608  3   0  0  6608
23  6232  2   0  6232
24  1230  2   0  1230
25  2182  2   0  2182
26  6614  3   0  0  6614
27  6472  2   0  6472
28  630  2   0  630
29  2742  2   0  2742
30  6478  3   0  0  6478
31  6604  2   0  6604
32  6614  3   0  0  6614
33  6590  2   0  6590
34  714  2   0  714
35  1980  2   0  1980
36  6612  4   0  0  0  6612
37  6092  2   0  6092
38  6081  4   0  0  0  6081
39  800  2   0  800
40  2856  3   0  0  2856
41  928  2   2  926
42  6027  3   0  0  6027
43  816  3   0  0  816
44  6536  2   0  6536
45  1986  2   1  1985
46  6612  3   0  2  6610
47  6604  2   0  6604
48  5960  3   0  98  5862
49  820  3   0  0  820
50  6513  3   0  0  6513
51  1974  2   0  1974
52  6612  2   0  6612
53  5950  2   0  5950
54  6551  3   0  0  6551
55  6068  3   0  62  6006
56  1956  2   0  1956
57  6612  3   0  0  6612
58  6608  2   0  6608
59  6611  3   0  1  6610
60  830  2   0  830
61  6562  2   0  6562
62  6114  2   0  6114
63  1936  2   0  1936
64  835  4   0  0  0  835
65  612  2   0  612
66  5580  2   0  5580
67  828  3   0  0  828
68  6568  2   0  6568
69  6610  2   0  6610
70  2917  4   0  0  0  2917
71  6120  2   0  6120
72  6614  2   0  6614
73  2886  2   0  2886
74  6610  2   0  6610
75  6587  4   0  0  0  6587
76  6610  3   0  0  6610
77  2814  2   0  2814
78  6586  2   0  6586
79  6562  2   0  6562
80  6587  3   0  0  6587
81  1802  2   0  1802
82  5259  3   0  0  5259
83  6608  2   0  6608
84  1800  2   0  1800
85  728  3   0  0  728
86  6588  2   0  6588
87  6608  3   1  0  6607
88  1779  3   0  0  1779
89  5136  3   0  0  5136
90  786  3   0  0  786
91  308  2   2  306
92  5102  2   0  5102
93  6534  3   0  0  6534
94  6610  3   0  0  6610
95  6601  3   0  461  6140
96  1256  2   0  1256
97  216  2   0  216
98  1618  2   0  1618
99  6610  5   0  0  0  0  6610
100  4719  3   0  0  4719
101  194  2   0  194
102  6518  3   0  0  6518
103  6610  3   0  0  6610
104  4630  3   0  0  4630
105  3549  4   0  0  0  3549
106  4556  2   0  4556
107  6610  3   0  0  6610
108  6608  3   0  0  6608
109  6614  2   0  6614
110  6610  2   0  6610
111  1810  2   0  1810
112  6610  2   0  6610
113  6086  2   6062  24
114  412  3   0  0  412
115  2137  3   0  0  2137
116  3714  2   0  3714
117  6610  2   0  6610
118  5358  2   0  5358
119  6612  2   0  6612
120  6610  3   0  0  6610
121  3432  2   0  3432
122  304  4   0  0  0  304
123  6612  2   0  6612
124  6610  3   0  0  6610
125  6476  2   0  6476
126  6610  2   0  6610
127  6482  2   0  6482
128  6612  2   0  6612
129  3672  2   0  3672
130  4968  4   0  0  0  4968
131  6476  2   0  6476
132  6610  3   0  0  6610
133  6610  2   0  6610
134  132  3   0  0  132
135  6614  2   0  6614
136  4348  2   0  4348
137  6604  3   0  0  6604
138  6612  2   0  6612
139  6614  2   0  6614
140  1502  3   0  0  1502
141  6456  2   0  6456
142  102  2   0  102
143  6456  2   0  6456
144  6614  3   0  0  6614
145  1224  2   0  1224
146  6602  3   0  0  6602
147  4800  2   0  4800
148  6440  2   0  6440
149  6614  2   0  6614
150  6610  4   0  0  0  6610
151  1032  2   0  1032
152  6149  3   0  0  6149
153  5014  3   0  0  5014
154  6602  2   0  6602
155  6610  2   0  6610
156  6614  2   0  6614
157  802  3   0  0  802
158  90  2   3  87
159  6180  2   0  6180
160  6612  2   0  6612
161  776  2   0  776
162  86  2   0  86
163  6602  2   0  6602

[pop]=5
1  63386  2   1  63385
2  56546  5   3  1  1  0  56541
3  66380  3   0  1  66379
4  65769  4   1  371  1  65396
5  34960  2   4  34956
6  57426  2   1  57425
7  66382  2   7  66375
8  40330  2   0  40330
9  58437  3   6  62  58369
10  66733  3   1  0  66732
11  66490  2   79  66411
12  66674  2   43317  23357
13  40793  3   0  3  40790
14  66424  2   0  66424
15  66228  3   1  0  66227
16  10904  2   1  10903
17  40942  3   4  3  40935
18  12326  3   3  3  12320
19  27342  3   0  1  27341
20  13827  3   1  4  13822
21  66632  2   1  66631
22  66183  3   0  1  66182
23  63818  2   0  63818
24  26364  2   3  26361
25  40156  2   8  40148
26  66732  3   0  0  66732
27  66068  2   2  66066
28  17226  2   0  17226
29  43310  2   3  43307
30  66051  3   0  1  66050
31  66066  2   0  66066
32  66736  3   5  1  66730
33  66198  2   0  66198
34  18692  2   0  18692
35  37156  2   2  37154
36  66734  4   0  0  5  66729
37  63060  2   1  63059
38  63031  4   11  1  4  63015
39  20462  2   0  20462
40  44552  3   1  0  44551
41  23348  2   0  23348
42  62858  3   0  1  62857
43  20878  3   3  0  20875
44  66190  2   101  66089
45  36994  2   1  36993
46  66733  3   1  23  66709
47  66622  2   0  66622
48  62560  3   1  228  62331
49  20956  3   0  1  20955
50  66202  3   1  1  66200
51  36816  2   1  36815
52  66734  2   1  66733
53  62500  2   0  62500
54  66209  3   3  1  66205
55  64707  3   2  621  64084
56  36500  2   0  36500
57  66733  3   0  1  66732
58  66664  2   0  66664
59  66679  3   1  133  66545
60  21294  2   0  21294
61  66262  2   1  66261
62  64834  2   4  64830
63  35878  2   0  35878
64  21079  4   0  0  5  21074
65  18604  2   0  18604
66  60636  2   0  60636
67  20945  3   2  0  20943
68  65276  2   0  65276
69  66706  2   0  66706
70  44623  4   0  0  0  44623
71  64778  2   0  64778
72  66320  2   2  66318
73  44048  2   1  44047
74  66270  2   0  66270
75  66338  4   0  2  0  66336
76  66720  3   1  2  66717
77  42820  2   1  42819
78  66334  2   0  66334
79  65112  2   1  65111
80  66344  3   2  0  66342
81  32796  2   0  32796
82  59779  3   0  0  59779
83  66032  2   0  66032
84  32280  2   0  32280
85  19211  3   0  0  19211
86  66350  2   17  66333
87  66066  3   0  2  66064
88  31847  3   1  0  31846
89  59306  3   1  0  59305
90  18940  3   2  0  18938
91  12476  2   0  12476
92  59172  2   0  59172
93  64492  3   1  0  64491
94  66714  3   0  0  66714
95  65910  3   1  3821  62088
96  23616  2   0  23616
97  9820  2   0  9820
98  29266  2   3  29263
99  66718  5   0  1  1  18  66698
100  56523  3   1  2  56520
101  9038  2   0  9038
102  64147  3   2  1  64144
103  66720  3   1  1  66718
104  55884  3   1  1  55882
105  43487  4   1  1  0  43485
106  55370  2   2  55368
107  66248  3   0  0  66248
108  66259  3   2  0  66257
109  66724  2   2  66722
110  66706  2   4  66702
111  32398  2   2  32396
112  66704  2   0  66704
113  59526  2   58982  544
114  13312  3   0  0  13312
115  36854  3   1  2  36851
116  47972  2   3  47969
117  66238  2   3  66235
118  56112  2   4  56108
119  66322  2   0  66322
120  66414  3   3  0  66411
121  44638  2   0  44638
122  10635  4   3  1  1  10630
123  66386  2   0  66386
124  66708  3   1  0  66707
125  63350  2   0  63350
126  66716  2   3  66713
127  63294  2   1  63293
128  66436  2   4  66432
129  50560  2   0  50560
130  54182  4   1  0  1  54180
131  63108  2   10  63098
132  66720  3   0  5  66715
133  66734  2   2  66732
134  6964  3   1  0  6963
135  66732  2   0  66732
136  55900  2   4  55896
137  65727  3   1  12  65714
138  66590  2   2  66588
139  66730  2   0  66730
140  23782  3   2  1  23779
141  62698  2   0  62698
142  6160  2   47  6113
143  62488  2   2  62486
144  66523  3   5  2  66516
145  21358  2   31  21327
146  65642  3   0  0  65642
147  58994  2   0  58994
148  62116  2   0  62116
149  66538  2   0  66538
150  66734  4   1  6  1  66726
151  19198  2   0  19198
152  65021  3   0  0  65021
153  60610  3   2  1  60607
154  65434  2   0  65434
155  66624  2   3  66621
156  66718  2   5  66713
157  16257  3   0  1  16256
158  5594  2   2  5592
159  65218  2   0  65218
160  66736  2   0  66736
161  15964  2   1  15963
162  5468  2   2  5466
163  65298  2   1  65297

[pop]=6
1  834  2   0  834
2  690  5   0  0  0  0  690
3  900  3   0  0  900
4  873  4   0  2  0  871
5  440  2   0  440
6  698  2   0  698
7  900  2   0  900
8  518  2   0  518
9  710  3   0  4  706
10  908  3   0  0  908
11  892  2   0  892
12  900  2   637  263
13  467  3   0  0  467
14  900  2   0  900
15  882  3   0  0  882
16  212  2   0  212
17  533  3   0  0  533
18  222  3   0  0  222
19  342  3   1  0  341
20  228  3   0  0  228
21  896  2   0  896
22  880  3   0  0  880
23  840  2   0  840
24  324  2   0  324
25  458  2   0  458
26  908  3   0  0  908
27  888  2   0  888
28  248  2   0  248
29  550  2   0  550
30  890  3   0  0  890
31  880  2   0  880
32  908  3   0  0  908
33  894  2   0  894
34  262  2   0  262
35  438  2   0  438
36  908  4   0  0  0  908
37  810  2   0  810
38  809  4   0  0  0  809
39  280  2   0  280
40  554  3   0  0  554
41  294  2   0  294
42  800  3   0  0  800
43  286  3   0  0  286
44  900  2   2  898
45  430  2   0  430
46  908  3   0  0  908
47  898  2   0  898
48  784  3   0  3  781
49  286  3   0  0  286
50  899  3   0  0  899
51  430  2   0  430
52  908  2   0  908
53  784  2   0  784
54  900  3   0  0  900
55  837  3   0  3  834
56  436  2   0  436
57  908  3   0  0  908
58  898  2   0  898
59  900  3   0  4  896
60  288  2   0  288
61  902  2   0  902
62  838  2   0  838
63  430  2   0  430
64  285  4   0  0  0  285
65  232  2   0  232
66  754  2   0  754
67  282  3   0  0  282
68  890  2   0  890
69  900  2   0  900
70  529  4   0  0  0  529
71  840  2   0  840
72  890  2   0  890
73  504  2   0  504
74  900  2   0  900
75  906  4   0  0  0  906
76  900  3   0  0  900
77  486  2   0  486
78  906  2   0  906
79  890  2   0  890
80  906  3   0  0  906
81  396  2   0  396
82  776  3   0  0  776
83  894  2   0  894
84  396  2   0  396
85  267  3   0  0  267
86  906  2   1  905
87  895  3   0  0  895
88  389  3   0  0  389
89  763  3   0  0  763
90  271  3   0  0  271
91  184  2   0  184
92  762  2   0  762
93  887  3   0  0  887
94  900  3   0  1  899
95  906  3   0  98  808
96  234  2   0  234
97  166  2   0  166
98  350  2   0  350
99  900  5   0  0  0  0  900
100  714  3   0  0  714
101  162  2   0  162
102  887  3   0  0  887
103  900  3   0  0  900
104  711  3   0  0  711
105  456  4   0  0  0  456
106  700  2   0  700
107  896  3   0  0  896
108  906  3   0  1  905
109  900  2   0  900
110  898  2   0  898
111  346  2   0  346
112  898  2   0  898
113  754  2   751  3
114  226  3   0  0  226
115  384  3   0  0  384
116  632  2   0  632
117  894  2   0  894
118  680  2   0  680
119  898  2   0  898
120  906  3   0  0  906
121  582  2   0  582
122  194  4   0  0  0  194
123  898  2   0  898
124  900  3   0  0  900
125  876  2   1  875
126  900  2   0  900
127  880  2   0  880
128  898  2   0  898
129  602  2   0  602
130  640  4   0  0  0  640
131  868  2   0  868
132  899  3   0  1  898
133  900  2   0  900
134  171  3   0  0  171
135  900  2   0  900
136  682  2   0  682
137  892  3   0  0  892
138  906  2   0  906
139  900  2   0  900
140  348  3   0  0  348
141  850  2   0  850
142  164  2   6  158
143  836  2   0  836
144  899  3   0  0  899
145  312  2   0  312
146  892  3   0  0  892
147  726  2   0  726
148  832  2   0  832
149  900  2   0  900
150  900  4   0  0  0  900
151  292  2   0  292
152  866  3   0  0  866
153  737  3   0  0  737
154  890  2   0  890
155  906  2   0  906
156  900  2   0  900
157  274  3   0  0  274
158  156  2   0  156
159  866  2   0  866
160  900  2   0  900
161  272  2   0  272
162  156  2   0  156
163  890  2   0  890

[pop]=7
1  16238  2   1  16237
2  13530  5   1  0  1  0  13528
3  16502  3   1  0  16501
4  16496  4   0  36  13  16447
5  11406  2   0  11406
6  13732  2   1  13731
7  16504  2   0  16504
8  11364  2   4  11360
9  13951  3   1  1  13949
10  16512  3   0  1  16511
11  16492  2   0  16492
12  16508  2   13428  3080
13  11233  3   0  0  11233
14  16504  2   3  16501
15  16395  3   0  0  16395
16  8128  2   2  8126
17  11430  3   0  0  11430
18  8244  3   0  0  8244
19  10496  3   0  0  10496
20  8402  3   0  0  8402
21  16500  2   1  16499
22  16379  3   5  1  16373
23  16290  2   0  16290
24  10338  2   0  10338
25  11280  2   0  11280
26  16512  3   3  5  16504
27  16506  2   0  16506
28  8738  2   5  8733
29  11534  2   0  11534
30  16507  3   79  0  16428
31  16306  2   6  16300
32  16512  3   0  0  16512
33  16460  2   4  16456
34  8894  2   0  8894
35  10970  2   0  10970
36  16512  4   0  0  0  16512
37  16048  2   1  16047
38  16041  4   0  0  0  16041
39  9122  2   0  9122
40  11180  3   0  0  11180
41  9814  2   0  9814
42  15982  3   7  0  15975
43  9202  3   0  0  9202
44  16508  2   2  16506
45  10974  2   0  10974
46  16512  3   0  0  16512
47  16448  2   0  16448
48  15880  3   0  0  15880
49  9212  3   0  0  9212
50  16508  3   0  0  16508
51  10928  2   0  10928
52  16512  2   1  16511
53  15876  2   1  15875
54  16508  3   0  0  16508
55  15674  3   0  2  15672
56  10900  2   2  10898
57  16512  3   0  1  16511
58  16472  2   0  16472
59  16482  3   0  8  16474
60  9260  2   0  9260
61  16510  2   0  16510
62  15698  2   0  15698
63  10806  2   2  10804
64  9281  4   4  1  0  9276
65  9040  2   0  9040
66  15484  2   0  15484
67  9266  3   0  0  9266
68  16360  2   2  16358
69  16504  2   3  16501
70  9303  4   2  1  3  9297
71  15558  2   0  15558
72  15982  2   0  15982
73  8844  2   0  8844
74  16482  2   2  16480
75  16510  4   0  2  6  16502
76  16504  3   0  8  16496
77  8026  2   0  8026
78  16510  2   0  16510
79  16336  2   0  16336
80  16510  3   0  0  16510
81  9890  2   1  9889
82  15129  3   5  1  15123
83  15966  2   0  15966
84  9564  2   26  9538
85  9115  3   0  0  9115
86  16510  2   0  16510
87  16060  3   0  0  16060
88  9451  3   0  0  9451
89  14962  3   0  1  14961
90  9082  3   0  2  9080
91  8246  2   2  8244
92  14910  2   0  14910
93  16263  3   18  1  16244
94  16506  3   2  3  16501
95  16498  3   0  4146  12352
96  4526  2   0  4526
97  7982  2   2  7980
98  8308  2   0  8308
99  16506  5   0  0  0  0  16506
100  14356  3   0  0  14356
101  7872  2   3  7869
102  16233  3   0  0  16233
103  16506  3   0  0  16506
104  14252  3   0  1  14251
105  5767  4   0  0  0  5767
106  14144  2   1  14143
107  16456  3   1  0  16455
108  16510  3   1  16  16493
109  16512  2   0  16512
110  16498  2   0  16498
111  7566  2   0  7566
112  16496  2   0  16496
113  12224  2   12219  5
114  8407  3   1  0  8406
115  8977  3   1  3  8973
116  13024  2   0  13024
117  16484  2   4  16480
118  10610  2   0  10610
119  16490  2   0  16490
120  16512  3   1  0  16511
121  12582  2   0  12582
122  8107  4   0  0  4  8103
123  16492  2   0  16492
124  16504  3   0  0  16504
125  15770  2   1  15769
126  16508  2   0  16508
127  15466  2   0  15466
128  16506  2   0  16506
129  12374  2   0  12374
130  10246  4   0  0  0  10246
131  15050  2   0  15050
132  16509  3   0  1  16508
133  16506  2   0  16506
134  7794  3   0  1  7793
135  16510  2   7  16503
136  13652  2   0  13652
137  16468  3   0  1  16467
138  16512  2   0  16512
139  16510  2   0  16510
140  9659  3   0  0  9659
141  13856  2   0  13856
142  7740  2   13  7727
143  13514  2   0  13514
144  16505  3   0  0  16505
145  9378  2   2  9376
146  16446  3   0  6  16440
147  14378  2   2  14376
148  13032  2   5  13027
149  16506  2   0  16506
150  16507  4   0  0  0  16507
151  9126  2   0  9126
152  16268  3   5  1  16262
153  14885  3   0  1  14884
154  16398  2   0  16398
155  16512  2   0  16512
156  16508  2   0  16508
157  8799  3   1  0  8798
158  7728  2   0  7728
159  16328  2   0  16328
160  16508  2   1  16507
161  8774  2   0  8774
162  7732  2   14  7718
163  16342  2   2  16340

