[loci]=149

[populations]=7

[pop]=1
1  10374  2   1  10373
2  9660  2   0  9660
3  10156  2   154  10002
4  10232  2   2  10230
5  10184  3   0  0  10184
6  9428  2   0  9428
7  5056  2   1  5055
8  10382  3   0  0  10382
9  8910  2   0  8910
10  9606  3   0  0  9606
11  8948  2   0  8948
12  10404  2   0  10404
13  4510  2   0  4510
14  10368  3   0  0  10368
15  6884  2   0  6884
16  8948  2   0  8948
17  10384  2   3  10381
18  10192  2   0  10192
19  10382  2   0  10382
20  10400  3   0  0  10400
21  10384  3   0  0  10384
22  10388  2   0  10388
23  9658  2   0  9658
24  9920  2   0  9920
25  9968  2   0  9968
26  9341  3   1  0  9340
27  9792  2   0  9792
28  10396  2   3  10393
29  9383  3   0  0  9383
30  10368  2   0  10368
31  8864  2   0  8864
32  10306  2   1  10305
33  10180  2   10  10170
34  9754  3   0  1  9753
35  9756  2   0  9756
36  10270  2   0  10270
37  10378  2   0  10378
38  9608  2   0  9608
39  9746  2   0  9746
40  10150  2   0  10150
41  7554  2   0  7554
42  9512  2   0  9512
43  10390  2   0  10390
44  10264  2   0  10264
45  10398  2   1  10397
46  10390  2   0  10390
47  10348  2   3  10345
48  10346  4   0  0  0  10346
49  10388  3   0  0  10388
50  10202  2   0  10202
51  7494  2   4  7490
52  10264  2   0  10264
53  10250  2   0  10250
54  9796  2   0  9796
55  10274  2   0  10274
56  9745  3   0  0  9745
57  10370  2   2  10368
58  10260  2   0  10260
59  10212  2   0  10212
60  9732  2   0  9732
61  9796  2   0  9796
62  10252  3   0  15  10237
63  10148  3   0  0  10148
64  10100  2   0  10100
65  10060  2   0  10060
66  8718  2   0  8718
67  9770  2   0  9770
68  10089  3   0  0  10089
69  10382  2   1  10381
70  10394  2   0  10394
71  10188  2   0  10188
72  10190  2   0  10190
73  8678  3   0  0  8678
74  9590  3   193  0  9397
75  10227  3   0  0  10227
76  9808  2   1  9807
77  10252  2   0  10252
78  10340  2   0  10340
79  10402  2   2  10400
80  9792  3   0  0  9792
81  10299  3   0  0  10299
82  8646  3   0  1  8645
83  9710  2   0  9710
84  10398  4   1  0  0  10397
85  8642  2   0  8642
86  9800  3   0  1  9799
87  9736  2   0  9736
88  9808  2   0  9808
89  9528  2   0  9528
90  10312  3   0  0  10312
91  8559  3   0  0  8559
92  9924  2   0  9924
93  10355  3   2  0  10353
94  10406  2   0  10406
95  10396  3   0  17  10379
96  10397  3   0  0  10397
97  10342  2   73  10269
98  10406  2   0  10406
99  10368  3   0  0  10368
100  9802  2   365  9437
101  10340  2   0  10340
102  10340  3   0  0  10340
103  8442  2   0  8442
104  10359  3   0  0  10359
105  9454  3   0  0  9454
106  10404  2   0  10404
107  10332  3   0  0  10332
108  8174  2   1  8173
109  10396  3   0  0  10396
110  9800  2   0  9800
111  8338  2   1  8337
112  10396  2   0  10396
113  10214  2   0  10214
114  9783  3   0  0  9783
115  9808  3   0  0  9808
116  10380  3   0  0  10380
117  8502  2   1  8501
118  10394  2   0  10394
119  10378  3   0  0  10378
120  10318  2   1  10317
121  10326  3   0  0  10326
122  10390  3   0  1  10389
123  10402  3   0  0  10402
124  10396  2   1  10395
125  9802  2   0  9802
126  10394  2   0  10394
127  10396  3   0  0  10396
128  10402  3   0  0  10402
129  9798  2   0  9798
130  10400  3   1  0  10399
131  10144  2   0  10144
132  10402  3   0  2  10400
133  10336  2   0  10336
134  10288  2   0  10288
135  10398  3   0  0  10398
136  10120  2   0  10120
137  10400  2   0  10400
138  10172  2   0  10172
139  10392  2   0  10392
140  10394  2   28  10366
141  10398  2   0  10398
142  10396  3   0  0  10396
143  9802  3   0  0  9802
144  10299  3   0  0  10299
145  10406  2   0  10406
146  10400  3   0  0  10400
147  9798  2   0  9798
148  10406  3   0  0  10406
149  10402  2   0  10402

[pop]=2
1  11394  2   2  11392
2  11546  2   0  11546
3  11568  2   10  11558
4  11426  2   0  11426
5  11568  3   0  1  11567
6  11348  2   3  11345
7  5808  2   1  5807
8  11412  3   0  0  11412
9  10704  2   3  10701
10  11413  3   0  0  11413
11  10742  2   0  10742
12  11576  2   1  11575
13  2054  2   6  2048
14  11541  3   0  0  11541
15  9422  2   0  9422
16  10778  2   0  10778
17  11428  2   1  11427
18  11564  2   0  11564
19  11556  2   0  11556
20  11570  3   0  1  11569
21  11438  3   0  0  11438
22  11568  2   0  11568
23  11410  2   2  11408
24  11518  2   0  11518
25  11526  2   0  11526
26  10819  3   0  0  10819
27  11556  2   0  11556
28  11560  2   0  11560
29  10938  3   0  0  10938
30  11554  2   2  11552
31  10810  2   0  10810
32  11492  2   0  11492
33  11540  2   0  11540
34  11556  3   1  0  11555
35  11502  2   0  11502
36  11540  2   0  11540
37  11448  2   0  11448
38  11400  2   1  11399
39  11554  2   3  11551
40  11532  2   0  11532
41  10464  2   2  10462
42  11218  2   0  11218
43  11556  2   0  11556
44  11536  2   0  11536
45  11564  2   6  11558
46  11556  2   0  11556
47  11430  2   0  11430
48  11423  4   0  0  0  11423
49  11578  3   0  0  11578
50  11350  2   0  11350
51  10414  2   1  10413
52  11540  2   0  11540
53  11244  2   0  11244
54  11540  2   0  11540
55  11566  2   0  11566
56  11220  3   2  0  11218
57  11578  2   0  11578
58  11534  2   1  11533
59  11452  2   1  11451
60  11526  2   0  11526
61  11534  2   6  11528
62  11525  3   0  1  11524
63  11535  3   0  0  11535
64  11524  2   0  11524
65  11352  2   0  11352
66  11264  2   0  11264
67  11472  2   3  11469
68  11523  3   0  0  11523
69  11520  2   0  11520
70  11564  2   0  11564
71  11422  2   0  11422
72  11250  2   0  11250
73  11265  3   0  0  11265
74  11220  3   7  1  11212
75  11311  3   0  0  11311
76  11574  2   3  11571
77  11352  2   0  11352
78  11578  2   0  11578
79  11570  2   0  11570
80  11558  3   1  0  11557
81  11417  3   0  0  11417
82  11262  3   0  0  11262
83  11506  2   0  11506
84  11520  4   0  0  0  11520
85  11244  2   0  11244
86  11576  3   0  0  11576
87  11528  2   3  11525
88  11574  2   0  11574
89  11126  2   0  11126
90  11526  3   0  0  11526
91  11203  3   0  0  11203
92  11408  2   12  11396
93  11546  3   0  0  11546
94  11574  2   0  11574
95  11572  3   0  36  11536
96  11570  3   0  0  11570
97  11544  2   1  11543
98  11576  2   1  11575
99  11565  3   0  0  11565
100  11576  2   63  11513
101  11572  2   0  11572
102  11572  3   0  0  11572
103  11162  2   0  11162
104  11541  3   0  0  11541
105  10978  3   0  0  10978
106  11572  2   1  11571
107  11536  3   0  1  11535
108  11126  2   0  11126
109  11568  3   0  0  11568
110  11576  2   1  11575
111  11118  2   0  11118
112  11568  2   0  11568
113  11500  2   0  11500
114  11558  3   0  0  11558
115  11574  3   0  0  11574
116  11504  3   0  0  11504
117  11100  2   0  11100
118  11570  2   0  11570
119  11503  3   0  0  11503
120  11574  2   0  11574
121  11531  3   8  0  11523
122  11569  3   0  0  11569
123  11576  3   0  0  11576
124  11570  2   0  11570
125  11576  2   0  11576
126  11574  2   0  11574
127  11570  3   0  1  11569
128  11576  3   0  0  11576
129  11572  2   0  11572
130  11574  3   0  0  11574
131  11560  2   0  11560
132  11568  3   0  0  11568
133  11538  2   2  11536
134  11514  2   0  11514
135  11574  3   0  0  11574
136  11572  2   0  11572
137  11578  2   0  11578
138  11542  2   0  11542
139  11574  2   0  11574
140  11576  2   0  11576
141  11578  2   1  11577
142  11571  3   0  0  11571
143  11576  3   0  1  11575
144  11529  3   0  0  11529
145  11574  2   1  11573
146  11572  3   0  0  11572
147  11568  2   0  11568
148  11574  3   0  5  11569
149  11576  2   0  11576

[pop]=3
1  8632  2   0  8632
2  8566  2   3  8563
3  8634  2   0  8634
4  8552  2   0  8552
5  8634  3   1  0  8633
6  8436  2   0  8436
7  4388  2   0  4388
8  8632  3   0  0  8632
9  8430  2   0  8430
10  8521  3   0  0  8521
11  8436  2   0  8436
12  8654  2   0  8654
13  3168  2   0  3168
14  8643  3   1  0  8642
15  7340  2   2  7338
16  8450  2   0  8450
17  8642  2   0  8642
18  8632  2   7  8625
19  8650  2   0  8650
20  8654  3   0  0  8654
21  8640  3   0  0  8640
22  8650  2   0  8650
23  8568  2   0  8568
24  8602  2   0  8602
25  8614  2   4  8610
26  8179  3   0  0  8179
27  8602  2   6  8596
28  8652  2   0  8652
29  8256  3   0  0  8256
30  8638  2   0  8638
31  8418  2   0  8418
32  8620  2   0  8620
33  8616  2   0  8616
34  8612  3   0  0  8612
35  8610  2   3  8607
36  8640  2   0  8640
37  8634  2   0  8634
38  8544  2   0  8544
39  8612  2   0  8612
40  8612  2   1  8611
41  7968  2   0  7968
42  8208  2   2  8206
43  8638  2   1  8637
44  8640  2   2  8638
45  8650  2   0  8650
46  8646  2   0  8646
47  8628  2   0  8628
48  8629  4   0  0  0  8629
49  8654  3   0  0  8654
50  8542  2   0  8542
51  7910  2   0  7910
52  8634  2   0  8634
53  8578  2   0  8578
54  8584  2   0  8584
55  8638  2   0  8638
56  8473  3   0  0  8473
57  8654  2   0  8654
58  8632  2   2  8630
59  8590  2   0  8590
60  8614  2   18  8596
61  8582  2   0  8582
62  8630  3   0  0  8630
63  8638  3   0  0  8638
64  8630  2   0  8630
65  8598  2   0  8598
66  8352  2   2  8350
67  8516  2   0  8516
68  8630  3   0  1  8629
69  8648  2   16  8632
70  8652  2   0  8652
71  8618  2   3  8615
72  8460  2   0  8460
73  8355  3   0  0  8355
74  8534  3   0  0  8534
75  8484  3   0  0  8484
76  8626  2   0  8626
77  8514  2   0  8514
78  8650  2   0  8650
79  8654  2   0  8654
80  8622  3   0  0  8622
81  8549  3   0  0  8549
82  8360  3   0  0  8360
83  8556  2   0  8556
84  8648  4   0  0  0  8648
85  8368  2   0  8368
86  8626  3   0  0  8626
87  8568  2   0  8568
88  8626  2   1  8625
89  8518  2   1  8517
90  8638  3   0  2  8636
91  8364  3   0  0  8364
92  8564  2   0  8564
93  8626  3   0  0  8626
94  8654  2   0  8654
95  8654  3   0  0  8654
96  8654  3   0  0  8654
97  8628  2   0  8628
98  8654  2   0  8654
99  8651  3   0  0  8651
100  8626  2   0  8626
101  8650  2   0  8650
102  8650  3   0  1  8649
103  8358  2   0  8358
104  8638  3   0  1  8637
105  8462  3   0  0  8462
106  8654  2   0  8654
107  8640  3   0  0  8640
108  8336  2   0  8336
109  8652  3   0  0  8652
110  8626  2   0  8626
111  8380  2   0  8380
112  8652  2   0  8652
113  8622  2   5  8617
114  8592  3   0  0  8592
115  8626  3   2  0  8624
116  8648  3   0  0  8648
117  8388  2   0  8388
118  8654  2   0  8654
119  8647  3   0  0  8647
120  8650  2   2  8648
121  8618  3   0  0  8618
122  8650  3   0  0  8650
123  8654  3   2  0  8652
124  8654  2   0  8654
125  8626  2   0  8626
126  8650  2   0  8650
127  8654  3   0  0  8654
128  8654  3   0  0  8654
129  8610  2   1  8609
130  8650  3   0  1  8649
131  8628  2   0  8628
132  8654  3   0  0  8654
133  8640  2   0  8640
134  8592  2   0  8592
135  8650  3   0  0  8650
136  8646  2   0  8646
137  8654  2   0  8654
138  8632  2   0  8632
139  8654  2   0  8654
140  8652  2   0  8652
141  8654  2   1  8653
142  8654  3   0  0  8654
143  8626  3   1  0  8625
144  8631  3   1  0  8630
145  8654  2   0  8654
146  8654  3   1  0  8653
147  8604  2   2  8602
148  8654  3   0  0  8654
149  8652  2   0  8652

[pop]=4
1  6582  2   0  6582
2  6614  2   0  6614
3  6614  2   0  6614
4  6556  2   0  6556
5  6613  3   0  0  6613
6  6542  2   0  6542
7  1886  2   0  1886
8  6585  3   0  0  6585
9  6176  2   0  6176
10  6565  3   0  0  6565
11  6194  2   0  6194
12  6612  2   0  6612
13  700  2   0  700
14  6606  3   0  0  6606
15  3940  2   0  3940
16  6202  2   0  6202
17  6586  2   0  6586
18  6610  2   0  6610
19  6610  2   0  6610
20  6612  3   0  0  6612
21  6586  3   0  1  6585
22  6612  2   0  6612
23  6582  2   0  6582
24  6606  2   0  6606
25  6614  2   0  6614
26  6461  3   0  0  6461
27  6614  2   0  6614
28  6604  2   0  6604
29  6492  3   0  0  6492
30  6574  2   0  6574
31  6170  2   0  6170
32  6584  2   0  6584
33  6608  2   0  6608
34  6612  3   0  0  6612
35  6604  2   0  6604
36  6604  2   0  6604
37  6592  2   0  6592
38  6582  2   0  6582
39  6612  2   0  6612
40  6606  2   1  6605
41  4672  2   0  4672
42  6360  2   0  6360
43  6598  2   0  6598
44  6602  2   0  6602
45  6612  2   0  6612
46  6602  2   0  6602
47  6590  2   0  6590
48  6590  4   0  0  0  6590
49  6614  3   0  0  6614
50  6532  2   0  6532
51  4624  2   0  4624
52  6602  2   0  6602
53  6434  2   0  6434
54  6612  2   0  6612
55  6610  2   0  6610
56  6493  3   0  0  6493
57  6614  2   0  6614
58  6602  2   0  6602
59  6528  2   0  6528
60  6608  2   0  6608
61  6610  2   0  6610
62  6598  3   0  0  6598
63  6608  3   0  0  6608
64  6606  2   0  6606
65  6512  2   0  6512
66  5774  2   0  5774
67  6596  2   0  6596
68  6606  3   0  0  6606
69  6594  2   0  6594
70  6612  2   0  6612
71  6548  2   0  6548
72  6552  2   1  6551
73  5764  3   0  0  5764
74  6564  3   0  0  6564
75  6560  3   0  0  6560
76  6614  2   0  6614
77  6568  2   0  6568
78  6614  2   0  6614
79  6614  2   0  6614
80  6614  3   0  0  6614
81  6587  3   0  0  6587
82  5738  3   0  0  5738
83  6596  2   0  6596
84  6592  4   0  0  0  6592
85  5722  2   0  5722
86  6614  3   2  0  6612
87  6600  2   0  6600
88  6614  2   0  6614
89  6540  2   0  6540
90  6610  3   0  0  6610
91  5672  3   0  0  5672
92  6578  2   2  6576
93  6608  3   0  0  6608
94  6614  2   0  6614
95  6614  3   0  19  6595
96  6614  3   0  0  6614
97  6598  2   0  6598
98  6614  2   0  6614
99  6612  3   0  0  6612
100  6614  2   0  6614
101  6614  2   1  6613
102  6614  3   0  0  6614
103  5620  2   0  5620
104  6614  3   1  0  6613
105  6496  3   0  0  6496
106  6614  2   1  6613
107  6610  3   0  0  6610
108  5526  2   0  5526
109  6614  3   0  0  6614
110  6614  2   0  6614
111  5534  2   0  5534
112  6614  2   0  6614
113  6590  2   0  6590
114  6605  3   0  0  6605
115  6614  3   0  0  6614
116  6590  3   0  0  6590
117  5526  2   0  5526
118  6612  2   0  6612
119  6590  3   0  0  6590
120  6614  2   0  6614
121  6614  3   0  0  6614
122  6610  3   0  0  6610
123  6614  3   0  0  6614
124  6612  2   0  6612
125  6614  2   0  6614
126  6610  2   0  6610
127  6612  3   1  0  6611
128  6613  3   0  0  6613
129  6608  2   0  6608
130  6610  3   0  0  6610
131  6606  2   0  6606
132  6612  3   0  0  6612
133  6610  2   0  6610
134  6614  2   0  6614
135  6610  3   0  0  6610
136  6584  2   0  6584
137  6614  2   0  6614
138  6606  2   0  6606
139  6614  2   0  6614
140  6614  2   0  6614
141  6614  2   0  6614
142  6614  3   0  0  6614
143  6614  3   0  0  6614
144  6610  3   0  1  6609
145  6614  2   0  6614
146  6614  3   0  0  6614
147  6610  2   0  6610
148  6614  3   1  0  6613
149  6610  2   0  6610

[pop]=5
1  66288  2   1  66287
2  65618  2   0  65618
3  66626  2   4  66622
4  65848  2   0  65848
5  66634  3   0  0  66634
6  64220  2   3  64217
7  32456  2   0  32456
8  66384  3   0  2  66382
9  57758  2   0  57758
10  65006  3   2  1  65003
11  58170  2   3  58167
12  66676  2   1  66675
13  21938  2   1  21937
14  66532  3   1  0  66531
15  53044  2   0  53044
16  58462  2   2  58460
17  66466  2   0  66466
18  66616  2   0  66616
19  66638  2   2  66636
20  66608  3   1  0  66607
21  66469  3   0  0  66469
22  66676  2   13  66663
23  66148  2   1  66147
24  66090  2   4  66086
25  64932  2   0  64932
26  63864  3   0  1  63863
27  66612  2   0  66612
28  66518  2   0  66518
29  64274  3   1  1  64272
30  66504  2   1  66503
31  58128  2   0  58128
32  66404  2   2  66402
33  66568  2   0  66568
34  66492  3   0  0  66492
35  66518  2   0  66518
36  66700  2   3  66697
37  66316  2   3  66313
38  66062  2   1  66061
39  66450  2   12  66438
40  66532  2   1  66531
41  57742  2   0  57742
42  61434  2   0  61434
43  66602  2   1  66601
44  66698  2   0  66698
45  66706  2   0  66706
46  66602  2   3  66599
47  66028  2   0  66028
48  65984  4   1  0  0  65983
49  66718  3   0  1  66717
50  65276  2   0  65276
51  57450  2   0  57450
52  66686  2   2  66684
53  64988  2   0  64988
54  66590  2   5  66585
55  66634  2   2  66632
56  63838  3   4  0  63834
57  66716  2   0  66716
58  66658  2   0  66658
59  65152  2   1  65151
60  66592  2   0  66592
61  66524  2   0  66524
62  66641  3   1  0  66640
63  66370  3   0  1  66369
64  66246  2   2  66244
65  64804  2   3  64801
66  63354  2   0  63354
67  66082  2   0  66082
68  66199  3   1  0  66198
69  66580  2   0  66580
70  66688  2   3  66685
71  65518  2   1  65517
72  63546  2   2  63544
73  63404  3   1  2  63401
74  65850  3   4  0  65846
75  63958  3   1  2  63955
76  66728  2   20  66708
77  64288  2   3  64285
78  66696  2   3  66693
79  66600  2   0  66600
80  66694  3   0  1  66693
81  65115  3   1  0  65114
82  63420  3   1  0  63419
83  66322  2   2  66320
84  66590  4   1  1  0  66588
85  63428  2   0  63428
86  66738  3   3  0  66735
87  66478  2   0  66478
88  66736  2   1  66735
89  65516  2   1  65515
90  66452  3   1  0  66451
91  63176  3   1  1  63174
92  64784  2   36  64748
93  66354  3   0  1  66353
94  66718  2   2  66716
95  66554  3   1  609  65944
96  66526  3   16  1  66509
97  65986  2   0  65986
98  66720  2   4  66716
99  66691  3   1  0  66690
100  66736  2   24  66712
101  66614  2   16  66598
102  66616  3   1  0  66615
103  62872  2   0  62872
104  65794  3   47  0  65747
105  64994  3   1  1  64992
106  66716  2   1  66715
107  66486  3   1  0  66485
108  62134  2   0  62134
109  66708  3   1  0  66707
110  66738  2   1  66737
111  62506  2   1  62505
112  66708  2   0  66708
113  66352  2   0  66352
114  66681  3   1  3  66677
115  66740  3   0  1  66739
116  66540  3   0  1  66539
117  62792  2   1  62791
118  66706  2   0  66706
119  66520  3   0  0  66520
120  66590  2   2  66588
121  65338  3   0  1  65337
122  66549  3   1  0  66548
123  66698  3   0  2  66696
124  66706  2   0  66706
125  66738  2   3  66735
126  66610  2   0  66610
127  66706  3   1  0  66705
128  66681  3   1  1  66679
129  66722  2   1  66721
130  66636  3   0  0  66636
131  66448  2   1  66447
132  66705  3   1  0  66704
133  66504  2   0  66504
134  64916  2   2  64914
135  66647  3   0  0  66647
136  66080  2   0  66080
137  66650  2   2  66648
138  66520  2   2  66518
139  66466  2   0  66466
140  66526  2   1  66525
141  66550  2   3  66547
142  66731  3   1  1  66729
143  66738  3   0  0  66738
144  66413  3   0  0  66413
145  66738  2   0  66738
146  66731  3   1  1  66729
147  66726  2   0  66726
148  66738  3   0  0  66738
149  66688  2   2  66686

[pop]=6
1  902  2   1  901
2  880  2   0  880
3  904  2   1  903
4  900  2   0  900
5  904  3   0  0  904
6  880  2   0  880
7  408  2   0  408
8  904  3   1  0  903
9  802  2   0  802
10  887  3   0  0  887
11  802  2   0  802
12  906  2   0  906
13  306  2   0  306
14  908  3   0  0  908
15  684  2   0  684
16  808  2   0  808
17  904  2   0  904
18  908  2   0  908
19  908  2   0  908
20  904  3   0  0  904
21  904  3   0  0  904
22  908  2   0  908
23  896  2   0  896
24  898  2   0  898
25  838  2   0  838
26  860  3   0  0  860
27  900  2   0  900
28  904  2   0  904
29  864  3   0  0  864
30  902  2   0  902
31  800  2   0  800
32  906  2   0  906
33  908  2   0  908
34  894  3   0  0  894
35  896  2   0  896
36  908  2   0  908
37  900  2   0  900
38  892  2   0  892
39  894  2   0  894
40  908  2   0  908
41  762  2   0  762
42  874  2   0  874
43  904  2   0  904
44  908  2   0  908
45  908  2   0  908
46  904  2   0  904
47  890  2   0  890
48  888  4   0  0  1  887
49  908  3   0  0  908
50  896  2   0  896
51  750  2   0  750
52  908  2   0  908
53  882  2   0  882
54  900  2   0  900
55  904  2   0  904
56  882  3   0  0  882
57  908  2   0  908
58  908  2   0  908
59  900  2   0  900
60  896  2   0  896
61  898  2   0  898
62  907  3   0  0  907
63  904  3   0  0  904
64  900  2   0  900
65  892  2   0  892
66  818  2   0  818
67  888  2   0  888
68  900  3   0  0  900
69  908  2   0  908
70  904  2   0  904
71  894  2   0  894
72  852  2   0  852
73  822  3   0  0  822
74  876  3   0  0  876
75  857  3   0  0  857
76  898  2   1  897
77  864  2   0  864
78  904  2   0  904
79  904  2   0  904
80  898  3   0  0  898
81  881  3   0  0  881
82  818  3   0  0  818
83  900  2   0  900
84  902  4   0  0  0  902
85  816  2   0  816
86  899  3   0  0  899
87  900  2   0  900
88  898  2   0  898
89  866  2   0  866
90  904  3   0  0  904
91  813  3   0  0  813
92  886  2   2  884
93  900  3   0  0  900
94  908  2   0  908
95  900  3   0  4  896
96  900  3   0  0  900
97  904  2   0  904
98  908  2   1  907
99  908  3   0  0  908
100  900  2   2  898
101  906  2   0  906
102  906  3   0  0  906
103  810  2   0  810
104  859  3   0  0  859
105  862  3   0  0  862
106  908  2   0  908
107  904  3   0  0  904
108  806  2   0  806
109  906  3   0  1  905
110  900  2   0  900
111  804  2   0  804
112  906  2   0  906
113  906  2   0  906
114  900  3   0  0  900
115  898  3   0  0  898
116  904  3   0  0  904
117  806  2   0  806
118  908  2   0  908
119  902  3   0  0  902
120  904  2   0  904
121  845  3   0  0  845
122  907  3   0  0  907
123  908  3   0  0  908
124  908  2   1  907
125  900  2   0  900
126  908  2   0  908
127  908  3   0  1  907
128  908  3   0  0  908
129  900  2   0  900
130  908  3   0  0  908
131  904  2   0  904
132  908  3   0  0  908
133  904  2   0  904
134  828  2   0  828
135  908  3   0  0  908
136  896  2   0  896
137  906  2   0  906
138  906  2   0  906
139  898  2   0  898
140  900  2   0  900
141  906  2   0  906
142  906  3   0  0  906
143  898  3   0  0  898
144  904  3   0  0  904
145  908  2   0  908
146  906  3   0  0  906
147  900  2   0  900
148  908  3   0  0  908
149  908  2   0  908

[pop]=7
1  16414  2   191  16223
2  16326  2   0  16326
3  16504  2   0  16504
4  16368  2   0  16368
5  16505  3   0  0  16505
6  16202  2   0  16202
7  11124  2   0  11124
8  16432  3   0  0  16432
9  15412  2   0  15412
10  16285  3   0  0  16285
11  15438  2   0  15438
12  16470  2   0  16470
13  9240  2   0  9240
14  16492  3   37  1  16454
15  14922  2   0  14922
16  15474  2   0  15474
17  16432  2   0  16432
18  16500  2   0  16500
19  16496  2   0  16496
20  16401  3   0  0  16401
21  16409  3   2  0  16407
22  16498  2   0  16498
23  16386  2   0  16386
24  16430  2   0  16430
25  12632  2   0  12632
26  15698  3   0  0  15698
27  16478  2   0  16478
28  16302  2   0  16302
29  15773  3   0  0  15773
30  16492  2   0  16492
31  15438  2   3  15435
32  16464  2   1  16463
33  16492  2   0  16492
34  16426  3   0  0  16426
35  16474  2   0  16474
36  16510  2   0  16510
37  15968  2   0  15968
38  16252  2   0  16252
39  16380  2   0  16380
40  16488  2   0  16488
41  15654  2   0  15654
42  15514  2   0  15514
43  16496  2   0  16496
44  16510  2   0  16510
45  16500  2   1  16499
46  16496  2   0  16496
47  15384  2   0  15384
48  15231  4   0  2  0  15229
49  16512  3   1  0  16511
50  16276  2   2  16274
51  15628  2   0  15628
52  16510  2   0  16510
53  15724  2   7  15717
54  16464  2   0  16464
55  16504  2   0  16504
56  15531  3   0  1  15530
57  16512  2   0  16512
58  16506  2   0  16506
59  16370  2   0  16370
60  16438  2   2  16436
61  16446  2   0  16446
62  16500  3   0  0  16500
63  16480  3   2  0  16478
64  16432  2   1  16431
65  16242  2   0  16242
66  16394  2   0  16394
67  16274  2   0  16274
68  16402  3   0  0  16402
69  16502  2   0  16502
70  16506  2   0  16506
71  16336  2   0  16336
72  14472  2   0  14472
73  16382  3   0  0  16382
74  15972  3   0  0  15972
75  14717  3   0  0  14717
76  16510  2   6  16504
77  14890  2   0  14890
78  16508  2   0  16508
79  16322  2   0  16322
80  16500  3   0  0  16500
81  15408  3   0  1  15407
82  16376  3   0  0  16376
83  16474  2   0  16474
84  16439  4   0  0  1  16438
85  16360  2   3  16357
86  16512  3   0  0  16512
87  16486  2   0  16486
88  16512  2   1  16511
89  15826  2   16  15810
90  16416  3   0  0  16416
91  16323  3   0  0  16323
92  15260  2   0  15260
93  16277  3   0  4  16273
94  16512  2   0  16512
95  16238  3   0  19  16219
96  16197  3   0  0  16197
97  16452  2   0  16452
98  16510  2   8  16502
99  16500  3   0  1  16499
100  16512  2   1  16511
101  16458  2   0  16458
102  16456  3   0  0  16456
103  16256  2   2  16254
104  14132  3   0  0  14132
105  15652  3   0  0  15652
106  16508  2   0  16508
107  16438  3   0  0  16438
108  16240  2   2  16238
109  16510  3   0  0  16510
110  16512  2   11  16501
111  16210  2   0  16210
112  16510  2   14  16496
113  16448  2   0  16448
114  16508  3   0  0  16508
115  16512  3   0  0  16512
116  16378  3   1  0  16377
117  16170  2   0  16170
118  16504  2   2  16502
119  16352  3   1  2  16349
120  16428  2   0  16428
121  12901  3   0  0  12901
122  16496  3   0  0  16496
123  16508  3   0  0  16508
124  16504  2   4  16500
125  16512  2   0  16512
126  16502  2   11  16491
127  16502  3   0  59  16443
128  16508  3   0  0  16508
129  16510  2   0  16510
130  16505  3   0  0  16505
131  16464  2   1  16463
132  16503  3   0  0  16503
133  16462  2   0  16462
134  11664  2   0  11664
135  16506  3   1  19  16486
136  16090  2   2  16088
137  16504  2   0  16504
138  16490  2   0  16490
139  15994  2   2  15992
140  16166  2   1  16165
141  16254  2   0  16254
142  16512  3   0  0  16512
143  16512  3   0  0  16512
144  16412  3   0  0  16412
145  16512  2   4  16508
146  16511  3   0  2  16509
147  16510  2   0  16510
148  16512  3   0  0  16512
149  16510  2   0  16510

