[loci]=52

[populations]=7

[pop]=1
1  10406  2   6  10400
2  10404  3   0  0  10404
3  10274  2   0  10274
4  4261  3   0  0  4261
5  10402  3   0  1  10401
6  10073  3   3  0  10070
7  10297  3   0  4157  6140
8  10178  3   1  0  10177
9  10402  2   2  10400
10  10274  2   15  10259
11  10402  2   0  10402
12  10402  2   0  10402
13  10318  3   0  0  10318
14  10352  2   0  10352
15  5942  2   0  5942
16  10403  3   0  0  10403
17  10173  4   0  1  0  10172
18  10326  2   0  10326
19  10387  3   3  0  10384
20  10354  3   0  0  10354
21  10404  4   1  0  0  10403
22  10235  4   0  0  1  10234
23  5996  3   0  0  5996
24  10388  3   3  0  10385
25  10236  3   0  0  10236
26  10202  4   0  0  0  10202
27  10404  2   0  10404
28  10270  3   3  0  10267
29  10369  3   0  0  10369
30  9780  3   0  0  9780
31  10392  4   0  0  0  10392
32  10284  3   0  1  10283
33  4486  2   22  4464
34  10262  2   1  10261
35  10394  2   1  10393
36  10374  2   1  10373
37  10284  2   0  10284
38  6218  2   0  6218
39  10235  3   0  0  10235
40  10372  2   0  10372
41  10341  3   0  5  10336
42  10380  2   0  10380
43  10290  2   0  10290
44  6258  2   0  6258
45  10400  2   0  10400
46  4498  3   0  0  4498
47  10396  2   1  10395
48  10382  2   0  10382
49  10337  3   0  0  10337
50  10396  2   0  10396
51  10382  3   0  3  10379
52  10328  2   0  10328

[pop]=2
1  11558  2   0  11558
2  11578  3   1  0  11577
3  11510  2   0  11510
4  4603  3   0  0  4603
5  11578  3   1  0  11577
6  11229  3   0  0  11229
7  11451  3   0  4381  7070
8  11320  3   0  5  11315
9  11556  2   0  11556
10  11508  2   0  11508
11  11558  2   0  11558
12  11564  2   0  11564
13  11557  3   0  1  11556
14  11526  2   1  11525
15  5842  2   0  5842
16  11565  3   0  0  11565
17  11201  4   0  0  0  11201
18  11560  2   0  11560
19  11570  3   0  0  11570
20  11534  3   0  0  11534
21  11578  4   0  0  0  11578
22  11393  4   1  0  0  11392
23  5971  3   0  0  5971
24  11570  3   13  0  11557
25  11567  3   0  0  11567
26  11241  4   0  0  0  11241
27  11578  2   0  11578
28  11434  3   0  14  11420
29  11544  3   0  0  11544
30  11556  3   0  0  11556
31  11570  4   0  0  0  11570
32  11430  3   0  0  11430
33  5300  2   0  5300
34  11496  2   0  11496
35  11570  2   1  11569
36  11546  2   0  11546
37  11570  2   0  11570
38  6362  2   0  6362
39  11270  3   0  0  11270
40  11556  2   1  11555
41  11562  3   0  8  11554
42  11550  2   0  11550
43  11440  2   0  11440
44  6368  2   0  6368
45  11566  2   0  11566
46  5313  3   0  0  5313
47  11570  2   4  11566
48  11552  2   0  11552
49  11560  3   0  0  11560
50  11568  2   0  11568
51  11552  3   0  0  11552
52  11570  2   0  11570

[pop]=3
1  8652  2   0  8652
2  8648  3   0  0  8648
3  8580  2   0  8580
4  2546  3   0  0  2546
5  8650  3   0  0  8650
6  8526  3   0  0  8526
7  8590  3   0  3661  4929
8  8426  3   1  0  8425
9  8642  2   0  8642
10  8582  2   0  8582
11  8642  2   0  8642
12  8644  2   0  8644
13  8617  3   0  85  8532
14  8646  2   0  8646
15  5902  2   0  5902
16  8644  3   0  0  8644
17  8333  4   0  0  1  8332
18  8620  2   1  8619
19  8646  3   1  0  8645
20  8652  3   0  0  8652
21  8654  4   0  0  1  8653
22  8618  4   0  0  0  8618
23  5980  3   0  0  5980
24  8645  3   0  3  8642
25  8652  3   0  0  8652
26  8381  4   0  0  2  8379
27  8654  2   0  8654
28  8628  3   0  0  8628
29  8646  3   0  0  8646
30  8609  3   0  0  8609
31  8647  4   0  0  0  8647
32  8632  3   0  0  8632
33  2968  2   0  2968
34  8618  2   0  8618
35  8648  2   0  8648
36  8652  2   0  8652
37  8652  2   0  8652
38  6194  2   0  6194
39  8425  3   1  1  8423
40  8648  2   0  8648
41  8626  3   1  1  8624
42  8652  2   0  8652
43  8634  2   2  8632
44  6186  2   0  6186
45  8650  2   0  8650
46  3020  3   0  1  3019
47  8646  2   0  8646
48  8652  2   12  8640
49  8630  3   0  4  8626
50  8648  2   0  8648
51  8652  3   0  0  8652
52  8650  2   1  8649

[pop]=4
1  6604  2   0  6604
2  6612  3   0  0  6612
3  6594  2   0  6594
4  2101  3   0  0  2101
5  6614  3   0  0  6614
6  6517  3   0  0  6517
7  6477  3   0  2821  3656
8  6506  3   0  0  6506
9  6610  2   0  6610
10  6594  2   0  6594
11  6610  2   0  6610
12  6610  2   0  6610
13  6604  3   0  0  6604
14  6590  2   0  6590
15  3724  2   0  3724
16  6610  3   0  0  6610
17  6481  4   0  0  0  6481
18  6608  2   2  6606
19  6581  3   0  0  6581
20  6588  3   0  0  6588
21  6614  4   0  0  0  6614
22  6579  4   0  0  11  6568
23  3764  3   0  0  3764
24  6582  3   0  0  6582
25  6614  3   0  0  6614
26  6492  4   0  0  0  6492
27  6614  2   0  6614
28  6590  3   0  0  6590
29  6570  3   0  0  6570
30  6612  3   0  0  6612
31  6583  4   0  0  0  6583
32  6590  3   0  0  6590
33  2316  2   0  2316
34  6602  2   0  6602
35  6582  2   0  6582
36  6596  2   0  6596
37  6614  2   3  6611
38  3938  2   0  3938
39  6512  3   0  0  6512
40  6578  2   0  6578
41  6612  3   0  3  6609
42  6598  2   0  6598
43  6592  2   0  6592
44  3968  2   0  3968
45  6610  2   0  6610
46  2341  3   0  0  2341
47  6584  2   0  6584
48  6598  2   0  6598
49  6612  3   0  0  6612
50  6584  2   0  6584
51  6602  3   0  0  6602
52  6614  2   0  6614

[pop]=5
1  66664  2   0  66664
2  66738  3   0  0  66738
3  66586  2   1  66585
4  20041  3   1  3  20037
5  66685  3   0  0  66685
6  64744  3   0  3  64741
7  66018  3   1  25633  40384
8  64896  3   0  0  64896
9  66674  2   0  66674
10  66594  2   0  66594
11  66672  2   2  66670
12  66680  2   3  66677
13  66663  3   2  4  66657
14  66638  2   0  66638
15  44220  2   5  44215
16  66685  3   1  10  66674
17  63411  4   1  0  0  63410
18  66684  2   7  66677
19  66658  3   4  7  66647
20  66638  3   0  2  66636
21  66717  4   0  2  2  66713
22  65794  4   4  1  15  65774
23  44725  3   1  1  44723
24  66666  3   84  0  66582
25  66598  3   1  0  66597
26  63686  4   1  1  0  63684
27  66724  2   0  66724
28  65960  3   0  0  65960
29  66462  3   0  2  66460
30  66482  3   0  1  66481
31  66681  4   0  2  1  66678
32  66012  3   0  1  66011
33  22168  2   0  22168
34  66370  2   1  66369
35  66680  2   0  66680
36  66672  2   0  66672
37  66624  2   0  66624
38  46464  2   3  46461
39  64011  3   0  0  64011
40  66498  2   0  66498
41  66703  3   0  159  66544
42  66680  2   2  66678
43  66116  2   0  66116
44  46674  2   0  46674
45  66692  2   0  66692
46  22375  3   0  0  22375
47  66696  2   3  66693
48  66678  2   32  66646
49  66691  3   0  4  66687
50  66698  2   0  66698
51  66673  3   0  0  66673
52  66652  2   1  66651

[pop]=6
1  908  2   0  908
2  908  3   0  0  908
3  904  2   0  904
4  391  3   0  0  391
5  904  3   0  0  904
6  886  3   0  0  886
7  893  3   0  321  572
8  894  3   0  0  894
9  906  2   0  906
10  904  2   0  904
11  906  2   0  906
12  906  2   0  906
13  906  3   1  0  905
14  906  2   0  906
15  568  2   0  568
16  906  3   0  0  906
17  880  4   0  0  0  880
18  906  2   0  906
19  906  3   0  0  906
20  906  3   0  0  906
21  906  4   0  0  0  906
22  896  4   0  0  1  895
23  570  3   0  0  570
24  906  3   0  0  906
25  904  3   0  0  904
26  876  4   0  0  0  876
27  906  2   0  906
28  896  3   0  0  896
29  900  3   1  1  898
30  895  3   0  0  895
31  906  4   1  0  0  905
32  894  3   0  0  894
33  414  2   0  414
34  900  2   0  900
35  906  2   0  906
36  906  2   0  906
37  900  2   0  900
38  598  2   0  598
39  878  3   0  0  878
40  900  2   1  899
41  906  3   0  0  906
42  906  2   0  906
43  894  2   0  894
44  590  2   0  590
45  906  2   0  906
46  421  3   0  0  421
47  906  2   0  906
48  906  2   0  906
49  906  3   0  0  906
50  906  2   0  906
51  906  3   0  0  906
52  906  2   0  906

[pop]=7
1  16506  2   0  16506
2  16512  3   0  1  16511
3  16502  2   1  16501
4  9540  3   0  0  9540
5  16463  3   0  0  16463
6  15906  3   0  0  15906
7  16354  3   0  5628  10726
8  16000  3   0  5  15995
9  16502  2   0  16502
10  16504  2   0  16504
11  16502  2   0  16502
12  16502  2   0  16502
13  16469  3   0  4  16465
14  16482  2   8  16474
15  11440  2   0  11440
16  16502  3   0  0  16502
17  15777  4   0  0  0  15777
18  16480  2   2  16478
19  16510  3   0  2  16508
20  16488  3   1  0  16487
21  16507  4   0  0  3  16504
22  16200  4   4  0  0  16196
23  11525  3   0  0  11525
24  16510  3   12  0  16498
25  16471  3   0  1  16470
26  15814  4   0  0  0  15814
27  16510  2   2  16508
28  16274  3   0  9  16265
29  16469  3   1  11  16457
30  16000  3   1  0  15999
31  16510  4   0  0  0  16510
32  16278  3   1  0  16277
33  9848  2   0  9848
34  16438  2   0  16438
35  16510  2   0  16510
36  16498  2   1  16497
37  16486  2   0  16486
38  11848  2   0  11848
39  15856  3   0  0  15856
40  16486  2   0  16486
41  16489  3   0  1  16488
42  16494  2   0  16494
43  16274  2   0  16274
44  11890  2   2  11888
45  16502  2   3  16499
46  9889  3   1  0  9888
47  16508  2   6  16502
48  16492  2   0  16492
49  16484  3   1  0  16483
50  16508  2   12  16496
51  16491  3   3  0  16488
52  16488  2   0  16488

