[loci]=357

[populations]=7

[pop]=1
1  10406  2   2  10404
2  10404  2   0  10404
3  9796  2   1  9795
4  10406  3   0  0  10406
5  10269  3   0  1  10268
6  10406  3   0  0  10406
7  10320  2   0  10320
8  9746  2   2  9744
9  10292  2   0  10292
10  10406  2   0  10406
11  10225  4   1  0  0  10224
12  10404  2   0  10404
13  10382  2   0  10382
14  10374  2   10  10364
15  10380  2   0  10380
16  9800  2   0  9800
17  10216  3   0  0  10216
18  10406  2   1  10405
19  10293  4   1  0  0  10292
20  10378  2   1  10377
21  9734  2   0  9734
22  10406  2   1  10405
23  9676  2   0  9676
24  10311  3   2561  0  7750
25  10342  2   0  10342
26  10314  2   5  10309
27  9760  2   0  9760
28  9802  3   1  1  9800
29  10406  3   0  0  10406
30  10406  2   0  10406
31  10369  3   0  0  10369
32  9858  2   0  9858
33  10376  2   1  10375
34  10390  2   0  10390
35  9856  2   0  9856
36  10392  2   0  10392
37  9796  2   0  9796
38  10348  3   1  4  10343
39  9730  2   0  9730
40  9908  3   0  1  9907
41  10357  3   0  0  10357
42  10392  2   0  10392
43  9802  2   0  9802
44  10405  3   0  0  10405
45  10362  2   0  10362
46  10314  5   0  1  0  0  10313
47  10406  3   0  0  10406
48  10361  3   0  0  10361
49  9754  2   0  9754
50  9802  2   0  9802
51  9936  2   1  9935
52  10358  3   0  0  10358
53  10406  2   0  10406
54  10388  2   0  10388
55  9947  3   0  0  9947
56  10406  2   0  10406
57  10396  2   0  10396
58  10348  2   0  10348
59  10222  2   0  10222
60  10246  2   0  10246
61  10386  3   1  0  10385
62  10404  2   0  10404
63  10392  2   0  10392
64  10394  2   0  10394
65  10394  2   0  10394
66  1861  2   0  1861
67  10386  2   0  10386
68  10400  2   1  10399
69  9774  2   0  9774
70  10309  3   0  0  10309
71  10406  2   0  10406
72  10113  3   0  0  10113
73  10330  2   1  10329
74  9972  2   2  9970
75  10096  3   1  0  10095
76  10386  2   1  10385
77  10390  2   2  10388
78  9776  3   0  0  9776
79  10396  2   4  10392
80  9802  3   1  0  9801
81  10384  2   0  10384
82  9770  2   0  9770
83  10316  3   1  1  10314
84  10388  2   144  10244
85  10382  2   0  10382
86  10388  2   0  10388
87  8371  2   0  8371
88  10228  2   0  10228
89  9802  2   0  9802
90  10400  3   0  0  10400
91  9802  4   1  0  0  9801
92  9794  2   62  9732
93  10012  2   0  10012
94  10388  2   0  10388
95  10024  2   1  10023
96  9944  2   0  9944
97  9999  3   0  0  9999
98  10386  2   0  10386
99  9802  2   0  9802
100  7482  2   1  7481
101  10388  2   0  10388
102  10376  2   0  10376
103  9943  3   0  0  9943
104  9748  2   0  9748
105  8474  2   0  8474
106  7669  3   0  0  7669
107  9754  2   0  9754
108  10328  2   0  10328
109  10382  2   0  10382
110  10338  2   1  10337
111  9878  2   0  9878
112  9802  2   0  9802
113  9810  2   0  9810
114  10398  2   0  10398
115  9802  2   0  9802
116  9930  2   0  9930
117  9252  2   0  9252
118  9765  4   0  0  0  9765
119  10348  2   0  10348
120  9620  5   0  0  1  143  9476
121  10359  4   0  1  7  10351
122  9778  2   2  9776
123  10296  2   0  10296
124  10378  2   2  10376
125  9778  2   0  9778
126  9802  3   0  0  9802
127  10322  2   0  10322
128  10406  2   0  10406
129  10150  2   0  10150
130  10392  2   3  10389
131  7782  2   0  7782
132  9530  2   2  9528
133  9457  3   0  0  9457
134  10369  3   1  0  10368
135  9786  2   0  9786
136  10402  3   0  0  10402
137  9379  4   0  1  1  9377
138  10292  3   0  0  10292
139  10362  4   0  15  0  10347
140  10322  3   0  0  10322
141  9708  3   0  0  9708
142  10404  2   0  10404
143  9980  2   0  9980
144  10396  2   0  10396
145  9624  2   0  9624
146  9802  2   0  9802
147  8466  2   0  8466
148  10002  2   0  10002
149  10350  2   0  10350
150  10004  3   0  2  10002
151  10394  2   0  10394
152  9229  3   0  0  9229
153  7492  2   0  7492
154  9158  2   0  9158
155  9571  3   0  1  9570
156  10406  2   0  10406
157  10342  2   1  10341
158  10393  3   0  0  10393
159  9726  2   4  9722
160  9802  3   0  0  9802
161  9802  2   0  9802
162  1869  2   0  1869
163  10394  2   0  10394
164  418  2   35  383
165  10390  3   0  1  10389
166  9792  2   0  9792
167  10334  2   0  10334
168  9802  2   0  9802
169  6996  2   0  6996
170  10032  2   27  10005
171  10040  4   0  0  2  10038
172  10339  3   0  0  10339
173  9792  2   0  9792
174  10308  2   0  10308
175  9802  2   0  9802
176  10342  2   13  10329
177  10388  2   0  10388
178  346  2   0  346
179  10392  3   0  0  10392
180  10345  3   0  0  10345
181  10301  4   0  0  33  10268
182  10406  2   0  10406
183  10370  2   0  10370
184  10064  2   2  10062
185  10303  3   0  0  10303
186  9802  2   0  9802
187  10346  2   0  10346
188  10070  3   0  0  10070
189  10406  3   0  0  10406
190  10384  2   0  10384
191  352  2   0  352
192  10290  4   0  1  0  10289
193  9802  2   1  9801
194  354  2   0  354
195  9798  3   0  0  9798
196  10368  3   1  0  10367
197  9746  3   0  0  9746
198  10276  3   0  0  10276
199  10074  3   0  0  10074
200  10288  2   0  10288
201  8489  2   0  8489
202  10071  4   0  0  0  10071
203  10286  2   0  10286
204  9791  4   0  0  0  9791
205  10066  2   0  10066
206  10334  2   0  10334
207  8902  2   1  8901
208  10332  2   0  10332
209  10405  4   0  0  0  10405
210  10406  2   0  10406
211  9786  2   0  9786
212  9772  2   0  9772
213  10286  2   0  10286
214  10368  2   0  10368
215  10378  4   0  0  0  10378
216  10281  3   1  2  10278
217  10366  2   0  10366
218  9804  3   0  0  9804
219  9802  3   0  0  9802
220  10062  3   0  0  10062
221  10042  2   0  10042
222  364  2   0  364
223  10227  4   0  0  0  10227
224  10383  3   0  0  10383
225  9804  3   0  0  9804
226  10352  2   0  10352
227  10406  2   0  10406
228  10118  2   0  10118
229  9780  2   0  9780
230  424  2   0  424
231  9802  4   0  1  0  9801
232  10222  2   363  9859
233  10356  2   15  10341
234  10287  3   0  0  10287
235  9802  3   0  0  9802
236  10044  3   0  1  10043
237  10406  2   0  10406
238  10271  3   0  0  10271
239  10354  2   0  10354
240  8488  2   0  8488
241  10172  2   131  10041
242  9800  3   0  0  9800
243  10386  3   0  0  10386
244  10374  2   1  10373
245  8486  2   0  8486
246  10406  2   0  10406
247  628  2   0  628
248  10332  2   0  10332
249  10386  2   0  10386
250  10292  3   1  0  10291
251  9802  2   1  9801
252  10128  3   0  0  10128
253  10302  2   345  9957
254  10194  2   0  10194
255  10100  2   0  10100
256  10386  2   0  10386
257  10286  2   6  10280
258  10199  3   0  0  10199
259  10406  2   0  10406
260  9792  3   0  0  9792
261  10068  2   0  10068
262  10392  5   0  0  0  0  10392
263  10388  2   0  10388
264  9794  3   0  0  9794
265  9960  3   1  0  9959
266  10406  2   0  10406
267  10406  4   0  1  654  9751
268  10388  2   1  10387
269  10101  4   0  0  0  10101
270  10406  2   0  10406
271  10280  4   0  0  0  10280
272  8515  2   5  8510
273  10276  2   0  10276
274  10126  3   0  0  10126
275  9892  3   0  2  9890
276  1058  3   0  64  994
277  10268  3   0  10  10258
278  10124  2   0  10124
279  9872  2   0  9872
280  10260  2   0  10260
281  9824  2   2  9822
282  10406  3   0  0  10406
283  9776  2   0  9776
284  1092  2   0  1092
285  1094  2   0  1094
286  9792  2   0  9792
287  9790  3   0  0  9790
288  8487  2   0  8487
289  10234  2   0  10234
290  9784  3   0  0  9784
291  10404  2   0  10404
292  7940  2   0  7940
293  9784  2   0  9784
294  10374  2   0  10374
295  9764  3   0  1  9763
296  9754  2   1  9753
297  8513  3   127  6  8380
298  10406  2   0  10406
299  9313  3   0  0  9313
300  9844  3   0  0  9844
301  10200  2   0  10200
302  10098  2   0  10098
303  10208  3   0  0  10208
304  9626  2   0  9626
305  10364  2   0  10364
306  8450  2   0  8450
307  10396  2   14  10382
308  8491  2   112  8379
309  10406  2   2  10404
310  9960  2   0  9960
311  9656  2   4  9652
312  10231  4   0  0  0  10231
313  9764  2   0  9764
314  9484  2   0  9484
315  10236  2   1  10235
316  10406  2   0  10406
317  9706  3   0  0  9706
318  9734  2   0  9734
319  9717  4   0  0  0  9717
320  9778  2   4  9774
321  10314  3   0  0  10314
322  10236  2   0  10236
323  10240  3   0  0  10240
324  10306  2   1  10305
325  9950  2   0  9950
326  9665  3   1  0  9664
327  9780  2   0  9780
328  10236  3   0  0  10236
329  10384  2   0  10384
330  10406  3   0  1  10405
331  10402  2   2  10400
332  9452  3   0  0  9452
333  8374  2   0  8374
334  9762  2   0  9762
335  10402  2   3  10399
336  9349  3   3  4  9342
337  9790  2   1  9789
338  10240  2   3  10237
339  10402  2   0  10402
340  9242  2   0  9242
341  9878  3   0  0  9878
342  9790  2   1  9789
343  8503  2   0  8503
344  10262  2   0  10262
345  8948  2   5  8943
346  9754  2   2  9752
347  10270  2   0  10270
348  10340  3   0  0  10340
349  10310  2   1  10309
350  10404  2   0  10404
351  9776  2   0  9776
352  9760  2   0  9760
353  10179  3   0  0  10179
354  8453  2   123  8330
355  10136  2   0  10136
356  10216  2   0  10216
357  10208  3   0  0  10208

[pop]=2
1  11578  2   0  11578
2  11522  2   0  11522
3  11570  2   0  11570
4  11578  3   0  0  11578
5  11418  3   0  12  11406
6  11578  3   6  0  11572
7  11358  2   0  11358
8  11558  2   0  11558
9  11518  2   0  11518
10  11578  2   0  11578
11  11517  4   0  0  0  11517
12  11570  2   0  11570
13  11570  2   0  11570
14  11572  2   1  11571
15  11570  2   0  11570
16  11576  2   20  11556
17  11506  3   0  0  11506
18  11510  2   0  11510
19  11527  4   0  0  0  11527
20  11570  2   0  11570
21  11548  2   3  11545
22  11506  2   0  11506
23  11328  2   4  11324
24  11529  3   250  0  11279
25  11466  2   0  11466
26  11532  2   0  11532
27  11562  2   0  11562
28  11572  3   0  0  11572
29  11578  3   0  0  11578
30  11578  2   0  11578
31  11336  3   0  1  11335
32  11430  2   0  11430
33  11568  2   2  11566
34  11576  2   0  11576
35  11428  2   0  11428
36  11572  2   0  11572
37  11572  2   3  11569
38  11302  3   0  19  11283
39  11426  2   0  11426
40  11443  3   0  0  11443
41  11499  3   0  3  11496
42  11572  2   0  11572
43  11574  2   0  11574
44  11530  3   0  0  11530
45  11502  2   1  11501
46  11532  5   2  0  0  0  11530
47  11578  3   4  0  11574
48  11566  3   0  0  11566
49  11566  2   0  11566
50  11576  2   2  11574
51  11454  2   0  11454
52  11566  3   0  0  11566
53  11578  2   0  11578
54  11382  2   0  11382
55  11454  3   0  0  11454
56  11548  2   0  11548
57  11574  2   0  11574
58  11564  2   0  11564
59  11492  2   0  11492
60  11502  2   0  11502
61  11576  3   0  0  11576
62  11578  2   1  11577
63  11394  2   0  11394
64  11572  2   0  11572
65  11572  2   0  11572
66  2193  2   0  2193
67  11534  2   0  11534
68  11560  2   0  11560
69  11560  2   0  11560
70  11531  3   0  0  11531
71  11550  2   0  11550
72  11516  3   1  0  11515
73  11566  2   0  11566
74  11458  2   0  11458
75  11514  3   0  0  11514
76  11570  2   0  11570
77  11560  2   0  11560
78  11568  3   0  0  11568
79  11538  2   0  11538
80  11576  3   0  0  11576
81  11570  2   0  11570
82  11570  2   1  11569
83  11546  3   0  0  11546
84  11568  2   4  11564
85  11564  2   0  11564
86  11554  2   1  11553
87  9217  2   0  9217
88  11526  2   0  11526
89  11576  2   0  11576
90  11554  3   0  0  11554
91  11576  4   0  0  0  11576
92  11546  2   183  11363
93  11484  2   0  11484
94  11562  2   2  11560
95  11378  2   0  11378
96  11448  2   0  11448
97  11482  3   0  0  11482
98  11564  2   0  11564
99  11576  2   0  11576
100  8232  2   0  8232
101  11544  2   0  11544
102  11516  2   0  11516
103  11477  3   0  1  11476
104  11520  2   0  11520
105  9273  2   0  9273
106  8429  3   0  0  8429
107  11526  2   1  11525
108  11548  2   0  11548
109  11564  2   0  11564
110  11514  2   0  11514
111  11460  2   0  11460
112  11576  2   0  11576
113  11450  2   2  11448
114  11576  2   2  11574
115  11572  2   0  11572
116  11362  2   0  11362
117  10664  2   0  10664
118  11441  4   0  1  0  11440
119  11554  2   7  11547
120  11416  5   0  0  0  4  11412
121  11555  4   0  2  3  11550
122  11512  2   0  11512
123  11574  2   0  11574
124  11550  2   3  11547
125  11552  2   0  11552
126  11576  3   0  0  11576
127  11548  2   0  11548
128  11578  2   0  11578
129  11052  2   0  11052
130  11556  2   0  11556
131  8298  2   0  8298
132  11140  2   0  11140
133  11402  3   0  0  11402
134  11558  3   0  0  11558
135  11558  2   0  11558
136  11566  3   0  0  11566
137  11395  4   0  2  5  11388
138  11573  3   0  0  11573
139  11542  4   0  1  0  11541
140  11547  3   1  0  11546
141  11230  3   0  0  11230
142  11578  2   0  11578
143  11436  2   1  11435
144  11574  2   2  11572
145  11302  2   1  11301
146  11576  2   0  11576
147  9265  2   0  9265
148  11446  2   4  11442
149  11534  2   0  11534
150  11444  3   0  1  11443
151  11574  2   0  11574
152  11361  3   0  0  11361
153  7510  2   0  7510
154  10516  2   0  10516
155  11132  3   1  1  11130
156  11562  2   0  11562
157  11360  2   0  11360
158  11573  3   0  0  11573
159  11458  2   0  11458
160  11572  3   0  0  11572
161  11576  2   5  11571
162  2219  2   0  2219
163  11572  2   10  11562
164  116  2   0  116
165  11562  3   3  0  11559
166  11548  2   0  11548
167  11526  2   0  11526
168  11576  2   0  11576
169  7387  2   0  7387
170  11448  2   109  11339
171  11451  4   0  0  0  11451
172  11562  3   8  0  11554
173  11546  2   0  11546
174  11512  2   0  11512
175  11576  2   0  11576
176  11572  2   0  11572
177  11570  2   1  11569
178  100  2   0  100
179  11566  3   0  7  11559
180  11569  3   2  0  11567
181  11507  4   0  0  1  11506
182  11568  2   1  11567
183  11424  2   0  11424
184  11460  2   2  11458
185  11513  3   0  0  11513
186  11566  2   0  11566
187  11572  2   0  11572
188  11459  3   0  0  11459
189  11565  3   0  0  11565
190  11454  2   0  11454
191  118  2   0  118
192  11507  4   0  0  0  11507
193  11576  2   0  11576
194  108  2   0  108
195  11552  3   0  0  11552
196  11562  3   0  0  11562
197  11514  3   0  0  11514
198  11497  3   5  0  11492
199  11463  3   4  0  11459
200  11542  2   1  11541
201  9292  2   0  9292
202  11463  4   0  0  1  11462
203  11508  2   0  11508
204  11574  4   0  0  0  11574
205  11464  2   0  11464
206  11548  2   0  11548
207  9740  2   0  9740
208  11548  2   0  11548
209  11486  4   0  0  0  11486
210  11578  2   2  11576
211  11574  2   0  11574
212  11554  2   0  11554
213  11516  2   6  11510
214  11572  2   2  11570
215  11576  4   0  0  0  11576
216  11505  3   0  1  11504
217  11570  2   0  11570
218  11564  3   0  0  11564
219  11576  3   0  1  11575
220  11442  3   0  0  11442
221  11260  2   0  11260
222  152  2   0  152
223  11513  4   0  0  1  11512
224  11576  3   0  0  11576
225  11564  3   0  0  11564
226  11554  2   0  11554
227  11566  2   0  11566
228  11340  2   0  11340
229  11558  2   0  11558
230  212  2   0  212
231  11564  4   0  0  0  11564
232  11508  2   17  11491
233  11558  2   1  11557
234  11519  3   0  0  11519
235  11564  3   0  0  11564
236  11419  3   4  0  11415
237  11578  2   0  11578
238  11436  3   1  0  11435
239  11560  2   0  11560
240  9274  2   3  9271
241  11488  2   7  11481
242  11529  3   0  1  11528
243  11576  3   0  0  11576
244  11568  2   0  11568
245  9269  2   2  9267
246  11576  2   0  11576
247  390  2   1  389
248  11502  2   0  11502
249  11576  2   0  11576
250  11527  3   0  1  11526
251  11560  2   0  11560
252  11476  3   0  1  11475
253  11516  2   1725  9791
254  11542  2   0  11542
255  11452  2   0  11452
256  11578  2   0  11578
257  11540  2   0  11540
258  11544  3   0  0  11544
259  11578  2   0  11578
260  11564  3   0  0  11564
261  11444  2   0  11444
262  11578  5   0  2  0  0  11576
263  11550  2   1  11549
264  11515  3   1  0  11514
265  11382  3   0  0  11382
266  11544  2   2  11542
267  11578  4   1  0  183  11394
268  11552  2   0  11552
269  11383  4   0  0  0  11383
270  11578  2   0  11578
271  11544  4   0  0  0  11544
272  9320  2   14  9306
273  11542  2   2  11540
274  11414  3   0  0  11414
275  11358  3   0  0  11358
276  808  3   0  133  675
277  11542  3   1  0  11541
278  11398  2   0  11398
279  11350  2   1  11349
280  11540  2   1  11539
281  11500  2   0  11500
282  11578  3   1  0  11577
283  11570  2   0  11570
284  724  2   0  724
285  726  2   2  724
286  11488  2   1  11487
287  11572  3   0  0  11572
288  9289  2   5  9284
289  11534  2   2  11532
290  11568  3   0  9  11559
291  11544  2   0  11544
292  7062  2   0  7062
293  11568  2   0  11568
294  11570  2   0  11570
295  11460  3   0  1  11459
296  11566  2   2  11564
297  9316  3   2  2  9312
298  11578  2   2  11576
299  10377  3   0  0  10377
300  11523  3   1  0  11522
301  11452  2   1  11451
302  11488  2   1  11487
303  11464  3   0  0  11464
304  11228  2   0  11228
305  11562  2   0  11562
306  9546  2   1  9545
307  11578  2   36  11542
308  9289  2   6  9283
309  11578  2   0  11578
310  11454  2   0  11454
311  11428  2   2  11426
312  11481  4   0  0  0  11481
313  11532  2   0  11532
314  11182  2   0  11182
315  11494  2   1  11493
316  11578  2   0  11578
317  11501  3   0  0  11501
318  11390  2   1  11389
319  11506  4   1  0  0  11505
320  11550  2   0  11550
321  11557  3   0  0  11557
322  11502  2   2  11500
323  11518  3   0  0  11518
324  11534  2   1  11533
325  11190  2   0  11190
326  11365  3   0  0  11365
327  11554  2   1  11553
328  11506  3   0  1  11505
329  11568  2   0  11568
330  11578  3   0  0  11578
331  11578  2   0  11578
332  11261  3   0  0  11261
333  9165  2   0  9165
334  11500  2   4  11496
335  11578  2   5  11573
336  11235  3   0  3  11232
337  11564  2   5  11559
338  11512  2   0  11512
339  11578  2   0  11578
340  11214  2   0  11214
341  11542  3   0  1  11541
342  11560  2   0  11560
343  9300  2   0  9300
344  11538  2   0  11538
345  11164  2   3  11161
346  11550  2   0  11550
347  11538  2   0  11538
348  11555  3   0  0  11555
349  11536  2   1  11535
350  11578  2   0  11578
351  11504  2   0  11504
352  11554  2   0  11554
353  11543  3   0  0  11543
354  9252  2   3  9249
355  11538  2   1  11537
356  11498  2   2  11496
357  11497  3   0  0  11497

[pop]=3
1  8654  2   0  8654
2  8612  2   0  8612
3  8624  2   0  8624
4  8654  3   0  1  8653
5  8576  3   0  0  8576
6  8654  3   0  0  8654
7  8624  2   0  8624
8  8618  2   0  8618
9  8622  2   2  8620
10  8654  2   3  8651
11  8631  4   0  0  0  8631
12  8654  2   0  8654
13  8648  2   0  8648
14  8646  2   0  8646
15  8648  2   0  8648
16  8626  2   0  8626
17  8630  3   0  0  8630
18  8612  2   0  8612
19  8621  4   0  0  0  8621
20  8646  2   0  8646
21  8618  2   1  8617
22  8612  2   1  8611
23  8412  2   0  8412
24  8623  3   3  0  8620
25  8624  2   0  8624
26  8624  2   0  8624
27  8620  2   0  8620
28  8626  3   0  0  8626
29  8654  3   0  1  8653
30  8654  2   1  8653
31  8627  3   0  0  8627
32  8530  2   2  8528
33  8644  2   0  8644
34  8646  2   1  8645
35  8530  2   1  8529
36  8652  2   29  8623
37  8624  2   0  8624
38  8622  3   1  5  8616
39  8526  2   0  8526
40  8540  3   0  0  8540
41  8642  3   0  0  8642
42  8652  2   0  8652
43  8626  2   0  8626
44  8610  3   0  0  8610
45  8642  2   0  8642
46  8627  5   0  0  0  0  8627
47  8654  3   0  0  8654
48  8642  3   0  2  8640
49  8622  2   0  8622
50  8626  2   0  8626
51  8558  2   1  8557
52  8640  3   0  0  8640
53  8654  2   0  8654
54  8638  2   0  8638
55  8563  3   0  0  8563
56  8620  2   0  8620
57  8652  2   0  8652
58  8636  2   0  8636
59  8624  2   0  8624
60  8626  2   0  8626
61  8648  3   0  0  8648
62  8652  2   0  8652
63  8638  2   0  8638
64  8652  2   0  8652
65  8652  2   0  8652
66  1991  2   0  1991
67  8652  2   0  8652
68  8654  2   1  8653
69  8618  2   0  8618
70  8633  3   1  0  8632
71  8618  2   0  8618
72  8600  3   0  0  8600
73  8628  2   0  8628
74  8582  2   0  8582
75  8598  3   0  1  8597
76  8652  2   0  8652
77  8648  2   1  8647
78  8620  3   3  0  8617
79  8648  2   0  8648
80  8626  3   0  0  8626
81  8652  2   0  8652
82  8626  2   0  8626
83  8638  3   0  0  8638
84  8648  2   0  8648
85  8652  2   5  8647
86  8644  2   0  8644
87  6565  2   1  6564
88  8608  2   0  8608
89  8626  2   0  8626
90  8615  3   0  0  8615
91  8626  4   0  0  0  8626
92  8618  2   1  8617
93  8574  2   4  8570
94  8636  2   0  8636
95  8560  2   0  8560
96  8580  2   0  8580
97  8574  3   0  3  8571
98  8634  2   0  8634
99  8626  2   0  8626
100  6176  2   0  6176
101  8602  2   77  8525
102  8640  2   0  8640
103  8561  3   0  0  8561
104  8610  2   0  8610
105  6606  2   0  6606
106  6425  3   3  0  6422
107  8610  2   0  8610
108  8642  2   0  8642
109  8646  2   0  8646
110  8638  2   0  8638
111  8542  2   0  8542
112  8626  2   0  8626
113  8536  2   0  8536
114  8652  2   0  8652
115  8626  2   0  8626
116  8556  2   0  8556
117  7888  2   2  7886
118  8531  4   0  0  0  8531
119  8638  2   0  8638
120  8510  5   1  0  0  0  8509
121  8639  4   0  0  1  8638
122  8610  2   0  8610
123  8644  2   0  8644
124  8600  2   1  8599
125  8616  2   1  8615
126  8626  3   0  0  8626
127  8644  2   24  8620
128  8654  2   0  8654
129  8128  2   2  8126
130  8638  2   0  8638
131  6448  2   0  6448
132  8356  2   0  8356
133  8495  3   0  0  8495
134  8641  3   0  0  8641
135  8620  2   0  8620
136  8652  3   0  0  8652
137  8493  4   0  0  0  8493
138  8646  3   0  1  8645
139  8559  4   0  0  1  8558
140  8644  3   0  0  8644
141  8461  3   0  0  8461
142  8654  2   0  8654
143  8586  2   5  8581
144  8642  2   0  8642
145  8492  2   0  8492
146  8626  2   0  8626
147  6607  2   0  6607
148  8590  2   0  8590
149  8542  2   0  8542
150  8590  3   0  0  8590
151  8642  2   1  8641
152  8465  3   0  0  8465
153  5952  2   2  5950
154  8270  2   2  8268
155  8366  3   0  0  8366
156  8652  2   0  8652
157  8440  2   0  8440
158  8641  3   0  1  8640
159  8594  2   0  8594
160  8626  3   0  0  8626
161  8626  2   0  8626
162  1998  2   0  1998
163  8642  2   0  8642
164  440  2   0  440
165  8644  3   1  0  8643
166  8622  2   2  8620
167  8520  2   9  8511
168  8626  2   7  8619
169  5040  2   0  5040
170  8594  2   0  8594
171  8596  4   0  0  0  8596
172  8642  3   0  0  8642
173  8622  2   0  8622
174  8478  2   0  8478
175  8626  2   0  8626
176  8618  2   0  8618
177  8638  2   0  8638
178  432  2   0  432
179  8648  3   0  0  8648
180  8637  3   0  3  8634
181  8473  4   0  0  1  8472
182  8650  2   0  8650
183  8502  2   0  8502
184  8598  2   80  8518
185  8458  3   0  0  8458
186  8626  2   0  8626
187  8622  2   1  8621
188  8597  3   0  0  8597
189  8652  3   0  0  8652
190  8520  2   0  8520
191  386  2   0  386
192  8457  4   0  0  0  8457
193  8626  2   3  8623
194  374  2   0  374
195  8622  3   0  1  8621
196  8634  3   0  0  8634
197  8610  3   0  0  8610
198  8449  3   0  1  8448
199  8597  3   0  0  8597
200  8634  2   0  8634
201  6636  2   0  6636
202  8597  4   0  2  0  8595
203  8474  2   0  8474
204  8624  4   0  0  16  8608
205  8598  2   0  8598
206  8624  2   2  8622
207  7978  2   0  7978
208  8624  2   0  8624
209  8601  4   0  0  0  8601
210  8654  2   0  8654
211  8622  2   0  8622
212  8620  2   0  8620
213  8486  2   0  8486
214  8634  2   0  8634
215  8648  4   0  0  0  8648
216  8486  3   0  0  8486
217  8634  2   0  8634
218  8626  3   0  0  8626
219  8626  3   0  0  8626
220  8592  3   0  4  8588
221  8460  2   0  8460
222  374  2   0  374
223  8624  4   0  0  0  8624
224  8651  3   0  0  8651
225  8626  3   0  0  8626
226  8642  2   0  8642
227  8652  2   0  8652
228  8546  2   0  8546
229  8622  2   0  8622
230  464  2   0  464
231  8626  4   0  0  0  8626
232  8624  2   0  8624
233  8640  2   0  8640
234  8539  3   1  0  8538
235  8624  3   1  0  8623
236  8579  3   0  0  8579
237  8654  2   0  8654
238  8608  3   0  0  8608
239  8640  2   0  8640
240  6629  2   2  6627
241  8610  2   0  8610
242  8620  3   0  0  8620
243  8654  3   0  2  8652
244  8634  2   0  8634
245  6629  2   0  6629
246  8654  2   0  8654
247  698  2   0  698
248  8642  2   0  8642
249  8654  2   0  8654
250  8578  3   0  0  8578
251  8624  2   3  8621
252  8596  3   0  0  8596
253  8602  2   350  8252
254  8622  2   0  8622
255  8586  2   4  8582
256  8654  2   1  8653
257  8618  2   0  8618
258  8622  3   0  1  8621
259  8654  2   5  8649
260  8620  3   0  0  8620
261  8572  2   0  8572
262  8654  5   0  0  0  0  8654
263  8652  2   0  8652
264  8616  3   0  0  8616
265  8562  3   1  0  8561
266  8644  2   0  8644
267  8654  4   0  0  99  8555
268  8652  2   0  8652
269  8546  4   0  0  0  8546
270  8654  2   0  8654
271  8630  4   0  0  0  8630
272  6637  2   0  6637
273  8632  2   0  8632
274  8567  3   0  1  8566
275  8541  3   0  0  8541
276  1156  3   0  2  1154
277  8631  3   1  0  8630
278  8556  2   0  8556
279  8544  2   0  8544
280  8628  2   0  8628
281  8620  2   0  8620
282  8654  3   0  0  8654
283  8610  2   0  8610
284  1292  2   5  1287
285  1310  2   0  1310
286  8610  2   7  8603
287  8618  3   0  1  8617
288  6622  2   0  6622
289  8614  2   0  8614
290  8612  3   0  0  8612
291  8646  2   0  8646
292  6580  2   0  6580
293  8610  2   0  8610
294  8650  2   0  8650
295  8592  3   2  0  8590
296  8596  2   0  8596
297  6637  3   0  0  6637
298  8654  2   0  8654
299  7818  3   0  0  7818
300  8622  3   0  0  8622
301  8604  2   0  8604
302  8584  2   0  8584
303  8606  3   0  0  8606
304  8496  2   0  8496
305  8642  2   2  8640
306  7280  2   0  7280
307  8654  2   0  8654
308  6596  2   0  6596
309  8654  2   0  8654
310  8556  2   0  8556
311  8566  2   0  8566
312  8623  4   0  0  0  8623
313  8606  2   0  8606
314  8462  2   0  8462
315  8632  2   0  8632
316  8652  2   0  8652
317  8585  3   0  0  8585
318  8496  2   6  8490
319  8589  4   0  0  0  8589
320  8612  2   0  8612
321  8640  3   0  0  8640
322  8634  2   2  8632
323  8616  3   0  1  8615
324  8634  2   0  8634
325  8518  2   0  8518
326  8470  3   0  0  8470
327  8618  2   0  8618
328  8634  3   1  1  8632
329  8646  2   0  8646
330  8651  3   0  9  8642
331  8652  2   0  8652
332  8410  3   0  1  8409
333  6586  2   0  6586
334  8596  2   0  8596
335  8652  2   0  8652
336  8391  3   5  0  8386
337  8626  2   0  8626
338  8632  2   0  8632
339  8652  2   0  8652
340  8374  2   0  8374
341  8630  3   0  0  8630
342  8626  2   0  8626
343  6635  2   1  6634
344  8622  2   0  8622
345  8318  2   1  8317
346  8598  2   0  8598
347  8624  2   2  8622
348  8635  3   0  5  8630
349  8642  2   0  8642
350  8652  2   0  8652
351  8608  2   0  8608
352  8602  2   0  8602
353  8624  3   0  0  8624
354  6560  2   0  6560
355  8620  2   0  8620
356  8628  2   0  8628
357  8626  3   0  0  8626

[pop]=4
1  6614  2   0  6614
2  6612  2   0  6612
3  6614  2   0  6614
4  6614  3   0  0  6614
5  6555  3   0  1  6554
6  6614  3   0  0  6614
7  6606  2   0  6606
8  6614  2   0  6614
9  6568  2   0  6568
10  6614  2   0  6614
11  6503  4   0  0  0  6503
12  6614  2   0  6614
13  6614  2   10  6604
14  6614  2   0  6614
15  6614  2   0  6614
16  6614  2   0  6614
17  6478  3   0  0  6478
18  6612  2   0  6612
19  6571  4   0  0  0  6571
20  6614  2   0  6614
21  6614  2   0  6614
22  6608  2   0  6608
23  6568  2   0  6568
24  6574  3   112  0  6462
25  6568  2   0  6568
26  6578  2   0  6578
27  6614  2   0  6614
28  6614  3   0  0  6614
29  6614  3   0  0  6614
30  6614  2   0  6614
31  6608  3   0  0  6608
32  6502  2   0  6502
33  6614  2   0  6614
34  6614  2   0  6614
35  6500  2   0  6500
36  6614  2   0  6614
37  6614  2   0  6614
38  6598  3   0  0  6598
39  6590  2   0  6590
40  6519  3   0  0  6519
41  6592  3   0  0  6592
42  6614  2   0  6614
43  6614  2   0  6614
44  6612  3   0  0  6612
45  6592  2   0  6592
46  6587  5   0  0  0  0  6587
47  6614  3   0  0  6614
48  6614  3   0  0  6614
49  6614  2   25  6589
50  6614  2   0  6614
51  6536  2   0  6536
52  6614  3   0  0  6614
53  6614  2   0  6614
54  6610  2   0  6610
55  6543  3   0  0  6543
56  6612  2   2  6610
57  6614  2   0  6614
58  6614  2   0  6614
59  6602  2   0  6602
60  6602  2   1  6601
61  6614  3   0  0  6614
62  6614  2   0  6614
63  6610  2   0  6610
64  6614  2   0  6614
65  6614  2   0  6614
66  2068  2   0  2068
67  6606  2   0  6606
68  6612  2   0  6612
69  6614  2   0  6614
70  6609  3   0  0  6609
71  6612  2   0  6612
72  6605  3   0  0  6605
73  6614  2   0  6614
74  6536  2   0  6536
75  6608  3   0  0  6608
76  6614  2   0  6614
77  6614  2   0  6614
78  6614  3   0  0  6614
79  6614  2   0  6614
80  6614  3   0  0  6614
81  6614  2   0  6614
82  6614  2   0  6614
83  6612  3   0  0  6612
84  6610  2   0  6610
85  6614  2   0  6614
86  6614  2   0  6614
87  4366  2   0  4366
88  6606  2   0  6606
89  6614  2   3  6611
90  6612  3   0  0  6612
91  6614  4   0  0  0  6614
92  6608  2   39  6569
93  6588  2   0  6588
94  6614  2   0  6614
95  6224  2   27  6197
96  6490  2   0  6490
97  6582  3   0  0  6582
98  6614  2   22  6592
99  6614  2   0  6614
100  4984  2   0  4984
101  6612  2   0  6612
102  6600  2   0  6600
103  6582  3   0  0  6582
104  6604  2   0  6604
105  4504  2   0  4504
106  5144  3   0  0  5144
107  6606  2   0  6606
108  6610  2   0  6610
109  6610  2   0  6610
110  6590  2   0  6590
111  6572  2   0  6572
112  6614  2   0  6614
113  6568  2   3  6565
114  6614  2   0  6614
115  6614  2   0  6614
116  6164  2   0  6164
117  6322  2   0  6322
118  6562  4   0  0  0  6562
119  6608  2   0  6608
120  6550  5   0  0  0  0  6550
121  6612  4   0  0  0  6612
122  6590  2   0  6590
123  6614  2   0  6614
124  6608  2   0  6608
125  6608  2   4  6604
126  6614  3   0  0  6614
127  6610  2   0  6610
128  6614  2   1  6613
129  6458  2   0  6458
130  6608  2   0  6608
131  5096  2   0  5096
132  6486  2   0  6486
133  6541  3   0  0  6541
134  6614  3   0  0  6614
135  6608  2   0  6608
136  6612  3   0  0  6612
137  6526  4   0  0  0  6526
138  6614  3   0  0  6614
139  6600  4   0  0  0  6600
140  6606  3   0  0  6606
141  5969  3   0  0  5969
142  6614  2   0  6614
143  6410  2   0  6410
144  6614  2   0  6614
145  6544  2   0  6544
146  6614  2   0  6614
147  4399  2   0  4399
148  6412  2   0  6412
149  6598  2   0  6598
150  6390  3   0  0  6390
151  6614  2   3  6611
152  6498  3   0  0  6498
153  4804  2   0  4804
154  6344  2   0  6344
155  5841  3   0  0  5841
156  6612  2   0  6612
157  6554  2   0  6554
158  6605  3   0  0  6605
159  6590  2   0  6590
160  6614  3   0  0  6614
161  6614  2   0  6614
162  2055  2   0  2055
163  6614  2   0  6614
164  70  2   0  70
165  6614  3   0  0  6614
166  6612  2   0  6612
167  6602  2   0  6602
168  6614  2   0  6614
169  3392  2   0  3392
170  6378  2   152  6226
171  6368  4   0  0  0  6368
172  6614  3   0  0  6614
173  6610  2   0  6610
174  6590  2   0  6590
175  6614  2   2  6612
176  6614  2   0  6614
177  6612  2   0  6612
178  66  2   0  66
179  6614  3   0  0  6614
180  6614  3   0  0  6614
181  6583  4   0  0  0  6583
182  6612  2   0  6612
183  6568  2   0  6568
184  6356  2   0  6356
185  6585  3   0  1  6584
186  6614  2   0  6614
187  6614  2   0  6614
188  6349  3   1  0  6348
189  6611  3   0  0  6611
190  6576  2   0  6576
191  56  2   0  56
192  6578  4   0  0  0  6578
193  6614  2   0  6614
194  56  2   0  56
195  6612  3   0  0  6612
196  6604  3   0  0  6604
197  6598  3   0  0  6598
198  6584  3   0  0  6584
199  6347  3   0  0  6347
200  6614  2   0  6614
201  4367  2   0  4367
202  6349  4   0  5  0  6344
203  6584  2   0  6584
204  6611  4   0  0  0  6611
205  6344  2   0  6344
206  6574  2   0  6574
207  6058  2   0  6058
208  6572  2   0  6572
209  6588  4   0  0  0  6588
210  6614  2   0  6614
211  6612  2   0  6612
212  6612  2   0  6612
213  6580  2   0  6580
214  6614  2   0  6614
215  6613  4   0  0  0  6613
216  6577  3   0  0  6577
217  6614  2   0  6614
218  6614  3   0  0  6614
219  6614  3   0  0  6614
220  6301  3   0  0  6301
221  6414  2   0  6414
222  34  2   0  34
223  6614  4   0  0  0  6614
224  6614  3   0  1  6613
225  6614  3   0  0  6614
226  6604  2   0  6604
227  6612  2   0  6612
228  6472  2   0  6472
229  6614  2   0  6614
230  42  2   0  42
231  6614  4   0  0  0  6614
232  6614  2   0  6614
233  6604  2   0  6604
234  6583  3   0  0  6583
235  6614  3   0  0  6614
236  6265  3   0  0  6265
237  6614  2   0  6614
238  6567  3   0  0  6567
239  6602  2   2  6600
240  4272  2   0  4272
241  6614  2   0  6614
242  6606  3   0  0  6606
243  6614  3   0  0  6614
244  6614  2   0  6614
245  4272  2   0  4272
246  6614  2   0  6614
247  80  2   0  80
248  6592  2   0  6592
249  6614  2   0  6614
250  6582  3   0  0  6582
251  6614  2   0  6614
252  6610  3   0  0  6610
253  6580  2   208  6372
254  6608  2   0  6608
255  6610  2   0  6610
256  6614  2   0  6614
257  6584  2   0  6584
258  6606  3   0  0  6606
259  6614  2   0  6614
260  6612  3   0  0  6612
261  6608  2   0  6608
262  6614  5   0  0  0  0  6614
263  6608  2   0  6608
264  6604  3   0  0  6604
265  6162  3   0  0  6162
266  6610  2   0  6610
267  6614  4   0  0  200  6414
268  6608  2   0  6608
269  6167  4   0  0  0  6167
270  6614  2   0  6614
271  6584  4   1  0  0  6583
272  4528  2   6  4522
273  6580  2   0  6580
274  6210  3   0  0  6210
275  6142  3   0  0  6142
276  272  3   0  56  216
277  6583  3   0  0  6583
278  6240  2   0  6240
279  6136  2   0  6136
280  6584  2   0  6584
281  6606  2   0  6606
282  6614  3   0  0  6614
283  6614  2   0  6614
284  232  2   0  232
285  242  2   0  242
286  6604  2   0  6604
287  6612  3   0  0  6612
288  4515  2   0  4515
289  6574  2   0  6574
290  6612  3   0  0  6612
291  6610  2   0  6610
292  5156  2   0  5156
293  6612  2   0  6612
294  6610  2   0  6610
295  6594  3   0  0  6594
296  6610  2   0  6610
297  4527  3   0  9  4518
298  6614  2   0  6614
299  5633  3   0  0  5633
300  6610  3   0  0  6610
301  6444  2   0  6444
302  6556  2   0  6556
303  6454  3   0  0  6454
304  5908  2   0  5908
305  6602  2   0  6602
306  4808  2   13  4795
307  6604  2   154  6450
308  4505  2   0  4505
309  6614  2   0  6614
310  6476  2   0  6476
311  6552  2   0  6552
312  6507  4   0  0  0  6507
313  6596  2   0  6596
314  5862  2   0  5862
315  6548  2   0  6548
316  6614  2   0  6614
317  6596  3   0  0  6596
318  6394  2   0  6394
319  6597  4   0  0  0  6597
320  6608  2   0  6608
321  6601  3   0  0  6601
322  6562  2   0  6562
323  6446  3   0  0  6446
324  6606  2   0  6606
325  5548  2   0  5548
326  6343  3   0  0  6343
327  6612  2   0  6612
328  6568  3   0  0  6568
329  6614  2   0  6614
330  6614  3   0  0  6614
331  6614  2   0  6614
332  6181  3   0  0  6181
333  4365  2   0  4365
334  6602  2   0  6602
335  6614  2   0  6614
336  6083  3   0  0  6083
337  6612  2   0  6612
338  6580  2   0  6580
339  6614  2   0  6614
340  6040  2   0  6040
341  6614  3   0  0  6614
342  6612  2   1  6611
343  4513  2   1  4512
344  6522  2   0  6522
345  5450  2   24  5426
346  6614  2   0  6614
347  6530  2   0  6530
348  6609  3   0  0  6609
349  6608  2   64  6544
350  6614  2   0  6614
351  6604  2   0  6604
352  6614  2   0  6614
353  6550  3   0  0  6550
354  4459  2   0  4459
355  6528  2   0  6528
356  6584  2   0  6584
357  6583  3   0  0  6583

[pop]=5
1  66704  2   0  66704
2  66522  2   0  66522
3  66714  2   1  66713
4  66704  3   7  0  66697
5  65468  3   1  167  65300
6  66729  3   0  1  66728
7  66500  2   0  66500
8  66574  2   3  66571
9  65982  2   0  65982
10  66738  2   0  66738
11  65685  4   0  1  1  65683
12  66730  2   3  66727
13  66522  2   0  66522
14  66462  2   1  66461
15  66500  2   2  66498
16  66734  2   2  66732
17  65662  3   0  1  65661
18  66558  2   3  66555
19  65981  4   0  1  0  65980
20  66506  2   2  66504
21  66574  2   0  66574
22  66556  2   2  66554
23  65064  2   0  65064
24  66002  3   1086  1  64915
25  66044  2   3  66041
26  66006  2   0  66006
27  66624  2   0  66624
28  66716  3   0  1  66715
29  66722  3   2  0  66720
30  66740  2   1  66739
31  66555  3   5  0  66550
32  64770  2   1  64769
33  66438  2   0  66438
34  66544  2   1  66543
35  64768  2   2  64766
36  66710  2   0  66710
37  66674  2   0  66674
38  66489  3   0  29  66460
39  65828  2   2  65826
40  64877  3   1  0  64876
41  66302  3   1  4  66297
42  66708  2   2  66706
43  66736  2   8  66728
44  66611  3   2  2  66607
45  66346  2   1  66345
46  66045  5   0  0  1  0  66044
47  66706  3   1  2  66703
48  66368  3   1  0  66367
49  66632  2   31  66601
50  66740  2   0  66740
51  65000  2   0  65000
52  66338  3   1  1  66336
53  66686  2   2  66684
54  66608  2   0  66608
55  65011  3   1  0  65010
56  66624  2   3  66621
57  66706  2   0  66706
58  66310  2   2  66308
59  65702  2   1  65701
60  65762  2   3  65759
61  66552  3   0  1  66551
62  66566  2   2  66564
63  66622  2   0  66622
64  66696  2   8  66688
65  66694  2   2  66692
66  18408  2   1  18407
67  66570  2   1  66569
68  66596  2   1  66595
69  66644  2   0  66644
70  65950  3   3  2  65945
71  66622  2   0  66622
72  65246  3   1  1  65244
73  66172  2   0  66172
74  65120  2   0  65120
75  65195  3   0  0  65195
76  66320  2   1  66319
77  66676  2   0  66676
78  66222  3   0  1  66221
79  66682  2   1  66681
80  66739  3   0  1  66738
81  66280  2   0  66280
82  66658  2   8  66650
83  66016  3   0  2  66014
84  66308  2   3  66305
85  66210  2   0  66210
86  66682  2   16  66666
87  47051  2   0  47051
88  66464  2   2  66462
89  66740  2   1  66739
90  66476  3   2  0  66474
91  66739  4   3  2  0  66734
92  66620  2   2031  64589
93  64836  2   1  64835
94  66642  2   37  66605
95  64992  2   2  64990
96  64980  2   3  64977
97  64808  3   1  0  64807
98  66646  2   18  66628
99  66740  2   2  66738
100  41316  2   1  41315
101  66124  2   0  66124
102  66536  2   3  66533
103  64618  3   1  0  64617
104  66434  2   11  66423
105  47560  2   0  47560
106  42901  3   0  0  42901
107  66462  2   1  66461
108  66056  2   4  66052
109  66666  2   2  66664
110  66502  2   4  66498
111  64408  2   5  64403
112  66740  2   2  66738
113  64204  2   26  64178
114  66714  2   0  66714
115  66738  2   3  66735
116  64742  2   4  64738
117  60196  2   0  60196
118  64063  4   0  1  1  64061
119  66186  2   2  66184
120  63658  5   1  0  1  2  63654
121  66257  4   1  0  67  66189
122  66402  2   0  66402
123  66564  2   2  66562
124  66582  2   4  66578
125  66594  2   1  66593
126  66740  3   3  1  66736
127  66074  2   0  66074
128  66738  2   4  66734
129  62878  2   0  62878
130  66628  2   0  66628
131  42896  2   0  42896
132  63670  2   12  63658
133  63304  3   2  0  63302
134  66343  3   0  0  66343
135  66614  2   2  66612
136  66710  3   8  2  66700
137  63088  4   1  7  3  63077
138  66553  3   0  0  66553
139  66539  4   0  20  1  66518
140  66074  3   0  0  66074
141  63837  3   2  0  63835
142  66736  2   6  66730
143  64824  2   0  64824
144  66698  2   0  66698
145  64886  2   0  64886
146  66740  2   2  66738
147  47590  2   0  47590
148  64872  2   2  64870
149  66504  2   3  66501
150  64864  3   1  2  64861
151  66694  2   0  66694
152  62677  3   1  1  62675
153  40258  2   0  40258
154  63398  2   0  63398
155  63078  3   0  6  63072
156  66722  2   8  66714
157  65548  2   3  65545
158  66687  3   1  0  66686
159  66078  2   0  66078
160  66738  3   1  1  66736
161  66740  2   1  66739
162  18477  2   2  18475
163  66690  2   0  66690
164  1754  2   0  1754
165  66435  3   2  2  66431
166  66660  2   0  66660
167  66476  2   2  66474
168  66740  2   0  66740
169  33302  2   0  33302
170  64894  2   817  64077
171  64873  4   1  0  0  64872
172  66584  3   47  1  66536
173  66662  2   2  66660
174  66414  2   0  66414
175  66740  2   0  66740
176  66230  2   0  66230
177  66670  2   3  66667
178  2044  2   2  2042
179  66489  3   1  2  66486
180  66634  3   0  3  66631
181  66371  4   4  1  1  66365
182  66726  2   0  66726
183  66028  2   2  66026
184  64794  2   0  64794
185  66391  3   1  10  66380
186  66740  2   0  66740
187  66284  2   0  66284
188  64776  3   0  0  64776
189  66726  3   1  1  66724
190  66248  2   2  66246
191  2464  2   13  2451
192  66372  4   1  0  1  66370
193  66740  2   1  66739
194  2396  2   18  2378
195  66692  3   1  0  66691
196  66598  3   0  1  66597
197  66379  3   4  1  66374
198  66317  3   3  0  66314
199  64723  3   0  0  64723
200  66400  2   1  66399
201  47776  2   0  47776
202  64681  4   0  41  0  64640
203  66388  2   5  66383
204  66651  4   1  0  0  66650
205  64634  2   2  64632
206  66496  2   0  66496
207  60670  2   4  60666
208  66488  2   2  66486
209  66597  4   1  1  6  66589
210  66740  2   2  66738
211  66644  2   2  66642
212  66622  2   0  66622
213  66412  2   0  66412
214  66394  2   0  66394
215  66676  4   1  0  6  66669
216  66393  3   1  1  66391
217  66380  2   0  66380
218  66732  3   1  1  66730
219  66740  3   2  0  66738
220  64440  3   3  0  64437
221  65090  2   3  65087
222  3436  2   0  3436
223  66139  4   1  4  21  66113
224  66701  3   1  0  66700
225  66732  3   1  7  66724
226  66188  2   0  66188
227  66688  2   5  66683
228  65490  2   0  65490
229  66650  2   0  66650
230  3790  2   3  3787
231  66732  4   0  0  1  66731
232  66056  2   3  66053
233  66194  2   0  66194
234  66451  3   0  2  66449
235  66726  3   0  1  66725
236  64239  3   0  0  64239
237  66740  2   1  66739
238  66151  3   0  0  66151
239  66206  2   0  66206
240  47593  2   0  47593
241  65796  2   0  65796
242  66685  3   0  1  66684
243  66716  3   1  0  66715
244  66352  2   9  66343
245  47564  2   0  47564
246  66740  2   0  66740
247  4990  2   11  4979
248  66398  2   1  66397
249  66720  2   0  66720
250  66498  3   0  1  66497
251  66716  2   0  66716
252  65468  3   1  0  65467
253  66496  2   2535  63961
254  66600  2   7  66593
255  65280  2   0  65280
256  66726  2   9  66717
257  66500  2   0  66500
258  66609  3   1  0  66608
259  66738  2   0  66738
260  66641  3   2  0  66639
261  65120  2   2  65118
262  66726  5   1  0  1  1  66723
263  66606  2   0  66606
264  66661  3   0  0  66661
265  63767  3   1  1  63765
266  66702  2   0  66702
267  66738  4   0  0  2325  64413
268  66622  2   3  66619
269  64839  4   1  1  3  64834
270  66736  2   0  66736
271  66507  4   0  1  0  66506
272  47989  2   231  47758
273  66504  2   0  66504
274  64984  3   3  0  64981
275  63533  3   1  0  63532
276  9638  3   1  2078  7559
277  66501  3   0  0  66501
278  64972  2   9  64963
279  63418  2   2  63416
280  66484  2   0  66484
281  66656  2   0  66656
282  66721  3   0  1  66720
283  66534  2   2  66532
284  8492  2   0  8492
285  8560  2   0  8560
286  66546  2   4  66542
287  66666  3   1  0  66665
288  47762  2   1  47761
289  66392  2   0  66392
290  66648  3   1  2  66645
291  66688  2   1  66687
292  48880  2   2  48878
293  66638  2   2  66636
294  66574  2   3  66571
295  66204  3   0  0  66204
296  66344  2   0  66344
297  47977  3   0  126  47851
298  66736  2   0  66736
299  60153  3   1  0  60152
300  66705  3   0  0  66705
301  65364  2   1  65363
302  66122  2   1  66121
303  65396  3   1  1  65394
304  62420  2   2  62418
305  66222  2   0  66222
306  55508  2   23  55485
307  66704  2   690  66014
308  47628  2   0  47628
309  66740  2   0  66740
310  65816  2   0  65816
311  65514  2   9  65505
312  65484  4   1  1  0  65482
313  66336  2   0  66336
314  61920  2   1  61919
315  65526  2   2  65524
316  66730  2   4  66726
317  65847  3   0  1  65846
318  65294  2   0  65294
319  65897  4   0  1  1  65895
320  66484  2   0  66484
321  66078  3   0  1  66077
322  65542  2   2  65540
323  65568  3   1  0  65567
324  66680  2   20  66660
325  64602  2   3  64599
326  65089  3   0  0  65089
327  66506  2   1  66505
328  65504  3   0  3  65501
329  66520  2   0  66520
330  66728  3   0  2  66726
331  66724  2   0  66724
332  64317  3   0  0  64317
333  46916  2   0  46916
334  66412  2   1  66411
335  66720  2   46  66674
336  64065  3   0  2  64063
337  66642  2   23  66619
338  65412  2   3  65409
339  66722  2   0  66722
340  63776  2   3  63773
341  66726  3   1  0  66725
342  66650  2   0  66650
343  47886  2   2  47884
344  65726  2   0  65726
345  62466  2   54  62412
346  66152  2   15  66137
347  65756  2   0  65756
348  66696  3   1  0  66695
349  66684  2   301  66383
350  66716  2   1  66715
351  66472  2   0  66472
352  66176  2   2  66174
353  65709  3   1  2  65706
354  47119  2   2  47117
355  65638  2   11  65627
356  65070  2   0  65070
357  65032  3   0  0  65032

[pop]=6
1  906  2   0  906
2  900  2   0  900
3  900  2   0  900
4  906  3   0  0  906
5  899  3   0  2  897
6  908  3   0  0  908
7  906  2   0  906
8  898  2   0  898
9  900  2   0  900
10  908  2   0  908
11  883  4   0  0  0  883
12  908  2   0  908
13  906  2   0  906
14  906  2   0  906
15  906  2   0  906
16  898  2   0  898
17  882  3   0  0  882
18  904  2   0  904
19  900  4   0  0  0  900
20  906  2   0  906
21  894  2   0  894
22  902  2   0  902
23  892  2   0  892
24  900  3   27  0  873
25  902  2   0  902
26  900  2   0  900
27  898  2   0  898
28  898  3   0  0  898
29  908  3   0  0  908
30  908  2   0  908
31  905  3   0  0  905
32  878  2   0  878
33  906  2   0  906
34  906  2   0  906
35  878  2   0  878
36  904  2   0  904
37  898  2   0  898
38  904  3   0  0  904
39  896  2   0  896
40  878  3   0  0  878
41  902  3   0  0  902
42  904  2   0  904
43  898  2   0  898
44  904  3   0  0  904
45  904  2   0  904
46  900  5   0  0  0  1  899
47  908  3   0  0  908
48  906  3   0  0  906
49  894  2   0  894
50  898  2   0  898
51  876  2   0  876
52  906  3   0  0  906
53  906  2   0  906
54  906  2   0  906
55  877  3   0  0  877
56  904  2   0  904
57  904  2   0  904
58  904  2   0  904
59  894  2   0  894
60  894  2   0  894
61  906  3   0  0  906
62  900  2   0  900
63  906  2   0  906
64  904  2   0  904
65  904  2   0  904
66  274  2   0  274
67  904  2   0  904
68  906  2   0  906
69  898  2   0  898
70  894  3   0  0  894
71  906  2   0  906
72  875  3   0  0  875
73  902  2   0  902
74  878  2   0  878
75  876  3   0  0  876
76  896  2   0  896
77  904  2   0  904
78  882  3   0  0  882
79  908  2   0  908
80  898  3   0  0  898
81  896  2   0  896
82  896  2   0  896
83  894  3   0  0  894
84  896  2   0  896
85  894  2   1  893
86  908  2   0  908
87  615  2   0  615
88  906  2   0  906
89  898  2   0  898
90  904  3   0  0  904
91  898  4   0  0  0  898
92  898  2   34  864
93  872  2   0  872
94  908  2   1  907
95  848  2   1  847
96  874  2   0  874
97  871  3   0  0  871
98  908  2   0  908
99  898  2   0  898
100  654  2   0  654
101  894  2   0  894
102  904  2   0  904
103  872  3   0  0  872
104  896  2   0  896
105  627  2   0  627
106  686  3   0  0  686
107  896  2   0  896
108  900  2   0  900
109  908  2   0  908
110  904  2   0  904
111  870  2   0  870
112  898  2   0  898
113  866  2   2  864
114  908  2   0  908
115  900  2   0  900
116  854  2   0  854
117  842  2   0  842
118  861  4   0  1  0  860
119  902  2   0  902
120  858  5   0  0  0  1  857
121  903  4   0  0  1  902
122  892  2   0  892
123  908  2   0  908
124  908  2   3  905
125  898  2   0  898
126  898  3   0  0  898
127  898  2   0  898
128  908  2   0  908
129  870  2   0  870
130  906  2   0  906
131  660  2   0  660
132  866  2   0  866
133  855  3   0  0  855
134  906  3   0  0  906
135  898  2   0  898
136  908  3   0  0  908
137  853  4   0  0  0  853
138  908  3   0  0  908
139  907  4   0  1  0  906
140  898  3   0  0  898
141  846  3   0  0  846
142  908  2   0  908
143  856  2   0  856
144  906  2   0  906
145  882  2   0  882
146  898  2   0  898
147  623  2   0  623
148  856  2   0  856
149  906  2   0  906
150  856  3   0  0  856
151  906  2   0  906
152  854  3   0  0  854
153  636  2   0  636
154  854  2   0  854
155  829  3   0  0  829
156  908  2   0  908
157  896  2   0  896
158  906  3   0  0  906
159  894  2   0  894
160  900  3   0  0  900
161  898  2   0  898
162  273  2   0  273
163  906  2   2  904
164  46  2   2  44
165  906  3   0  0  906
166  898  2   0  898
167  906  2   1  905
168  898  2   0  898
169  469  2   0  469
170  856  2   7  849
171  855  4   0  0  0  855
172  906  3   0  0  906
173  898  2   0  898
174  906  2   0  906
175  898  2   0  898
176  896  2   0  896
177  906  2   0  906
178  70  2   0  70
179  906  3   0  0  906
180  908  3   0  0  908
181  906  4   0  0  0  906
182  908  2   0  908
183  898  2   0  898
184  854  2   5  849
185  906  3   0  0  906
186  900  2   0  900
187  898  2   0  898
188  852  3   0  0  852
189  908  3   0  0  908
190  898  2   0  898
191  94  2   0  94
192  906  4   0  0  0  906
193  898  2   0  898
194  96  2   0  96
195  898  3   0  0  898
196  902  3   0  0  902
197  894  3   1  0  893
198  902  3   0  0  902
199  851  3   0  0  851
200  904  2   0  904
201  624  2   0  624
202  850  4   0  4  0  846
203  904  2   0  904
204  898  4   0  0  0  898
205  846  2   0  846
206  896  2   0  896
207  822  2   0  822
208  896  2   0  896
209  907  4   0  0  0  907
210  908  2   0  908
211  896  2   0  896
212  894  2   0  894
213  906  2   0  906
214  898  2   0  898
215  908  4   0  0  0  908
216  904  3   0  0  904
217  898  2   0  898
218  900  3   0  0  900
219  898  3   0  0  898
220  831  3   0  0  831
221  886  2   0  886
222  122  2   0  122
223  893  4   0  0  0  893
224  908  3   0  0  908
225  900  3   0  0  900
226  904  2   0  904
227  908  2   0  908
228  888  2   0  888
229  898  2   0  898
230  124  2   0  124
231  900  4   0  0  0  900
232  892  2   2  890
233  904  2   0  904
234  906  3   0  0  906
235  900  3   0  0  900
236  824  3   0  0  824
237  908  2   0  908
238  900  3   0  0  900
239  904  2   0  904
240  619  2   1  618
241  880  2   0  880
242  896  3   0  0  896
243  908  3   0  0  908
244  896  2   0  896
245  618  2   0  618
246  908  2   0  908
247  136  2   0  136
248  904  2   0  904
249  908  2   0  908
250  906  3   0  0  906
251  900  2   0  900
252  872  3   0  0  872
253  904  2   29  875
254  908  2   0  908
255  868  2   0  868
256  908  2   1  907
257  906  2   0  906
258  908  3   0  0  908
259  908  2   0  908
260  898  3   0  0  898
261  860  2   0  860
262  908  5   0  0  0  0  908
263  904  2   0  904
264  896  3   0  0  896
265  816  3   0  0  816
266  908  2   2  906
267  908  4   0  0  41  867
268  904  2   0  904
269  868  4   0  0  0  868
270  908  2   0  908
271  906  4   0  0  0  906
272  632  2   0  632
273  906  2   0  906
274  874  3   0  0  874
275  806  3   0  0  806
276  182  3   0  20  162
277  906  3   0  0  906
278  876  2   0  876
279  806  2   0  806
280  902  2   0  902
281  898  2   0  898
282  908  3   0  0  908
283  894  2   0  894
284  174  2   0  174
285  176  2   0  176
286  892  2   0  892
287  898  3   0  0  898
288  626  2   0  626
289  904  2   0  904
290  898  3   0  0  898
291  908  2   1  907
292  672  2   0  672
293  898  2   0  898
294  904  2   0  904
295  890  3   0  0  890
296  890  2   0  890
297  632  3   0  1  631
298  908  2   0  908
299  798  3   0  0  798
300  903  3   0  0  903
301  882  2   0  882
302  900  2   0  900
303  880  3   0  0  880
304  784  2   0  784
305  898  2   0  898
306  706  2   3  703
307  908  2   9  899
308  630  2   0  630
309  908  2   0  908
310  894  2   0  894
311  882  2   0  882
312  885  4   0  0  0  885
313  900  2   0  900
314  778  2   1  777
315  886  2   0  886
316  908  2   0  908
317  886  3   0  0  886
318  886  2   0  886
319  886  4   0  0  0  886
320  900  2   0  900
321  898  3   0  0  898
322  886  2   0  886
323  884  3   0  0  884
324  906  2   0  906
325  846  2   0  846
326  884  3   0  0  884
327  900  2   1  899
328  888  3   0  0  888
329  896  2   0  896
330  908  3   0  0  908
331  908  2   0  908
332  880  3   0  0  880
333  610  2   0  610
334  888  2   0  888
335  908  2   0  908
336  876  3   0  0  876
337  900  2   0  900
338  886  2   0  886
339  908  2   0  908
340  870  2   0  870
341  904  3   0  0  904
342  900  2   0  900
343  629  2   0  629
344  884  2   0  884
345  824  2   1  823
346  888  2   0  888
347  886  2   0  886
348  908  3   0  0  908
349  906  2   3  903
350  908  2   0  908
351  892  2   0  892
352  890  2   0  890
353  896  3   0  0  896
354  621  2   1  620
355  892  2   0  892
356  868  2   0  868
357  865  3   1  0  864

[pop]=7
1  16512  2   0  16512
2  16228  2   4  16224
3  16510  2   0  16510
4  16512  3   0  0  16512
5  16182  3   0  0  16182
6  16512  3   0  0  16512
7  16492  2   9  16483
8  16496  2   0  16496
9  16486  2   0  16486
10  16512  2   0  16512
11  16465  4   0  0  0  16465
12  16512  2   0  16512
13  16510  2   0  16510
14  16512  2   0  16512
15  16510  2   0  16510
16  16512  2   0  16512
17  16436  3   2  0  16434
18  16290  2   0  16290
19  16491  4   0  0  1  16490
20  16510  2   1  16509
21  16492  2   0  16492
22  16322  2   0  16322
23  16292  2   0  16292
24  16495  3   137  0  16358
25  16346  2   0  16346
26  16494  2   0  16494
27  16498  2   10  16488
28  16506  3   0  0  16506
29  16512  3   0  1  16511
30  16512  2   0  16512
31  16494  3   0  1  16493
32  16420  2   0  16420
33  16510  2   0  16510
34  16512  2   0  16512
35  16426  2   0  16426
36  16506  2   0  16506
37  16508  2   0  16508
38  16484  3   0  0  16484
39  16392  2   0  16392
40  16433  3   0  0  16433
41  16415  3   0  1  16414
42  16506  2   0  16506
43  16512  2   0  16512
44  16387  3   0  0  16387
45  16422  2   0  16422
46  16498  5   1  1  0  0  16496
47  16494  3   1  0  16493
48  16509  3   0  0  16509
49  16502  2   0  16502
50  16512  2   0  16512
51  16442  2   0  16442
52  16504  3   0  0  16504
53  16456  2   0  16456
54  16496  2   3  16493
55  16441  3   0  2  16439
56  16386  2   0  16386
57  16506  2   2  16504
58  16502  2   0  16502
59  16458  2   1  16457
60  16468  2   0  16468
61  16506  3   0  0  16506
62  16208  2   0  16208
63  16498  2   2  16496
64  16506  2   0  16506
65  16506  2   0  16506
66  6311  2   1  6310
67  16478  2   2  16476
68  16316  2   0  16316
69  16502  2   10  16492
70  16489  3   0  0  16489
71  16342  2   2  16340
72  16489  3   0  0  16489
73  16442  2   18  16424
74  16450  2   0  16450
75  16491  3   0  0  16491
76  15484  2   0  15484
77  16502  2   0  16502
78  15490  3   0  0  15490
79  16508  2   1  16507
80  16512  3   0  0  16512
81  15350  2   2  15348
82  16502  2   0  16502
83  16498  3   0  0  16498
84  15460  2   0  15460
85  15158  2   0  15158
86  16512  2   2  16510
87  9869  2   1  9868
88  16220  2   0  16220
89  16512  2   0  16512
90  15892  3   1  1  15890
91  16512  4   0  1  1  16510
92  16504  2   1080  15424
93  16460  2   0  16460
94  16510  2   0  16510
95  16298  2   0  16298
96  16436  2   0  16436
97  16460  3   0  0  16460
98  16510  2   0  16510
99  16512  2   0  16512
100  12350  2   0  12350
101  14958  2   2  14956
102  16474  2   0  16474
103  16456  3   0  0  16456
104  16486  2   0  16486
105  9939  2   2  9937
106  12603  3   0  1  12602
107  16492  2   0  16492
108  16506  2   0  16506
109  16488  2   0  16488
110  16466  2   0  16466
111  16446  2   0  16446
112  16512  2   0  16512
113  16438  2   2  16436
114  16512  2   0  16512
115  16512  2   0  16512
116  16290  2   0  16290
117  15674  2   0  15674
118  16435  4   1  1  0  16433
119  16504  2   0  16504
120  16422  5   2  1  1  25  16393
121  16508  4   0  0  0  16508
122  16268  2   0  16268
123  16512  2   0  16512
124  16508  2   479  16029
125  16500  2   0  16500
126  16512  3   0  0  16512
127  16506  2   0  16506
128  16512  2   0  16512
129  15016  2   0  15016
130  16488  2   0  16488
131  12594  2   2  12592
132  16098  2   0  16098
133  16409  3   0  1  16408
134  16510  3   0  1  16509
135  16504  2   0  16504
136  16512  3   0  0  16512
137  16399  4   0  2  3  16394
138  16512  3   3  0  16509
139  16506  4   1  0  0  16505
140  16504  3   0  2  16502
141  16090  3   0  4  16086
142  16510  2   0  16510
143  15946  2   0  15946
144  16512  2   0  16512
145  16244  2   10  16234
146  16512  2   0  16512
147  9995  2   21  9974
148  15896  2   1  15895
149  16504  2   0  16504
150  15816  3   0  0  15816
151  16512  2   0  16512
152  16386  3   0  0  16386
153  12218  2   1  12217
154  15298  2   0  15298
155  15989  3   0  0  15989
156  16512  2   0  16512
157  16200  2   0  16200
158  16512  3   0  0  16512
159  16384  2   0  16384
160  16512  3   0  0  16512
161  16512  2   0  16512
162  6325  2   0  6325
163  16512  2   0  16512
164  1324  2   0  1324
165  16510  3   0  0  16510
166  16488  2   0  16488
167  16504  2   3  16501
168  16512  2   0  16512
169  7412  2   2  7410
170  15472  2   4  15468
171  15401  4   1  3  0  15397
172  16492  3   0  0  16492
173  16492  2   0  16492
174  16496  2   2  16494
175  16512  2   0  16512
176  16494  2   0  16494
177  16512  2   0  16512
178  2924  2   0  2924
179  16512  3   0  0  16512
180  16511  3   0  2  16509
181  16490  4   0  0  0  16490
182  16512  2   19  16493
183  16388  2   0  16388
184  15102  2   436  14666
185  16491  3   0  0  16491
186  16512  2   2  16510
187  16510  2   3  16507
188  14963  3   0  1  14962
189  16512  3   0  0  16512
190  16438  2   0  16438
191  4642  2   0  4642
192  16487  4   0  0  5  16482
193  16512  2   1  16511
194  4652  2   2  4650
195  16502  3   0  1  16501
196  16510  3   0  0  16510
197  16429  3   0  0  16429
198  16483  3   0  0  16483
199  14845  3   0  1  14844
200  16430  2   0  16430
201  10052  2   9  10043
202  14695  4   1  5  0  14689
203  16488  2   5  16483
204  16512  4   0  1  0  16511
205  14576  2   0  14576
206  16506  2   0  16506
207  14646  2   0  14646
208  16506  2   1  16505
209  16501  4   0  0  0  16501
210  16512  2   0  16512
211  16512  2   0  16512
212  16482  2   2  16480
213  16484  2   0  16484
214  16510  2   0  16510
215  16512  4   0  1  0  16511
216  16478  3   0  3  16475
217  16510  2   2  16508
218  16512  3   0  0  16512
219  16512  3   1  0  16511
220  14028  3   0  0  14028
221  16036  2   0  16036
222  7104  2   2  7102
223  15949  4   0  0  1  15948
224  16512  3   0  0  16512
225  16512  3   0  2  16510
226  16508  2   2  16506
227  16496  2   0  16496
228  16180  2   3  16177
229  16500  2   2  16498
230  7300  2   0  7300
231  16512  4   3  0  0  16509
232  15822  2   0  15822
233  16508  2   0  16508
234  16488  3   0  0  16488
235  16512  3   0  0  16512
236  13685  3   0  0  13685
237  16512  2   1  16511
238  16381  3   0  1  16380
239  16508  2   0  16508
240  9981  2   0  9981
241  15208  2   0  15208
242  16502  3   1  0  16501
243  16512  3   0  0  16512
244  16510  2   0  16510
245  9975  2   0  9975
246  16512  2   5  16507
247  7652  2   0  7652
248  16442  2   1  16441
249  16512  2   5  16507
250  16483  3   0  0  16483
251  16510  2   0  16510
252  14526  3   0  0  14526
253  16490  2   466  16024
254  16492  2   1  16491
255  14210  2   0  14210
256  16512  2   0  16512
257  16486  2   0  16486
258  16491  3   0  0  16491
259  16512  2   0  16512
260  16482  3   0  3  16479
261  13942  2   0  13942
262  16512  5   0  0  0  0  16512
263  16490  2   10  16480
264  16495  3   0  1  16494
265  13314  3   0  0  13314
266  16504  2   0  16504
267  16512  4   0  0  1767  14745
268  16492  2   0  16492
269  16285  4   0  1  0  16284
270  16512  2   2  16510
271  16485  4   0  0  1  16484
272  10115  2   14  10101
273  16482  2   0  16482
274  16332  3   0  0  16332
275  13172  3   1  1  13170
276  8160  3   0  834  7326
277  16481  3   0  0  16481
278  16330  2   1  16329
279  13146  2   1  13145
280  16470  2   1  16469
281  16470  2   0  16470
282  16511  3   0  0  16511
283  16498  2   0  16498
284  8016  2   7  8009
285  8022  2   0  8022
286  16462  2   0  16462
287  16480  3   0  0  16480
288  9987  2   0  9987
289  16470  2   0  16470
290  16451  3   0  0  16451
291  16504  2   0  16504
292  11932  2   0  11932
293  16436  2   0  16436
294  16320  2   0  16320
295  16356  3   0  0  16356
296  16366  2   0  16366
297  10105  3   0  9  10096
298  16512  2   0  16512
299  14743  3   0  1  14742
300  16498  3   0  1  16497
301  16368  2   4  16364
302  16434  2   0  16434
303  16374  3   0  0  16374
304  12834  2   0  12834
305  16504  2   0  16504
306  13390  2   0  13390
307  16510  2   8  16502
308  9982  2   0  9982
309  16512  2   18  16494
310  16402  2   2  16400
311  16410  2   0  16410
312  16340  4   0  0  1  16339
313  16438  2   3  16435
314  12836  2   0  12836
315  16284  2   0  16284
316  16512  2   0  16512
317  16457  3   1  0  16456
318  16270  2   1  16269
319  16471  4   0  0  0  16471
320  16472  2   0  16472
321  16504  3   1  1  16502
322  16196  2   0  16196
323  16348  3   0  0  16348
324  16506  2   0  16506
325  16024  2   0  16024
326  16233  3   0  1  16232
327  16478  2   1  16477
328  16056  3   0  0  16056
329  16078  2   6  16072
330  16512  3   1  0  16511
331  16510  2   0  16510
332  16106  3   1  0  16105
333  9643  2   11  9632
334  16320  2   0  16320
335  16512  2   0  16512
336  16079  3   0  0  16079
337  16496  2   5  16491
338  15804  2   0  15804
339  16512  2   3  16509
340  16044  2   0  16044
341  16510  3   0  0  16510
342  16496  2   0  16496
343  10062  2   0  10062
344  16476  2   5  16471
345  15988  2   0  15988
346  16500  2   0  16500
347  16482  2   0  16482
348  16502  3   0  3  16499
349  16508  2   0  16508
350  16512  2   2  16510
351  16418  2   7  16411
352  16508  2   0  16508
353  16502  3   0  0  16502
354  9741  2   0  9741
355  16500  2   0  16500
356  14818  2   0  14818
357  14693  3   0  12  14681

