[loci]=61

[populations]=7

[pop]=1
1  10402  2   0  10402
2  9529  3   0  7  9522
3  7220  2   0  7220
4  10402  3   1  89  10312
5  9534  2   0  9534
6  10406  4   0  0  0  10406
7  9578  2   0  9578
8  10406  2   0  10406
9  10400  3   0  1  10399
10  9471  3   0  60  9411
11  9574  3   45  0  9529
12  9480  3   0  0  9480
13  10404  2   2  10402
14  9607  3   0  0  9607
15  10406  3   1  0  10405
16  10396  2   0  10396
17  9652  3   0  0  9652
18  10406  2   0  10406
19  9652  2   0  9652
20  10406  3   0  0  10406
21  9516  2   0  9516
22  900  2   0  900
23  9848  2   1  9847
24  10406  3   1  0  10405
25  9704  2   0  9704
26  10406  3   0  0  10406
27  9736  2   9  9727
28  9516  4   0  0  1  9515
29  10386  2   0  10386
30  10406  3   1  0  10405
31  10406  2   0  10406
32  9835  3   0  0  9835
33  10404  2   0  10404
34  10404  3   0  2  10402
35  9796  3   0  0  9796
36  10403  3   1  0  10402
37  9812  2   0  9812
38  9524  2   0  9524
39  9766  3   0  0  9766
40  9826  2   1  9825
41  10406  3   0  0  10406
42  9824  3   2  0  9822
43  10320  2   0  10320
44  8201  2   24  8177
45  9704  3   0  0  9704
46  9650  3   0  11  9639
47  2142  2   76  2066
48  9520  2   4  9516
49  2144  2   0  2144
50  10406  3   0  0  10406
51  10382  4   0  0  0  10382
52  2368  3   165  0  2203
53  10380  4   1  0  2  10377
54  10186  3   0  0  10186
55  2374  2   1  2373
56  9524  2   0  9524
57  10364  2   2  10362
58  2438  2   0  2438
59  452  3   0  1  451
60  9680  2   9  9671
61  9472  2   3  9469

[pop]=2
1  11566  2   0  11566
2  10790  3   0  1  10789
3  8163  2   0  8163
4  11570  3   0  7  11563
5  10792  2   1  10791
6  11578  4   0  0  0  11578
7  10756  2   0  10756
8  11578  2   0  11578
9  11570  3   0  0  11570
10  11537  3   1  3  11533
11  10772  3   2  0  10770
12  11544  3   0  0  11544
13  11574  2   0  11574
14  10772  3   0  0  10772
15  11578  3   0  0  11578
16  11570  2   0  11570
17  10820  3   0  0  10820
18  11576  2   0  11576
19  10860  2   1  10859
20  11578  3   0  1  11577
21  11550  2   0  11550
22  687  2   0  687
23  11496  2   1  11495
24  11578  3   0  0  11578
25  10876  2   1  10875
26  11578  3   0  0  11578
27  10958  2   4  10954
28  11556  4   0  0  1  11555
29  11574  2   0  11574
30  11578  3   0  0  11578
31  11578  2   0  11578
32  11493  3   3  0  11490
33  11578  2   20  11558
34  11578  3   1  0  11577
35  11040  3   0  0  11040
36  11578  3   0  0  11578
37  11060  2   0  11060
38  11564  2   0  11564
39  11488  3   0  0  11488
40  11060  2   0  11060
41  11578  3   0  3  11575
42  11064  3   0  0  11064
43  11568  2   0  11568
44  9144  2   2  9142
45  11477  3   0  0  11477
46  11470  3   0  1  11469
47  1880  2   945  935
48  11570  2   0  11570
49  1724  2   1  1723
50  11576  3   0  0  11576
51  11568  4   0  0  0  11568
52  1776  3   15  0  1761
53  11566  4   1  0  0  11565
54  11556  3   0  0  11556
55  1822  2   0  1822
56  11568  2   0  11568
57  11556  2   0  11556
58  1852  2   0  1852
59  200  3   0  0  200
60  10976  2   0  10976
61  11568  2   1  11567

[pop]=3
1  8650  2   0  8650
2  7952  3   1  0  7951
3  5732  2   0  5732
4  8649  3   0  0  8649
5  7980  2   0  7980
6  8654  4   0  0  0  8654
7  7984  2   0  7984
8  8654  2   0  8654
9  8646  3   0  1  8645
10  8543  3   0  0  8543
11  8026  3   3  0  8023
12  8554  3   0  0  8554
13  8652  2   0  8652
14  8043  3   0  0  8043
15  8654  3   0  0  8654
16  8644  2   0  8644
17  8085  3   1  0  8084
18  8654  2   1  8653
19  8102  2   0  8102
20  8654  3   0  0  8654
21  8576  2   63  8513
22  767  2   2  765
23  8532  2   0  8532
24  8654  3   0  0  8654
25  8140  2   0  8140
26  8654  3   1  0  8653
27  8174  2   1  8173
28  8582  4   0  0  0  8582
29  8644  2   0  8644
30  8654  3   0  0  8654
31  8654  2   0  8654
32  8532  3   0  0  8532
33  8652  2   0  8652
34  8652  3   0  0  8652
35  8232  3   0  0  8232
36  8652  3   0  0  8652
37  8256  2   0  8256
38  8596  2   0  8596
39  8529  3   0  0  8529
40  8254  2   1  8253
41  8654  3   0  0  8654
42  8278  3   0  0  8278
43  8640  2   0  8640
44  6530  2   0  6530
45  8531  3   0  0  8531
46  8532  3   1  0  8531
47  2174  2   1351  823
48  8596  2   0  8596
49  1808  2   0  1808
50  8653  3   0  0  8653
51  8642  4   0  0  0  8642
52  1818  3   0  0  1818
53  8642  4   0  0  0  8642
54  8624  3   0  0  8624
55  1822  2   4  1818
56  8594  2   128  8466
57  8638  2   0  8638
58  1842  2   0  1842
59  265  3   0  0  265
60  8214  2   2  8212
61  8594  2   0  8594

[pop]=4
1  6614  2   0  6614
2  5654  3   0  0  5654
3  3165  2   0  3165
4  6614  3   0  0  6614
5  5640  2   0  5640
6  6614  4   0  43  0  6571
7  5642  2   0  5642
8  6614  2   0  6614
9  6614  3   0  0  6614
10  6609  3   0  0  6609
11  5630  3   0  0  5630
12  6610  3   0  0  6610
13  6614  2   0  6614
14  5631  3   0  0  5631
15  6614  3   0  0  6614
16  6614  2   0  6614
17  5666  3   0  0  5666
18  6614  2   0  6614
19  5674  2   0  5674
20  6614  3   0  0  6614
21  6614  2   0  6614
22  660  2   0  660
23  6590  2   0  6590
24  6614  3   0  0  6614
25  5672  2   0  5672
26  6614  3   0  0  6614
27  5682  2   0  5682
28  6614  4   0  0  0  6614
29  6614  2   0  6614
30  6614  3   0  0  6614
31  6614  2   0  6614
32  6593  3   0  0  6593
33  6614  2   0  6614
34  6614  3   0  0  6614
35  5710  3   0  0  5710
36  6614  3   0  0  6614
37  5718  2   0  5718
38  6614  2   180  6434
39  6584  3   0  0  6584
40  5726  2   0  5726
41  6614  3   0  0  6614
42  5732  3   0  0  5732
43  6612  2   0  6612
44  4151  2   0  4151
45  6586  3   0  2  6584
46  6584  3   0  0  6584
47  558  2   226  332
48  6614  2   0  6614
49  556  2   2  554
50  6614  3   0  0  6614
51  6611  4   0  0  1  6610
52  604  3   0  0  604
53  6610  4   0  0  0  6610
54  6612  3   1  0  6611
55  700  2   0  700
56  6614  2   0  6614
57  6610  2   0  6610
58  752  2   0  752
59  168  3   0  0  168
60  5498  2   0  5498
61  6614  2   0  6614

[pop]=5
1  66666  2   6  66660
2  60045  3   0  5  60040
3  38990  2   3  38987
4  66682  3   0  1  66681
5  60138  2   0  60138
6  66738  4   1  15  1  66721
7  60158  2   3  60155
8  66740  2   2  66738
9  66644  3   1  1  66642
10  65537  3   0  0  65537
11  60340  3   1  1  60338
12  65626  3   1  1  65624
13  66698  2   1  66697
14  60506  3   4  2  60500
15  66740  3   0  0  66740
16  66634  2   2  66632
17  60837  3   0  0  60837
18  66706  2   1  66705
19  61154  2   0  61154
20  66740  3   1  1  66738
21  65816  2   0  65816
22  6773  2   0  6773
23  65168  2   1  65167
24  66740  3   0  3  66737
25  61524  2   0  61524
26  66712  3   0  0  66712
27  61716  2   1  61715
28  65902  4   2  1  7  65892
29  66594  2   2  66592
30  66735  3   0  1  66734
31  66706  2   2  66704
32  65170  3   0  1  65169
33  66730  2   1  66729
34  66725  3   0  0  66725
35  62390  3   0  1  62389
36  66724  3   0  0  66724
37  62594  2   2  62592
38  65950  2   93  65857
39  65051  3   0  1  65050
40  62826  2   0  62826
41  66701  3   1  0  66700
42  62914  3   0  1  62913
43  66392  2   0  66392
44  46051  2   0  46051
45  64931  3   1  1  64929
46  64788  3   0  1  64787
47  11006  2   1527  9479
48  65934  2   0  65934
49  10850  2   3  10847
50  66672  3   1  0  66671
51  66673  4   1  1  0  66671
52  11364  3   19  1  11344
53  66657  4   0  1  0  66656
54  65982  3   0  0  65982
55  12174  2   1  12173
56  65966  2   0  65966
57  66626  2   0  66626
58  12440  2   0  12440
59  2694  3   0  0  2694
60  62464  2   0  62464
61  65910  2   0  65910

[pop]=6
1  904  2   0  904
2  783  3   0  0  783
3  489  2   0  489
4  907  3   0  0  907
5  786  2   0  786
6  908  4   0  1  0  907
7  782  2   0  782
8  908  2   0  908
9  900  3   0  0  900
10  889  3   0  0  889
11  776  3   0  0  776
12  890  3   0  0  890
13  908  2   0  908
14  778  3   0  0  778
15  908  3   0  0  908
16  902  2   0  902
17  789  3   0  0  789
18  908  2   0  908
19  786  2   0  786
20  908  3   0  0  908
21  892  2   0  892
22  123  2   0  123
23  888  2   0  888
24  908  3   0  0  908
25  796  2   0  796
26  908  3   0  0  908
27  800  2   0  800
28  892  4   0  0  0  892
29  900  2   0  900
30  908  3   0  0  908
31  908  2   0  908
32  888  3   0  0  888
33  908  2   0  908
34  908  3   0  0  908
35  814  3   0  0  814
36  908  3   0  0  908
37  816  2   0  816
38  892  2   5  887
39  888  3   0  0  888
40  820  2   0  820
41  908  3   0  0  908
42  830  3   0  0  830
43  898  2   0  898
44  590  2   0  590
45  887  3   0  0  887
46  888  3   0  0  888
47  228  2   44  184
48  894  2   0  894
49  232  2   1  231
50  905  3   0  0  905
51  908  4   0  0  0  908
52  232  3   0  0  232
53  908  4   0  0  0  908
54  895  3   0  0  895
55  246  2   0  246
56  894  2   1  893
57  908  2   0  908
58  252  2   0  252
59  66  3   0  0  66
60  810  2   0  810
61  894  2   0  894

[pop]=7
1  16502  2   1  16501
2  12764  3   0  5  12759
3  8188  2   0  8188
4  16503  3   0  0  16503
5  12780  2   9  12771
6  16512  4   0  0  0  16512
7  12824  2   0  12824
8  16512  2   0  16512
9  16510  3   0  0  16510
10  16505  3   0  0  16505
11  12838  3   1  0  12837
12  16506  3   0  1  16505
13  16508  2   0  16508
14  12881  3   0  0  12881
15  16512  3   0  2  16510
16  16510  2   0  16510
17  12961  3   0  1  12960
18  16508  2   0  16508
19  13004  2   1  13003
20  16512  3   0  0  16512
21  16508  2   0  16508
22  3832  2   0  3832
23  16480  2   0  16480
24  16512  3   0  0  16512
25  13184  2   1  13183
26  16508  3   0  11  16497
27  13288  2   6  13282
28  16512  4   0  0  0  16512
29  16508  2   0  16508
30  16510  3   0  0  16510
31  16504  2   0  16504
32  16482  3   0  0  16482
33  16510  2   0  16510
34  16510  3   0  0  16510
35  13876  3   1  0  13875
36  16510  3   0  1  16509
37  14020  2   0  14020
38  16512  2   2  16510
39  16483  3   1  0  16482
40  14188  2   0  14188
41  16476  3   0  0  16476
42  14376  3   0  0  14376
43  16498  2   2  16496
44  9674  2   0  9674
45  16482  3   0  0  16482
46  16482  3   0  0  16482
47  8390  2   855  7535
48  16512  2   0  16512
49  8296  2   1  8295
50  16401  3   0  1  16400
51  16499  4   0  0  0  16499
52  8320  3   2  0  8318
53  16491  4   0  0  10  16481
54  16422  3   0  3  16419
55  8370  2   5  8365
56  16512  2   4  16508
57  16488  2   0  16488
58  8388  2   2  8386
59  3237  3   1  0  3236
60  15348  2   0  15348
61  16512  2   0  16512

