[loci]=126

[populations]=7

[pop]=1
1  9032  2   0  9032
2  10282  3   0  0  10282
3  10352  3   31  2  10319
4  10402  2   0  10402
5  7840  3   1  0  7839
6  10311  4   1  0  1  10309
7  10400  2   0  10400
8  10355  4   0  0  0  10355
9  10392  3   0  0  10392
10  7828  2   0  7828
11  10336  2   0  10336
12  6698  2   0  6698
13  9908  3   0  3  9905
14  10357  4   0  1  0  10356
15  10339  3   0  0  10339
16  10406  3   0  0  10406
17  10276  2   0  10276
18  9906  3   1  0  9905
19  10406  4   0  2  0  10404
20  9825  3   0  1  9824
21  10402  2   0  10402
22  10266  2   0  10266
23  7808  2   0  7808
24  9908  2   0  9908
25  10366  3   0  10  10356
26  10354  2   1  10353
27  10396  3   0  0  10396
28  10406  2   0  10406
29  9908  2   5  9903
30  8159  3   0  65  8094
31  10356  2   0  10356
32  9785  4   0  1  0  9784
33  10404  2   0  10404
34  10197  3   0  0  10197
35  8205  4   5  1  0  8199
36  10361  3   0  0  10361
37  10388  2   0  10388
38  8296  2   2  8294
39  9908  3   0  0  9908
40  10363  4   1  0  0  10362
41  10280  2   0  10280
42  10402  2   0  10402
43  9936  3   0  0  9936
44  10378  2   0  10378
45  7468  2   0  7468
46  10402  2   8  10394
47  10194  3   0  0  10194
48  9934  2   1  9933
49  8341  3   0  0  8341
50  10382  3   0  0  10382
51  10404  3   0  0  10404
52  10388  2   2  10386
53  10360  3   0  0  10360
54  10358  3   0  0  10358
55  8397  3   0  0  8397
56  9976  3   0  0  9976
57  10394  2   5  10389
58  10404  2   2  10402
59  8402  3   0  1  8401
60  9995  3   0  25  9970
61  8414  3   0  2  8412
62  10006  3   0  0  10006
63  8450  2   2  8448
64  9624  2   0  9624
65  9994  3   0  0  9994
66  10396  3   0  0  10396
67  8456  2   0  8456
68  10404  2   0  10404
69  10406  2   0  10406
70  10396  2   0  10396
71  10256  3   0  1  10255
72  10062  2   2  10060
73  10394  2   0  10394
74  10394  3   0  0  10394
75  10378  2   0  10378
76  10406  4   0  0  0  10406
77  10074  2   1  10073
78  10406  2   0  10406
79  10120  3   0  1  10119
80  5122  2   0  5122
81  10400  3   0  0  10400
82  10406  4   0  0  0  10406
83  10120  2   0  10120
84  10370  4   1  0  0  10369
85  8198  3   2  0  8196
86  10144  3   0  0  10144
87  5622  2   1  5621
88  10384  2   8827  1557
89  10178  2   0  10178
90  10193  3   0  0  10193
91  10370  2   0  10370
92  8010  2   1  8009
93  10350  2   0  10350
94  10406  2   0  10406
95  10372  4   0  0  0  10372
96  10356  2   0  10356
97  10378  2   0  10378
98  10202  3   0  0  10202
99  10312  3   0  0  10312
100  6392  3   0  3  6389
101  10378  3   0  0  10378
102  10392  2   0  10392
103  10396  2   2  10394
104  10229  3   1  0  10228
105  10366  3   0  0  10366
106  6517  3   0  0  6517
107  10400  2   0  10400
108  10232  3   0  0  10232
109  10360  3   0  0  10360
110  10368  2   1  10367
111  10406  2   1  10405
112  9082  2   0  9082
113  10247  3   0  1  10246
114  6804  2   0  6804
115  10368  2   1  10367
116  10390  2   0  10390
117  10400  2   2  10398
118  8909  3   0  0  8909
119  10244  3   2  1  10241
120  10366  3   0  0  10366
121  10322  2   0  10322
122  10396  2   0  10396
123  10234  3   2  0  10232
124  10366  2   0  10366
125  10355  4   0  1  0  10354
126  10406  4   0  0  1  10405

[pop]=2
1  8112  2   0  8112
2  11350  3   1  0  11349
3  11554  3   1  0  11553
4  11578  2   0  11578
5  10663  3   0  0  10663
6  11541  4   0  1  0  11540
7  11578  2   0  11578
8  11559  4   0  1  0  11558
9  11567  3   0  0  11567
10  10674  2   4  10670
11  11548  2   0  11548
12  8272  2   4  8268
13  11512  3   1  0  11511
14  11562  4   2  0  0  11560
15  11549  3   0  0  11549
16  11570  3   0  0  11570
17  11344  2   0  11344
18  11518  3   0  0  11518
19  11576  4   0  0  0  11576
20  11359  3   1  0  11358
21  11578  2   0  11578
22  11332  2   0  11332
23  10058  2   0  10058
24  11516  2   1  11515
25  11565  3   0  0  11565
26  11550  2   3  11547
27  11572  3   0  0  11572
28  11570  2   0  11570
29  11518  2   0  11518
30  10959  3   0  222  10737
31  11548  2   0  11548
32  11327  4   0  0  0  11327
33  11578  2   0  11578
34  11095  3   0  0  11095
35  10999  4   15  0  0  10984
36  11548  3   0  0  11548
37  11570  2   1  11569
38  10560  2   0  10560
39  11517  3   0  0  11517
40  11548  4   0  0  0  11548
41  11262  2   0  11262
42  11578  2   0  11578
43  11511  3   0  0  11511
44  11572  2   0  11572
45  8887  2   0  8887
46  11572  2   10  11562
47  11291  3   0  1  11290
48  11516  2   0  11516
49  11086  3   0  0  11086
50  11572  3   0  0  11572
51  11578  3   0  0  11578
52  11572  2   0  11572
53  11548  3   0  0  11548
54  11424  3   3  0  11421
55  11138  3   0  0  11138
56  11508  3   0  2  11506
57  11572  2   1  11571
58  11578  2   0  11578
59  11154  3   0  0  11154
60  11504  3   2  1  11501
61  11160  3   0  0  11160
62  11505  3   0  0  11505
63  11170  2   7  11163
64  11064  2   10  11054
65  11498  3   1  1  11496
66  11574  3   0  0  11574
67  11170  2   0  11170
68  11572  2   0  11572
69  11578  2   1  11577
70  11576  2   0  11576
71  11566  3   0  0  11566
72  11496  2   1  11495
73  11576  2   0  11576
74  11576  3   0  0  11576
75  11570  2   0  11570
76  11578  4   0  0  0  11578
77  11502  2   0  11502
78  11576  2   0  11576
79  11506  3   0  1  11505
80  2146  2   4  2142
81  11578  3   0  0  11578
82  11578  4   0  0  1  11577
83  11502  2   1  11501
84  11557  4   0  0  2  11555
85  10893  3   0  0  10893
86  11511  3   1  1  11509
87  2646  2   1  2645
88  11574  2   9422  2152
89  11506  2   0  11506
90  11512  3   0  0  11512
91  11560  2   0  11560
92  10702  2   0  10702
93  11576  2   4  11572
94  11578  2   0  11578
95  11560  4   0  1  0  11559
96  11576  2   6  11570
97  11562  2   0  11562
98  11509  3   2  0  11507
99  11522  3   0  0  11522
100  3570  3   0  0  3570
101  11559  3   0  0  11559
102  11578  2   0  11578
103  11570  2   0  11570
104  11512  3   0  0  11512
105  11558  3   0  0  11558
106  3726  3   0  0  3726
107  11468  2   0  11468
108  11512  3   0  0  11512
109  11576  3   0  0  11576
110  11552  2   0  11552
111  11578  2   0  11578
112  11174  2   0  11174
113  11515  3   0  0  11515
114  4176  2   0  4176
115  11554  2   1  11553
116  11578  2   0  11578
117  11470  2   2  11468
118  11130  3   0  0  11130
119  11518  3   0  4  11514
120  11560  3   10  1  11549
121  11574  2   0  11574
122  11568  2   0  11568
123  11520  3   0  0  11520
124  11560  2   0  11560
125  11552  4   0  0  0  11552
126  11578  4   1  0  0  11577

[pop]=3
1  7112  2   1  7111
2  8528  3   0  0  8528
3  8650  3   0  0  8650
4  8654  2   0  8654
5  7880  3   0  0  7880
6  8632  4   0  0  0  8632
7  8654  2   0  8654
8  8651  4   0  1  1  8649
9  8649  3   0  0  8649
10  7904  2   0  7904
11  8638  2   70  8568
12  6528  2   0  6528
13  8576  3   2  0  8574
14  8651  4   0  1  0  8650
15  8638  3   0  0  8638
16  8654  3   0  0  8654
17  8520  2   0  8520
18  8578  3   0  0  8578
19  8654  4   0  0  0  8654
20  8629  3   0  0  8629
21  8654  2   2  8652
22  8518  2   0  8518
23  7658  2   0  7658
24  8580  2   0  8580
25  8650  3   0  1  8649
26  8640  2   0  8640
27  8652  3   0  2  8650
28  8654  2   0  8654
29  8580  2   0  8580
30  8182  3   0  0  8182
31  8640  2   5  8635
32  8611  4   0  0  0  8611
33  8650  2   2  8648
34  8465  3   0  0  8465
35  8245  4   0  0  0  8245
36  8640  3   0  0  8640
37  8648  2   0  8648
38  8016  2   0  8016
39  8577  3   0  0  8577
40  8640  4   0  0  0  8640
41  8540  2   0  8540
42  8654  2   0  8654
43  8577  3   0  0  8577
44  8654  2   0  8654
45  6260  2   0  6260
46  8650  2   1  8649
47  8471  3   0  0  8471
48  8578  2   0  8578
49  8322  3   0  0  8322
50  8654  3   0  0  8654
51  8654  3   1  0  8653
52  8654  2   0  8654
53  8639  3   3  0  8636
54  8608  3   0  0  8608
55  8358  3   0  0  8358
56  8584  3   0  0  8584
57  8654  2   0  8654
58  8654  2   0  8654
59  8365  3   0  0  8365
60  8589  3   7  0  8582
61  8374  3   2  5  8367
62  8590  3   0  0  8590
63  8380  2   1  8379
64  8414  2   0  8414
65  8590  3   0  0  8590
66  8654  3   0  0  8654
67  8376  2   1  8375
68  8650  2   1  8649
69  8654  2   0  8654
70  8654  2   4  8650
71  8648  3   0  0  8648
72  8592  2   0  8592
73  8654  2   0  8654
74  8654  3   0  0  8654
75  8648  2   0  8648
76  8654  4   0  0  0  8654
77  8596  2   0  8596
78  8648  2   0  8648
79  8600  3   0  2  8598
80  2874  2   1  2873
81  8654  3   1  0  8653
82  8654  4   0  0  0  8654
83  8594  2   2  8592
84  8646  4   0  0  0  8646
85  8215  3   0  0  8215
86  8602  3   0  0  8602
87  3398  2   0  3398
88  8638  2   5684  2954
89  8608  2   0  8608
90  8610  3   0  1  8609
91  8644  2   0  8644
92  8068  2   0  8068
93  8652  2   0  8652
94  8654  2   1  8653
95  8644  4   0  0  2  8642
96  8652  2   0  8652
97  8626  2   0  8626
98  8609  3   0  0  8609
99  8626  3   0  0  8626
100  4322  3   1  0  4321
101  8614  3   0  2  8612
102  8654  2   0  8654
103  8652  2   0  8652
104  8612  3   0  1  8611
105  8644  3   0  0  8644
106  4446  3   2  2  4442
107  8598  2   0  8598
108  8612  3   0  0  8612
109  8650  3   1  0  8649
110  8608  2   0  8608
111  8654  2   0  8654
112  8344  2   0  8344
113  8614  3   1  0  8613
114  4780  2   0  4780
115  8612  2   0  8612
116  8654  2   6  8648
117  8602  2   0  8602
118  8309  3   1  2  8306
119  8618  3   1  0  8617
120  8644  3   0  24  8620
121  8650  2   0  8650
122  8652  2   0  8652
123  8622  3   0  0  8622
124  8644  2   0  8644
125  8604  4   0  0  0  8604
126  8654  4   0  0  0  8654

[pop]=4
1  5324  2   0  5324
2  6560  3   0  0  6560
3  6614  3   0  0  6614
4  6614  2   0  6614
5  5378  3   0  0  5378
6  6502  4   0  0  0  6502
7  6614  2   0  6614
8  6614  4   0  0  0  6614
9  6614  3   0  0  6614
10  5392  2   0  5392
11  6528  2   0  6528
12  3596  2   0  3596
13  6457  3   0  0  6457
14  6614  4   0  0  0  6614
15  6536  3   0  0  6536
16  6614  3   0  1  6613
17  6560  2   0  6560
18  6460  3   0  1  6459
19  6614  4   0  0  0  6614
20  6593  3   0  0  6593
21  6614  2   0  6614
22  6554  2   0  6554
23  4446  2   0  4446
24  6452  2   0  6452
25  6614  3   0  0  6614
26  6548  2   0  6548
27  6614  3   0  0  6614
28  6614  2   0  6614
29  6444  2   0  6444
30  5593  3   0  336  5257
31  6542  2   1  6541
32  6589  4   0  0  0  6589
33  6614  2   0  6614
34  6447  3   0  1  6446
35  5637  4   33  0  0  5604
36  6542  3   0  0  6542
37  6614  2   0  6614
38  4788  2   0  4788
39  6447  3   1  0  6446
40  6543  4   0  0  0  6543
41  6528  2   0  6528
42  6614  2   0  6614
43  6454  3   0  0  6454
44  6614  2   0  6614
45  3811  2   0  3811
46  6614  2   0  6614
47  6546  3   0  0  6546
48  6456  2   0  6456
49  5681  3   0  0  5681
50  6614  3   0  0  6614
51  6614  3   0  0  6614
52  6614  2   0  6614
53  6541  3   0  0  6541
54  6574  3   0  0  6574
55  5716  3   0  0  5716
56  6464  3   0  0  6464
57  6614  2   0  6614
58  6614  2   0  6614
59  5741  3   0  0  5741
60  6457  3   0  0  6457
61  5757  3   0  0  5757
62  6465  3   0  0  6465
63  5772  2   0  5772
64  6530  2   0  6530
65  6462  3   0  0  6462
66  6614  3   0  0  6614
67  5772  2   1  5771
68  6614  2   0  6614
69  6614  2   0  6614
70  6614  2   0  6614
71  6614  3   0  0  6614
72  6462  2   0  6462
73  6614  2   0  6614
74  6614  3   0  0  6614
75  6612  2   0  6612
76  6614  4   0  0  0  6614
77  6474  2   0  6474
78  6614  2   0  6614
79  6486  3   0  0  6486
80  2712  2   0  2712
81  6614  3   0  1  6613
82  6614  4   0  0  0  6614
83  6488  2   0  6488
84  6614  4   0  0  0  6614
85  5502  3   0  0  5502
86  6494  3   0  0  6494
87  3006  2   0  3006
88  6612  2   4815  1797
89  6508  2   0  6508
90  6507  3   0  0  6507
91  6614  2   0  6614
92  5380  2   0  5380
93  6614  2   0  6614
94  6614  2   0  6614
95  6614  4   0  0  0  6614
96  6614  2   0  6614
97  6614  2   0  6614
98  6507  3   0  0  6507
99  6582  3   0  0  6582
100  3520  3   0  0  3520
101  6614  3   0  0  6614
102  6614  2   0  6614
103  6612  2   0  6612
104  6524  3   0  0  6524
105  6614  3   0  0  6614
106  3597  3   0  0  3597
107  6602  2   0  6602
108  6530  3   0  0  6530
109  6614  3   0  1  6613
110  6612  2   0  6612
111  6614  2   0  6614
112  5708  2   0  5708
113  6533  3   0  0  6533
114  3790  2   0  3790
115  6614  2   0  6614
116  6612  2   0  6612
117  6604  2   0  6604
118  5664  3   0  0  5664
119  6539  3   0  0  6539
120  6614  3   0  0  6614
121  6614  2   0  6614
122  6612  2   0  6612
123  6538  3   0  0  6538
124  6614  2   0  6614
125  6604  4   0  0  1  6603
126  6614  4   0  1  0  6613

[pop]=5
1  54822  2   0  54822
2  66262  3   0  0  66262
3  66662  3   0  0  66662
4  66732  2   2  66730
5  57312  3   0  2  57310
6  66160  4   2  0  0  66158
7  66736  2   2  66734
8  66671  4   2  0  0  66669
9  66687  3   1  0  66686
10  57434  2   0  57434
11  66232  2   1  66231
12  50404  2   0  50404
13  64921  3   1  0  64920
14  66683  4   10  1  1  66671
15  66237  3   1  1  66235
16  66718  3   1  0  66717
17  66228  2   0  66228
18  64920  3   0  0  64920
19  66738  4   1  0  1  66736
20  66434  3   0  0  66434
21  66738  2   0  66738
22  66196  2   2  66194
23  56960  2   4  56956
24  64952  2   0  64952
25  66693  3   7  0  66686
26  66306  2   3  66303
27  66561  3   1  0  66560
28  66714  2   0  66714
29  64940  2   0  64940
30  59178  3   3  3169  56006
31  66310  2   2  66308
32  66220  4   2  0  24  66194
33  66722  2   0  66722
34  65192  3   1  0  65191
35  59445  4   288  1  0  59156
36  66319  3   0  4  66315
37  66684  2   0  66684
38  59178  2   0  59178
39  64896  3   0  1  64895
40  66332  4   2  1  1  66328
41  65826  2   2  65824
42  66738  2   3  66735
43  64936  3   1  1  64934
44  66696  2   0  66696
45  44798  2   2  44796
46  66552  2   27  66525
47  65904  3   1  0  65903
48  64906  2   1  64905
49  59968  3   0  1  59967
50  66700  3   2  1  66697
51  66740  3   0  1  66739
52  66706  2   0  66706
53  66352  3   2  6  66344
54  66402  3   5  1  66396
55  60043  3   1  0  60042
56  64944  3   1  1  64942
57  66710  2   1  66709
58  66740  2   6  66734
59  59945  3   7  0  59938
60  64981  3   0  0  64981
61  59917  3   2  4  59911
62  65050  3   2  1  65047
63  59956  2   13  59943
64  64754  2   13  64741
65  64948  3   0  0  64948
66  66710  3   0  1  66709
67  59994  2   0  59994
68  66722  2   2  66720
69  66726  2   2  66724
70  66706  2   0  66706
71  66496  3   16  0  66480
72  65218  2   0  65218
73  66702  2   2  66700
74  66688  3   0  0  66688
75  66644  2   3  66641
76  66740  4   4  2  1  66733
77  65248  2   2  65246
78  66732  2   1  66731
79  65350  3   0  1  65349
80  22208  2   0  22208
81  66738  3   0  0  66738
82  66734  4   1  1  0  66732
83  65330  2   0  65330
84  66291  4   0  0  0  66291
85  58350  3   0  1  58349
86  65409  3   0  0  65409
87  25302  2   37  25265
88  66670  2   51643  15027
89  65504  2   2  65502
90  65594  3   1  0  65593
91  66292  2   5  66287
92  57334  2   0  57334
93  66672  2   4  66668
94  66740  2   0  66740
95  66292  4   1  1  0  66290
96  66674  2   41  66633
97  66182  2   2  66180
98  65685  3   0  1  65684
99  66468  3   0  1  66467
100  30904  3   0  1  30903
101  66133  3   1  0  66132
102  66724  2   2  66722
103  66718  2   0  66718
104  65737  3   0  0  65737
105  66272  3   1  1  66270
106  31681  3   0  0  31681
107  66598  2   2  66596
108  65788  3   3  0  65785
109  66672  3   0  0  66672
110  66056  2   2  66054
111  66740  2   0  66740
112  62210  2   1  62209
113  65843  3   0  5  65838
114  33728  2   0  33728
115  66068  2   18  66050
116  66716  2   0  66716
117  66614  2   94  66520
118  61627  3   0  0  61627
119  65869  3   1  18  65850
120  66254  3   0  0  66254
121  66518  2   4  66514
122  66704  2   2  66702
123  65864  3   0  0  65864
124  66252  2   0  66252
125  66560  4   0  0  0  66560
126  66738  4   0  0  1  66737

[pop]=6
1  746  2   0  746
2  896  3   0  0  896
3  904  3   0  0  904
4  906  2   0  906
5  760  3   0  0  760
6  891  4   0  0  0  891
7  908  2   0  908
8  904  4   0  0  0  904
9  908  3   0  0  908
10  758  2   0  758
11  894  2   0  894
12  622  2   0  622
13  886  3   0  0  886
14  904  4   0  0  0  904
15  894  3   0  0  894
16  907  3   0  0  907
17  894  2   0  894
18  886  3   0  0  886
19  908  4   0  0  0  908
20  894  3   0  0  894
21  908  2   0  908
22  894  2   0  894
23  716  2   0  716
24  888  2   1  887
25  904  3   1  0  903
26  896  2   0  896
27  906  3   0  0  906
28  906  2   0  906
29  888  2   0  888
30  778  3   0  26  752
31  896  2   0  896
32  886  4   0  0  0  886
33  906  2   0  906
34  892  3   0  0  892
35  780  4   5  0  0  775
36  895  3   0  0  895
37  908  2   0  908
38  770  2   0  770
39  889  3   0  0  889
40  894  4   0  0  0  894
41  898  2   0  898
42  908  2   0  908
43  889  3   0  0  889
44  908  2   0  908
45  572  2   0  572
46  906  2   1  905
47  892  3   0  0  892
48  888  2   0  888
49  782  3   0  0  782
50  908  3   0  0  908
51  908  3   0  0  908
52  908  2   0  908
53  893  3   0  0  893
54  904  3   0  0  904
55  764  3   0  0  764
56  888  3   0  0  888
57  908  2   0  908
58  908  2   0  908
59  761  3   0  0  761
60  888  3   0  0  888
61  758  3   0  0  758
62  886  3   0  0  886
63  754  2   3  751
64  874  2   1  873
65  884  3   0  0  884
66  908  3   0  0  908
67  754  2   0  754
68  904  2   0  904
69  908  2   0  908
70  908  2   0  908
71  904  3   0  0  904
72  890  2   0  890
73  908  2   0  908
74  908  3   0  1  907
75  908  2   0  908
76  906  4   0  0  0  906
77  888  2   0  888
78  908  2   0  908
79  890  3   1  0  889
80  398  2   0  398
81  908  3   0  0  908
82  908  4   0  0  0  908
83  892  2   0  892
84  904  4   0  1  0  903
85  690  3   0  0  690
86  889  3   0  0  889
87  430  2   0  430
88  906  2   677  229
89  892  2   0  892
90  892  3   0  0  892
91  904  2   0  904
92  672  2   0  672
93  908  2   1  907
94  908  2   0  908
95  904  4   0  0  0  904
96  908  2   0  908
97  894  2   0  894
98  890  3   0  0  890
99  896  3   0  0  896
100  486  3   0  0  486
101  891  3   0  0  891
102  908  2   0  908
103  908  2   0  908
104  889  3   0  0  889
105  902  3   0  0  902
106  497  3   0  0  497
107  906  2   0  906
108  888  3   0  0  888
109  908  3   0  0  908
110  892  2   0  892
111  908  2   0  908
112  822  2   0  822
113  890  3   0  0  890
114  528  2   0  528
115  894  2   0  894
116  908  2   0  908
117  906  2   2  904
118  815  3   0  0  815
119  890  3   0  0  890
120  902  3   0  1  901
121  908  2   0  908
122  908  2   0  908
123  890  3   0  0  890
124  902  2   0  902
125  908  4   0  1  0  907
126  908  4   0  0  0  908

[pop]=7
1  14112  2   6  14106
2  16418  3   0  2  16416
3  16500  3   0  2  16498
4  16512  2   0  16512
5  15347  3   0  0  15347
6  16504  4   0  0  0  16504
7  16512  2   0  16512
8  16502  4   0  0  0  16502
9  16501  3   0  1  16500
10  15300  2   1  15299
11  16504  2   8  16496
12  13856  2   0  13856
13  16493  3   1  1  16491
14  16503  4   33  0  0  16470
15  16504  3   0  2  16502
16  16504  3   0  0  16504
17  16402  2   2  16400
18  16494  3   45  0  16449
19  16512  4   16  0  0  16496
20  16473  3   0  0  16473
21  16512  2   0  16512
22  16374  2   0  16374
23  14992  2   0  14992
24  16486  2   2  16484
25  16504  3   1  0  16503
26  16508  2   6  16502
27  16248  3   0  0  16248
28  16502  2   4  16498
29  16486  2   7  16479
30  14931  3   0  103  14828
31  16508  2   0  16508
32  16443  4   0  0  0  16443
33  16512  2   0  16512
34  15999  3   0  0  15999
35  14779  4   44  0  4  14731
36  16508  3   1  3  16504
37  16504  2   2  16502
38  15400  2   0  15400
39  16484  3   0  0  16484
40  16508  4   1  0  0  16507
41  16170  2   0  16170
42  16512  2   0  16512
43  16486  3   0  0  16486
44  16504  2   2  16502
45  9496  2   0  9496
46  16248  2   3  16245
47  16218  3   0  0  16218
48  16488  2   0  16488
49  14482  3   1  0  14481
50  16506  3   0  0  16506
51  16512  3   0  0  16512
52  16506  2   1  16505
53  16508  3   0  0  16508
54  16404  3   0  0  16404
55  13740  3   0  2  13738
56  16482  3   1  0  16481
57  16508  2   0  16508
58  16512  2   0  16512
59  13128  3   0  1  13127
60  16467  3   0  0  16467
61  12834  3   0  1  12833
62  16466  3   0  1  16465
63  12552  2   0  12552
64  16124  2   0  16124
65  16454  3   1  0  16453
66  16508  3   1  0  16507
67  12528  2   0  12528
68  16512  2   0  16512
69  16512  2   0  16512
70  16508  2   0  16508
71  15992  3   0  0  15992
72  16458  2   0  16458
73  16508  2   0  16508
74  16498  3   1  0  16497
75  16504  2   0  16504
76  16512  4   0  0  0  16512
77  16456  2   2  16454
78  16508  2   5  16503
79  16456  3   0  0  16456
80  9168  2   1  9167
81  16512  3   0  0  16512
82  16512  4   0  0  0  16512
83  16450  2   0  16450
84  16502  4   0  0  0  16502
85  9440  3   0  2  9438
86  16455  3   0  0  16455
87  9542  2   0  9542
88  16510  2   10909  5601
89  16454  2   0  16454
90  16455  3   0  0  16455
91  16504  2   0  16504
92  8790  2   1  8789
93  16510  2   98  16412
94  16512  2   1  16511
95  16504  4   4  0  0  16500
96  16508  2   13  16495
97  15604  2   0  15604
98  16455  3   0  0  16455
99  16371  3   2  0  16369
100  10216  3   0  0  10216
101  15521  3   0  0  15521
102  16512  2   0  16512
103  16510  2   0  16510
104  16452  3   1  0  16451
105  16506  3   0  0  16506
106  10337  3   0  0  10337
107  16498  2   0  16498
108  16440  3   0  2  16438
109  16508  3   0  0  16508
110  15352  2   0  15352
111  16512  2   1  16511
112  16296  2   4  16292
113  16448  3   0  0  16448
114  10566  2   2  10564
115  15432  2   0  15432
116  16510  2   2  16508
117  16500  2   45  16455
118  16272  3   0  1  16271
119  16443  3   2  2  16439
120  16504  3   0  0  16504
121  16512  2   0  16512
122  16510  2   0  16510
123  16448  3   0  1  16447
124  16504  2   2  16502
125  16495  4   1  1  1  16492
126  16512  4   0  0  0  16512

