[loci]=212

[populations]=7

[pop]=1
1  10392  2   2  10390
2  10406  2   0  10406
3  10406  2   2  10404
4  10406  3   0  0  10406
5  10404  2   2  10402
6  10162  2   0  10162
7  10406  2   0  10406
8  10406  3   0  0  10406
9  10404  3   0  0  10404
10  10406  2   2  10404
11  10286  2   0  10286
12  10402  3   1  2  10399
13  10406  5   0  0  1  0  10405
14  10406  2   56  10350
15  10404  2   2  10402
16  10300  2   3  10297
17  10404  4   532  1  0  9871
18  10406  2   0  10406
19  10402  3   0  0  10402
20  10406  3   0  3582  6824
21  10396  2   0  10396
22  10406  2   1  10405
23  10406  2   1  10405
24  10224  2   0  10224
25  10406  3   0  0  10406
26  10395  4   0  0  117  10278
27  10406  2   5  10401
28  10406  2   2  10404
29  10398  2   0  10398
30  10406  3   0  4  10402
31  10382  3   0  0  10382
32  10406  3   0  0  10406
33  10406  3   0  0  10406
34  10406  2   0  10406
35  10406  2   0  10406
36  10406  4   0  0  0  10406
37  10406  2   0  10406
38  10406  2   1  10405
39  10386  3   0  0  10386
40  10284  2   2  10282
41  10406  2   46  10360
42  10406  3   1  0  10405
43  10406  4   0  0  0  10406
44  10406  2   1  10405
45  10382  3   0  0  10382
46  10404  3   1  0  10403
47  10306  2   0  10306
48  10386  2   0  10386
49  10406  3   0  0  10406
50  10406  2   3  10403
51  10402  2   0  10402
52  10406  2   3  10403
53  10406  3   27  0  10379
54  10404  3   1  0  10403
55  10406  3   0  0  10406
56  10406  3   0  0  10406
57  10382  3   0  0  10382
58  10406  2   0  10406
59  10406  2   0  10406
60  10402  2   0  10402
61  10406  2   2  10404
62  10404  2   4  10400
63  10328  2   1  10327
64  10406  2   0  10406
65  10382  3   0  0  10382
66  10330  2   1  10329
67  10406  2   0  10406
68  10406  2   0  10406
69  10406  3   0  2  10404
70  10404  2   0  10404
71  10382  2   5  10377
72  10395  3   0  0  10395
73  10406  3   0  13  10393
74  10406  2   4  10402
75  10404  2   27  10377
76  10378  2   17  10361
77  10404  2   0  10404
78  10378  2   0  10378
79  10406  3   0  0  10406
80  10406  3   1  0  10405
81  10402  3   0  0  10402
82  10401  4   0  1  1  10399
83  10318  2   1  10317
84  10406  3   0  0  10406
85  10322  2   1  10321
86  10406  2   0  10406
87  10406  3   8995  2  1409
88  10406  2   0  10406
89  10356  3   0  0  10356
90  10403  4   0  0  0  10403
91  10406  2   0  10406
92  10404  2   0  10404
93  10403  3   0  0  10403
94  10406  2   0  10406
95  10398  3   0  3  10395
96  10396  2   9  10387
97  10293  3   0  0  10293
98  10406  2   0  10406
99  10406  3   0  0  10406
100  10404  2   1  10403
101  10404  4   6  0  1  10397
102  10282  3   0  0  10282
103  10406  2   3  10403
104  10406  4   0  1  0  10405
105  10402  2   0  10402
106  10405  3   0  0  10405
107  10406  2   1  10405
108  10406  2   0  10406
109  10406  3   0  0  10406
110  10401  3   1  0  10400
111  10402  2   0  10402
112  10406  2   2  10404
113  10406  2   0  10406
114  10404  2   0  10404
115  10406  3   1  0  10405
116  10397  3   1  0  10396
117  10406  3   0  0  10406
118  10396  3   0  0  10396
119  10406  2   0  10406
120  10404  2   0  10404
121  10404  2   2  10402
122  10390  2   2  10388
123  10404  3   0  3  10401
124  10406  2   2  10404
125  10388  3   0  0  10388
126  10391  3   496  2  9893
127  10404  2   0  10404
128  10406  4   0  0  0  10406
129  10313  3   0  0  10313
130  10404  2   0  10404
131  10406  3   0  3  10403
132  10384  2   1  10383
133  10399  4   0  0  0  10399
134  10406  2   0  10406
135  10386  2   0  10386
136  10390  2   2  10388
137  10277  3   0  1  10276
138  10406  2   11  10395
139  10406  2   1  10405
140  10391  3   0  1  10390
141  10394  3   0  0  10394
142  10406  3   0  1  10405
143  10389  4   0  0  0  10389
144  10406  3   0  1  10405
145  10388  2   7  10381
146  10214  2   2  10212
147  10390  2   0  10390
148  10404  3   0  0  10404
149  10390  2   0  10390
150  10406  2   106  10300
151  10406  2   0  10406
152  10404  2   4  10400
153  10392  2   0  10392
154  10388  2   10  10378
155  10406  2   0  10406
156  10406  2   0  10406
157  10404  2   15  10389
158  10392  3   0  0  10392
159  10388  4   0  0  0  10388
160  10404  2   0  10404
161  10406  2   0  10406
162  10372  2   563  9809
163  10392  2   2  10390
164  10393  4   0  0  38  10355
165  10186  2   0  10186
166  10406  2   7900  2506
167  10393  3   38  0  10355
168  10242  2   4463  5779
169  10298  2   0  10298
170  10396  2   0  10396
171  10406  5   3  0  0  0  10403
172  10379  4   0  0  0  10379
173  10406  3   0  927  9479
174  10403  4   0  559  1  9843
175  10395  3   0  0  10395
176  10148  3   0  0  10148
177  10006  3   4  0  10002
178  10094  3   0  0  10094
179  10363  4   0  1  0  10362
180  10406  3   0  0  10406
181  10406  3   1  0  10405
182  10404  2   0  10404
183  10364  3   1  0  10363
184  10406  2   0  10406
185  10366  2   0  10366
186  10404  2   383  10021
187  10366  2   0  10366
188  10406  2   0  10406
189  10397  3   0  0  10397
190  10378  2   0  10378
191  10060  2   0  10060
192  10406  3   3  0  10403
193  10406  3   0  0  10406
194  10400  3   0  1  10399
195  10404  2   105  10299
196  10397  3   0  0  10397
197  10038  2   0  10038
198  10404  3   0  0  10404
199  10400  3   0  0  10400
200  10021  3   0  0  10021
201  10404  3   1  0  10403
202  10396  2   0  10396
203  10394  3   8119  0  2275
204  10396  2   0  10396
205  10376  3   2  0  10374
206  10016  2   9  10007
207  10406  2   2  10404
208  10330  3   0  0  10330
209  10396  4   0  0  0  10396
210  10003  3   0  0  10003
211  10379  4   0  0  0  10379
212  10400  3   0  0  10400

[pop]=2
1  11554  2   0  11554
2  11578  2   0  11578
3  11578  2   0  11578
4  11578  3   0  0  11578
5  11578  2   0  11578
6  11564  2   0  11564
7  11544  2   1  11543
8  11561  3   0  0  11561
9  11578  3   0  0  11578
10  11574  2   0  11574
11  11544  2   1  11543
12  11546  3   0  2  11544
13  11578  5   0  1  1  1  11575
14  11542  2   15  11527
15  11572  2   0  11572
16  11550  2   4  11546
17  11578  4   24  0  1  11553
18  11554  2   0  11554
19  11578  3   0  0  11578
20  11560  3   0  449  11111
21  11508  2   0  11508
22  11536  2   0  11536
23  11572  2   0  11572
24  11566  2   3  11563
25  11554  3   3  0  11551
26  11499  4   0  0  241  11258
27  11548  2   0  11548
28  11558  2   0  11558
29  11500  2   0  11500
30  11576  3   0  0  11576
31  11566  3   3  0  11563
32  11578  3   0  0  11578
33  11540  3   0  2  11538
34  11576  2   1  11575
35  11578  2   0  11578
36  11561  4   0  0  0  11561
37  11538  2   0  11538
38  11576  2   3  11573
39  11566  3   0  0  11566
40  11572  2   0  11572
41  11558  2   5  11553
42  11541  3   0  0  11541
43  11559  4   0  0  0  11559
44  11562  2   0  11562
45  11558  3   0  0  11558
46  11578  3   0  0  11578
47  11560  2   0  11560
48  11568  2   2  11566
49  11578  3   0  0  11578
50  11560  2   0  11560
51  11494  2   0  11494
52  11560  2   0  11560
53  11568  3   0  0  11568
54  11578  3   0  1  11577
55  11563  3   0  0  11563
56  11537  3   0  0  11537
57  11568  3   0  0  11568
58  11566  2   0  11566
59  11576  2   1  11575
60  11488  2   82  11406
61  11568  2   0  11568
62  11578  2   0  11578
63  11572  2   1  11571
64  11568  2   0  11568
65  11574  3   0  0  11574
66  11570  2   0  11570
67  11570  2   0  11570
68  11578  2   0  11578
69  11578  3   0  0  11578
70  11578  2   7  11571
71  11574  2   0  11574
72  11492  3   0  0  11492
73  11549  3   0  1  11548
74  11566  2   0  11566
75  11578  2   0  11578
76  11568  2   0  11568
77  11578  2   0  11578
78  11572  2   4  11568
79  11578  3   0  0  11578
80  11572  3   0  0  11572
81  11576  3   0  0  11576
82  11578  4   0  0  0  11578
83  11564  2   2  11562
84  11572  3   0  0  11572
85  11566  2   0  11566
86  11572  2   0  11572
87  11578  3   10949  3  626
88  11578  2   0  11578
89  11550  3   1  0  11549
90  11480  4   0  0  0  11480
91  11578  2   0  11578
92  11578  2   0  11578
93  11496  3   0  4  11492
94  11572  2   0  11572
95  11509  3   0  12  11497
96  11578  2   1  11577
97  11560  3   3  0  11557
98  11568  2   1  11567
99  11566  3   0  0  11566
100  11578  2   0  11578
101  11578  4   1  0  2  11575
102  11556  3   0  0  11556
103  11578  2   3  11575
104  11570  4   2  0  2  11566
105  11478  2   1  11477
106  11565  3   0  0  11565
107  11578  2   0  11578
108  11574  2   0  11574
109  11568  3   0  1  11567
110  11578  3   0  0  11578
111  11578  2   0  11578
112  11560  2   2  11558
113  11500  2   5  11495
114  11526  2   1  11525
115  11572  3   0  0  11572
116  11578  3   0  0  11578
117  11572  3   0  0  11572
118  11578  3   0  0  11578
119  11556  2   0  11556
120  11562  2   0  11562
121  11578  2   0  11578
122  11578  2   0  11578
123  11578  3   0  0  11578
124  11578  2   0  11578
125  11578  3   0  0  11578
126  11565  3   23  1  11541
127  11578  2   0  11578
128  11578  4   0  1  0  11577
129  11565  3   0  0  11565
130  11540  2   5  11535
131  11578  3   0  0  11578
132  11578  2   0  11578
133  11572  4   0  0  0  11572
134  11578  2   1  11577
135  11578  2   9  11569
136  11498  2   3  11495
137  11560  3   0  1  11559
138  11574  2   1  11573
139  11564  2   0  11564
140  11503  3   0  0  11503
141  11578  3   1  0  11577
142  11572  3   0  0  11572
143  11571  4   0  0  0  11571
144  11578  3   0  0  11578
145  11578  2   0  11578
146  11554  2   1  11553
147  11578  2   0  11578
148  11572  3   0  0  11572
149  11568  2   3  11565
150  11578  2   236  11342
151  11578  2   0  11578
152  11578  2   0  11578
153  11578  2   0  11578
154  11578  2   2  11576
155  11572  2   0  11572
156  11572  2   0  11572
157  11578  2   0  11578
158  11578  3   0  0  11578
159  11578  4   0  1  0  11577
160  11576  2   0  11576
161  11576  2   0  11576
162  11578  2   26  11552
163  11534  2   0  11534
164  11577  4   0  0  105  11472
165  11550  2   0  11550
166  11568  2   7508  4060
167  11578  3   105  0  11473
168  11562  2   4573  6989
169  11576  2   0  11576
170  11578  2   0  11578
171  11575  5   0  0  0  0  11575
172  11569  4   0  0  0  11569
173  11578  3   2  56  11520
174  11578  4   0  27  0  11551
175  11577  3   0  0  11577
176  11547  3   1  1  11545
177  11532  3   1  0  11531
178  11564  3   0  0  11564
179  11574  4   0  0  0  11574
180  11576  3   0  0  11576
181  11578  3   0  0  11578
182  11578  2   1  11577
183  11574  3   0  1  11573
184  11576  2   0  11576
185  11566  2   0  11566
186  11578  2   14  11564
187  11574  2   1  11573
188  11578  2   0  11578
189  11578  3   4  0  11574
190  11574  2   2  11572
191  11568  2   0  11568
192  11576  3   2  0  11574
193  11578  3   0  0  11578
194  11578  3   0  0  11578
195  11578  2   4  11574
196  11578  3   1  0  11577
197  11568  2   5  11563
198  11576  3   0  0  11576
199  11575  3   0  1  11574
200  11565  3   0  0  11565
201  11576  3   0  0  11576
202  11574  2   0  11574
203  11576  3   8282  0  3294
204  11578  2   0  11578
205  11572  3   1  1  11570
206  11564  2   2  11562
207  11578  2   0  11578
208  11577  3   2  0  11575
209  11578  4   1  0  0  11577
210  11565  3   13  0  11552
211  11569  4   5  0  0  11564
212  11575  3   0  0  11575

[pop]=3
1  8640  2   0  8640
2  8652  2   0  8652
3  8652  2   0  8652
4  8651  3   0  0  8651
5  8654  2   4  8650
6  8646  2   17  8629
7  8620  2   0  8620
8  8652  3   0  0  8652
9  8654  3   0  0  8654
10  8654  2   0  8654
11  8608  2   0  8608
12  8642  3   0  0  8642
13  8652  5   0  0  0  0  8652
14  8620  2   0  8620
15  8654  2   0  8654
16  8616  2   1  8615
17  8654  4   0  0  0  8654
18  8650  2   0  8650
19  8654  3   1  0  8653
20  8640  3   0  3064  5576
21  8594  2   0  8594
22  8596  2   1  8595
23  8646  2   0  8646
24  8644  2   0  8644
25  8633  3   0  0  8633
26  8596  4   0  22  0  8574
27  8618  2   0  8618
28  8650  2   4  8646
29  8602  2   0  8602
30  8654  3   0  0  8654
31  8633  3   0  0  8633
32  8652  3   0  0  8652
33  8608  3   0  1  8607
34  8654  2   4  8650
35  8654  2   0  8654
36  8638  4   0  0  1  8637
37  8610  2   0  8610
38  8652  2   0  8652
39  8634  3   1  3  8630
40  8644  2   0  8644
41  8632  2   1  8631
42  8612  3   0  0  8612
43  8652  4   0  0  1  8651
44  8640  2   0  8640
45  8622  3   0  0  8622
46  8654  3   0  0  8654
47  8642  2   0  8642
48  8628  2   0  8628
49  8652  3   5  0  8647
50  8650  2   0  8650
51  8602  2   3  8599
52  8642  2   0  8642
53  8654  3   0  0  8654
54  8654  3   0  0  8654
55  8643  3   0  0  8643
56  8601  3   0  0  8601
57  8616  3   0  0  8616
58  8654  2   0  8654
59  8648  2   0  8648
60  8600  2   0  8600
61  8644  2   0  8644
62  8652  2   0  8652
63  8646  2   0  8646
64  8654  2   0  8654
65  8624  3   0  0  8624
66  8630  2   0  8630
67  8646  2   2  8644
68  8652  2   0  8652
69  8654  3   3  0  8651
70  8654  2   0  8654
71  8632  2   0  8632
72  8596  3   0  0  8596
73  8616  3   0  0  8616
74  8654  2   0  8654
75  8654  2   0  8654
76  8626  2   0  8626
77  8654  2   0  8654
78  8630  2   0  8630
79  8654  3   0  0  8654
80  8644  3   0  0  8644
81  8640  3   0  0  8640
82  8654  4   0  0  0  8654
83  8630  2   0  8630
84  8646  3   0  0  8646
85  8632  2   0  8632
86  8646  2   0  8646
87  8650  3   5433  0  3217
88  8654  2   0  8654
89  8619  3   0  0  8619
90  8593  4   0  1  0  8592
91  8648  2   0  8648
92  8654  2   0  8654
93  8595  3   1  0  8594
94  8646  2   0  8646
95  8607  3   0  0  8607
96  8652  2   0  8652
97  8632  3   0  0  8632
98  8646  2   0  8646
99  8654  3   0  0  8654
100  8654  2   0  8654
101  8654  4   0  0  0  8654
102  8630  3   0  1  8629
103  8652  2   0  8652
104  8645  4   5  2  0  8638
105  8598  2   0  8598
106  8652  3   0  0  8652
107  8652  2   0  8652
108  8646  2   0  8646
109  8654  3   1  0  8653
110  8654  3   0  1  8653
111  8654  2   0  8654
112  8620  2   172  8448
113  8610  2   0  8610
114  8620  2   0  8620
115  8654  3   0  0  8654
116  8653  3   0  0  8653
117  8645  3   0  0  8645
118  8654  3   0  0  8654
119  8626  2   0  8626
120  8632  2   0  8632
121  8652  2   0  8652
122  8654  2   0  8654
123  8654  3   0  7  8647
124  8654  2   0  8654
125  8654  3   0  3  8651
126  8654  3   0  0  8654
127  8654  2   0  8654
128  8654  4   0  0  0  8654
129  8609  3   0  0  8609
130  8614  2   0  8614
131  8654  3   0  4  8650
132  8654  2   0  8654
133  8646  4   0  0  0  8646
134  8654  2   0  8654
135  8654  2   1  8653
136  8630  2   4  8626
137  8624  3   0  0  8624
138  8644  2   0  8644
139  8622  2   0  8622
140  8637  3   1  0  8636
141  8654  3   0  14  8640
142  8630  3   0  0  8630
143  8654  4   1  1  0  8652
144  8648  3   0  0  8648
145  8654  2   0  8654
146  8604  2   0  8604
147  8654  2   0  8654
148  8630  3   0  0  8630
149  8654  2   0  8654
150  8648  2   0  8648
151  8654  2   0  8654
152  8654  2   0  8654
153  8654  2   0  8654
154  8654  2   1  8653
155  8646  2   0  8646
156  8628  2   0  8628
157  8654  2   0  8654
158  8654  3   0  0  8654
159  8654  4   0  2  0  8652
160  8654  2   0  8654
161  8654  2   1  8653
162  8654  2   0  8654
163  8642  2   0  8642
164  8654  4   0  0  0  8654
165  8598  2   0  8598
166  8630  2   3007  5623
167  8654  3   0  0  8654
168  8628  2   1202  7426
169  8654  2   0  8654
170  8654  2   3  8651
171  8650  5   0  0  0  0  8650
172  8649  4   0  0  0  8649
173  8654  3   3  0  8651
174  8654  4   0  0  0  8654
175  8654  3   0  0  8654
176  8590  3   2  0  8588
177  8646  3   1  1  8644
178  8629  3   0  0  8629
179  8649  4   0  0  0  8649
180  8646  3   0  0  8646
181  8652  3   0  0  8652
182  8654  2   0  8654
183  8650  3   0  0  8650
184  8632  2   0  8632
185  8650  2   2  8648
186  8652  2   0  8652
187  8650  2   0  8650
188  8652  2   0  8652
189  8654  3   0  0  8654
190  8652  2   0  8652
191  8628  2   3  8625
192  8644  3   274  0  8370
193  8654  3   0  0  8654
194  8652  3   0  0  8652
195  8654  2   0  8654
196  8654  3   0  2  8652
197  8628  2   1  8627
198  8642  3   5  1  8636
199  8633  3   0  0  8633
200  8632  3   0  0  8632
201  8640  3   0  0  8640
202  8632  2   0  8632
203  8650  3   6109  0  2541
204  8652  2   2  8650
205  8651  3   0  0  8651
206  8632  2   0  8632
207  8652  2   0  8652
208  8650  3   0  0  8650
209  8654  4   0  75  0  8579
210  8631  3   0  3  8628
211  8635  4   0  1  1  8633
212  8634  3   0  0  8634

[pop]=4
1  6612  2   0  6612
2  6614  2   14  6600
3  6614  2   0  6614
4  6614  3   0  0  6614
5  6614  2   0  6614
6  6614  2   0  6614
7  6610  2   0  6610
8  6614  3   0  0  6614
9  6614  3   0  0  6614
10  6614  2   3  6611
11  6614  2   0  6614
12  6612  3   0  26  6586
13  6614  5   0  0  0  0  6614
14  6608  2   2  6606
15  6614  2   0  6614
16  6614  2   0  6614
17  6614  4   0  0  0  6614
18  6614  2   0  6614
19  6614  3   0  0  6614
20  6610  3   0  455  6155
21  6610  2   0  6610
22  6612  2   0  6612
23  6614  2   0  6614
24  6614  2   0  6614
25  6610  3   0  0  6610
26  6609  4   0  0  278  6331
27  6610  2   0  6610
28  6614  2   0  6614
29  6608  2   0  6608
30  6614  3   0  0  6614
31  6614  3   0  0  6614
32  6614  3   0  0  6614
33  6609  3   0  0  6609
34  6612  2   0  6612
35  6614  2   0  6614
36  6612  4   0  0  0  6612
37  6608  2   0  6608
38  6614  2   1  6613
39  6614  3   1  10  6603
40  6614  2   0  6614
41  6614  2   0  6614
42  6612  3   0  0  6612
43  6614  4   0  0  0  6614
44  6612  2   0  6612
45  6614  3   0  0  6614
46  6614  3   0  0  6614
47  6614  2   0  6614
48  6614  2   0  6614
49  6612  3   0  0  6612
50  6612  2   0  6612
51  6602  2   0  6602
52  6610  2   0  6610
53  6614  3   0  0  6614
54  6614  3   0  0  6614
55  6614  3   0  0  6614
56  6604  3   0  0  6604
57  6614  3   0  0  6614
58  6614  2   11  6603
59  6614  2   0  6614
60  6604  2   0  6604
61  6614  2   0  6614
62  6614  2   0  6614
63  6614  2   0  6614
64  6614  2   0  6614
65  6614  3   0  0  6614
66  6614  2   0  6614
67  6614  2   0  6614
68  6614  2   0  6614
69  6614  3   0  0  6614
70  6614  2   0  6614
71  6614  2   0  6614
72  6583  3   0  0  6583
73  6612  3   0  0  6612
74  6614  2   0  6614
75  6614  2   0  6614
76  6612  2   0  6612
77  6614  2   0  6614
78  6614  2   0  6614
79  6614  3   0  0  6614
80  6614  3   0  0  6614
81  6601  3   0  0  6601
82  6614  4   0  0  0  6614
83  6614  2   0  6614
84  6614  3   0  0  6614
85  6614  2   0  6614
86  6614  2   22  6592
87  6610  3   5679  0  931
88  6610  2   0  6610
89  6604  3   0  0  6604
90  6589  4   0  0  0  6589
91  6614  2   0  6614
92  6614  2   0  6614
93  6595  3   0  0  6595
94  6614  2   1  6613
95  6564  3   0  0  6564
96  6438  2   0  6438
97  6544  3   0  1  6543
98  6614  2   0  6614
99  6600  3   0  1  6599
100  6610  2   0  6610
101  6605  4   0  0  0  6605
102  6607  3   0  0  6607
103  6598  2   0  6598
104  6614  4   0  5  0  6609
105  6594  2   0  6594
106  6613  3   0  0  6613
107  6614  2   0  6614
108  6614  2   0  6614
109  6537  3   0  0  6537
110  6610  3   0  0  6610
111  6614  2   0  6614
112  6584  2   0  6584
113  6608  2   0  6608
114  6534  2   0  6534
115  6614  3   0  0  6614
116  6613  3   0  0  6613
117  6613  3   0  4  6609
118  6614  3   0  4  6610
119  6612  2   0  6612
120  6612  2   0  6612
121  6614  2   0  6614
122  6614  2   0  6614
123  6614  3   0  0  6614
124  6614  2   0  6614
125  6614  3   0  0  6614
126  6610  3   0  0  6610
127  6614  2   0  6614
128  6614  4   0  0  0  6614
129  6610  3   0  0  6610
130  6600  2   0  6600
131  6613  3   0  1  6612
132  6614  2   0  6614
133  6614  4   0  0  0  6614
134  6614  2   0  6614
135  6614  2   6  6608
136  6530  2   0  6530
137  6613  3   0  0  6613
138  6612  2   0  6612
139  6584  2   0  6584
140  6603  3   0  0  6603
141  6614  3   0  0  6614
142  6611  3   0  0  6611
143  6611  4   0  0  0  6611
144  6614  3   0  0  6614
145  6614  2   0  6614
146  6610  2   0  6610
147  6614  2   0  6614
148  6604  3   0  0  6604
149  6614  2   0  6614
150  6614  2   428  6186
151  6614  2   0  6614
152  6614  2   2  6612
153  6614  2   0  6614
154  6614  2   49  6565
155  6612  2   0  6612
156  6610  2   0  6610
157  6614  2   0  6614
158  6614  3   0  0  6614
159  6614  4   0  0  0  6614
160  6614  2   0  6614
161  6614  2   0  6614
162  6452  2   0  6452
163  6608  2   0  6608
164  6614  4   0  0  222  6392
165  6608  2   0  6608
166  6610  2   3351  3259
167  6614  3   222  0  6392
168  6612  2   274  6338
169  6546  2   0  6546
170  6614  2   0  6614
171  6613  5   0  0  0  0  6613
172  6614  4   0  0  0  6614
173  6614  3   0  0  6614
174  6613  4   3  0  0  6610
175  6614  3   0  0  6614
176  6492  3   0  0  6492
177  6541  3   3  0  6538
178  6613  3   0  0  6613
179  6614  4   0  0  0  6614
180  6614  3   0  0  6614
181  6608  3   0  0  6608
182  6614  2   0  6614
183  6562  3   0  0  6562
184  6562  2   0  6562
185  6606  2   0  6606
186  6614  2   0  6614
187  6594  2   0  6594
188  6614  2   0  6614
189  6614  3   0  0  6614
190  6612  2   0  6612
191  6614  2   0  6614
192  6612  3   0  0  6612
193  6614  3   0  0  6614
194  6614  3   0  0  6614
195  6606  2   0  6606
196  6614  3   0  0  6614
197  6614  2   0  6614
198  6612  3   0  0  6612
199  6613  3   0  0  6613
200  6613  3   0  0  6613
201  6612  3   0  0  6612
202  6614  2   0  6614
203  6614  3   4600  0  2014
204  6614  2   0  6614
205  6613  3   0  0  6613
206  6614  2   0  6614
207  6614  2   0  6614
208  6612  3   0  0  6612
209  6614  4   0  0  0  6614
210  6614  3   0  0  6614
211  6610  4   0  0  0  6610
212  6612  3   0  0  6612

[pop]=5
1  66316  2   0  66316
2  66728  2   4  66724
3  66736  2   0  66736
4  66726  3   3  0  66723
5  66714  2   0  66714
6  66600  2   0  66600
7  66678  2   0  66678
8  66711  3   1  4  66706
9  66717  3   1  1  66715
10  66738  2   64  66674
11  65642  2   12  65630
12  66549  3   0  158  66391
13  66728  5   1  0  1  0  66726
14  66684  2   91  66593
15  66628  2   0  66628
16  65720  2   0  65720
17  66728  4   31  0  0  66697
18  66712  2   2  66710
19  66721  3   0  1  66720
20  66634  3   1  3100  63533
21  66434  2   2  66432
22  66708  2   1  66707
23  66738  2   2  66736
24  66686  2   1  66685
25  66715  3   23  0  66692
26  66442  4   0  0  3348  63094
27  66720  2   0  66720
28  66714  2   0  66714
29  66472  2   3  66469
30  66740  3   0  0  66740
31  66542  3   13  1  66528
32  66739  3   0  1  66738
33  66721  3   1  0  66720
34  66690  2   0  66690
35  66740  2   2  66738
36  66721  4   1  0  0  66720
37  66726  2   2  66724
38  66740  2   30  66710
39  66618  3   11  11  66596
40  66710  2   1  66709
41  66722  2   0  66722
42  66721  3   0  1  66720
43  66727  4   0  1  0  66726
44  66728  2   6  66722
45  66622  3   0  2  66620
46  66740  3   1  0  66739
47  66726  2   0  66726
48  66656  2   26  66630
49  66740  3   0  1  66739
50  66734  2   0  66734
51  66664  2   3  66661
52  66724  2   0  66724
53  66738  3   0  1  66737
54  66737  3   0  0  66737
55  66731  3   0  1  66730
56  66720  3   1  1  66718
57  66662  3   1  0  66661
58  66738  2   38  66700
59  66738  2   0  66738
60  66660  2   146  66514
61  66736  2   0  66736
62  66738  2   0  66738
63  66738  2   8  66730
64  66738  2   3  66735
65  66684  3   1  1  66682
66  66732  2   2  66730
67  66736  2   0  66736
68  66738  2   0  66738
69  66738  3   0  0  66738
70  66738  2   0  66738
71  66684  2   0  66684
72  66575  3   0  1  66574
73  66729  3   0  0  66729
74  66738  2   0  66738
75  66738  2   0  66738
76  66682  2   1  66681
77  66736  2   1  66735
78  66682  2   0  66682
79  66740  3   0  1  66739
80  66736  3   0  1  66735
81  66722  3   1  0  66721
82  66733  4   1  6  0  66726
83  66732  2   3  66729
84  66736  3   0  1  66735
85  66732  2   3  66729
86  66736  2   25  66711
87  66740  3   60511  18  6211
88  66736  2   2  66734
89  66447  3   3  1  66443
90  66627  4   0  1  0  66626
91  66740  2   0  66740
92  66732  2   2  66730
93  66662  3   0  0  66662
94  66732  2   5  66727
95  66607  3   1  10  66596
96  66716  2   0  66716
97  66706  3   0  1  66705
98  66732  2   0  66732
99  66728  3   0  4  66724
100  66736  2   3  66733
101  66723  4   1  14  0  66708
102  66724  3   0  0  66724
103  66736  2   4  66732
104  66734  4   7  12  0  66715
105  66658  2   0  66658
106  66724  3   1  1  66722
107  66736  2   1  66735
108  66738  2   3  66735
109  66725  3   0  0  66725
110  66734  3   0  0  66734
111  66718  2   0  66718
112  66730  2   6  66724
113  66686  2   0  66686
114  66664  2   5  66659
115  66736  3   0  5  66731
116  66708  3   0  1  66707
117  66738  3   0  3  66735
118  66696  3   1  0  66695
119  66732  2   1  66731
120  66734  2   1  66733
121  66738  2   0  66738
122  66682  2   0  66682
123  66740  3   0  0  66740
124  66734  2   1  66733
125  66678  3   1  0  66677
126  66382  3   33  7  66342
127  66730  2   0  66730
128  66738  4   2  11  0  66725
129  66539  3   1  1  66537
130  66686  2   0  66686
131  66740  3   2  2  66736
132  66676  2   1  66675
133  66740  4   2  1  1  66736
134  66740  2   0  66740
135  66678  2   86  66592
136  66634  2   0  66634
137  66735  3   1  39  66695
138  66738  2   0  66738
139  66688  2   1  66687
140  66660  3   1  0  66659
141  66702  3   0  6  66696
142  66692  3   0  0  66692
143  66526  4   0  0  1  66525
144  66740  3   1  0  66739
145  66680  2   0  66680
146  66378  2   0  66378
147  66690  2   13  66677
148  66692  3   0  1  66691
149  66526  2   0  66526
150  66740  2   3212  63528
151  66736  2   7  66729
152  66732  2   2  66730
153  66682  2   2  66680
154  66686  2   307  66379
155  66738  2   2  66736
156  66692  2   4  66688
157  66736  2   0  66736
158  66680  3   1  3  66676
159  66676  4   1  0  1  66674
160  66738  2   0  66738
161  66736  2   2  66734
162  66668  2   1  66667
163  66672  2   0  66672
164  66691  4   1  1  1548  65141
165  66334  2   2  66332
166  66730  2   37759  28971
167  66698  3   1548  1  65149
168  66732  2   2831  63901
169  66534  2   5  66529
170  66708  2   0  66708
171  66737  5   0  1  5  1  66730
172  66700  4   4  1  1  66694
173  66730  3   6  65  66659
174  66734  4   0  3  0  66731
175  66703  3   0  1  66702
176  66251  3   1  4  66246
177  66577  3   192  0  66385
178  66739  3   0  0  66739
179  66629  4   1  2  4  66622
180  66738  3   5  1  66732
181  66731  3   0  0  66731
182  66730  2   2  66728
183  66662  3   1  0  66661
184  66618  2   7  66611
185  66694  2   1  66693
186  66732  2   4  66728
187  66666  2   10  66656
188  66730  2   2  66728
189  66718  3   19  0  66699
190  66564  2   0  66564
191  66740  2   0  66740
192  66738  3   5  0  66733
193  66728  3   0  1  66727
194  66732  3   1  1  66730
195  66740  2   0  66740
196  66718  3   0  0  66718
197  66738  2   6  66732
198  66736  3   0  0  66736
199  66511  3   3  0  66508
200  66738  3   9  2  66727
201  66734  3   0  0  66734
202  66472  2   1  66471
203  66730  3   46557  0  20173
204  66708  2   0  66708
205  66472  3   5  0  66467
206  66738  2   0  66738
207  66710  2   0  66710
208  66659  3   5  1  66653
209  66702  4   0  0  3  66699
210  66738  3   0  0  66738
211  66674  4   0  0  0  66674
212  66731  3   1  2  66728

[pop]=6
1  894  2   0  894
2  908  2   0  908
3  906  2   0  906
4  908  3   0  0  908
5  908  2   1  907
6  904  2   0  904
7  902  2   0  902
8  906  3   0  0  906
9  908  3   0  0  908
10  906  2   0  906
11  860  2   0  860
12  905  3   0  0  905
13  908  5   0  0  0  0  908
14  904  2   0  904
15  906  2   0  906
16  864  2   0  864
17  908  4   2  0  0  906
18  906  2   0  906
19  908  3   0  0  908
20  908  3   0  70  838
21  908  2   0  908
22  908  2   0  908
23  908  2   0  908
24  906  2   0  906
25  905  3   2  0  903
26  907  4   0  0  23  884
27  908  2   0  908
28  906  2   1  905
29  908  2   0  908
30  908  3   0  0  908
31  906  3   1  0  905
32  908  3   0  0  908
33  908  3   0  0  908
34  908  2   0  908
35  908  2   0  908
36  908  4   0  0  0  908
37  908  2   0  908
38  908  2   1  907
39  908  3   0  6  902
40  908  2   0  908
41  908  2   0  908
42  908  3   0  0  908
43  907  4   0  0  0  907
44  908  2   0  908
45  906  3   0  0  906
46  908  3   0  0  908
47  908  2   0  908
48  908  2   0  908
49  908  3   0  0  908
50  908  2   0  908
51  906  2   0  906
52  908  2   0  908
53  908  3   0  0  908
54  908  3   0  0  908
55  908  3   1  0  907
56  908  3   0  0  908
57  908  3   0  0  908
58  908  2   0  908
59  908  2   0  908
60  906  2   7  899
61  908  2   0  908
62  908  2   0  908
63  908  2   1  907
64  908  2   0  908
65  908  3   0  0  908
66  908  2   0  908
67  908  2   0  908
68  908  2   1  907
69  908  3   0  0  908
70  908  2   0  908
71  908  2   0  908
72  908  3   0  0  908
73  908  3   1  0  907
74  908  2   0  908
75  908  2   0  908
76  908  2   0  908
77  908  2   0  908
78  908  2   0  908
79  908  3   0  0  908
80  908  3   0  0  908
81  908  3   0  0  908
82  908  4   0  0  0  908
83  908  2   0  908
84  908  3   0  0  908
85  908  2   0  908
86  908  2   0  908
87  908  3   811  0  97
88  908  2   0  908
89  907  3   0  0  907
90  907  4   0  0  0  907
91  908  2   0  908
92  908  2   0  908
93  908  3   0  0  908
94  908  2   0  908
95  905  3   0  1  904
96  896  2   0  896
97  904  3   0  0  904
98  908  2   0  908
99  908  3   0  0  908
100  908  2   0  908
101  908  4   0  1  0  907
102  906  3   0  0  906
103  904  2   0  904
104  908  4   0  0  3  905
105  908  2   0  908
106  907  3   0  0  907
107  908  2   0  908
108  908  2   0  908
109  903  3   0  0  903
110  908  3   0  0  908
111  908  2   0  908
112  906  2   1  905
113  908  2   0  908
114  904  2   0  904
115  908  3   0  0  908
116  908  3   0  0  908
117  908  3   0  0  908
118  908  3   0  0  908
119  908  2   0  908
120  908  2   2  906
121  908  2   0  908
122  908  2   0  908
123  908  3   0  0  908
124  908  2   0  908
125  908  3   0  0  908
126  905  3   2  0  903
127  908  2   0  908
128  908  4   0  0  0  908
129  908  3   0  0  908
130  908  2   0  908
131  908  3   0  6  902
132  908  2   0  908
133  908  4   0  0  0  908
134  908  2   0  908
135  908  2   1  907
136  900  2   0  900
137  908  3   0  0  908
138  908  2   0  908
139  908  2   0  908
140  908  3   0  0  908
141  908  3   0  0  908
142  908  3   0  0  908
143  907  4   0  0  0  907
144  908  3   0  0  908
145  908  2   0  908
146  908  2   0  908
147  908  2   0  908
148  908  3   0  0  908
149  904  2   0  904
150  908  2   36  872
151  908  2   0  908
152  908  2   0  908
153  908  2   0  908
154  908  2   4  904
155  908  2   0  908
156  908  2   0  908
157  908  2   0  908
158  908  3   0  0  908
159  908  4   0  0  0  908
160  908  2   0  908
161  908  2   0  908
162  896  2   5  891
163  908  2   0  908
164  908  4   0  0  17  891
165  906  2   0  906
166  908  2   539  369
167  908  3   17  0  891
168  908  2   81  827
169  904  2   0  904
170  908  2   0  908
171  908  5   0  0  0  0  908
172  908  4   0  0  0  908
173  908  3   1  4  903
174  908  4   0  5  0  903
175  908  3   0  0  908
176  894  3   0  0  894
177  898  3   2  0  896
178  908  3   1  0  907
179  908  4   1  0  0  907
180  908  3   0  0  908
181  908  3   0  0  908
182  908  2   0  908
183  904  3   0  0  904
184  902  2   0  902
185  908  2   0  908
186  908  2   2  906
187  904  2   0  904
188  908  2   0  908
189  908  3   0  0  908
190  908  2   0  908
191  906  2   0  906
192  908  3   3  0  905
193  908  3   0  0  908
194  908  3   0  0  908
195  908  2   0  908
196  908  3   0  0  908
197  906  2   0  906
198  908  3   0  0  908
199  906  3   0  0  906
200  906  3   0  0  906
201  908  3   0  0  908
202  906  2   0  906
203  908  3   670  0  238
204  908  2   0  908
205  905  3   0  0  905
206  906  2   1  905
207  908  2   0  908
208  907  3   0  0  907
209  908  4   0  1  0  907
210  906  3   0  0  906
211  908  4   0  0  0  908
212  908  3   0  0  908

[pop]=7
1  15648  2   0  15648
2  16506  2   0  16506
3  16512  2   0  16512
4  16510  3   0  4  16506
5  16502  2   222  16280
6  16184  2   0  16184
7  16500  2   2  16498
8  16495  3   0  0  16495
9  16501  3   0  0  16501
10  16510  2   0  16510
11  13974  2   0  13974
12  16192  3   0  0  16192
13  16505  5   0  0  4  1  16500
14  16494  2   29  16465
15  16320  2   0  16320
16  14270  2   9  14261
17  16504  4   0  0  17  16487
18  16502  2   0  16502
19  16507  3   0  0  16507
20  16406  3   0  994  15412
21  16234  2   0  16234
22  16498  2   2  16496
23  16512  2   0  16512
24  16472  2   0  16472
25  16509  3   49  1  16459
26  16241  4   1  1  353  15886
27  16508  2   0  16508
28  16508  2   222  16286
29  16306  2   0  16306
30  16512  3   1  0  16511
31  16292  3   0  0  16292
32  16512  3   1  0  16511
33  16503  3   0  22  16481
34  16504  2   0  16504
35  16512  2   0  16512
36  16511  4   0  4  0  16507
37  16504  2   0  16504
38  16512  2   5  16507
39  16422  3   0  70  16352
40  16502  2   0  16502
41  16510  2   2  16508
42  16507  3   0  0  16507
43  16508  4   1  0  0  16507
44  16510  2   0  16510
45  16402  3   1  0  16401
46  16512  3   0  1  16511
47  16510  2   9  16501
48  16436  2   0  16436
49  16512  3   0  0  16512
50  16510  2   0  16510
51  16502  2   1  16501
52  16510  2   1  16509
53  16512  3   0  0  16512
54  16512  3   0  0  16512
55  16512  3   2  0  16510
56  16509  3   0  0  16509
57  16434  3   0  1  16433
58  16508  2   0  16508
59  16512  2   1  16511
60  16504  2   0  16504
61  16512  2   0  16512
62  16512  2   0  16512
63  16512  2   3  16509
64  16512  2   0  16512
65  16508  3   0  0  16508
66  16510  2   1  16509
67  16512  2   0  16512
68  16512  2   6  16506
69  16512  3   0  0  16512
70  16512  2   0  16512
71  16508  2   0  16508
72  16496  3   1  0  16495
73  16512  3   0  0  16512
74  16512  2   0  16512
75  16512  2   0  16512
76  16508  2   0  16508
77  16512  2   1  16511
78  16508  2   0  16508
79  16512  3   1  0  16511
80  16512  3   0  0  16512
81  16512  3   0  3  16509
82  16512  4   0  0  0  16512
83  16510  2   4  16506
84  16512  3   1  0  16511
85  16510  2   0  16510
86  16512  2   0  16512
87  16512  3   15212  0  1300
88  16512  2   0  16512
89  16507  3   0  0  16507
90  16511  4   1  0  1  16509
91  16512  2   2  16510
92  16512  2   0  16512
93  16511  3   0  0  16511
94  16512  2   1  16511
95  16503  3   0  3  16500
96  16512  2   0  16512
97  16512  3   0  0  16512
98  16512  2   1  16511
99  16512  3   2  0  16510
100  16512  2   0  16512
101  16512  4   2  1  0  16509
102  16512  3   1  1  16510
103  16512  2   1  16511
104  16511  4   2  1  248  16260
105  16510  2   1  16509
106  16512  3   0  0  16512
107  16512  2   0  16512
108  16512  2   0  16512
109  16512  3   0  0  16512
110  16512  3   0  0  16512
111  16512  2   2  16510
112  16512  2   20  16492
113  16512  2   0  16512
114  16506  2   2  16504
115  16512  3   0  0  16512
116  16512  3   0  1  16511
117  16512  3   1  0  16511
118  16512  3   0  0  16512
119  16512  2   2  16510
120  16512  2   1  16511
121  16512  2   0  16512
122  16512  2   0  16512
123  16512  3   1  0  16511
124  16512  2   0  16512
125  16512  3   0  0  16512
126  16504  3   0  14  16490
127  16512  2   13  16499
128  16512  4   0  0  1  16511
129  16504  3   0  0  16504
130  16506  2   0  16506
131  16512  3   0  236  16276
132  16512  2   0  16512
133  16512  4   1  0  0  16511
134  16512  2   3  16509
135  16512  2   2  16510
136  16510  2   0  16510
137  16512  3   0  2  16510
138  16512  2   0  16512
139  16508  2   0  16508
140  16512  3   0  0  16512
141  16512  3   0  0  16512
142  16508  3   1  0  16507
143  16507  4   0  0  0  16507
144  16512  3   0  0  16512
145  16512  2   0  16512
146  16502  2   0  16502
147  16512  2   0  16512
148  16507  3   1  0  16506
149  16510  2   0  16510
150  16512  2   254  16258
151  16512  2   0  16512
152  16510  2   0  16510
153  16512  2   1  16511
154  16512  2   0  16512
155  16512  2   0  16512
156  16506  2   0  16506
157  16510  2   0  16510
158  16512  3   0  0  16512
159  16512  4   1  0  0  16511
160  16512  2   2  16510
161  16512  2   0  16512
162  16512  2   1  16511
163  16510  2   0  16510
164  16512  4   1  2  57  16452
165  16500  2   0  16500
166  16512  2   10730  5782
167  16512  3   57  0  16455
168  16512  2   1626  14886
169  16510  2   0  16510
170  16512  2   0  16512
171  16512  5   1  0  0  0  16511
172  16510  4   0  0  0  16510
173  16512  3   0  13  16499
174  16510  4   3  3  0  16504
175  16512  3   2  0  16510
176  16496  3   52  0  16444
177  16491  3   46  0  16445
178  16512  3   4  1  16507
179  16512  4   0  1  0  16511
180  16512  3   0  0  16512
181  16512  3   0  1  16511
182  16512  2   3  16509
183  16510  3   1  0  16509
184  16420  2   0  16420
185  16510  2   0  16510
186  16512  2   0  16512
187  16510  2   2  16508
188  16512  2   0  16512
189  16512  3   0  1  16511
190  16472  2   0  16472
191  16512  2   0  16512
192  16512  3   10  1  16501
193  16512  3   1  0  16511
194  16512  3   1  0  16511
195  16512  2   0  16512
196  16512  3   1  0  16511
197  16512  2   49  16463
198  16512  3   0  0  16512
199  16241  3   0  0  16241
200  16512  3   1  0  16511
201  16512  3   0  1  16511
202  16160  2   7  16153
203  16510  3   12526  1  3983
204  16512  2   0  16512
205  16327  3   0  0  16327
206  16512  2   0  16512
207  16510  2   0  16510
208  16500  3   0  0  16500
209  16512  4   0  1  0  16511
210  16512  3   1  0  16511
211  16503  4   0  0  0  16503
212  16512  3   0  0  16512

