[loci]=529

[populations]=7

[pop]=1
1  9773  3   2  1  9770
2  10123  4   0  1  0  10122
3  10366  2   0  10366
4  10395  3   0  0  10395
5  9886  2   0  9886
6  10366  5   0  0  0  0  10366
7  10365  3   0  2  10363
8  9340  3   1  0  9339
9  356  3   40  41  275
10  10398  2   0  10398
11  9901  4   0  0  0  9901
12  10372  3   0  0  10372
13  10372  2   0  10372
14  10280  2   0  10280
15  8050  2   1  8049
16  9618  3   1  0  9617
17  9894  3   0  200  9694
18  10398  2   0  10398
19  10266  2   0  10266
20  10374  2   0  10374
21  7738  3   0  0  7738
22  10262  2   7132  3130
23  9472  2   0  9472
24  10282  2   0  10282
25  10376  2   1  10375
26  10398  2   0  10398
27  10380  2   1  10379
28  10000  2   1  9999
29  10374  2   2  10372
30  10246  2   2  10244
31  10002  2   0  10002
32  10358  2   0  10358
33  10040  2   0  10040
34  9460  2   1  9459
35  9713  3   1  0  9712
36  8  2   0  8
37  10385  4   1  0  0  10384
38  10406  3   0  0  10406
39  9334  2   2  9332
40  10014  2   0  10014
41  10378  2   1  10377
42  10264  3   0  1  10263
43  10386  3   0  0  10386
44  9192  3   0  0  9192
45  10390  3   0  1  10389
46  10064  3   0  1  10063
47  8  2   0  8
48  10386  4   1  0  1  10384
49  10406  3   0  0  10406
50  9428  2   0  9428
51  6  2   0  6
52  8572  2   0  8572
53  10102  5   0  0  1  181  9920
54  10378  3   0  1  10377
55  9794  3   3883  0  5911
56  260  2   0  260
57  10292  2   0  10292
58  8538  3   0  0  8538
59  10396  2   0  10396
60  10297  3   1405  0  8892
61  10136  3   24  0  10112
62  10396  2   0  10396
63  10393  4   0  0  0  10393
64  10392  3   0  0  10392
65  10406  2   0  10406
66  9802  2   0  9802
67  10314  2   5611  4703
68  10395  3   0  0  10395
69  10392  2   0  10392
70  8119  3   0  0  8119
71  10396  2   0  10396
72  9390  2   0  9390
73  9800  2   0  9800
74  10304  2   88  10216
75  10215  3   0  0  10215
76  10396  3   0  0  10396
77  10372  2   2  10370
78  10298  3   0  1  10297
79  10396  2   0  10396
80  10394  2   3993  6401
81  7826  2   0  7826
82  10395  4   0  0  0  10395
83  9388  3   0  0  9388
84  10374  3   2  0  10372
85  10394  2   0  10394
86  10406  3   0  0  10406
87  10202  3   0  0  10202
88  10395  3   0  0  10395
89  7961  3   0  0  7961
90  10392  3   54  0  10338
91  10368  2   0  10368
92  10397  3   0  0  10397
93  10368  2   0  10368
94  10400  2   71  10329
95  6658  3   1  0  6657
96  10320  2   2  10318
97  10337  3   0  1  10336
98  10270  3   0  7  10263
99  10396  3   6  0  10390
100  5837  4   3  0  0  5834
101  10329  5   0  1  0  0  10328
102  10361  3   0  0  10361
103  10274  2   1  10273
104  10388  3   0  0  10388
105  266  2   9  257
106  10406  2   0  10406
107  10388  2   0  10388
108  5386  2   0  5386
109  10362  3   5  1  10356
110  9800  3   0  0  9800
111  10256  2   2  10254
112  10368  2   0  10368
113  10242  2   1  10241
114  10386  3   1  0  10385
115  10394  2   0  10394
116  10406  2   85  10321
117  10353  3   1  0  10352
118  10366  3   0  0  10366
119  10363  3   0  0  10363
120  10234  2   0  10234
121  10392  2   0  10392
122  10354  2   0  10354
123  10236  2   9  10227
124  10392  2   0  10392
125  10360  3   3  0  10357
126  9798  2   0  9798
127  10398  2   0  10398
128  10358  2   0  10358
129  250  2   1  249
130  10406  4   0  0  0  10406
131  10358  2   0  10358
132  10383  4   0  0  0  10383
133  10392  3   0  46  10346
134  10326  2   0  10326
135  10130  2   0  10130
136  10350  2   0  10350
137  10245  3   1  16  10228
138  10382  2   0  10382
139  10320  2   0  10320
140  10348  2   0  10348
141  10260  2   0  10260
142  3110  2   0  3110
143  10406  5   0  0  0  6  10400
144  10392  2   206  10186
145  8696  2   0  8696
146  10372  3   2  1  10369
147  10406  2   0  10406
148  9234  3   0  0  9234
149  10321  3   26  0  10295
150  10380  2   1  10379
151  9356  2   0  9356
152  10336  3   0  0  10336
153  10324  2   1  10323
154  10375  3   0  4  10371
155  10380  2   0  10380
156  10391  3   0  5134  5257
157  10406  2   151  10255
158  9206  2   2  9204
159  10402  2   11  10391
160  10376  2   2  10374
161  10379  3   1  0  10378
162  10334  2   0  10334
163  10406  3   0  0  10406
164  10406  2   1  10405
165  10386  3   0  0  10386
166  10270  2   0  10270
167  9790  2   0  9790
168  10332  2   141  10191
169  10378  2   0  10378
170  10318  2   0  10318
171  9790  2   3  9787
172  10406  3   0  1  10405
173  10368  2   0  10368
174  10294  2   1  10293
175  9770  2   1  9769
176  170  2   1  169
177  10378  2   0  10378
178  10394  3   0  0  10394
179  9150  2   0  9150
180  10308  3   0  0  10308
181  10406  2   0  10406
182  10369  3   0  0  10369
183  10394  2   0  10394
184  9144  3   0  0  9144
185  10308  3   0  0  10308
186  10406  3   0  0  10406
187  10366  2   2  10364
188  10406  2   12  10394
189  10402  3   0  0  10402
190  10396  2   1  10395
191  9767  3   0  0  9767
192  10360  2   0  10360
193  10398  2   0  10398
194  10286  2   0  10286
195  10329  3   0  0  10329
196  9679  4   0  1  0  9678
197  10398  2   1  10397
198  10324  4   0  0  0  10324
199  10406  2   0  10406
200  10353  3   0  2  10351
201  9702  2   0  9702
202  9082  2   0  9082
203  9740  2   5  9735
204  10406  2   0  10406
205  10406  2   0  10406
206  10399  3   0  0  10399
207  9106  2   0  9106
208  9726  2   56  9670
209  10406  3   0  0  10406
210  10406  2   3  10403
211  9260  3   0  0  9260
212  10338  2   6673  3665
213  9560  3   0  0  9560
214  14  2   0  14
215  10406  2   1  10405
216  10406  2   0  10406
217  10195  3   0  1  10194
218  10340  2   0  10340
219  10328  2   0  10328
220  10404  2   0  10404
221  10195  3   1  2  10192
222  10402  3   0  0  10402
223  10151  3   0  0  10151
224  10406  2   2  10404
225  10406  2   1  10405
226  10170  4   0  0  593  9577
227  10404  3   0  0  10404
228  10406  3   0  0  10406
229  10156  2   0  10156
230  10401  3   1  0  10400
231  10328  2   0  10328
232  10406  3   0  3  10403
233  10402  5   0  0  0  0  10402
234  10008  2   0  10008
235  10406  2   8071  2335
236  10275  4   18  0  0  10257
237  9794  3   0  6  9788
238  10402  2   0  10402
239  10402  2   614  9788
240  10403  3   1  0  10402
241  10406  4   1  0  0  10405
242  10126  3   0  0  10126
243  9796  4   0  0  2  9794
244  9796  2   3  9793
245  9144  2   2  9142
246  10406  2   0  10406
247  10400  3   0  0  10400
248  10406  4   0  0  0  10406
249  10278  2   0  10278
250  10404  2   0  10404
251  9100  2   0  9100
252  10396  2   2  10394
253  10406  3   0  1  10405
254  10394  2   0  10394
255  10402  2   0  10402
256  8536  2   0  8536
257  10406  3   0  2  10404
258  10280  3   0  0  10280
259  10127  4   0  0  0  10127
260  10406  2   0  10406
261  9612  2   1  9611
262  8906  2   118  8788
263  10406  3   12  0  10394
264  10400  2   0  10400
265  10118  2   8397  1721
266  10140  2   6540  3600
267  10406  4   1  1  0  10404
268  10180  3   0  0  10180
269  9808  3   0  1  9807
270  8686  2   131  8555
271  9656  3   0  0  9656
272  10234  2   0  10234
273  8492  2   104  8388
274  8788  2   0  8788
275  10397  3   0  0  10397
276  10406  2   0  10406
277  10202  2   0  10202
278  10346  2   2  10344
279  10406  5   0  0  0  0  10406
280  9970  2   1  9969
281  10262  3   0  0  10262
282  10356  3   0  1  10355
283  10402  2   0  10402
284  10406  2   56  10350
285  8322  2   13  8309
286  10344  2   0  10344
287  9949  3   52  0  9897
288  10406  2   0  10406
289  10406  3   0  0  10406
290  10398  2   0  10398
291  10400  3   0  0  10400
292  10406  2   0  10406
293  10400  3   0  0  10400
294  10406  2   0  10406
295  10402  2   0  10402
296  9978  2   0  9978
297  10336  2   0  10336
298  10402  2   0  10402
299  10406  2   0  10406
300  10404  4   0  0  0  10404
301  10406  2   15  10391
302  10108  3   0  1  10107
303  10406  4   2  0  0  10404
304  10118  3   0  0  10118
305  9781  3   0  0  9781
306  10348  2   0  10348
307  10198  2   0  10198
308  10406  2   0  10406
309  10405  3   0  0  10405
310  10124  2   0  10124
311  10360  2   0  10360
312  9664  2   0  9664
313  9958  3   1  1  9956
314  10244  4   0  0  0  10244
315  10353  3   3  0  10350
316  10381  4   0  0  1  10380
317  9810  2   1  9809
318  10406  3   0  0  10406
319  10404  2   0  10404
320  10406  3   0  0  10406
321  10362  3   1  4  10357
322  10405  3   0  0  10405
323  9604  2   0  9604
324  10242  2   2  10240
325  9810  3   1  1  9808
326  10406  3   0  0  10406
327  10406  3   0  1  10405
328  10250  2   0  10250
329  9960  2   0  9960
330  10406  2   0  10406
331  10358  2   2  10356
332  10404  2   0  10404
333  10378  2   0  10378
334  10406  2   0  10406
335  5794  4   0  0  0  5794
336  10392  2   3  10389
337  9808  3   0  0  9808
338  10406  3   0  0  10406
339  10406  2   0  10406
340  10280  2   0  10280
341  5718  2   0  5718
342  9946  2   0  9946
343  10404  2   2  10402
344  9798  2   0  9798
345  9930  2   0  9930
346  10394  2   0  10394
347  9520  2   1  9519
348  10404  2   31  10373
349  9920  3   0  0  9920
350  10264  2   0  10264
351  10334  2   1  10333
352  9499  3   0  1  9498
353  10402  2   0  10402
354  10384  2   276  10108
355  10394  3   0  0  10394
356  10402  2   0  10402
357  9917  3   1  0  9916
358  10386  2   0  10386
359  10394  2   33  10361
360  10406  3   0  0  10406
361  9799  3   0  0  9799
362  10266  3   0  4  10262
363  9450  2   0  9450
364  10404  2   0  10404
365  10406  2   0  10406
366  10406  3   1141  4  9261
367  10406  3   0  0  10406
368  10406  2   39  10367
369  10314  2   0  10314
370  9396  2   1  9395
371  9912  2   0  9912
372  10388  2   0  10388
373  9808  2   9  9799
374  9376  2   0  9376
375  10396  3   0  0  10396
376  9894  2   13  9881
377  3047  3   0  0  3047
378  9892  2   2  9890
379  10392  2   0  10392
380  10406  4   0  0  0  10406
381  2462  4   0  0  0  2462
382  50  2   0  50
383  9897  3   0  0  9897
384  10406  2   2  10404
385  10340  3   0  0  10340
386  10206  2   0  10206
387  9078  3   0  0  9078
388  10390  3   7  0  10383
389  10194  2   0  10194
390  10384  2   0  10384
391  10384  2   0  10384
392  10406  3   0  0  10406
393  10316  2   0  10316
394  10036  2   0  10036
395  10174  3   0  0  10174
396  9808  3   0  0  9808
397  10306  2   1  10305
398  10072  2   0  10072
399  10132  2   1058  9074
400  9810  2   4  9806
401  10406  2   60  10346
402  10304  2   0  10304
403  10406  3   0  0  10406
404  9736  3   0  0  9736
405  10406  2   0  10406
406  10398  2   0  10398
407  10178  2   0  10178
408  10070  4   0  0  0  10070
409  10169  3   0  0  10169
410  10406  5   0  0  0  0  10406
411  2876  2   0  2876
412  10070  2   1  10069
413  10380  2   0  10380
414  9807  5   1  0  0  0  9806
415  10406  3   0  0  10406
416  10149  3   0  0  10149
417  10142  2   0  10142
418  10380  2   0  10380
419  9808  2   0  9808
420  10406  2   2  10404
421  10406  2   1  10405
422  10314  2   1  10313
423  10128  2   1  10127
424  9379  5   0  1  0  0  9378
425  10020  3   0  0  10020
426  10394  3   0  0  10394
427  10196  2   0  10196
428  10394  2   0  10394
429  10406  2   0  10406
430  10216  2   0  10216
431  9650  2   0  9650
432  10266  2   0  10266
433  10406  2   0  10406
434  10268  2   0  10268
435  10364  2   0  10364
436  9806  2   4  9802
437  10398  2   0  10398
438  10346  3   0  0  10346
439  9724  2   6  9718
440  10406  2   0  10406
441  10406  2   1  10405
442  10390  3   0  0  10390
443  9686  3   0  0  9686
444  418  3   193  0  225
445  10356  3   0  0  10356
446  10406  4   1  0  0  10405
447  10406  2   0  10406
448  9800  3   0  0  9800
449  10397  4   0  0  0  10397
450  10406  2   0  10406
451  10284  2   0  10284
452  10396  2   0  10396
453  476  2   430  46
454  10396  2   23  10373
455  10369  3   0  1949  8420
456  10396  2   0  10396
457  10400  2   1  10399
458  10406  2   0  10406
459  9714  2   0  9714
460  8006  3   477  0  7529
461  9800  2   0  9800
462  10406  2   0  10406
463  10374  5   0  0  0  661  9713
464  10056  2   0  10056
465  10406  3   0  0  10406
466  10064  3   0  0  10064
467  10398  3   2  0  10396
468  10381  3   2  0  10379
469  10406  2   0  10406
470  10406  2   0  10406
471  10400  4   0  0  0  10400
472  10406  2   0  10406
473  8242  2   0  8242
474  10399  3   116  0  10283
475  10406  3   1  0  10405
476  10398  2   0  10398
477  344  2   42  302
478  9800  3   0  0  9800
479  10178  2   0  10178
480  10398  5   0  0  0  0  10398
481  314  2   0  314
482  10406  2   0  10406
483  10382  2   0  10382
484  10400  3   0  0  10400
485  9804  3   0  0  9804
486  10400  2   1  10399
487  272  2   0  272
488  9804  2   0  9804
489  10400  2   0  10400
490  8384  3   0  0  8384
491  9800  2   0  9800
492  10406  3   0  0  10406
493  6998  2   112  6886
494  10376  3   0  0  10376
495  10372  3   0  1  10371
496  10219  4   0  0  443  9776
497  10398  3   0  0  10398
498  10398  2   0  10398
499  8410  2   0  8410
500  10400  3   0  0  10400
501  10376  4   0  3  0  10373
502  10226  2   89  10137
503  10396  4   109  0  0  10287
504  10400  2   1  10399
505  10380  2   6  10374
506  262  2   2  260
507  10404  2   0  10404
508  10399  4   0  0  0  10399
509  9768  3   2  0  9766
510  8424  4   0  0  0  8424
511  8450  3   1  0  8449
512  10402  3   0  3  10399
513  7422  2   0  7422
514  10380  3   283  0  10097
515  244  2   4  240
516  10400  3   0  0  10400
517  10376  4   0  1  0  10375
518  9523  3   0  1  9522
519  10396  3   0  0  10396
520  10400  2   1  10399
521  10355  3   1  0  10354
522  9796  2   0  9796
523  10400  2   0  10400
524  10402  2   0  10402
525  10402  2   0  10402
526  9773  3   19  0  9754
527  9796  2   0  9796
528  10402  3   2  1  10399
529  10370  2   2  10368

[pop]=2
1  11518  3   1  0  11517
2  11570  4   0  1  0  11569
3  11560  2   0  11560
4  11564  3   0  0  11564
5  11370  2   0  11370
6  11542  5   0  0  0  0  11542
7  11551  3   0  0  11551
8  10372  3   27  0  10345
9  82  3   0  0  82
10  11566  2   0  11566
11  11376  4   0  0  0  11376
12  11546  3   0  2  11544
13  11552  2   1  11551
14  11538  2   5  11533
15  8318  2   1  8317
16  11510  3   0  0  11510
17  11526  3   0  3  11523
18  11574  2   0  11574
19  11574  2   0  11574
20  11564  2   0  11564
21  7754  3   0  0  7754
22  11450  2   2342  9108
23  11448  2   2  11446
24  11574  2   1  11573
25  11564  2   1  11563
26  11574  2   0  11574
27  11548  2   1  11547
28  11532  2   0  11532
29  11564  2   0  11564
30  11476  2   1  11475
31  11536  2   0  11536
32  11576  2   0  11576
33  11386  2   0  11386
34  10982  2   2  10980
35  11264  3   0  0  11264
36  2  2   0  2
37  11549  4   0  0  0  11549
38  11507  3   0  0  11507
39  11344  2   0  11344
40  11536  2   0  11536
41  11576  2   0  11576
42  11492  3   0  0  11492
43  11550  3   0  0  11550
44  11172  3   0  0  11172
45  11558  3   1  1  11556
46  11393  3   5  0  11388
47  2  2   0  2
48  11550  4   0  0  0  11550
49  11506  3   0  0  11506
50  10946  2   0  10946
51  6  2   0  6
52  9460  2   0  9460
53  11540  5   0  0  0  9  11531
54  11564  3   0  1  11563
55  11447  3   2341  0  9106
56  86  2   0  86
57  11512  2   0  11512
58  10300  3   1  0  10299
59  11560  2   0  11560
60  11513  3   62  0  11451
61  11546  3   0  0  11546
62  11562  2   21  11541
63  11574  4   0  0  0  11574
64  11554  3   0  0  11554
65  11516  2   0  11516
66  11494  2   0  11494
67  11528  2   1230  10298
68  11574  3   0  0  11574
69  11554  2   0  11554
70  9541  3   1  0  9540
71  11564  2   0  11564
72  10862  2   1  10861
73  11498  2   0  11498
74  11528  2   4  11524
75  11550  3   0  0  11550
76  11564  3   0  1  11563
77  11564  2   1  11563
78  11527  3   0  0  11527
79  11574  2   0  11574
80  11560  2   2580  8980
81  9058  2   1  9057
82  11564  4   0  3  0  11561
83  10818  3   0  0  10818
84  11565  3   0  0  11565
85  11566  2   0  11566
86  11515  3   0  0  11515
87  11433  3   0  0  11433
88  11574  3   0  0  11574
89  7645  3   1  0  7644
90  11564  3   3  0  11561
91  11566  2   0  11566
92  11572  3   2  0  11570
93  11566  2   0  11566
94  11576  2   4  11572
95  7112  3   0  0  7112
96  11554  2   0  11554
97  11566  3   1  0  11565
98  11524  3   1  27  11496
99  11573  3   2  2  11569
100  5934  4   0  0  0  5934
101  11554  5   0  12  0  0  11542
102  11565  3   0  47  11518
103  11520  2   3  11517
104  11572  3   0  0  11572
105  90  2   0  90
106  11578  2   7  11571
107  11572  2   0  11572
108  5368  2   0  5368
109  11568  3   0  0  11568
110  11529  3   0  0  11529
111  11520  2   0  11520
112  11570  2   0  11570
113  11520  2   1  11519
114  11572  3   0  1  11571
115  11574  2   0  11574
116  11524  2   3  11521
117  11559  3   0  0  11559
118  11566  3   0  0  11566
119  11568  3   24  0  11544
120  11520  2   7  11513
121  11574  2   1  11573
122  11560  2   0  11560
123  11520  2   2  11518
124  11574  2   0  11574
125  11562  3   0  0  11562
126  11540  2   0  11540
127  11574  2   2  11572
128  11568  2   0  11568
129  92  2   0  92
130  11578  4   0  0  0  11578
131  11564  2   0  11564
132  11569  4   0  0  26  11543
133  11574  3   0  101  11473
134  11570  2   2  11568
135  11414  2   0  11414
136  11568  2   0  11568
137  11534  3   0  0  11534
138  11568  2   0  11568
139  11568  2   0  11568
140  11568  2   0  11568
141  11538  2   2  11536
142  2484  2   0  2484
143  11578  5   16  0  0  4  11558
144  11576  2   9  11567
145  10702  2   0  10702
146  11567  3   0  1  11566
147  11578  2   8  11570
148  10585  3   1  0  10584
149  11546  3   3  0  11543
150  11564  2   0  11564
151  11290  2   0  11290
152  11564  3   0  0  11564
153  11546  2   0  11546
154  11560  3   0  0  11560
155  11576  2   3  11573
156  11472  3   2  8023  3447
157  11578  2   9  11569
158  10548  2   1  10547
159  11564  2   0  11564
160  11562  2   0  11562
161  11576  3   2  0  11574
162  11558  2   0  11558
163  11563  3   0  1  11562
164  11578  2   0  11578
165  11570  3   0  0  11570
166  11494  2   0  11494
167  11546  2   0  11546
168  11552  2   7  11545
169  11574  2   0  11574
170  11556  2   0  11556
171  11544  2   0  11544
172  11568  3   0  0  11568
173  11558  2   0  11558
174  11498  2   24  11474
175  11538  2   0  11538
176  82  2   0  82
177  11574  2   0  11574
178  11574  3   1  0  11573
179  10440  2   0  10440
180  11550  3   0  0  11550
181  11578  2   0  11578
182  11558  3   0  0  11558
183  11576  2   0  11576
184  10420  3   0  0  10420
185  11550  3   0  0  11550
186  11570  3   1  0  11569
187  11556  2   1  11555
188  11566  2   637  10929
189  11465  3   0  0  11465
190  11574  2   0  11574
191  11538  3   0  0  11538
192  11554  2   1  11553
193  11576  2   2  11574
194  11536  2   0  11536
195  11556  3   0  0  11556
196  11508  4   7  0  2  11499
197  11578  2   1  11577
198  11555  4   0  0  13  11542
199  11578  2   0  11578
200  11554  3   0  1  11553
201  11526  2   0  11526
202  10346  2   9  10337
203  11536  2   2  11534
204  11576  2   0  11576
205  11578  2   1  11577
206  11578  3   0  3  11575
207  10340  2   0  10340
208  11526  2   25  11501
209  11576  3   25  0  11551
210  11578  2   0  11578
211  10874  3   0  0  10874
212  11552  2   1283  10269
213  11223  3   0  4  11219
214  6  2   0  6
215  11576  2   0  11576
216  11578  2   0  11578
217  11547  3   1  0  11546
218  11554  2   0  11554
219  11560  2   2  11558
220  11578  2   0  11578
221  11520  3   0  8  11512
222  11466  3   0  0  11466
223  11494  3   0  0  11494
224  11576  2   0  11576
225  11578  2   0  11578
226  11539  4   0  0  23  11516
227  11578  3   0  0  11578
228  11578  3   0  1  11577
229  11536  2   1  11535
230  11578  3   0  0  11578
231  11480  2   0  11480
232  11578  3   0  0  11578
233  11460  5   0  5  0  0  11455
234  11468  2   0  11468
235  11578  2   11433  145
236  11542  4   1  0  0  11541
237  11572  3   0  1  11571
238  11578  2   0  11578
239  11466  2   39  11427
240  11578  3   0  18  11560
241  11576  4   0  0  0  11576
242  11524  3   0  0  11524
243  11575  4   0  0  2  11573
244  11576  2   8  11568
245  10360  2   7  10353
246  11578  2   0  11578
247  11578  3   0  0  11578
248  11578  4   0  0  0  11578
249  11428  2   0  11428
250  11572  2   1  11571
251  10564  2   0  10564
252  11468  2   0  11468
253  11578  3   0  0  11578
254  11576  2   0  11576
255  11564  2   0  11564
256  9408  2   0  9408
257  11578  3   1  0  11577
258  11471  3   0  0  11471
259  11512  4   0  0  0  11512
260  11578  2   0  11578
261  11210  2   1  11209
262  9892  2   11  9881
263  11578  3   1  0  11577
264  11564  2   0  11564
265  11356  2   9298  2058
266  11496  2   1278  10218
267  11578  4   0  1  0  11577
268  11386  3   0  2  11384
269  11576  3   4  0  11572
270  9272  2   2  9270
271  11268  3   1  7  11260
272  11438  2   0  11438
273  8882  2   118  8764
274  9862  2   0  9862
275  11564  3   0  0  11564
276  11578  2   0  11578
277  11354  2   0  11354
278  11540  2   0  11540
279  11578  5   0  0  0  0  11578
280  11482  2   0  11482
281  11465  3   0  0  11465
282  11461  3   0  0  11461
283  11566  2   0  11566
284  11576  2   0  11576
285  8464  2   0  8464
286  11540  2   0  11540
287  11478  3   2  5  11471
288  11578  2   0  11578
289  11578  3   0  0  11578
290  11556  2   0  11556
291  11556  3   0  0  11556
292  11578  2   2  11576
293  11556  3   0  1  11555
294  11578  2   3  11575
295  11558  2   0  11558
296  11478  2   0  11478
297  11536  2   0  11536
298  11572  2   0  11572
299  11578  2   0  11578
300  11572  4   0  0  0  11572
301  11578  2   0  11578
302  11171  3   0  0  11171
303  11577  4   0  0  0  11577
304  11200  3   1  1  11198
305  11466  3   0  0  11466
306  11544  2   0  11544
307  11442  2   6  11436
308  11576  2   0  11576
309  11573  3   0  0  11573
310  11204  2   0  11204
311  11552  2   0  11552
312  11264  2   1  11263
313  11470  3   0  0  11470
314  11512  4   0  0  0  11512
315  11550  3   0  0  11550
316  11521  4   0  0  0  11521
317  11576  2   0  11576
318  11577  3   0  0  11577
319  11576  2   0  11576
320  11576  3   0  0  11576
321  11558  3   0  0  11558
322  11573  3   1  0  11572
323  11190  2   0  11190
324  11518  2   1  11517
325  11574  3   1  0  11573
326  11578  3   0  0  11578
327  11576  3   0  0  11576
328  11376  2   0  11376
329  11466  2   0  11466
330  11578  2   0  11578
331  11560  2   0  11560
332  11568  2   0  11568
333  11564  2   0  11564
334  11578  2   1  11577
335  4159  4   0  1  0  4158
336  11526  2   0  11526
337  11576  3   0  0  11576
338  11578  3   0  0  11578
339  11576  2   0  11576
340  11408  2   61  11347
341  4052  2   0  4052
342  11450  2   0  11450
343  11578  2   0  11578
344  11508  2   10  11498
345  11436  2   0  11436
346  11532  2   2  11530
347  11094  2   0  11094
348  11578  2   103  11475
349  11432  3   0  0  11432
350  11526  2   1  11525
351  11552  2   2  11550
352  11076  3   0  0  11076
353  11578  2   1  11577
354  11564  2   5  11559
355  11526  3   0  0  11526
356  11578  2   0  11578
357  11434  3   0  0  11434
358  11566  2   0  11566
359  11528  2   67  11461
360  11572  3   0  0  11572
361  11499  3   0  0  11499
362  11528  3   0  0  11528
363  10980  2   0  10980
364  11578  2   0  11578
365  11574  2   1  11573
366  11578  3   43  0  11535
367  11578  3   0  0  11578
368  11574  2   5  11569
369  11544  2   0  11544
370  10888  2   0  10888
371  11430  2   1  11429
372  11574  2   0  11574
373  11576  2   0  11576
374  10852  2   0  10852
375  11572  3   0  0  11572
376  11424  2   4  11420
377  965  3   0  0  965
378  11428  2   0  11428
379  11520  2   0  11520
380  11578  4   0  0  0  11578
381  665  4   0  0  0  665
382  22  2   0  22
383  11440  3   0  0  11440
384  11572  2   0  11572
385  11472  3   0  0  11472
386  11520  2   0  11520
387  10444  3   0  0  10444
388  11574  3   0  0  11574
389  11520  2   0  11520
390  11574  2   0  11574
391  11514  2   4  11510
392  11578  3   0  0  11578
393  11474  2   0  11474
394  11482  2   1  11481
395  11514  3   0  0  11514
396  11576  3   0  0  11576
397  11468  2   1  11467
398  11492  2   0  11492
399  11516  2   69  11447
400  11576  2   0  11576
401  11578  2   2  11576
402  11466  2   0  11466
403  11578  3   0  0  11578
404  11372  3   0  1  11371
405  11578  2   0  11578
406  11566  2   0  11566
407  11442  2   0  11442
408  11479  4   0  13  0  11466
409  11440  3   0  0  11440
410  11578  5   0  0  0  0  11578
411  946  2   0  946
412  11478  2   0  11478
413  11506  2   0  11506
414  11575  5   0  0  0  0  11575
415  11578  3   0  0  11578
416  11416  3   0  0  11416
417  11498  2   0  11498
418  11502  2   3  11499
419  11576  2   0  11576
420  11578  2   0  11578
421  11578  2   0  11578
422  11570  2   0  11570
423  11404  2   0  11404
424  10473  5   1  0  0  1  10471
425  11500  3   0  0  11500
426  11564  3   0  2  11562
427  11516  2   0  11516
428  11574  2   0  11574
429  11578  2   0  11578
430  11522  2   0  11522
431  11226  2   5  11221
432  11534  2   0  11534
433  11576  2   0  11576
434  11534  2   0  11534
435  11490  2   0  11490
436  11576  2   6  11570
437  11576  2   0  11576
438  11548  3   0  1  11547
439  10966  2   0  10966
440  11578  2   2  11576
441  11578  2   0  11578
442  11578  3   0  0  11578
443  11527  3   0  0  11527
444  145  3   81  0  64
445  11555  3   1  0  11554
446  11578  4   0  0  0  11578
447  11578  2   0  11578
448  11530  3   0  0  11530
449  11577  4   0  0  0  11577
450  11578  2   0  11578
451  11506  2   0  11506
452  11578  2   0  11578
453  154  2   103  51
454  11578  2   0  11578
455  11556  3   0  86  11470
456  11466  2   0  11466
457  11576  2   1  11575
458  11578  2   0  11578
459  11530  2   0  11530
460  8760  3   81  0  8679
461  11540  2   2  11538
462  11576  2   1  11575
463  11555  5   1  0  0  28  11526
464  11282  2   0  11282
465  11576  3   0  0  11576
466  11294  3   0  0  11294
467  11576  3   0  0  11576
468  11560  3   0  0  11560
469  11576  2   0  11576
470  11578  2   0  11578
471  11578  4   1  0  0  11577
472  11576  2   0  11576
473  9162  2   0  9162
474  11577  3   4  0  11573
475  11576  3   0  1  11575
476  11576  2   0  11576
477  124  2   15  109
478  11564  3   1  0  11563
479  11408  2   0  11408
480  11466  5   0  0  0  0  11466
481  120  2   3  117
482  11576  2   1  11575
483  11564  2   1  11563
484  11576  3   0  0  11576
485  11576  3   0  0  11576
486  11574  2   0  11574
487  108  2   0  108
488  11576  2   0  11576
489  11576  2   0  11576
490  9397  3   0  0  9397
491  11566  2   1  11565
492  11574  3   0  1  11573
493  6322  2   2  6320
494  11563  3   0  0  11563
495  11554  3   0  0  11554
496  11423  4   0  0  25  11398
497  11462  3   0  0  11462
498  11576  2   1  11575
499  9434  2   0  9434
500  11578  3   0  0  11578
501  11564  4   0  0  0  11564
502  11424  2   4  11420
503  11574  4   204  0  0  11370
504  11576  2   1  11575
505  11578  2   0  11578
506  106  2   0  106
507  11574  2   0  11574
508  11578  4   0  1  0  11577
509  11557  3   0  0  11557
510  9473  4   1  1  0  9471
511  9505  3   0  0  9505
512  11574  3   0  0  11574
513  7020  2   8  7012
514  11563  3   15  0  11548
515  90  2   0  90
516  11578  3   0  0  11578
517  11560  4   0  1  0  11559
518  10602  3   1  0  10601
519  11574  3   0  0  11574
520  11578  2   0  11578
521  11578  3   0  0  11578
522  11558  2   0  11558
523  11578  2   0  11578
524  11572  2   0  11572
525  11578  2   0  11578
526  11564  3   0  0  11564
527  11560  2   2  11558
528  11570  3   0  0  11570
529  11558  2   0  11558

[pop]=3
1  8587  3   0  0  8587
2  8633  4   0  2  0  8631
3  8618  2   0  8618
4  8652  3   10  0  8642
5  8500  2   0  8500
6  8652  5   0  0  1  0  8651
7  8638  3   0  0  8638
8  7816  3   0  0  7816
9  128  3   0  0  128
10  8652  2   0  8652
11  8504  4   0  0  0  8504
12  8652  3   0  0  8652
13  8638  2   0  8638
14  8638  2   0  8638
15  6808  2   0  6808
16  8562  3   0  37  8525
17  8613  3   0  0  8613
18  8652  2   0  8652
19  8642  2   0  8642
20  8622  2   0  8622
21  6432  3   0  0  6432
22  8580  2   4571  4009
23  8518  2   0  8518
24  8642  2   0  8642
25  8622  2   0  8622
26  8652  2   0  8652
27  8654  2   0  8654
28  8626  2   0  8626
29  8622  2   0  8622
30  8612  2   0  8612
31  8626  2   0  8626
32  8652  2   0  8652
33  8500  2   0  8500
34  8460  2   0  8460
35  8422  3   0  0  8422
36  26  2   0  26
37  8653  4   0  0  0  8653
38  8645  3   0  1  8644
39  8446  2   0  8446
40  8634  2   0  8634
41  8652  2   0  8652
42  8613  3   0  0  8613
43  8654  3   0  0  8654
44  8306  3   1  0  8305
45  8638  3   2  0  8636
46  8501  3   0  0  8501
47  32  2   0  32
48  8653  4   0  0  1  8652
49  8645  3   0  1  8644
50  8444  2   0  8444
51  44  2   0  44
52  7488  2   0  7488
53  8636  5   1  0  0  0  8635
54  8620  3   1  0  8619
55  8574  3   3675  2  4897
56  142  2   0  142
57  8620  2   0  8620
58  7693  3   0  0  7693
59  8638  2   1  8637
60  8622  3   0  0  8622
61  8636  3   2  1  8633
62  8638  2   0  8638
63  8651  4   0  0  0  8651
64  8654  3   0  0  8654
65  8646  2   0  8646
66  8614  2   0  8614
67  8616  2   533  8083
68  8652  3   0  10  8642
69  8654  2   0  8654
70  7127  3   0  0  7127
71  8638  2   0  8638
72  8406  2   0  8406
73  8616  2   0  8616
74  8618  2   0  8618
75  8638  3   0  0  8638
76  8638  3   0  0  8638
77  8618  2   1  8617
78  8616  3   0  0  8616
79  8650  2   87  8563
80  8642  2   6566  2076
81  6860  2   0  6860
82  8639  4   0  0  0  8639
83  8380  3   0  0  8380
84  8618  3   0  0  8618
85  8654  2   0  8654
86  8645  3   0  0  8645
87  8518  3   0  0  8518
88  8650  3   1  1  8648
89  6551  3   0  0  6551
90  8640  3   0  0  8640
91  8616  2   0  8616
92  8653  3   0  0  8653
93  8616  2   0  8616
94  8654  2   0  8654
95  5578  3   0  0  5578
96  8642  2   0  8642
97  8611  3   0  0  8611
98  8612  3   0  0  8612
99  8652  3   0  0  8652
100  4729  4   0  0  0  4729
101  8644  5   0  0  1  0  8643
102  8607  3   2  0  8605
103  8606  2   0  8606
104  8648  3   0  0  8648
105  136  2   0  136
106  8654  2   0  8654
107  8648  2   2  8646
108  4328  2   0  4328
109  8604  3   0  0  8604
110  8623  3   0  0  8623
111  8604  2   0  8604
112  8628  2   0  8628
113  8602  2   0  8602
114  8648  3   0  0  8648
115  8646  2   1  8645
116  8644  2   0  8644
117  8646  3   1  4  8641
118  8628  3   0  0  8628
119  8604  3   0  0  8604
120  8604  2   0  8604
121  8646  2   1  8645
122  8646  2   2  8644
123  8600  2   0  8600
124  8644  2   4  8640
125  8646  3   1  1  8644
126  8624  2   8  8616
127  8644  2   0  8644
128  8616  2   0  8616
129  132  2   0  132
130  8654  4   0  0  1  8653
131  8648  2   0  8648
132  8648  4   0  0  0  8648
133  8644  3   0  3  8641
134  8612  2   0  8612
135  8510  2   0  8510
136  8600  2   0  8600
137  8603  3   0  0  8603
138  8648  2   0  8648
139  8612  2   0  8612
140  8598  2   6  8592
141  8604  2   0  8604
142  2182  2   0  2182
143  8654  5   0  0  1  0  8653
144  8644  2   0  8644
145  8432  2   0  8432
146  8652  3   0  0  8652
147  8654  2   0  8654
148  8254  3   0  0  8254
149  8614  3   0  2  8612
150  8646  2   0  8646
151  8602  2   0  8602
152  8590  3   0  1  8589
153  8612  2   0  8612
154  8646  3   0  0  8646
155  8644  2   1  8643
156  8635  3   0  7252  1383
157  8654  2   5  8649
158  8230  2   0  8230
159  8652  2   0  8652
160  8646  2   1  8645
161  8644  3   0  0  8644
162  8592  2   2  8590
163  8654  3   0  0  8654
164  8654  2   0  8654
165  8638  3   0  0  8638
166  8564  2   0  8564
167  8624  2   0  8624
168  8616  2   0  8616
169  8644  2   0  8644
170  8590  2   0  8590
171  8624  2   39  8585
172  8654  3   0  0  8654
173  8648  2   0  8648
174  8564  2   0  8564
175  8618  2   0  8618
176  122  2   0  122
177  8644  2   0  8644
178  8642  3   0  0  8642
179  8144  2   1  8143
180  8588  3   0  1  8587
181  8654  2   2  8652
182  8648  3   0  0  8648
183  8654  2   0  8654
184  8138  3   0  0  8138
185  8586  3   1  0  8585
186  8654  3   0  0  8654
187  8648  2   0  8648
188  8654  2   0  8654
189  8642  3   0  0  8642
190  8648  2   0  8648
191  8622  3   0  0  8622
192  8648  2   0  8648
193  8654  2   0  8654
194  8574  2   0  8574
195  8613  3   0  2  8611
196  8618  4   0  0  1  8617
197  8652  2   0  8652
198  8614  4   1  0  0  8613
199  8654  2   0  8654
200  8641  3   0  0  8641
201  8616  2   0  8616
202  8084  2   0  8084
203  8618  2   0  8618
204  8652  2   0  8652
205  8654  2   0  8654
206  8654  3   0  0  8654
207  8094  2   17  8077
208  8618  2   4  8614
209  8654  3   0  1  8653
210  8654  2   0  8654
211  8218  3   1  0  8217
212  8618  2   535  8083
213  8437  3   1  0  8436
214  0  2   0  0
215  8654  2   0  8654
216  8654  2   0  8654
217  8606  3   0  0  8606
218  8638  2   0  8638
219  8628  2   0  8628
220  8652  2   0  8652
221  8559  3   0  0  8559
222  8643  3   0  0  8643
223  8540  3   0  0  8540
224  8654  2   0  8654
225  8654  2   0  8654
226  8601  4   1  0  0  8600
227  8652  3   0  0  8652
228  8654  3   0  0  8654
229  8600  2   10  8590
230  8654  3   0  0  8654
231  8548  2   3  8545
232  8654  3   0  0  8654
233  8643  5   0  0  1  0  8642
234  8502  2   1  8501
235  8654  2   8628  26
236  8604  4   0  1  0  8603
237  8622  3   0  1  8621
238  8654  2   0  8654
239  8642  2   304  8338
240  8654  3   0  0  8654
241  8654  4   2  0  1  8651
242  8593  3   0  1  8592
243  8622  4   0  0  0  8622
244  8624  2   2  8622
245  8078  2   0  8078
246  8654  2   1  8653
247  8654  3   2  0  8652
248  8654  4   0  0  0  8654
249  8516  2   0  8516
250  8654  2   0  8654
251  7984  2   0  7984
252  8644  2   0  8644
253  8654  3   0  0  8654
254  8654  2   0  8654
255  8650  2   0  8650
256  7156  2   0  7156
257  8653  3   0  0  8653
258  8614  3   0  0  8614
259  8585  4   0  0  0  8585
260  8652  2   0  8652
261  8490  2   0  8490
262  7506  2   0  7506
263  8652  3   0  0  8652
264  8650  2   0  8650
265  8470  2   6534  1936
266  8564  2   535  8029
267  8654  4   1  0  1  8652
268  8600  3   0  0  8600
269  8624  3   0  4  8620
270  7506  2   0  7506
271  8518  3   0  0  8518
272  8614  2   3  8611
273  7294  2   0  7294
274  7582  2   0  7582
275  8654  3   3  0  8651
276  8654  2   0  8654
277  8508  2   1  8507
278  8632  2   0  8632
279  8654  5   0  0  0  0  8654
280  8562  2   9  8553
281  8618  3   0  0  8618
282  8643  3   2  0  8641
283  8654  2   3  8651
284  8654  2   0  8654
285  7110  2   0  7110
286  8632  2   0  8632
287  8560  3   0  0  8560
288  8654  2   0  8654
289  8654  3   0  0  8654
290  8648  2   0  8648
291  8648  3   0  0  8648
292  8654  2   0  8654
293  8648  3   4  0  8644
294  8654  2   0  8654
295  8648  2   0  8648
296  8562  2   0  8562
297  8632  2   0  8632
298  8654  2   0  8654
299  8654  2   0  8654
300  8654  4   0  0  1  8653
301  8654  2   0  8654
302  8352  3   0  0  8352
303  8654  4   0  0  0  8654
304  8367  3   1  0  8366
305  8549  3   0  0  8549
306  8632  2   0  8632
307  8626  2   0  8626
308  8652  2   0  8652
309  8654  3   0  0  8654
310  8370  2   0  8370
311  8638  2   0  8638
312  8508  2   0  8508
313  8548  3   0  0  8548
314  8614  4   0  0  0  8614
315  8635  3   0  1  8634
316  8625  4   0  0  0  8625
317  8624  2   6  8618
318  8653  3   0  0  8653
319  8654  2   2  8652
320  8654  3   5  0  8649
321  8636  3   0  0  8636
322  8652  3   0  0  8652
323  8486  2   1  8485
324  8614  2   1  8613
325  8624  3   16  0  8608
326  8653  3   1  0  8652
327  8654  3   0  0  8654
328  8522  2   0  8522
329  8544  2   0  8544
330  8652  2   0  8652
331  8636  2   8  8628
332  8654  2   0  8654
333  8642  2   0  8642
334  8652  2   0  8652
335  4249  4   0  1  1  4247
336  8630  2   0  8630
337  8624  3   0  0  8624
338  8652  3   0  1  8651
339  8654  2   0  8654
340  8532  2   0  8532
341  4166  2   0  4166
342  8550  2   0  8550
343  8654  2   0  8654
344  8554  2   0  8554
345  8544  2   3  8541
346  8632  2   0  8632
347  8378  2   1  8377
348  8654  2   0  8654
349  8542  3   1  0  8541
350  8610  2   0  8610
351  8630  2   0  8630
352  8372  3   0  0  8372
353  8654  2   0  8654
354  8644  2   0  8644
355  8632  3   0  0  8632
356  8654  2   0  8654
357  8542  3   0  0  8542
358  8646  2   0  8646
359  8632  2   5  8627
360  8654  3   0  0  8654
361  8548  3   0  0  8548
362  8616  3   0  0  8616
363  8324  2   0  8324
364  8654  2   0  8654
365  8652  2   0  8652
366  8654  3   33  1  8620
367  8654  3   0  0  8654
368  8652  2   0  8652
369  8622  2   0  8622
370  8272  2   0  8272
371  8536  2   0  8536
372  8646  2   0  8646
373  8626  2   0  8626
374  8254  2   0  8254
375  8644  3   1  0  8643
376  8534  2   2  8532
377  1642  3   0  0  1642
378  8540  2   0  8540
379  8632  2   0  8632
380  8654  4   0  0  2  8652
381  1167  4   0  0  0  1167
382  50  2   0  50
383  8537  3   1  0  8536
384  8650  2   0  8650
385  8594  3   0  0  8594
386  8606  2   0  8606
387  8063  3   1  0  8062
388  8646  3   0  0  8646
389  8606  2   0  8606
390  8646  2   2  8644
391  8628  2   0  8628
392  8654  3   0  0  8654
393  8588  2   3  8585
394  8556  2   0  8556
395  8602  3   0  0  8602
396  8626  3   0  0  8626
397  8586  2   0  8586
398  8564  2   1  8563
399  8598  2   0  8598
400  8626  2   0  8626
401  8654  2   0  8654
402  8582  2   0  8582
403  8654  3   0  0  8654
404  8436  3   1  0  8435
405  8654  2   0  8654
406  8650  2   0  8650
407  8584  2   9  8575
408  8543  4   0  0  0  8543
409  8580  3   0  0  8580
410  8654  5   0  0  0  2  8652
411  1104  2   0  1104
412  8566  2   0  8566
413  8624  2   0  8624
414  8626  5   0  0  0  0  8626
415  8654  3   1  1  8652
416  8577  3   0  0  8577
417  8582  2   0  8582
418  8630  2   0  8630
419  8626  2   0  8626
420  8654  2   0  8654
421  8654  2   0  8654
422  8644  2   0  8644
423  8572  2   0  8572
424  7869  5   0  0  0  4  7865
425  8596  3   0  0  8596
426  8650  3   0  0  8650
427  8588  2   1  8587
428  8646  2   0  8646
429  8654  2   0  8654
430  8592  2   9  8583
431  8338  2   0  8338
432  8598  2   0  8598
433  8654  2   6  8648
434  8606  2   0  8606
435  8612  2   0  8612
436  8626  2   0  8626
437  8646  2   2  8644
438  8618  3   0  0  8618
439  8292  2   0  8292
440  8654  2   0  8654
441  8654  2   3  8651
442  8649  3   0  0  8649
443  8605  3   0  0  8605
444  250  3   94  0  156
445  8624  3   0  0  8624
446  8654  4   0  0  0  8654
447  8654  2   0  8654
448  8622  3   0  0  8622
449  8646  4   4  0  0  8642
450  8654  2   4  8650
451  8624  2   0  8624
452  8652  2   0  8652
453  292  2   235  57
454  8646  2   0  8646
455  8627  3   0  0  8627
456  8548  2   0  8548
457  8650  2   0  8650
458  8654  2   0  8654
459  8610  2   0  8610
460  7372  3   7  0  7365
461  8624  2   0  8624
462  8654  2   0  8654
463  8628  5   0  0  0  0  8628
464  8518  2   0  8518
465  8654  3   0  0  8654
466  8519  3   0  0  8519
467  8651  3   0  0  8651
468  8624  3   0  0  8624
469  8652  2   0  8652
470  8654  2   2  8652
471  8646  4   0  0  0  8646
472  8654  2   0  8654
473  7560  2   0  7560
474  8646  3   0  6  8640
475  8654  3   0  0  8654
476  8652  2   0  8652
477  242  2   55  187
478  8624  3   0  0  8624
479  8566  2   0  8566
480  8549  5   0  0  0  0  8549
481  218  2   0  218
482  8654  2   0  8654
483  8630  2   0  8630
484  8652  3   3  6  8643
485  8626  3   0  0  8626
486  8652  2   0  8652
487  192  2   0  192
488  8626  2   0  8626
489  8652  2   0  8652
490  7639  3   1  0  7638
491  8626  2   0  8626
492  8654  3   3  0  8651
493  5484  2   0  5484
494  8626  3   1  0  8625
495  8641  3   0  0  8641
496  8579  4   0  0  0  8579
497  8536  3   0  0  8536
498  8652  2   4  8648
499  7654  2   0  7654
500  8648  3   0  0  8648
501  8626  4   0  0  0  8626
502  8580  2   1  8579
503  8648  4   641  0  0  8007
504  8652  2   0  8652
505  8654  2   0  8654
506  178  2   0  178
507  8654  2   0  8654
508  8652  4   0  0  0  8652
509  8617  3   0  0  8617
510  7684  4   0  0  0  7684
511  7691  3   0  0  7691
512  8650  3   0  11  8639
513  5942  2   0  5942
514  8642  3   0  0  8642
515  170  2   0  170
516  8646  3   1  0  8645
517  8625  4   0  1  0  8624
518  7893  3   0  0  7893
519  8648  3   0  0  8648
520  8648  2   0  8648
521  8654  3   0  0  8654
522  8624  2   0  8624
523  8648  2   0  8648
524  8654  2   2  8652
525  8650  2   1  8649
526  8623  3   0  1  8622
527  8624  2   0  8624
528  8654  3   0  0  8654
529  8622  2   0  8622

[pop]=4
1  6609  3   0  0  6609
2  6609  4   0  0  0  6609
3  6614  2   0  6614
4  6614  3   0  0  6614
5  6226  2   0  6226
6  6380  5   0  0  0  0  6380
7  6473  3   0  0  6473
8  6468  3   0  0  6468
9  0  3   0  0  0
10  6614  2   0  6614
11  6233  4   0  0  1  6232
12  6401  3   0  1  6400
13  6478  2   0  6478
14  6612  2   0  6612
15  5430  2   0  5430
16  6584  3   0  0  6584
17  6612  3   0  0  6612
18  6614  2   0  6614
19  6614  2   0  6614
20  6614  2   0  6614
21  5216  3   0  0  5216
22  6478  2   3032  3446
23  6568  2   0  6568
24  6614  2   0  6614
25  6614  2   0  6614
26  6614  2   0  6614
27  6430  2   0  6430
28  6614  2   0  6614
29  6614  2   0  6614
30  6498  2   0  6498
31  6614  2   0  6614
32  6614  2   0  6614
33  6600  2   0  6600
34  6550  2   0  6550
35  6598  3   0  0  6598
36  0  2   0  0
37  6457  4   0  0  0  6457
38  6609  3   0  0  6609
39  6522  2   0  6522
40  6614  2   0  6614
41  6614  2   0  6614
42  6516  3   5  0  6511
43  6458  3   0  0  6458
44  6476  3   0  0  6476
45  6532  3   3  0  6529
46  6600  3   0  0  6600
47  0  2   0  0
48  6466  4   0  0  0  6466
49  6610  3   0  0  6610
50  6544  2   0  6544
51  0  2   0  0
52  5962  2   0  5962
53  6614  5   0  0  0  0  6614
54  6614  3   0  0  6614
55  6612  3   1394  0  5218
56  4  2   0  4
57  6536  2   0  6536
58  6172  3   0  0  6172
59  6560  2   11  6549
60  6535  3   0  0  6535
61  6614  3   0  0  6614
62  6560  2   0  6560
63  6614  4   0  0  0  6614
64  6560  3   0  0  6560
65  6612  2   0  6612
66  6614  2   0  6614
67  6526  2   1896  4630
68  6614  3   1  0  6613
69  6556  2   0  6556
70  5786  3   0  0  5786
71  6572  2   0  6572
72  6524  2   0  6524
73  6614  2   0  6614
74  6536  2   0  6536
75  6614  3   0  0  6614
76  6571  3   0  0  6571
77  6614  2   0  6614
78  6542  3   0  0  6542
79  6614  2   0  6614
80  6590  2   2223  4367
81  5588  2   0  5588
82  6571  4   0  0  0  6571
83  6510  3   0  0  6510
84  6614  3   0  0  6614
85  6598  2   0  6598
86  6613  3   0  0  6613
87  6598  3   0  0  6598
88  6614  3   0  0  6614
89  5269  3   0  0  5269
90  6586  3   0  0  6586
91  6614  2   0  6614
92  6610  3   0  0  6610
93  6614  2   0  6614
94  6614  2   0  6614
95  4554  3   0  0  4554
96  6614  2   0  6614
97  6614  3   0  0  6614
98  6548  3   0  48  6500
99  6610  3   32  0  6578
100  3847  4   0  0  0  3847
101  6614  5   0  1  0  0  6613
102  6614  3   0  0  6614
103  6556  2   0  6556
104  6614  3   0  0  6614
105  10  2   0  10
106  6614  2   0  6614
107  6614  2   0  6614
108  3498  2   0  3498
109  6614  3   0  0  6614
110  6614  3   0  3  6611
111  6566  2   0  6566
112  6592  2   0  6592
113  6566  2   0  6566
114  6614  3   0  0  6614
115  6608  2   0  6608
116  6612  2   0  6612
117  6614  3   0  0  6614
118  6592  3   0  0  6592
119  6614  3   0  0  6614
120  6564  2   0  6564
121  6610  2   0  6610
122  6614  2   0  6614
123  6568  2   0  6568
124  6610  2   0  6610
125  6614  3   0  0  6614
126  6614  2   0  6614
127  6610  2   0  6610
128  6592  2   0  6592
129  4  2   0  4
130  6614  4   0  0  0  6614
131  6614  2   0  6614
132  6614  4   0  0  0  6614
133  6613  3   0  264  6349
134  6596  2   0  6596
135  6592  2   0  6592
136  6614  2   0  6614
137  6567  3   0  0  6567
138  6614  2   0  6614
139  6596  2   0  6596
140  6614  2   0  6614
141  6576  2   0  6576
142  1726  2   0  1726
143  6614  5   0  0  0  0  6614
144  6614  2   0  6614
145  5870  2   0  5870
146  6614  3   0  0  6614
147  6614  2   0  6614
148  6444  3   0  0  6444
149  6575  3   0  0  6575
150  6614  2   0  6614
151  6356  2   2  6354
152  6614  3   0  0  6614
153  6572  2   1  6571
154  6614  3   0  0  6614
155  6612  2   0  6612
156  6598  3   0  4550  2048
157  6614  2   0  6614
158  6428  2   0  6428
159  6614  2   0  6614
160  6614  2   0  6614
161  6614  3   0  0  6614
162  6614  2   0  6614
163  6614  3   0  0  6614
164  6614  2   0  6614
165  6612  3   0  0  6612
166  6602  2   0  6602
167  6614  2   0  6614
168  6574  2   0  6574
169  6614  2   4  6610
170  6614  2   0  6614
171  6614  2   0  6614
172  6614  3   0  0  6614
173  6614  2   0  6614
174  6600  2   1  6599
175  6542  2   0  6542
176  0  2   0  0
177  6614  2   0  6614
178  6614  3   0  0  6614
179  6378  2   0  6378
180  6610  3   4  0  6606
181  6614  2   0  6614
182  6614  3   2  0  6612
183  6614  2   0  6614
184  6375  3   0  0  6375
185  6610  3   0  0  6610
186  6614  3   0  0  6614
187  6614  2   0  6614
188  6614  2   15  6599
189  6604  3   0  0  6604
190  6614  2   0  6614
191  6614  3   0  0  6614
192  6614  2   0  6614
193  6614  2   0  6614
194  6608  2   0  6608
195  6567  3   0  0  6567
196  6554  4   1  0  0  6553
197  6614  2   0  6614
198  6567  4   0  0  0  6567
199  6614  2   0  6614
200  6614  3   0  0  6614
201  6572  2   0  6572
202  6334  2   0  6334
203  6614  2   1  6613
204  6614  2   0  6614
205  6614  2   0  6614
206  6614  3   0  0  6614
207  6326  2   0  6326
208  6614  2   2  6612
209  6614  3   0  0  6614
210  6614  2   0  6614
211  6406  3   0  0  6406
212  6564  2   1900  4664
213  6558  3   0  0  6558
214  0  2   0  0
215  6614  2   0  6614
216  6614  2   0  6614
217  6524  3   0  0  6524
218  6610  2   1  6609
219  6614  2   0  6614
220  6614  2   0  6614
221  6601  3   0  0  6601
222  6599  3   0  0  6599
223  6590  3   0  0  6590
224  6614  2   0  6614
225  6614  2   0  6614
226  6507  4   0  0  0  6507
227  6614  3   0  0  6614
228  6614  3   0  0  6614
229  6502  2   0  6502
230  6614  3   0  0  6614
231  6594  2   0  6594
232  6614  3   0  0  6614
233  6598  5   0  0  0  0  6598
234  6572  2   0  6572
235  6614  2   6595  19
236  6614  4   0  0  0  6614
237  6606  3   0  2  6604
238  6614  2   2  6612
239  6600  2   0  6600
240  6614  3   0  0  6614
241  6614  4   0  0  0  6614
242  6473  3   0  0  6473
243  6607  4   0  0  0  6607
244  6608  2   6  6602
245  6300  2   1  6299
246  6614  2   0  6614
247  6614  3   0  0  6614
248  6614  4   1  1  0  6612
249  6578  2   0  6578
250  6614  2   0  6614
251  6326  2   0  6326
252  6600  2   0  6600
253  6614  3   0  0  6614
254  6614  2   0  6614
255  6614  2   0  6614
256  5042  2   0  5042
257  6614  3   0  0  6614
258  6403  3   0  0  6403
259  6461  4   0  0  0  6461
260  6614  2   1  6613
261  6586  2   0  6586
262  5392  2   0  5392
263  6614  3   0  0  6614
264  6610  2   0  6610
265  6328  2   5084  1244
266  6432  2   1864  4568
267  6614  4   2  0  0  6612
268  6000  3   0  0  6000
269  6614  3   0  0  6614
270  5888  2   0  5888
271  6592  3   0  0  6592
272  6088  2   0  6088
273  5740  2   14  5726
274  6116  2   0  6116
275  6610  3   0  0  6610
276  6612  2   0  6612
277  6572  2   0  6572
278  6522  2   0  6522
279  6614  5   0  0  0  0  6614
280  6392  2   0  6392
281  6123  3   0  0  6123
282  6593  3   0  0  6593
283  6610  2   0  6610
284  6614  2   0  6614
285  5572  2   0  5572
286  6522  2   0  6522
287  6392  3   0  0  6392
288  6612  2   0  6612
289  6614  3   0  0  6614
290  6612  2   0  6612
291  6613  3   0  0  6613
292  6614  2   0  6614
293  6614  3   0  0  6614
294  6614  2   0  6614
295  6614  2   0  6614
296  6384  2   0  6384
297  6318  2   0  6318
298  6614  2   0  6614
299  6614  2   0  6614
300  6614  4   0  0  0  6614
301  6614  2   1  6613
302  6530  3   0  0  6530
303  6614  4   0  0  0  6614
304  6540  3   0  0  6540
305  6587  3   0  6  6581
306  6406  2   0  6406
307  6566  2   0  6566
308  6614  2   0  6614
309  6614  3   0  0  6614
310  6544  2   0  6544
311  6558  2   0  6558
312  6584  2   0  6584
313  6374  3   0  0  6374
314  6454  4   0  0  0  6454
315  6421  3   0  0  6421
316  6598  4   0  0  0  6598
317  6614  2   0  6614
318  6613  3   0  0  6613
319  6614  2   0  6614
320  6614  3   0  0  6614
321  6557  3   0  0  6557
322  6614  3   0  0  6614
323  6558  2   0  6558
324  6460  2   0  6460
325  6614  3   0  0  6614
326  6614  3   0  0  6614
327  6614  3   0  0  6614
328  6574  2   0  6574
329  6344  2   0  6344
330  6614  2   0  6614
331  6548  2   0  6548
332  6614  2   0  6614
333  6536  2   0  6536
334  6614  2   0  6614
335  3819  4   0  0  0  3819
336  6598  2   0  6598
337  6614  3   0  0  6614
338  6614  3   0  0  6614
339  6614  2   0  6614
340  6584  2   0  6584
341  3762  2   0  3762
342  6368  2   0  6368
343  6614  2   0  6614
344  6598  2   0  6598
345  6352  2   0  6352
346  6602  2   0  6602
347  6506  2   0  6506
348  6614  2   53  6561
349  6350  3   0  0  6350
350  6466  2   0  6466
351  6512  2   0  6512
352  6501  3   0  0  6501
353  6614  2   0  6614
354  6576  2   0  6576
355  6602  3   0  0  6602
356  6614  2   0  6614
357  6347  3   0  0  6347
358  6580  2   0  6580
359  6600  2   156  6444
360  6614  3   0  0  6614
361  6592  3   0  0  6592
362  6470  3   0  0  6470
363  6474  2   0  6474
364  6614  2   0  6614
365  6614  2   0  6614
366  6614  3   0  0  6614
367  6614  3   0  0  6614
368  6614  2   0  6614
369  6480  2   0  6480
370  6450  2   0  6450
371  6330  2   0  6330
372  6598  2   0  6598
373  6614  2   0  6614
374  6448  2   0  6448
375  6612  3   0  0  6612
376  6330  2   0  6330
377  1980  3   0  0  1980
378  6324  2   0  6324
379  6600  2   0  6600
380  6614  4   0  0  0  6614
381  1775  4   0  0  0  1775
382  0  2   0  0
383  6329  3   0  0  6329
384  6614  2   0  6614
385  6598  3   0  0  6598
386  6446  2   0  6446
387  6292  3   0  0  6292
388  6614  3   0  0  6614
389  6452  2   0  6452
390  6608  2   0  6608
391  6604  2   0  6604
392  6614  3   0  0  6614
393  6594  2   0  6594
394  6446  2   0  6446
395  6440  3   1  0  6439
396  6614  3   0  0  6614
397  6592  2   0  6592
398  6460  2   0  6460
399  6436  2   0  6436
400  6614  2   0  6614
401  6614  2   0  6614
402  6594  2   0  6594
403  6614  3   0  0  6614
404  6550  3   0  0  6550
405  6614  2   0  6614
406  6614  2   0  6614
407  6192  2   0  6192
408  6475  4   0  0  0  6475
409  6184  3   2  0  6182
410  6614  5   0  0  0  0  6614
411  2050  2   0  2050
412  6470  2   0  6470
413  6602  2   0  6602
414  6614  5   0  1  0  0  6613
415  6614  3   0  0  6614
416  6153  3   0  0  6153
417  6500  2   1  6499
418  6602  2   0  6602
419  6614  2   0  6614
420  6614  2   0  6614
421  6614  2   0  6614
422  6614  2   0  6614
423  6144  2   0  6144
424  6448  5   0  0  0  0  6448
425  6422  3   0  0  6422
426  6614  3   0  0  6614
427  6514  2   0  6514
428  6614  2   0  6614
429  6614  2   0  6614
430  6512  2   0  6512
431  6558  2   0  6558
432  6528  2   0  6528
433  6614  2   0  6614
434  6528  2   0  6528
435  6596  2   0  6596
436  6614  2   11  6603
437  6614  2   0  6614
438  6568  3   0  0  6568
439  5746  2   0  5746
440  6614  2   0  6614
441  6614  2   0  6614
442  6614  3   0  1  6613
443  6614  3   0  0  6614
444  6  3   2  0  4
445  6582  3   0  0  6582
446  6614  4   0  0  0  6614
447  6614  2   1  6613
448  6611  3   0  0  6611
449  6614  4   0  0  0  6614
450  6614  2   0  6614
451  6480  2   0  6480
452  6614  2   0  6614
453  6  2   2  4
454  6614  2   0  6614
455  6584  3   0  3  6581
456  6610  2   0  6610
457  6614  2   0  6614
458  6614  2   0  6614
459  6614  2   6  6608
460  4182  3   34  0  4148
461  6614  2   0  6614
462  6614  2   0  6614
463  6586  5   0  0  0  0  6586
464  6004  2   0  6004
465  6614  3   0  0  6614
466  6004  3   0  0  6004
467  6614  3   0  0  6614
468  6594  3   0  0  6594
469  6614  2   4  6610
470  6614  2   0  6614
471  6614  4   0  0  0  6614
472  6614  2   0  6614
473  4432  2   0  4432
474  6614  3   0  0  6614
475  6614  3   0  0  6614
476  6614  2   0  6614
477  4  2   0  4
478  6614  3   0  0  6614
479  6106  2   0  6106
480  6608  5   0  0  0  0  6608
481  4  2   0  4
482  6614  2   0  6614
483  6606  2   0  6606
484  6614  3   0  0  6614
485  6614  3   0  0  6614
486  6614  2   0  6614
487  2  2   0  2
488  6614  2   0  6614
489  6614  2   0  6614
490  4592  3   0  0  4592
491  6614  2   0  6614
492  6614  3   0  0  6614
493  4398  2   0  4398
494  6608  3   0  0  6608
495  6584  3   0  0  6584
496  6155  4   0  0  0  6155
497  6602  3   0  0  6602
498  6614  2   0  6614
499  4632  2   0  4632
500  6614  3   0  0  6614
501  6606  4   0  0  0  6606
502  6158  2   0  6158
503  6614  4   390  0  0  6224
504  6614  2   0  6614
505  6614  2   0  6614
506  2  2   0  2
507  6614  2   0  6614
508  6614  4   0  0  2  6612
509  6614  3   0  0  6614
510  4681  4   0  0  0  4681
511  4677  3   0  0  4677
512  6614  3   0  0  6614
513  4652  2   0  4652
514  6602  3   0  0  6602
515  0  2   0  0
516  6614  3   0  0  6614
517  6605  4   26  0  2  6577
518  6221  3   0  0  6221
519  6614  3   0  0  6614
520  6614  2   0  6614
521  6614  3   0  0  6614
522  6614  2   0  6614
523  6614  2   0  6614
524  6614  2   0  6614
525  6614  2   0  6614
526  6614  3   0  0  6614
527  6614  2   0  6614
528  6614  3   0  0  6614
529  6600  2   0  6600

[pop]=5
1  66240  3   0  0  66240
2  66379  4   1  5  0  66373
3  66326  2   1  66325
4  66684  3   0  3  66681
5  62872  2   2  62870
6  66556  5   2  1  5  1  66547
7  66555  3   18  2  66535
8  62500  3   23  1  62476
9  2216  3   0  0  2216
10  66684  2   4  66680
11  62954  4   1  1  0  62952
12  66569  3   0  43  66526
13  66564  2   1  66563
14  66440  2   0  66440
15  50690  2   0  50690
16  66139  3   0  1  66138
17  66351  3   5  4  66342
18  66586  2   0  66586
19  66588  2   7  66581
20  66378  2   0  66378
21  48068  3   2  0  48066
22  64414  2   24248  40166
23  65778  2   3  65775
24  66612  2   0  66612
25  66388  2   2  66386
26  66590  2   3  66587
27  66620  2   0  66620
28  66430  2   3  66427
29  66394  2   0  66394
30  64520  2   0  64520
31  66434  2   1  66433
32  66676  2   11  66665
33  64062  2   2  64060
34  65354  2   23  65331
35  65722  3   0  2  65720
36  64  2   0  64
37  66635  4   0  3  1  66631
38  66690  3   3  0  66687
39  65252  2   2  65250
40  66446  2   0  66446
41  66690  2   1  66689
42  64741  3   16  5  64720
43  66644  3   2  0  66642
44  64478  3   21  1  64456
45  66615  3   15  1  66599
46  64282  3   1  0  64281
47  72  2   0  72
48  66643  4   2  1  2  66638
49  66692  3   1  0  66691
50  65202  2   2  65200
51  128  2   0  128
52  56994  2   1  56993
53  66507  5   0  8  0  4  66495
54  66400  3   0  0  66400
55  66488  3   13508  0  52980
56  2614  2   0  2614
57  65118  2   1  65117
58  60710  3   0  1  60709
59  66618  2   42  66576
60  65161  3   10  0  65151
61  66537  3   4  1  66532
62  66620  2   0  66620
63  66573  4   0  1  1  66571
64  66678  3   5  3  66670
65  66700  2   2  66698
66  66660  2   3  66657
67  65522  2   14747  50775
68  66567  3   0  0  66567
69  66682  2   1  66681
70  57464  3   2  4  57458
71  66620  2   4  66616
72  64948  2   2  64946
73  66688  2   0  66688
74  65480  2   1  65479
75  66590  3   6  0  66584
76  66621  3   2  0  66619
77  66410  2   3  66407
78  65497  3   2  1  65494
79  66554  2   0  66554
80  66670  2   27201  39469
81  55322  2   13  55309
82  66623  4   1  0  3  66619
83  64792  3   2  1  64789
84  66412  3   0  1  66411
85  66698  2   2  66696
86  66703  3   1  1  66701
87  64962  3   0  1  64961
88  66491  3   1  1  66489
89  49029  3   0  0  49029
90  66621  3   0  2  66619
91  66364  2   35  66329
92  66693  3   1  1  66691
93  66366  2   1  66365
94  66568  2   0  66568
95  46180  3   0  1  46179
96  66646  2   9  66637
97  66274  3   1  0  66273
98  65716  3   0  526  65190
99  66680  3   371  2  66307
100  39926  4   0  1  0  39925
101  66644  5   1  152  0  2  66489
102  66299  3   0  0  66299
103  65760  2   65  65695
104  66492  3   1  1  66490
105  2888  2   1  2887
106  66664  2   0  66664
107  66482  2   0  66482
108  36782  2   4  36778
109  66290  3   4  0  66286
110  66738  3   1  1  66736
111  65792  2   1  65791
112  66466  2   2  66464
113  65754  2   10  65744
114  66476  3   1  0  66475
115  66668  2   3  66665
116  66706  2   0  66706
117  66658  3   1  1  66656
118  66436  3   1  1  66434
119  66284  3   0  1  66283
120  65770  2   23  65747
121  66658  2   0  66658
122  66666  2   0  66666
123  65798  2   2  65796
124  66648  2   0  66648
125  66666  3   5  0  66661
126  66736  2   0  66736
127  66638  2   0  66638
128  66332  2   0  66332
129  2802  2   0  2802
130  66707  4   0  1  0  66706
131  66678  2   0  66678
132  66453  4   1  1  3  66448
133  66629  3   5  2246  64378
134  66186  2   0  66186
135  64810  2   3  64807
136  66218  2   2  66216
137  65982  3   0  1  65981
138  66438  2   4  66434
139  66170  2   2  66168
140  66202  2   0  66202
141  66018  2   0  66018
142  20652  2   1  20651
143  66729  5   0  3  0  57  66669
144  66608  2   10  66598
145  61718  2   3  61715
146  66696  3   0  2  66694
147  66740  2   0  66740
148  63503  3   0  6  63497
149  66134  3   1  0  66133
150  66408  2   1  66407
151  65662  2   17  65645
152  66052  3   1  0  66051
153  66148  2   3  66145
154  66386  3   1  2  66383
155  66554  2   26  66528
156  66678  3   1  43095  23582
157  66740  2   2  66738
158  63278  2   35  63243
159  66558  2   0  66558
160  66380  2   2  66378
161  66557  3   2  1  66554
162  65992  2   0  65992
163  66596  3   2  1  66593
164  66732  2   2  66730
165  66676  3   2  0  66674
166  66240  2   5  66235
167  66728  2   2  66726
168  66160  2   0  66160
169  66524  2   0  66524
170  65892  2   6  65886
171  66728  2   3  66725
172  66630  3   2  0  66628
173  66338  2   4  66334
174  66294  2   57  66237
175  66620  2   1  66619
176  1994  2   0  1994
177  66510  2   0  66510
178  66711  3   0  1  66710
179  62662  2   6  62656
180  65768  3   7  1  65760
181  66732  2   1  66731
182  66318  3   2  1  66315
183  66730  2   0  66730
184  62666  3   2  1  62663
185  65750  3   0  3  65747
186  66651  3   0  2  66649
187  66298  2   4  66294
188  66662  2   30  66632
189  66632  3   0  2  66630
190  66720  2   0  66720
191  66688  3   1  2  66685
192  66278  2   1  66277
193  66734  2   0  66734
194  65588  2   2  65586
195  66103  3   0  0  66103
196  66523  4   3  0  5  66515
197  66730  2   1  66729
198  66091  4   5  2  2  66082
199  66734  2   2  66732
200  66202  3   1  4  66197
201  66606  2   12  66594
202  62266  2   3  62263
203  66642  2   138  66504
204  66714  2   3  66711
205  66734  2   1  66733
206  66734  3   4  2  66728
207  62266  2   1  62265
208  66624  2   100  66524
209  66716  3   2  0  66714
210  66734  2   0  66734
211  63046  3   0  1  63045
212  66122  2   14811  51311
213  64891  3   0  4  64887
214  76  2   0  76
215  66720  2   4  66716
216  66734  2   4  66730
217  65822  3   0  0  65822
218  66130  2   4  66126
219  65882  2   0  65882
220  66736  2   4  66732
221  64941  3   0  8  64933
222  66607  3   0  0  66607
223  64645  3   1  1  64643
224  66724  2   0  66724
225  66734  2   38  66696
226  65732  4   0  2  13  65717
227  66737  3   1  2  66734
228  66731  3   0  0  66731
229  65708  2   0  65708
230  66736  3   4  0  66732
231  66206  2   0  66206
232  66729  3   1  2  66726
233  66599  5   2  1  0  0  66596
234  63896  2   3  63893
235  66740  2   66330  410
236  65126  4   2  0  10  65114
237  66720  3   1  16  66703
238  66736  2   2  66734
239  66606  2   20  66586
240  66736  3   4  0  66732
241  66680  4   2  2  0  66676
242  65524  3   3  1  65520
243  66724  4   1  2  31  66690
244  66724  2   360  66364
245  61858  2   104  61754
246  66726  2   1  66725
247  66734  3   0  0  66734
248  66725  4   2  7  0  66716
249  65878  2   5  65873
250  66650  2   13  66637
251  61542  2   2  61540
252  66598  2   3  66595
253  66725  3   0  0  66725
254  66716  2   19  66697
255  66638  2   2  66636
256  55264  2   2  55262
257  66738  3   0  4  66734
258  65237  3   4  11  65222
259  65432  4   1  0  1  65430
260  66738  2   14  66724
261  65306  2   0  65306
262  57562  2   0  57562
263  66736  3   0  1  66735
264  66572  2   3  66569
265  64504  2   49623  14881
266  65402  2   14686  50716
267  66719  4   3  8  0  66708
268  65742  3   1  0  65741
269  66733  3   12  3  66718
270  56678  2   0  56678
271  65670  3   0  0  65670
272  66050  2   2  66048
273  54964  2   235  54729
274  58012  2   2  58010
275  66492  3   0  1  66491
276  66738  2   0  66738
277  65468  2   1  65467
278  66010  2   0  66010
279  66720  5   7  0  0  0  66713
280  64990  2   0  64990
281  66162  3   0  3  66159
282  66558  3   0  0  66558
283  66512  2   0  66512
284  66740  2   0  66740
285  53486  2   0  53486
286  66028  2   6  66022
287  64964  3   0  5  64959
288  66736  2   0  66736
289  66739  3   1  1  66737
290  66656  2   0  66656
291  66664  3   1  1  66662
292  66716  2   0  66716
293  66668  3   0  0  66668
294  66740  2   2  66738
295  66676  2   2  66674
296  64932  2   0  64932
297  66508  2   3  66505
298  66640  2   2  66638
299  66740  2   3  66737
300  66650  4   1  0  0  66649
301  66740  2   1  66739
302  64160  3   1  0  64159
303  66740  4   0  0  0  66740
304  64347  3   0  0  64347
305  66383  3   1  1  66381
306  66556  2   3  66553
307  66466  2   0  66466
308  66736  2   2  66734
309  66676  3   1  0  66675
310  64410  2   2  64408
311  66172  2   3  66169
312  65752  2   1  65751
313  64854  3   0  0  64854
314  65674  4   1  1  0  65672
315  66570  3   0  0  66570
316  66592  4   1  5  0  66586
317  66734  2   1  66733
318  66738  3   0  0  66738
319  66686  2   0  66686
320  66690  3   0  1  66689
321  66174  3   1  2  66171
322  66699  3   0  1  66698
323  65498  2   0  65498
324  65688  2   1  65687
325  66732  3   6  0  66726
326  66736  3   0  0  66736
327  66697  3   1  3  66693
328  65688  2   2  65686
329  64788  2   4  64784
330  66736  2   2  66734
331  66186  2   0  66186
332  66728  2   1  66727
333  66656  2   2  66654
334  66736  2   1  66735
335  32799  4   1  2  0  32796
336  66640  2   0  66640
337  66734  3   0  0  66734
338  66735  3   1  1  66733
339  66712  2   4  66708
340  65932  2   1  65931
341  32244  2   2  32242
342  64806  2   0  64806
343  66732  2   2  66730
344  66548  2   0  66548
345  64748  2   1  64747
346  66640  2   1  66639
347  64892  2   1  64891
348  66730  2   1419  65311
349  64718  3   0  1  64717
350  65754  2   1  65753
351  66136  2   2  66134
352  64798  3   19  0  64779
353  66732  2   6  66726
354  66656  2   1  66655
355  66640  3   0  2  66638
356  66730  2   1  66729
357  64673  3   1  3  64669
358  66650  2   2  66648
359  66640  2   1193  65447
360  66726  3   4  0  66722
361  66528  3   0  0  66528
362  65696  3   2  7  65687
363  64356  2   2  64354
364  66730  2   0  66730
365  66722  2   0  66722
366  66736  3   37  0  66699
367  66732  3   1  1  66730
368  66722  2   1  66721
369  66026  2   0  66026
370  64016  2   0  64016
371  64644  2   1  64643
372  66666  2   4  66662
373  66730  2   0  66730
374  63918  2   3  63915
375  66652  3   0  2  66650
376  64622  2   10  64612
377  14238  3   1  1  14236
378  64620  2   0  64620
379  66638  2   1  66637
380  66736  4   0  0  4  66732
381  11179  4   1  0  2  11176
382  418  2   1  417
383  64684  3   0  1  64683
384  66718  2   0  66718
385  66435  3   0  0  66435
386  65490  2   4  65486
387  61964  3   0  1  61963
388  66638  3   0  1  66637
389  65466  2   4  65462
390  66636  2   0  66636
391  66634  2   0  66634
392  66732  3   1  1  66730
393  66374  2   0  66374
394  65340  2   2  65338
395  65326  3   1  1  65324
396  66740  3   2  2  66736
397  66336  2   0  66336
398  65490  2   2  65488
399  65242  2   17  65225
400  66740  2   0  66740
401  66740  2   4  66736
402  66294  2   0  66294
403  66740  3   4  1  66735
404  65474  3   0  0  65474
405  66730  2   2  66728
406  66684  2   8  66676
407  65268  2   0  65268
408  65341  4   2  2  1  65336
409  65254  3   6  1  65247
410  66740  5   1  1  1  0  66737
411  13390  2   0  13390
412  65346  2   11  65335
413  66632  2   2  66630
414  66740  5   0  1  1  1  66737
415  66740  3   0  0  66740
416  65145  3   1  6  65138
417  65722  2   14  65708
418  66624  2   0  66624
419  66740  2   2  66738
420  66734  2   0  66734
421  66740  2   23  66717
422  66656  2   4  66652
423  65042  2   8  65034
424  62999  5   6  1  1  8  62983
425  64964  3   1  2  64961
426  66628  3   0  1  66627
427  65894  2   3  65891
428  66658  2   2  66656
429  66740  2   4  66736
430  65918  2   3  65915
431  65424  2   0  65424
432  66120  2   0  66120
433  66740  2   0  66740
434  66126  2   0  66126
435  66576  2   3  66573
436  66740  2   297  66443
437  66666  2   0  66666
438  66374  3   0  1  66373
439  63474  2   0  63474
440  66734  2   0  66734
441  66738  2   1  66737
442  66716  3   1  0  66715
443  66279  3   0  1  66278
444  3559  3   2153  0  1406
445  66445  3   0  0  66445
446  66730  4   0  1  1  66728
447  66736  2   1  66735
448  66699  3   1  6  66692
449  66661  4   0  0  3  66658
450  66740  2   4  66736
451  65340  2   8  65332
452  66718  2   9  66709
453  3538  2   2036  1502
454  66662  2   0  66662
455  66489  3   1  18  66470
456  66662  2   1  66661
457  66688  2   0  66688
458  66738  2   2  66736
459  66426  2   6  66420
460  54032  3   511  0  53521
461  66724  2   1  66723
462  66740  2   1  66739
463  66510  5   0  0  2  6  66502
464  65130  2   2  65128
465  66740  3   1  0  66739
466  65154  3   1  1  65152
467  66692  3   3  0  66689
468  66533  3   0  1  66532
469  66728  2   1  66727
470  66740  2   2  66738
471  66669  4   0  1  1  66667
472  66740  2   0  66740
473  55748  2   2  55746
474  66673  3   2  0  66671
475  66740  3   0  0  66740
476  66698  2   0  66698
477  2924  2   7  2917
478  66736  3   0  1  66735
479  65726  2   0  65726
480  66664  5   2  1  1  1  66659
481  2886  2   0  2886
482  66736  2   0  66736
483  66566  2   1  66565
484  66701  3   4  4  66693
485  66733  3   2  1  66730
486  66700  2   3  66697
487  2732  2   0  2732
488  66732  2   4  66728
489  66702  2   2  66700
490  56647  3   0  1  56646
491  66732  2   38  66694
492  66734  3   3  1  66730
493  40474  2   1  40473
494  66572  3   0  3  66569
495  66230  3   1  3  66226
496  65903  4   2  1  11  65889
497  66658  3   1  2  66655
498  66702  2   0  66702
499  56844  2   3  56841
500  66664  3   1  0  66663
501  66567  4   0  0  0  66567
502  65906  2   3  65903
503  66684  4   4470  1  0  62213
504  66698  2   0  66698
505  66738  2   0  66738
506  2608  2   0  2608
507  66730  2   0  66730
508  66700  4   37  1  3  66659
509  66647  3   3  1  66643
510  56968  4   1  1  4  56962
511  57118  3   3  0  57115
512  66730  3   1  36  66693
513  43800  2   16  43784
514  66301  3   3  0  66298
515  2530  2   0  2530
516  66672  3   5  3  66664
517  66551  4   34  23  0  66494
518  62657  3   0  0  62657
519  66674  3   6  1  66667
520  66678  2   0  66678
521  66738  3   0  0  66738
522  66610  2   2  66608
523  66680  2   5  66675
524  66714  2   1  66713
525  66700  2   1  66699
526  66658  3   0  0  66658
527  66638  2   3  66635
528  66708  3   0  0  66708
529  66530  2   24  66506

[pop]=6
1  900  3   0  0  900
2  903  4   0  0  0  903
3  896  2   0  896
4  906  3   0  1  905
5  774  2   0  774
6  888  5   0  0  0  0  888
7  896  3   0  0  896
8  842  3   1  0  841
9  96  3   0  0  96
10  906  2   0  906
11  771  4   0  0  0  771
12  888  3   0  0  888
13  896  2   2  894
14  906  2   0  906
15  696  2   0  696
16  891  3   0  0  891
17  906  3   0  0  906
18  904  2   0  904
19  906  2   0  906
20  898  2   0  898
21  666  3   0  0  666
22  824  2   327  497
23  882  2   0  882
24  906  2   1  905
25  898  2   0  898
26  906  2   0  906
27  892  2   0  892
28  908  2   0  908
29  898  2   0  898
30  826  2   0  826
31  908  2   0  908
32  906  2   0  906
33  818  2   0  818
34  864  2   0  864
35  885  3   0  0  885
36  6  2   0  6
37  892  4   0  0  0  892
38  908  3   0  0  908
39  872  2   0  872
40  908  2   0  908
41  906  2   1  905
42  843  3   0  0  843
43  892  3   0  0  892
44  860  3   0  0  860
45  898  3   0  0  898
46  825  3   0  0  825
47  6  2   1  5
48  894  4   0  0  0  894
49  908  3   0  0  908
50  862  2   0  862
51  8  2   0  8
52  780  2   0  780
53  908  5   0  0  0  2  906
54  901  3   0  0  901
55  895  3   198  0  697
56  104  2   0  104
57  852  2   0  852
58  808  3   0  0  808
59  898  2   1  897
60  857  3   7  0  850
61  908  3   0  0  908
62  898  2   0  898
63  904  4   0  0  0  904
64  904  3   0  0  904
65  908  2   0  908
66  896  2   0  896
67  876  2   230  646
68  904  3   0  0  904
69  904  2   0  904
70  772  3   0  0  772
71  902  2   0  902
72  854  2   0  854
73  896  2   0  896
74  878  2   0  878
75  908  3   0  0  908
76  902  3   0  0  902
77  902  2   0  902
78  879  3   0  0  879
79  904  2   1  903
80  904  2   371  533
81  742  2   0  742
82  902  4   0  0  0  902
83  848  3   0  0  848
84  902  3   0  0  902
85  904  2   0  904
86  908  3   0  0  908
87  870  3   0  0  870
88  902  3   0  0  902
89  714  3   0  0  714
90  902  3   0  0  902
91  902  2   0  902
92  904  3   0  0  904
93  902  2   0  902
94  902  2   1  901
95  658  3   0  0  658
96  908  2   1  907
97  900  3   0  0  900
98  882  3   0  8  874
99  904  3   5  1  898
100  596  4   0  0  0  596
101  908  5   0  0  0  0  908
102  898  3   0  0  898
103  882  2   0  882
104  904  3   0  0  904
105  120  2   0  120
106  908  2   1  907
107  904  2   0  904
108  556  2   0  556
109  896  3   0  0  896
110  898  3   0  0  898
111  886  2   0  886
112  902  2   0  902
113  886  2   1  885
114  904  3   1  0  903
115  906  2   0  906
116  908  2   0  908
117  908  3   0  0  908
118  902  3   0  0  902
119  896  3   0  0  896
120  884  2   0  884
121  904  2   0  904
122  908  2   0  908
123  888  2   0  888
124  906  2   0  906
125  908  3   0  0  908
126  898  2   0  898
127  906  2   0  906
128  900  2   0  900
129  118  2   0  118
130  908  4   0  0  0  908
131  908  2   0  908
132  904  4   0  0  0  904
133  906  3   0  19  887
134  898  2   0  898
135  874  2   0  874
136  896  2   0  896
137  891  3   0  0  891
138  904  2   0  904
139  896  2   0  896
140  896  2   0  896
141  890  2   0  890
142  360  2   0  360
143  908  5   0  0  0  4  904
144  906  2   3  903
145  786  2   0  786
146  908  3   0  0  908
147  908  2   0  908
148  836  3   0  0  836
149  895  3   0  0  895
150  904  2   0  904
151  872  2   0  872
152  894  3   0  0  894
153  900  2   0  900
154  904  3   0  0  904
155  904  2   0  904
156  908  3   0  594  314
157  908  2   1  907
158  836  2   0  836
159  904  2   0  904
160  904  2   0  904
161  904  3   0  0  904
162  892  2   0  892
163  906  3   0  0  906
164  908  2   0  908
165  908  3   0  0  908
166  896  2   0  896
167  898  2   0  898
168  900  2   0  900
169  904  2   0  904
170  888  2   0  888
171  898  2   1  897
172  908  3   0  0  908
173  902  2   0  902
174  896  2   0  896
175  894  2   0  894
176  84  2   0  84
177  902  2   0  902
178  908  3   0  0  908
179  832  2   0  832
180  884  3   0  0  884
181  908  2   0  908
182  902  3   0  0  902
183  908  2   0  908
184  828  3   0  0  828
185  886  3   0  0  886
186  908  3   0  0  908
187  902  2   0  902
188  908  2   2  906
189  908  3   1  0  907
190  908  2   0  908
191  898  3   0  0  898
192  900  2   0  900
193  908  2   0  908
194  878  2   0  878
195  900  3   0  0  900
196  890  4   0  0  0  890
197  908  2   0  908
198  899  4   0  0  0  899
199  908  2   0  908
200  900  3   0  0  900
201  894  2   0  894
202  828  2   0  828
203  898  2   0  898
204  908  2   0  908
205  908  2   0  908
206  908  3   0  0  908
207  826  2   0  826
208  898  2   8  890
209  908  3   0  0  908
210  908  2   0  908
211  844  3   0  0  844
212  902  2   240  662
213  852  3   0  0  852
214  16  2   0  16
215  906  2   0  906
216  908  2   0  908
217  894  3   0  0  894
218  898  2   0  898
219  874  2   0  874
220  908  2   0  908
221  851  3   0  0  851
222  906  3   0  0  906
223  843  3   0  0  843
224  906  2   0  906
225  908  2   0  908
226  894  4   0  0  3  891
227  908  3   0  0  908
228  908  3   0  0  908
229  894  2   0  894
230  908  3   0  0  908
231  898  2   0  898
232  908  3   0  0  908
233  906  5   0  0  0  0  906
234  826  2   0  826
235  908  2   893  15
236  843  4   0  0  0  843
237  898  3   0  1  897
238  908  2   0  908
239  906  2   0  906
240  908  3   0  0  908
241  906  4   0  0  0  906
242  888  3   0  0  888
243  898  4   0  0  4  894
244  898  2   1  897
245  822  2   1  821
246  906  2   0  906
247  908  3   0  0  908
248  906  4   0  0  0  906
249  896  2   0  896
250  906  2   0  906
251  832  2   0  832
252  906  2   0  906
253  906  3   0  0  906
254  908  2   0  908
255  906  2   0  906
256  752  2   0  752
257  908  3   0  0  908
258  876  3   0  1  875
259  886  4   0  0  0  886
260  908  2   0  908
261  868  2   0  868
262  776  2   1  775
263  908  3   0  0  908
264  904  2   0  904
265  880  2   684  196
266  888  2   233  655
267  906  4   0  0  0  906
268  872  3   0  0  872
269  900  3   1  0  899
270  786  2   0  786
271  872  3   0  0  872
272  882  2   0  882
273  768  2   6  762
274  798  2   0  798
275  898  3   0  0  898
276  908  2   0  908
277  890  2   0  890
278  892  2   0  892
279  906  5   0  0  0  0  906
280  876  2   0  876
281  884  3   0  0  884
282  906  3   0  0  906
283  900  2   0  900
284  908  2   0  908
285  758  2   0  758
286  894  2   0  894
287  877  3   0  0  877
288  908  2   0  908
289  908  3   0  0  908
290  908  2   0  908
291  908  3   0  0  908
292  906  2   0  906
293  908  3   0  0  908
294  908  2   0  908
295  908  2   0  908
296  876  2   0  876
297  898  2   0  898
298  904  2   1  903
299  908  2   0  908
300  905  4   0  0  0  905
301  908  2   0  908
302  882  3   0  0  882
303  907  4   0  0  0  907
304  884  3   0  0  884
305  890  3   0  0  890
306  906  2   0  906
307  904  2   0  904
308  908  2   0  908
309  906  3   0  0  906
310  888  2   0  888
311  894  2   0  894
312  876  2   0  876
313  878  3   0  0  878
314  886  4   0  0  0  886
315  905  3   0  0  905
316  905  4   0  0  0  905
317  900  2   0  900
318  908  3   0  0  908
319  906  2   0  906
320  906  3   0  0  906
321  896  3   0  0  896
322  906  3   0  0  906
323  872  2   0  872
324  888  2   0  888
325  900  3   0  0  900
326  908  3   0  0  908
327  906  3   0  0  906
328  898  2   0  898
329  874  2   0  874
330  908  2   0  908
331  896  2   0  896
332  906  2   0  906
333  908  2   0  908
334  908  2   0  908
335  501  4   0  0  0  501
336  906  2   0  906
337  900  3   0  1  899
338  908  3   0  0  908
339  908  2   0  908
340  898  2   0  898
341  498  2   0  498
342  876  2   0  876
343  906  2   0  906
344  894  2   0  894
345  878  2   0  878
346  906  2   1  905
347  870  2   0  870
348  906  2   17  889
349  878  3   0  0  878
350  888  2   0  888
351  896  2   0  896
352  869  3   0  0  869
353  906  2   0  906
354  908  2   0  908
355  906  3   0  1  905
356  906  2   0  906
357  875  3   0  0  875
358  908  2   0  908
359  906  2   19  887
360  908  3   0  0  908
361  894  3   0  0  894
362  888  3   0  0  888
363  868  2   0  868
364  908  2   0  908
365  908  2   0  908
366  908  3   3  0  905
367  908  3   0  0  908
368  908  2   0  908
369  896  2   0  896
370  862  2   0  862
371  864  2   0  864
372  908  2   0  908
373  900  2   0  900
374  862  2   0  862
375  905  3   0  0  905
376  868  2   0  868
377  290  3   0  0  290
378  868  2   0  868
379  904  2   0  904
380  908  4   0  0  0  908
381  261  4   0  0  0  261
382  18  2   0  18
383  865  3   0  0  865
384  908  2   0  908
385  898  3   0  0  898
386  886  2   0  886
387  840  3   0  0  840
388  904  3   0  0  904
389  886  2   0  886
390  906  2   0  906
391  904  2   0  904
392  908  3   0  0  908
393  896  2   0  896
394  878  2   0  878
395  882  3   0  0  882
396  900  3   0  0  900
397  896  2   0  896
398  886  2   0  886
399  880  2   3  877
400  900  2   0  900
401  908  2   1  907
402  892  2   0  892
403  908  3   0  0  908
404  882  3   0  1  881
405  908  2   0  908
406  906  2   0  906
407  884  2   0  884
408  881  4   0  0  0  881
409  882  3   0  0  882
410  908  5   0  0  0  0  908
411  298  2   0  298
412  878  2   0  878
413  904  2   0  904
414  900  5   0  0  0  0  900
415  908  3   0  0  908
416  877  3   0  0  877
417  886  2   0  886
418  904  2   0  904
419  900  2   0  900
420  908  2   0  908
421  908  2   0  908
422  908  2   0  908
423  876  2   0  876
424  858  5   0  0  0  0  858
425  878  3   0  0  878
426  906  3   0  0  906
427  890  2   0  890
428  906  2   0  906
429  908  2   0  908
430  890  2   0  890
431  886  2   0  886
432  894  2   0  894
433  908  2   0  908
434  894  2   0  894
435  902  2   0  902
436  900  2   4  896
437  904  2   0  904
438  898  3   0  0  898
439  842  2   0  842
440  908  2   0  908
441  908  2   1  907
442  908  3   0  0  908
443  892  3   0  0  892
444  129  3   77  0  52
445  900  3   0  0  900
446  908  4   0  0  0  908
447  908  2   0  908
448  898  3   0  0  898
449  906  4   0  0  0  906
450  908  2   0  908
451  870  2   0  870
452  908  2   0  908
453  130  2   88  42
454  906  2   0  906
455  901  3   0  10  891
456  908  2   0  908
457  906  2   0  906
458  908  2   0  908
459  894  2   1  893
460  670  3   10  0  660
461  898  2   1  897
462  908  2   0  908
463  902  5   0  0  0  2  900
464  866  2   0  866
465  908  3   0  0  908
466  869  3   0  0  869
467  906  3   0  0  906
468  904  3   0  0  904
469  908  2   0  908
470  908  2   0  908
471  906  4   0  0  0  906
472  908  2   0  908
473  700  2   0  700
474  906  3   0  0  906
475  908  3   0  0  908
476  906  2   0  906
477  116  2   6  110
478  898  3   0  0  898
479  878  2   0  878
480  906  5   0  0  0  0  906
481  120  2   0  120
482  908  2   0  908
483  904  2   0  904
484  906  3   0  0  906
485  900  3   0  0  900
486  906  2   0  906
487  116  2   0  116
488  900  2   0  900
489  906  2   0  906
490  738  3   0  0  738
491  898  2   0  898
492  908  3   0  0  908
493  608  2   0  608
494  904  3   0  0  904
495  902  3   0  0  902
496  876  4   0  0  1  875
497  906  3   0  0  906
498  906  2   0  906
499  738  2   0  738
500  906  3   0  0  906
501  904  4   0  0  0  904
502  876  2   1  875
503  908  4   38  0  0  870
504  906  2   0  906
505  908  2   0  908
506  114  2   0  114
507  908  2   0  908
508  907  4   0  0  0  907
509  896  3   0  0  896
510  738  4   0  0  0  738
511  737  3   0  0  737
512  908  3   0  1  907
513  638  2   0  638
514  903  3   2  0  901
515  110  2   0  110
516  906  3   1  0  905
517  904  4   1  0  0  903
518  845  3   0  0  845
519  908  3   0  0  908
520  906  2   0  906
521  908  3   0  0  908
522  894  2   0  894
523  906  2   0  906
524  908  2   0  908
525  908  2   0  908
526  896  3   0  0  896
527  898  2   0  898
528  908  3   0  0  908
529  904  2   0  904

[pop]=7
1  16385  3   0  0  16385
2  16501  4   3  2  2  16494
3  16500  2   1  16499
4  16490  3   0  4  16486
5  10460  2   0  10460
6  16326  5   0  0  0  0  16326
7  16498  3   0  0  16498
8  15760  3   42  0  15718
9  5386  3   1  0  5385
10  16488  2   1  16487
11  10567  4   0  0  0  10567
12  16376  3   4  17  16355
13  16498  2   4  16494
14  16458  2   0  16458
15  13164  2   1  13163
16  16373  3   0  0  16373
17  16451  3   0  1  16450
18  16510  2   2  16508
19  16506  2   0  16506
20  16510  2   2  16508
21  12808  3   1  1  12806
22  12554  2   4963  7591
23  16266  2   0  16266
24  16508  2   27  16481
25  16510  2   0  16510
26  16510  2   0  16510
27  16476  2   0  16476
28  16468  2   16  16452
29  16508  2   0  16508
30  12756  2   0  12756
31  16468  2   1  16467
32  16508  2   0  16508
33  10740  2   0  10740
34  16036  2   1  16035
35  16343  3   0  0  16343
36  336  2   28  308
37  16477  4   3  0  4  16470
38  16510  3   0  0  16510
39  16086  2   0  16086
40  16474  2   33  16441
41  16510  2   0  16510
42  13320  3   0  0  13320
43  16478  3   0  1  16477
44  15854  3   0  0  15854
45  16505  3   1  0  16504
46  11166  3   0  0  11166
47  454  2   44  410
48  16484  4   0  0  0  16484
49  16510  3   0  0  16510
50  16000  2   0  16000
51  658  2   2  656
52  14116  2   1  14115
53  16484  5   0  0  0  0  16484
54  16512  3   2  0  16510
55  16481  3   4637  0  11844
56  6670  2   4  6666
57  14148  2   2  14146
58  15170  3   0  1  15169
59  16510  2   0  16510
60  14246  3   6  2  14238
61  16488  3   1  1  16486
62  16508  2   0  16508
63  16510  4   2  0  0  16508
64  16506  3   0  0  16506
65  16510  2   0  16510
66  16496  2   0  16496
67  15018  2   3342  11676
68  16510  3   0  0  16510
69  16506  2   5  16501
70  14678  3   0  0  14678
71  16502  2   113  16389
72  15868  2   0  15868
73  16500  2   9  16491
74  15112  2   1  15111
75  16490  3   0  1  16489
76  16502  3   0  0  16502
77  16512  2   1  16511
78  15166  3   1  0  15165
79  16510  2   0  16510
80  16508  2   7354  9154
81  14376  2   0  14376
82  16496  4   0  0  1  16495
83  15816  3   0  0  15816
84  16512  3   0  0  16512
85  16510  2   0  16510
86  16510  3   0  0  16510
87  13133  3   1  0  13132
88  15836  3   0  0  15836
89  13072  3   0  1  13071
90  16485  3   0  0  16485
91  16510  2   0  16510
92  16506  3   0  0  16506
93  16510  2   1  16509
94  16148  2   0  16148
95  12988  3   0  0  12988
96  16502  2   0  16502
97  16509  3   0  0  16509
98  15878  3   0  7  15871
99  16501  3   9  0  16492
100  12087  4   0  0  1  12086
101  16502  5   0  17  0  0  16485
102  16510  3   0  0  16510
103  15936  2   1  15935
104  16510  3   0  0  16510
105  7312  2   2  7310
106  16472  2   0  16472
107  16510  2   1  16509
108  11678  2   0  11678
109  16509  3   0  0  16509
110  16509  3   0  0  16509
111  16026  2   1  16025
112  16414  2   0  16414
113  16056  2   41  16015
114  16510  3   1  0  16509
115  16500  2   0  16500
116  16510  2   0  16510
117  16502  3   0  0  16502
118  16414  3   0  0  16414
119  16509  3   0  0  16509
120  16076  2   0  16076
121  16500  2   0  16500
122  16502  2   0  16502
123  16140  2   0  16140
124  16500  2   1  16499
125  16502  3   0  0  16502
126  16512  2   0  16512
127  16498  2   0  16498
128  16356  2   3  16353
129  7268  2   1  7267
130  16509  4   2  0  0  16507
131  16502  2   23  16479
132  16511  4   0  0  7  16504
133  16494  3   0  561  15933
134  16218  2   0  16218
135  13784  2   0  13784
136  16502  2   0  16502
137  16233  3   0  0  16233
138  16510  2   0  16510
139  16186  2   0  16186
140  16502  2   0  16502
141  16250  2   0  16250
142  8522  2   1  8521
143  16510  5   0  1  0  24  16485
144  16484  2   0  16484
145  13748  2   0  13748
146  16505  3   0  0  16505
147  16512  2   0  16512
148  15424  3   0  0  15424
149  16327  3   3  3  16321
150  16512  2   0  16512
151  15864  2   0  15864
152  16487  3   0  1  16486
153  16382  2   2  16380
154  16510  3   0  0  16510
155  16450  2   2  16448
156  16509  3   0  9970  6539
157  16512  2   258  16254
158  15348  2   0  15348
159  16370  2   0  16370
160  16510  2   0  16510
161  16446  3   0  0  16446
162  16468  2   0  16468
163  16454  3   0  0  16454
164  16510  2   0  16510
165  16490  3   0  5  16485
166  16422  2   0  16422
167  16510  2   0  16510
168  16408  2   0  16408
169  16386  2   0  16386
170  16420  2   0  16420
171  16508  2   4  16504
172  16500  3   0  0  16500
173  16510  2   1  16509
174  16428  2   0  16428
175  16510  2   5  16505
176  5746  2   56  5690
177  16348  2   3  16345
178  16508  3   0  0  16508
179  15122  2   0  15122
180  16310  3   0  1  16309
181  16510  2   0  16510
182  16510  3   0  0  16510
183  16510  2   7  16503
184  15102  3   0  0  15102
185  16308  3   0  0  16308
186  16512  3   0  0  16512
187  16508  2   0  16508
188  16512  2   1  16511
189  16508  3   0  0  16508
190  16510  2   1  16509
191  16509  3   0  0  16509
192  16508  2   0  16508
193  16510  2   0  16510
194  16038  2   0  16038
195  16452  3   1  0  16451
196  16430  4   0  0  1  16429
197  16510  2   0  16510
198  16456  4   0  1  0  16455
199  16510  2   0  16510
200  16504  3   0  0  16504
201  16452  2   0  16452
202  14918  2   0  14918
203  16506  2   0  16506
204  16512  2   0  16512
205  16510  2   0  16510
206  16509  3   1  15  16493
207  14954  2   0  14954
208  16506  2   308  16198
209  16512  3   0  0  16512
210  16510  2   0  16510
211  15894  3   0  0  15894
212  16480  2   3417  13063
213  14304  3   0  0  14304
214  732  2   3  729
215  16512  2   0  16512
216  16510  2   0  16510
217  16482  3   0  0  16482
218  16494  2   0  16494
219  15010  2   0  15010
220  16512  2   0  16512
221  14965  3   0  1  14964
222  16508  3   1  1  16506
223  14404  3   0  0  14404
224  16512  2   0  16512
225  16510  2   0  16510
226  16478  4   0  0  3  16475
227  16512  3   0  0  16512
228  16510  3   3  0  16507
229  16476  2   2  16474
230  16510  3   0  1  16509
231  16402  2   0  16402
232  16510  3   0  0  16510
233  16508  5   1  0  0  1  16506
234  13326  2   0  13326
235  16512  2   16383  129
236  13105  4   0  57  0  13048
237  16504  3   0  2  16502
238  16510  2   0  16510
239  16506  2   27  16479
240  16510  3   0  0  16510
241  16498  4   0  0  0  16498
242  16472  3   1  1  16470
243  16507  4   1  1  1  16504
244  16508  2   149  16359
245  14780  2   17  14763
246  16512  2   0  16512
247  16510  3   0  3  16507
248  16512  4   3  1  4  16504
249  16314  2   0  16314
250  16430  2   0  16430
251  15616  2   0  15616
252  16508  2   0  16508
253  16512  3   1  0  16511
254  16512  2   0  16512
255  16380  2   14  16366
256  12934  2   0  12934
257  16511  3   0  0  16511
258  14716  3   0  3  14713
259  16470  4   0  1  0  16469
260  16512  2   0  16512
261  14750  2   0  14750
262  13532  2   0  13532
263  16512  3   1  0  16511
264  16206  2   0  16206
265  16024  2   11783  4241
266  16450  2   3421  13029
267  16512  4   1  0  0  16511
268  16324  3   0  0  16324
269  16512  3   0  0  16512
270  13790  2   0  13790
271  15472  3   1  18  15453
272  16386  2   0  16386
273  13584  2   238  13346
274  14998  2   0  14998
275  16166  3   0  0  16166
276  16512  2   2  16510
277  16076  2   0  16076
278  16344  2   0  16344
279  16510  5   0  1  1  3  16505
280  16350  2   9  16341
281  16409  3   1  0  16408
282  16508  3   0  0  16508
283  16210  2   0  16210
284  16512  2   0  16512
285  13326  2   0  13326
286  16386  2   0  16386
287  16332  3   0  0  16332
288  16512  2   21  16491
289  16512  3   0  0  16512
290  16488  2   5  16483
291  16493  3   0  0  16493
292  16508  2   0  16508
293  16498  3   0  0  16498
294  16512  2   0  16512
295  16502  2   0  16502
296  16238  2   15  16223
297  16490  2   0  16490
298  16432  2   1  16431
299  16512  2   0  16512
300  16443  4   0  2  0  16441
301  16512  2   1  16511
302  15899  3   0  0  15899
303  16512  4   0  1  1  16510
304  15933  3   0  0  15933
305  16376  3   0  0  16376
306  16500  2   0  16500
307  16504  2   0  16504
308  16512  2   0  16512
309  16487  3   0  1  16486
310  15954  2   0  15954
311  16512  2   0  16512
312  15934  2   1  15933
313  16160  3   0  0  16160
314  16462  4   0  0  1  16461
315  16499  3   4  0  16495
316  16457  4   0  0  0  16457
317  16510  2   4  16506
318  16512  3   1  1  16510
319  16494  2   0  16494
320  16498  3   0  0  16498
321  16512  3   0  1  16511
322  16508  3   0  0  16508
323  15816  2   1  15815
324  16478  2   0  16478
325  16512  3   10  0  16502
326  16510  3   0  1  16509
327  16501  3   0  0  16501
328  16294  2   0  16294
329  16102  2   1  16101
330  16510  2   0  16510
331  16512  2   0  16512
332  16512  2   1  16511
333  16510  2   0  16510
334  16510  2   1  16509
335  10512  4   0  0  0  10512
336  16500  2   0  16500
337  16512  3   1  0  16511
338  16509  3   0  0  16509
339  16508  2   1  16507
340  16332  2   0  16332
341  10432  2   0  10432
342  16084  2   2  16082
343  16512  2   2  16510
344  16494  2   0  16494
345  16080  2   0  16080
346  16504  2   0  16504
347  15628  2   0  15628
348  16512  2   208  16304
349  16038  3   0  0  16038
350  16498  2   0  16498
351  16510  2   1  16509
352  15599  3   9  0  15590
353  16512  2   0  16512
354  16510  2   22  16488
355  16504  3   1  0  16503
356  16512  2   1  16511
357  16036  3   2  0  16034
358  16510  2   1  16509
359  16504  2   403  16101
360  16508  3   0  1  16507
361  16485  3   1  1  16483
362  16496  3   0  1  16495
363  15396  2   0  15396
364  16510  2   3  16507
365  16508  2   1  16507
366  16512  3   2  1  16509
367  16510  3   0  0  16510
368  16508  2   1  16507
369  16506  2   2  16504
370  15208  2   1  15207
371  16084  2   0  16084
372  16512  2   0  16512
373  16510  2   0  16510
374  15130  2   0  15130
375  16504  3   0  0  16504
376  16072  2   4  16068
377  8514  3   0  0  8514
378  16092  2   0  16092
379  16506  2   1  16505
380  16512  4   1  1  0  16510
381  8257  4   0  0  0  8257
382  1782  2   17  1765
383  16096  3   0  0  16096
384  16510  2   0  16510
385  16415  3   1  1  16413
386  16490  2   0  16490
387  13870  3   0  0  13870
388  16504  3   0  0  16504
389  16484  2   0  16484
390  16512  2   0  16512
391  16502  2   0  16502
392  16512  3   0  0  16512
393  16374  2   0  16374
394  16218  2   3  16215
395  16464  3   0  0  16464
396  16512  3   0  0  16512
397  16350  2   0  16350
398  16248  2   0  16248
399  16412  2   3  16409
400  16512  2   0  16512
401  16512  2   0  16512
402  16324  2   4  16320
403  16512  3   0  0  16512
404  15958  3   0  66  15892
405  16512  2   0  16512
406  16508  2   0  16508
407  16430  2   1  16429
408  16241  4   0  2  0  16239
409  16428  3   0  0  16428
410  16512  5   0  0  0  0  16512
411  8226  2   2  8224
412  16238  2   5  16233
413  16502  2   0  16502
414  16512  5   0  0  0  0  16512
415  16512  3   0  0  16512
416  16419  3   0  0  16419
417  16336  2   0  16336
418  16502  2   0  16502
419  16512  2   0  16512
420  16510  2   0  16510
421  16512  2   0  16512
422  16454  2   0  16454
423  16414  2   3  16411
424  15836  5   0  0  0  1  15835
425  16134  3   0  1  16133
426  16494  3   1  0  16493
427  16350  2   0  16350
428  16506  2   0  16506
429  16512  2   0  16512
430  16348  2   1  16347
431  16252  2   0  16252
432  16372  2   2  16370
433  16512  2   0  16512
434  16374  2   3  16371
435  16496  2   0  16496
436  16512  2   15  16497
437  16508  2   0  16508
438  16430  3   1  0  16429
439  16000  2   0  16000
440  16512  2   0  16512
441  16512  2   21  16491
442  16498  3   0  0  16498
443  16332  3   1  0  16331
444  7404  3   4076  5  3323
445  16438  3   0  5  16433
446  16512  4   0  0  0  16512
447  16512  2   0  16512
448  16504  3   0  0  16504
449  16509  4   0  1  0  16508
450  16512  2   1  16511
451  14866  2   0  14866
452  16502  2   0  16502
453  7392  2   4487  2905
454  16510  2   0  16510
455  16448  3   0  3  16445
456  16506  2   4  16502
457  16512  2   0  16512
458  16512  2   0  16512
459  16430  2   0  16430
460  12642  3   375  1  12266
461  16508  2   0  16508
462  16512  2   1  16511
463  16444  5   2  20  0  1  16421
464  16268  2   0  16268
465  16512  3   0  1  16511
466  16272  3   0  0  16272
467  16512  3   4  1  16507
468  16452  3   0  0  16452
469  16510  2   0  16510
470  16512  2   0  16512
471  16510  4   0  0  0  16510
472  16512  2   5  16507
473  12994  2   0  12994
474  16509  3   5  0  16504
475  16512  3   0  0  16512
476  16512  2   2  16510
477  6782  2   240  6542
478  16510  3   0  0  16510
479  16368  2   6  16362
480  16506  5   0  0  0  0  16506
481  6684  2   0  6684
482  16512  2   1  16511
483  16464  2   0  16464
484  16512  3   0  0  16512
485  16512  3   3  6  16503
486  16512  2   0  16512
487  6548  2   2  6546
488  16512  2   1  16511
489  16512  2   1  16511
490  13259  3   1  0  13258
491  16510  2   0  16510
492  16512  3   0  0  16512
493  11322  2   0  11322
494  16480  3   0  0  16480
495  16263  3   3  1  16259
496  16376  4   0  0  3  16373
497  16508  3   0  0  16508
498  16512  2   1  16511
499  13294  2   1  13293
500  16504  3   0  1  16503
501  16478  4   2  2  2  16472
502  16372  2   1  16371
503  16510  4   349  0  2  16159
504  16512  2   1  16511
505  16512  2   0  16512
506  6450  2   0  6450
507  16512  2   2  16510
508  16512  4   0  1  0  16511
509  16498  3   0  9  16489
510  13339  4   0  1  0  13338
511  13375  3   0  1  13374
512  16511  3   0  0  16511
513  11754  2   0  11754
514  16361  3   0  2  16359
515  6314  2   2  6312
516  16507  3   0  0  16507
517  16479  4   0  0  0  16479
518  15806  3   0  0  15806
519  16510  3   0  0  16510
520  16508  2   1  16507
521  16512  3   0  2  16510
522  16284  2   0  16284
523  16512  2   0  16512
524  16508  2   0  16508
525  16512  2   1  16511
526  16500  3   0  0  16500
527  16360  2   0  16360
528  16506  3   0  0  16506
529  16482  2   0  16482

