[loci]=383

[populations]=7

[pop]=1
1  10406  2   0  10406
2  10400  3   0  0  10400
3  10345  3   0  0  10345
4  8542  2   2  8540
5  10097  3   0  0  10097
6  10406  3   0  0  10406
7  10339  4   0  0  0  10339
8  10390  3   0  0  10390
9  10346  2   0  10346
10  10382  2   1993  8389
11  10404  5   0  0  1  2  10401
12  10350  2   1871  8479
13  10362  2   3  10359
14  10406  3   0  0  10406
15  10402  3   0  0  10402
16  10398  4   0  0  8  10390
17  10406  2   0  10406
18  10406  3   0  2  10404
19  10320  2   0  10320
20  10391  3   0  0  10391
21  8544  2   2  8542
22  9514  2   2  9512
23  10376  2   0  10376
24  10406  3   0  5  10401
25  10406  4   5  0  1991  8410
26  10391  4   0  20  0  10371
27  10402  2   0  10402
28  10380  2   0  10380
29  10344  2   0  10344
30  10374  2   0  10374
31  10406  3   0  0  10406
32  10406  2   0  10406
33  10406  3   0  0  10406
34  10406  2   35  10371
35  10406  2   2  10404
36  10406  2   0  10406
37  9335  4   1  0  0  9334
38  10406  2   99  10307
39  10322  3   0  0  10322
40  10341  4   0  0  0  10341
41  10394  4   0  1  0  10393
42  10406  4   0  0  0  10406
43  10402  2   0  10402
44  9322  2   0  9322
45  10372  2   0  10372
46  10320  2   0  10320
47  10306  2   0  10306
48  10406  3   0  0  10406
49  10406  4   0  0  0  10406
50  10390  2   0  10390
51  10370  2   2  10368
52  10406  2   0  10406
53  10406  2   0  10406
54  10300  2   5  10295
55  10358  2   0  10358
56  10406  2   3511  6895
57  10322  2   1  10321
58  10404  2   1  10403
59  10293  4   0  0  0  10293
60  10384  2   0  10384
61  10406  3   0  0  10406
62  7126  2   0  7126
63  10342  3   0  0  10342
64  10358  2   0  10358
65  10400  2   0  10400
66  10387  3   0  0  10387
67  3080  2   0  3080
68  10406  3   48  0  10358
69  8540  2   0  8540
70  10276  2   1  10275
71  10401  3   0  1  10400
72  9516  3   0  1  9515
73  10386  2   0  10386
74  10308  2   0  10308
75  10406  2   8  10398
76  8542  2   0  8542
77  10402  3   0  1  10401
78  10268  2   0  10268
79  10374  2   3  10371
80  8539  3   0  0  8539
81  10354  2   0  10354
82  10380  2   0  10380
83  10302  2   0  10302
84  10406  3   0  1  10405
85  8540  2   0  8540
86  10220  2   0  10220
87  8536  2   0  8536
88  10394  2   229  10165
89  10377  3   0  0  10377
90  10398  3   0  0  10398
91  10342  2   0  10342
92  10380  2   351  10029
93  10280  2   3  10277
94  10397  3   0  0  10397
95  10379  4   0  0  0  10379
96  9006  2   0  9006
97  10396  2   0  10396
98  10400  2   0  10400
99  8540  2   0  8540
100  10216  2   0  10216
101  10052  2   0  10052
102  9994  2   2  9992
103  10388  2   0  10388
104  10386  2   0  10386
105  9989  3   4  1  9984
106  9978  2   2  9976
107  10356  2   0  10356
108  9940  3   0  1  9939
109  8532  2   0  8532
110  10030  3   0  0  10030
111  8526  2   0  8526
112  10381  3   0  0  10381
113  8330  2   341  7989
114  10336  2   0  10336
115  10200  3   0  0  10200
116  9932  2   10  9922
117  9990  3   1  0  9989
118  9887  3   0  0  9887
119  9781  3   0  0  9781
120  9606  5   0  2  0  0  9604
121  8524  2   0  8524
122  9906  2   0  9906
123  9874  3   0  0  9874
124  8538  2   0  8538
125  8522  2   0  8522
126  10368  2   12  10356
127  10393  3   0  0  10393
128  9430  3   0  0  9430
129  8522  2   0  8522
130  10359  3   1726  1  8632
131  8774  2   0  8774
132  10326  3   0  0  10326
133  10158  2   0  10158
134  9874  3   0  0  9874
135  9976  2   11  9965
136  10389  3   0  0  10389
137  9758  3   0  0  9758
138  8526  2   0  8526
139  10327  3   0  0  10327
140  10158  3   0  3  10155
141  9978  4   0  21  6  9951
142  9750  2   144  9606
143  10342  2   1  10341
144  10146  3   0  0  10146
145  9842  3   0  0  9842
146  9979  3   0  0  9979
147  8508  3   3  1  8504
148  10284  2   0  10284
149  10325  3   0  2  10323
150  9844  2   0  9844
151  9792  2   0  9792
152  10386  3   3  0  10383
153  10296  3   0  0  10296
154  10378  2   0  10378
155  10386  2   2  10384
156  9978  2   0  9978
157  10292  2   1  10291
158  8681  4   0  2  0  8679
159  10084  2   0  10084
160  10374  2   203  10171
161  9825  4   0  1  0  9824
162  9968  5   1  0  6  0  9961
163  10380  2   0  10380
164  10266  2   0  10266
165  9642  2   2  9640
166  9732  5   6  0  1  0  9725
167  10286  2   0  10286
168  10308  2   0  10308
169  10072  2   0  10072
170  9809  3   12  6  9791
171  9966  3   0  0  9966
172  10370  2   0  10370
173  10278  3   0  0  10278
174  8610  2   0  8610
175  10358  3   0  0  10358
176  9698  2   0  9698
177  10368  3   1  0  10367
178  8526  2   2  8524
179  9474  2   0  9474
180  10310  3   0  0  10310
181  10268  2   3  10265
182  10296  2   0  10296
183  10050  2   0  10050
184  9668  3   0  0  9668
185  10344  3   0  0  10344
186  8524  2   44  8480
187  10048  3   0  0  10048
188  10050  2   0  10050
189  10336  2   0  10336
190  10320  2   2051  8269
191  9752  2   83  9669
192  8492  2   0  8492
193  10051  3   1  0  10050
194  10048  2   0  10048
195  9442  2   0  9442
196  8488  2   0  8488
197  10328  2   0  10328
198  9601  3   0  0  9601
199  9356  2   1  9355
200  10172  2   2  10170
201  9848  2   0  9848
202  9623  3   0  0  9623
203  9632  2   0  9632
204  9874  2   0  9874
205  10153  4   0  0  0  10153
206  8333  3   0  433  7900
207  10264  3   0  0  10264
208  10020  2   0  10020
209  9845  3   7  4  9834
210  10041  3   0  5  10036
211  9756  4   5  3  1  9747
212  9297  3   1  0  9296
213  9622  3   329  0  9293
214  9876  3   0  0  9876
215  8584  2   0  8584
216  10248  2   0  10248
217  9852  2   0  9852
218  9734  2   1  9733
219  10291  3   1  1  10289
220  9624  3   2  0  9622
221  10025  4   0  0  1  10024
222  9598  4   1  0  0  9597
223  9750  2   47  9703
224  9246  4   0  1  0  9245
225  9619  4   0  0  0  9619
226  10242  3   0  0  10242
227  9676  2   0  9676
228  9778  2   0  9778
229  10133  3   0  0  10133
230  9654  3   0  0  9654
231  9494  2   1  9493
232  9555  3   0  0  9555
233  9485  5   0  327  1  0  9157
234  10111  3   9  1  10101
235  8583  3   0  0  8583
236  10192  3   550  0  9642
237  10006  3   0  1  10005
238  9744  4   0  0  0  9744
239  9634  3   0  2  9632
240  9700  2   14  9686
241  9559  3   2  0  9557
242  9550  3   1  491  9058
243  9380  4   2  4  0  9374
244  8506  3   0  0  8506
245  9237  3   0  0  9237
246  9584  2   0  9584
247  8426  2   4  8422
248  9442  2   0  9442
249  7945  3   2  3029  4914
250  9720  2   0  9720
251  9431  3   0  0  9431
252  9411  3   0  0  9411
253  10109  4   0  0  0  10109
254  10145  4   0  0  0  10145
255  10007  4   0  0  3  10004
256  9688  2   0  9688
257  9592  2   0  9592
258  9410  3   0  0  9410
259  9338  4   1  0  1  9336
260  8507  3   73  0  8434
261  8417  3   0  2  8415
262  10094  3   2  0  10092
263  10001  4   0  1  0  10000
264  9574  2   26  9548
265  10188  2   0  10188
266  9316  3   0  0  9316
267  8504  3   0  1  8503
268  8502  2   0  8502
269  9228  2   1  9227
270  10082  2   0  10082
271  8605  4   1468  256  2  6879
272  9638  2   16  9622
273  9364  2   8  9356
274  9526  3   0  1529  7997
275  9296  4   501  0  0  8795
276  9534  2   2  9532
277  9992  2   26  9966
278  9540  2   0  9540
279  9178  2   0  9178
280  9350  2   0  9350
281  9176  2   0  9176
282  9542  5   3  0  0  0  9539
283  9156  4   0  0  1  9155
284  8356  2   127  8229
285  10044  2   1  10043
286  9974  2   0  9974
287  9324  2   0  9324
288  9546  3   0  0  9546
289  9332  2   0  9332
290  9332  2   314  9018
291  9081  3   0  0  9081
292  10008  2   4  10004
293  9558  3   0  0  9558
294  9997  3   0  1  9996
295  9946  2   0  9946
296  9532  3   1  0  9531
297  9980  2   17  9963
298  9961  3   0  0  9961
299  9937  3   1  0  9936
300  9044  2   0  9044
301  9912  2   0  9912
302  8490  2   2  8488
303  9913  3   0  0  9913
304  9285  3   0  0  9285
305  9130  3   0  1  9129
306  9022  2   0  9022
307  9002  2   0  9002
308  8590  3   0  2  8588
309  9819  3   0  0  9819
310  9520  3   0  0  9520
311  9020  4   1  4  0  9015
312  9260  3   0  0  9260
313  9873  4   0  0  0  9873
314  8600  2   7  8593
315  9788  2   1  9787
316  8850  2   3  8847
317  8056  3   2078  1  5977
318  9244  3   0  2  9242
319  9623  3   0  0  9623
320  9494  4   1  0  0  9493
321  9212  4   0  2  0  9210
322  9776  2   4  9772
323  8878  2   0  8878
324  8776  4   0  1  0  8775
325  8944  3   11  0  8933
326  9174  2   0  9174
327  9532  5   4  0  0  0  9528
328  9224  3   1  0  9223
329  9388  3   0  0  9388
330  7982  2   0  7982
331  8926  3   0  0  8926
332  9823  4   0  352  0  9471
333  8604  2   0  8604
334  9795  4   0  0  0  9795
335  9764  2   0  9764
336  8354  4   0  485  0  7869
337  9580  2   0  9580
338  8903  4   0  0  1  8902
339  9128  2   0  9128
340  9531  3   0  0  9531
341  9224  3   0  1  9223
342  8872  2   0  8872
343  8888  3   0  0  8888
344  8440  2   14  8426
345  9714  2   0  9714
346  9776  3   0  0  9776
347  9268  2   0  9268
348  9366  2   2  9364
349  7877  4   491  321  0  7065
350  8884  2   489  8395
351  9760  3   6  0  9754
352  8612  3   0  0  8612
353  8105  5   0  0  887  0  7218
354  9258  2   236  9022
355  9364  2   1  9363
356  8901  3   0  6  8895
357  9722  2   3  9719
358  8857  3   0  0  8857
359  9308  3   0  0  9308
360  7858  2   4  7854
361  8944  2   0  8944
362  9744  2   0  9744
363  9712  2   2  9710
364  9634  2   960  8674
365  9434  2   3  9431
366  9582  2   0  9582
367  9417  3   0  2368  7049
368  8929  3   0  0  8929
369  9488  2   0  9488
370  9730  3   0  0  9730
371  8244  3   0  0  8244
372  9545  3   0  0  9545
373  9058  2   0  9058
374  9430  2   0  9430
375  9448  2   0  9448
376  9719  3   0  0  9719
377  8790  2   0  8790
378  9536  2   11  9525
379  8937  3   0  52  8885
380  8719  3   11  4  8704
381  9460  2   0  9460
382  9690  3   0  1  9689
383  8560  2   1  8559

[pop]=2
1  11578  2   0  11578
2  11576  3   0  0  11576
3  11576  3   0  0  11576
4  6926  2   0  6926
5  11568  3   1  0  11567
6  11571  3   0  0  11571
7  11574  4   0  0  0  11574
8  11578  3   0  0  11578
9  11576  2   0  11576
10  11576  2   114  11462
11  11578  5   0  0  0  0  11578
12  11562  2   1739  9823
13  11578  2   0  11578
14  11578  3   0  1  11577
15  11514  3   1  0  11513
16  11577  4   0  0  1  11576
17  11578  2   0  11578
18  11574  3   0  1  11573
19  11570  2   0  11570
20  11578  3   0  0  11578
21  6944  2   0  6944
22  11236  2   0  11236
23  11566  2   0  11566
24  11578  3   1  0  11577
25  11578  4   1  0  114  11463
26  11578  4   0  0  0  11578
27  11516  2   0  11516
28  11576  2   0  11576
29  11578  2   0  11578
30  11576  2   0  11576
31  11578  3   0  0  11578
32  11578  2   0  11578
33  11578  3   0  0  11578
34  11578  2   2  11576
35  11578  2   0  11578
36  11578  2   1  11577
37  11231  4   2  0  0  11229
38  11576  2   1  11575
39  11578  3   0  0  11578
40  11559  4   0  1  0  11558
41  11578  4   1  0  0  11577
42  11578  4   0  0  0  11578
43  11514  2   1  11513
44  11232  2   2  11230
45  11576  2   0  11576
46  11578  2   0  11578
47  11550  2   2  11548
48  11578  3   0  0  11578
49  11578  4   0  0  0  11578
50  11578  2   0  11578
51  11576  2   0  11576
52  11578  2   0  11578
53  11578  2   0  11578
54  11574  2   1  11573
55  11510  2   0  11510
56  11570  2   6633  4937
57  11578  2   0  11578
58  11578  2   0  11578
59  11574  4   1  0  0  11573
60  11578  2   0  11578
61  11578  3   0  0  11578
62  7972  2   0  7972
63  11576  3   0  0  11576
64  11574  2   0  11574
65  11578  2   0  11578
66  11578  3   0  0  11578
67  3236  2   0  3236
68  11576  3   1  0  11575
69  6926  2   0  6926
70  11574  2   0  11574
71  11578  3   0  0  11578
72  11242  3   0  0  11242
73  11578  2   0  11578
74  11578  2   1  11577
75  11578  2   0  11578
76  6928  2   0  6928
77  11578  3   0  0  11578
78  11574  2   0  11574
79  11578  2   2  11576
80  6932  3   0  0  6932
81  11576  2   0  11576
82  11578  2   0  11578
83  11576  2   0  11576
84  11576  3   1  0  11575
85  6928  2   4  6924
86  11574  2   0  11574
87  6932  2   0  6932
88  11514  2   2  11512
89  11578  3   0  0  11578
90  11578  3   2  0  11576
91  11574  2   2  11572
92  11578  2   16  11562
93  11576  2   0  11576
94  11578  3   0  0  11578
95  11577  4   1  0  0  11576
96  11226  2   0  11226
97  11578  2   0  11578
98  11516  2   8  11508
99  6926  2   0  6926
100  11578  2   2  11576
101  11574  2   0  11574
102  11562  2   0  11562
103  11514  2   0  11514
104  11578  2   0  11578
105  11569  3   0  0  11569
106  11564  2   0  11564
107  11576  2   0  11576
108  11559  3   0  0  11559
109  6934  2   0  6934
110  11572  3   0  0  11572
111  6938  2   0  6938
112  11514  3   0  0  11514
113  10864  2   37  10827
114  11576  2   0  11576
115  11506  3   0  0  11506
116  11568  2   21  11547
117  11572  3   8  0  11564
118  11566  3   0  16  11550
119  11570  3   0  0  11570
120  10368  5   0  0  0  0  10368
121  6938  2   0  6938
122  11568  2   0  11568
123  11564  3   0  0  11564
124  6926  2   0  6926
125  6930  2   2  6928
126  11514  2   0  11514
127  11576  3   0  0  11576
128  9942  3   0  0  9942
129  6930  2   0  6930
130  11493  3   2711  3  8779
131  11192  2   0  11192
132  11576  3   0  0  11576
133  11506  2   2  11504
134  11568  3   2  1  11565
135  11570  2   0  11570
136  11576  3   0  1  11575
137  11570  3   0  0  11570
138  6928  2   0  6928
139  11576  3   0  0  11576
140  11504  3   0  1  11503
141  11572  4   0  1  30  11541
142  11570  2   2  11568
143  11512  2   0  11512
144  11500  3   0  1  11499
145  11568  3   0  0  11568
146  11572  3   1  1  11570
147  10304  3   0  0  10304
148  11576  2   15  11561
149  11576  3   0  0  11576
150  11568  2   0  11568
151  11550  2   0  11550
152  11576  3   0  0  11576
153  11574  3   0  0  11574
154  11574  2   1  11573
155  11576  2   0  11576
156  11574  2   0  11574
157  11512  2   0  11512
158  11167  4   0  0  0  11167
159  11500  2   0  11500
160  11574  2   9  11565
161  11562  4   0  0  0  11562
162  11572  5   0  1  0  0  11571
163  11576  2   1  11575
164  11574  2   1  11573
165  11566  2   3  11563
166  11522  5   1  0  0  0  11521
167  11510  2   0  11510
168  11576  2   1  11575
169  11502  2   0  11502
170  11565  3   44  726  10795
171  11567  3   0  0  11567
172  11576  2   0  11576
173  11508  3   0  0  11508
174  11156  2   0  11156
175  11574  3   1  4  11569
176  11460  2   0  11460
177  11576  3   0  0  11576
178  6924  2   0  6924
179  10464  2   0  10464
180  11574  3   0  0  11574
181  11512  2   0  11512
182  11576  2   0  11576
183  11502  2   0  11502
184  11533  3   0  0  11533
185  11574  3   1  0  11573
186  6920  2   4  6916
187  11500  3   0  0  11500
188  11500  2   0  11500
189  11570  2   0  11570
190  11572  2   118  11454
191  11560  2   5  11555
192  6926  2   0  6926
193  11566  3   0  0  11566
194  11500  2   0  11500
195  11562  2   1  11561
196  6922  2   0  6922
197  11576  2   0  11576
198  11542  3   0  0  11542
199  11554  2   0  11554
200  11498  2   26  11472
201  11538  2   0  11538
202  11543  3   0  0  11543
203  11500  2   0  11500
204  11564  2   2  11562
205  11497  4   9  0  0  11488
206  11053  3   9  39  11005
207  11576  3   0  0  11576
208  11502  2   0  11502
209  11534  3   0  0  11534
210  11565  3   0  0  11565
211  11573  4   1  0  0  11572
212  11552  3   0  0  11552
213  11495  3   1224  0  10271
214  11563  3   0  2  11561
215  11128  2   0  11128
216  11576  2   0  11576
217  11558  2   1  11557
218  11564  2   1  11563
219  11578  3   0  0  11578
220  11550  3   0  0  11550
221  11565  4   1  0  0  11564
222  11559  4   0  0  2  11557
223  11576  2   228  11348
224  11550  4   0  0  0  11550
225  11503  4   1  0  2  11500
226  11576  3   0  0  11576
227  11562  2   0  11562
228  11536  2   0  11536
229  11497  3   0  0  11497
230  11564  3   0  0  11564
231  11554  2   2  11552
232  11558  3   0  0  11558
233  11558  5   0  8  0  0  11550
234  11496  3   2  0  11494
235  11125  3   1  1  11123
236  11576  3   23  0  11553
237  11502  3   1  0  11501
238  11544  4   0  0  0  11544
239  11564  3   1  0  11563
240  11526  2   1  11525
241  11553  3   0  4  11549
242  11554  3   2  10  11542
243  11556  4   0  1  0  11555
244  6919  3   0  0  6919
245  11546  3   0  0  11546
246  11502  2   4  11498
247  6916  2   0  6916
248  11558  2   0  11558
249  10949  3   0  3907  7042
250  11544  2   0  11544
251  11555  3   0  0  11555
252  11557  3   0  0  11557
253  11496  4   2  0  3  11491
254  11574  4   0  0  0  11574
255  11504  4   4  1  0  11499
256  11544  2   1  11543
257  11556  2   0  11556
258  11554  3   1  0  11553
259  11556  4   0  0  0  11556
260  6921  3   2  0  6919
261  6912  3   0  1  6911
262  11494  3   3  1  11490
263  11503  4   0  0  0  11503
264  11566  2   1  11565
265  11564  2   0  11564
266  11556  3   0  2  11554
267  6922  3   0  0  6922
268  6922  2   0  6922
269  11554  2   3  11551
270  11500  2   0  11500
271  11115  4   2825  11  0  8279
272  11536  2   33  11503
273  11552  2   0  11552
274  11506  3   0  105  11401
275  11551  4   1401  0  0  10150
276  11510  2   0  11510
277  11500  2   4  11496
278  11566  2   0  11566
279  11548  2   0  11548
280  11552  2   0  11552
281  11556  2   0  11556
282  11568  5   0  0  0  0  11568
283  11550  4   0  0  0  11550
284  6912  2   12  6900
285  11502  2   0  11502
286  11500  2   1  11499
287  11560  2   0  11560
288  11568  3   0  2  11566
289  11554  2   0  11554
290  11556  2   8  11548
291  11549  3   0  0  11549
292  11504  2   39  11465
293  11576  3   1  0  11575
294  11506  3   0  0  11506
295  11498  2   0  11498
296  11568  3   0  0  11568
297  11506  2   1  11505
298  11574  3   0  1  11573
299  11500  3   0  0  11500
300  11484  2   0  11484
301  11500  2   0  11500
302  6922  2   0  6922
303  11574  3   0  9  11565
304  10933  3   0  0  10933
305  11497  3   0  0  11497
306  11550  2   2  11548
307  11548  2   0  11548
308  11154  3   0  0  11154
309  11500  3   0  0  11500
310  11570  3   0  1  11569
311  11552  4   0  2  0  11550
312  11557  3   0  0  11557
313  11504  4   1  1  0  11502
314  11158  2   11  11147
315  11494  2   0  11494
316  11468  2   2  11466
317  10206  3   1858  0  8348
318  11460  3   0  0  11460
319  11518  3   0  0  11518
320  11574  4   0  0  0  11574
321  11559  4   1  0  1  11557
322  11496  2   0  11496
323  11476  2   10  11466
324  11285  4   1  0  0  11284
325  11548  3   0  0  11548
326  11562  2   0  11562
327  11573  5   2  0  0  0  11571
328  11554  3   0  0  11554
329  11509  3   0  5  11504
330  6894  2   0  6894
331  11558  3   0  0  11558
332  11504  4   0  6  0  11498
333  11162  2   0  11162
334  11571  4   0  2  0  11569
335  11496  2   0  11496
336  10979  4   0  36  0  10943
337  11512  2   0  11512
338  11548  4   0  0  0  11548
339  11556  2   0  11556
340  11572  3   0  0  11572
341  11555  3   0  0  11555
342  11554  2   0  11554
343  11546  3   0  0  11546
344  6920  2   0  6920
345  11494  2   0  11494
346  11502  3   0  0  11502
347  11550  2   0  11550
348  11510  2   0  11510
349  6883  4   10  2  0  6871
350  11556  2   22  11534
351  11498  3   0  0  11498
352  11170  3   0  0  11170
353  10713  5   0  0  810  1  9902
354  11546  2   16  11530
355  11498  2   0  11498
356  11558  3   1  0  11557
357  11488  2   26  11462
358  11472  3   0  0  11472
359  11516  3   0  0  11516
360  6884  2   0  6884
361  11562  2   0  11562
362  11500  2   0  11500
363  11488  2   0  11488
364  11552  2   33  11519
365  11494  2   0  11494
366  11568  2   0  11568
367  11480  3   0  914  10566
368  11558  3   0  0  11558
369  11564  2   0  11564
370  11488  3   0  0  11488
371  9838  3   2  0  9836
372  11555  3   0  0  11555
373  11554  2   0  11554
374  11508  2   0  11508
375  11566  2   0  11566
376  11488  3   0  0  11488
377  11094  2   0  11094
378  11548  2   1  11547
379  11553  3   3  5  11545
380  10997  3   2  0  10995
381  11500  2   0  11500
382  11500  3   5  0  11495
383  11122  2   0  11122

[pop]=3
1  8654  2   0  8654
2  8654  3   0  0  8654
3  8652  3   0  0  8652
4  5322  2   0  5322
5  8654  3   0  0  8654
6  8654  3   0  0  8654
7  8649  4   0  0  5  8644
8  8654  3   0  0  8654
9  8654  2   0  8654
10  8654  2   0  8654
11  8654  5   0  0  0  0  8654
12  8648  2   272  8376
13  8654  2   0  8654
14  8654  3   0  0  8654
15  8654  3   0  0  8654
16  8654  4   0  0  0  8654
17  8654  2   3  8651
18  8654  3   1  0  8653
19  8650  2   0  8650
20  8654  3   0  0  8654
21  5390  2   0  5390
22  8632  2   0  8632
23  8648  2   0  8648
24  8654  3   0  0  8654
25  8653  4   0  0  0  8653
26  8654  4   1  0  0  8653
27  8654  2   1  8653
28  8654  2   0  8654
29  8650  2   0  8650
30  8654  2   0  8654
31  8654  3   0  0  8654
32  8652  2   0  8652
33  8654  3   0  0  8654
34  8654  2   0  8654
35  8654  2   0  8654
36  8654  2   1  8653
37  8632  4   0  0  0  8632
38  8654  2   0  8654
39  8650  3   0  1  8649
40  8630  4   0  0  2  8628
41  8654  4   0  0  0  8654
42  8654  4   0  0  0  8654
43  8654  2   0  8654
44  8632  2   0  8632
45  8654  2   0  8654
46  8652  2   0  8652
47  8622  2   0  8622
48  8654  3   1  1  8652
49  8654  4   0  5  0  8649
50  8654  2   0  8654
51  8654  2   0  8654
52  8654  2   0  8654
53  8654  2   2  8652
54  8650  2   0  8650
55  8652  2   0  8652
56  8628  2   5719  2909
57  8652  2   0  8652
58  8654  2   0  8654
59  8650  4   0  0  0  8650
60  8654  2   28  8626
61  8654  3   0  0  8654
62  7324  2   0  7324
63  8654  3   0  0  8654
64  8650  2   0  8650
65  8654  2   0  8654
66  8654  3   0  0  8654
67  4876  2   0  4876
68  8654  3   0  0  8654
69  5328  2   8  5320
70  8648  2   0  8648
71  8654  3   0  0  8654
72  8632  3   0  0  8632
73  8654  2   0  8654
74  8652  2   0  8652
75  8654  2   0  8654
76  5326  2   0  5326
77  8654  3   0  0  8654
78  8650  2   0  8650
79  8654  2   0  8654
80  5339  3   0  0  5339
81  8650  2   0  8650
82  8654  2   0  8654
83  8654  2   0  8654
84  8654  3   0  0  8654
85  5328  2   0  5328
86  8650  2   0  8650
87  5336  2   0  5336
88  8652  2   0  8652
89  8654  3   0  0  8654
90  8654  3   0  0  8654
91  8650  2   0  8650
92  8654  2   0  8654
93  8654  2   0  8654
94  8654  3   0  1  8653
95  8641  4   0  0  0  8641
96  8620  2   1  8619
97  8652  2   0  8652
98  8470  2   0  8470
99  5324  2   0  5324
100  8654  2   1  8653
101  8648  2   0  8648
102  8608  2   0  8608
103  8650  2   5  8645
104  8652  2   0  8652
105  8646  3   5  0  8641
106  8648  2   0  8648
107  8652  2   0  8652
108  8639  3   1  0  8638
109  5312  2   0  5312
110  8646  3   0  1  8645
111  5308  2   0  5308
112  8652  3   0  0  8652
113  8462  2   9  8453
114  8650  2   0  8650
115  8652  3   0  1  8651
116  8636  2   2  8634
117  8646  3   0  0  8646
118  8638  3   0  0  8638
119  8643  3   0  19  8624
120  7444  5   0  0  2  0  7442
121  5310  2   0  5310
122  8636  2   0  8636
123  8634  3   0  20  8614
124  5314  2   0  5314
125  5306  2   0  5306
126  8652  2   0  8652
127  8654  3   2  0  8652
128  7018  3   0  0  7018
129  5304  2   0  5304
130  8639  3   2747  0  5892
131  8596  2   2  8594
132  8648  3   0  0  8648
133  8652  2   7  8645
134  8636  3   0  0  8636
135  8644  2   0  8644
136  8654  3   0  0  8654
137  8641  3   2  5  8634
138  5302  2   0  5302
139  8649  3   0  0  8649
140  8650  3   0  0  8650
141  8644  4   1  2  0  8641
142  8640  2   0  8640
143  8650  2   33  8617
144  8650  3   1  0  8649
145  8580  3   0  0  8580
146  8644  3   0  0  8644
147  8066  3   3  1  8062
148  8650  2   0  8650
149  8648  3   0  0  8648
150  8636  2   1  8635
151  8620  2   0  8620
152  8650  3   0  0  8650
153  8652  3   0  0  8652
154  8646  2   0  8646
155  8650  2   0  8650
156  8650  2   2  8648
157  8648  2   0  8648
158  8591  4   0  0  0  8591
159  8648  2   30  8618
160  8646  2   0  8646
161  8636  4   0  0  0  8636
162  8636  5   0  0  0  0  8636
163  8648  2   0  8648
164  8650  2   0  8650
165  8632  2   0  8632
166  8600  5   0  0  0  0  8600
167  8648  2   0  8648
168  8650  2   1  8649
169  8644  2   50  8594
170  8632  3   1  592  8039
171  8634  3   0  0  8634
172  8648  2   0  8648
173  8648  3   0  0  8648
174  8576  2   2  8574
175  8646  3   0  0  8646
176  8580  2   0  8580
177  8648  3   0  1  8647
178  5294  2   0  5294
179  7674  2   1  7673
180  8646  3   0  0  8646
181  8644  2   1  8643
182  8650  2   3  8647
183  8648  2   0  8648
184  8594  3   0  0  8594
185  8648  3   0  1  8647
186  5296  2   5  5291
187  8648  3   0  1  8647
188  8648  2   0  8648
189  8646  2   1  8645
190  8644  2   0  8644
191  8636  2   0  8636
192  5294  2   0  5294
193  8644  3   0  0  8644
194  8648  2   3  8645
195  8622  2   0  8622
196  5292  2   0  5292
197  8650  2   0  8650
198  8597  3   0  0  8597
199  8618  2   0  8618
200  8636  2   0  8636
201  8616  2   0  8616
202  8598  3   0  0  8598
203  8578  2   0  8578
204  8626  2   0  8626
205  8634  4   3  1  0  8630
206  8475  3   0  32  8443
207  8646  3   0  0  8646
208  8648  2   0  8648
209  8616  3   1  0  8615
210  8623  3   1  0  8622
211  8645  4   0  0  0  8645
212  8615  3   3  1  8611
213  8577  3   142  0  8435
214  8627  3   0  0  8627
215  8588  2   0  8588
216  8646  2   0  8646
217  8632  2   0  8632
218  8634  2   0  8634
219  8650  3   0  0  8650
220  8605  3   0  0  8605
221  8620  4   2  0  2  8616
222  8614  4   1  0  0  8613
223  8644  2   1  8643
224  8616  4   0  0  0  8616
225  8579  4   0  0  0  8579
226  8641  3   0  0  8641
227  8632  2   0  8632
228  8608  2   15  8593
229  8634  3   0  0  8634
230  8634  3   1  0  8633
231  8610  2   0  8610
232  8616  3   0  0  8616
233  8610  5   0  0  0  0  8610
234  8635  3   1  16  8618
235  8592  3   2  0  8590
236  8643  3   0  0  8643
237  8648  3   0  1  8647
238  8625  4   197  0  2  8426
239  8634  3   7  0  8627
240  8604  2   0  8604
241  8611  3   0  0  8611
242  8611  3   0  0  8611
243  8604  4   0  1  0  8603
244  5295  3   1  0  5294
245  8615  3   0  0  8615
246  8584  2   0  8584
247  5284  2   0  5284
248  8610  2   1  8609
249  8386  3   0  3005  5381
250  8626  2   0  8626
251  8614  3   0  4  8610
252  8608  3   0  0  8608
253  8634  4   4  0  0  8630
254  8641  4   0  1  3  8637
255  8643  4   1  0  0  8642
256  8622  2   0  8622
257  8618  2   0  8618
258  8612  3   0  0  8612
259  8601  4   0  1  1  8599
260  5296  3   2  0  5294
261  5283  3   1  2  5280
262  8631  3   3  0  8628
263  8644  4   1  0  0  8643
264  8634  2   0  8634
265  8646  2   5  8641
266  8612  3   0  0  8612
267  5299  3   0  0  5299
268  5300  2   0  5300
269  8610  2   0  8610
270  8630  2   2  8628
271  8579  4   2341  0  0  6238
272  8620  2   0  8620
273  8592  2   1  8591
274  8588  3   0  0  8588
275  8605  4   230  0  0  8375
276  8576  2   0  8576
277  8644  2   1  8643
278  8642  2   0  8642
279  8606  2   0  8606
280  8608  2   0  8608
281  8606  2   0  8606
282  8642  5   0  0  0  0  8642
283  8607  4   0  0  0  8607
284  5278  2   0  5278
285  8634  2   0  8634
286  8644  2   0  8644
287  8616  2   0  8616
288  8644  3   0  0  8644
289  8614  2   0  8614
290  8614  2   0  8614
291  8604  3   0  0  8604
292  8632  2   0  8632
293  8652  3   0  0  8652
294  8633  3   0  0  8633
295  8638  2   0  8638
296  8642  3   0  0  8642
297  8636  2   0  8636
298  8643  3   0  0  8643
299  8638  3   0  0  8638
300  8606  2   0  8606
301  8638  2   0  8638
302  5306  2   0  5306
303  8642  3   1  0  8641
304  8111  3   0  3  8108
305  8544  3   0  0  8544
306  8610  2   0  8610
307  8606  2   0  8606
308  8594  3   0  0  8594
309  8634  3   0  0  8634
310  8641  3   0  0  8641
311  8612  4   0  0  0  8612
312  8613  3   0  0  8613
313  8636  4   0  0  0  8636
314  8594  2   1  8593
315  8634  2   3  8631
316  8586  2   0  8586
317  7342  3   1678  1  5663
318  8579  3   1  3  8575
319  8615  3   0  0  8615
320  8652  4   0  21  0  8631
321  8623  4   1  0  85  8537
322  8634  2   0  8634
323  8590  2   0  8590
324  8238  4   0  0  0  8238
325  8612  3   0  0  8612
326  8620  2   0  8620
327  8650  5   0  0  0  3  8647
328  8630  3   0  0  8630
329  8571  3   0  0  8571
330  5264  2   0  5264
331  8616  3   0  0  8616
332  8631  4   0  0  0  8631
333  8590  2   0  8590
334  8632  4   0  0  40  8592
335  8632  2   0  8632
336  7879  4   0  0  0  7879
337  8608  2   0  8608
338  8613  4   0  0  0  8613
339  8620  2   2  8618
340  8648  3   0  0  8648
341  8630  3   0  0  8630
342  8622  2   0  8622
343  8614  3   0  0  8614
344  5298  2   0  5298
345  8632  2   0  8632
346  8634  3   1  0  8633
347  8632  2   0  8632
348  8552  2   0  8552
349  5248  4   0  4  0  5244
350  8634  2   0  8634
351  8634  3   66  0  8568
352  8584  3   0  0  8584
353  7644  5   0  0  688  0  6956
354  8630  2   0  8630
355  8548  2   0  8548
356  8637  3   0  0  8637
357  8636  2   14  8622
358  8564  3   0  0  8564
359  8594  3   1  0  8593
360  5244  2   0  5244
361  8636  2   0  8636
362  8634  2   0  8634
363  8636  2   0  8636
364  8622  2   0  8622
365  8530  2   0  8530
366  8622  2   0  8622
367  8580  3   0  1095  7485
368  8636  3   0  0  8636
369  8614  2   0  8614
370  8632  3   0  0  8632
371  7342  3   0  0  7342
372  8622  3   0  0  8622
373  8630  2   0  8630
374  8590  2   2  8588
375  8614  2   0  8614
376  8630  3   0  0  8630
377  8326  2   0  8326
378  8616  2   3  8613
379  8633  3   0  0  8633
380  8253  3   0  0  8253
381  8580  2   0  8580
382  8640  3   0  0  8640
383  8494  2   0  8494

[pop]=4
1  6614  2   0  6614
2  6614  3   0  0  6614
3  6614  3   0  0  6614
4  3820  2   0  3820
5  6614  3   0  0  6614
6  6614  3   0  0  6614
7  6614  4   0  0  0  6614
8  6614  3   0  0  6614
9  6614  2   0  6614
10  6614  2   1  6613
11  6614  5   0  0  0  0  6614
12  6612  2   1845  4767
13  6614  2   0  6614
14  6614  3   0  0  6614
15  6614  3   0  0  6614
16  6614  4   0  0  0  6614
17  6614  2   0  6614
18  6614  3   0  0  6614
19  6614  2   0  6614
20  6614  3   0  0  6614
21  3830  2   0  3830
22  6062  2   0  6062
23  6614  2   0  6614
24  6614  3   0  0  6614
25  6614  4   1  0  0  6613
26  6614  4   0  0  0  6614
27  6614  2   0  6614
28  6614  2   0  6614
29  6614  2   0  6614
30  6614  2   0  6614
31  6614  3   0  0  6614
32  6614  2   0  6614
33  6614  3   0  0  6614
34  6614  2   0  6614
35  6614  2   0  6614
36  6614  2   0  6614
37  6062  4   0  0  0  6062
38  6614  2   0  6614
39  6614  3   0  0  6614
40  6613  4   0  0  0  6613
41  6614  4   0  0  0  6614
42  6614  4   0  0  0  6614
43  6614  2   0  6614
44  6062  2   0  6062
45  6614  2   0  6614
46  6614  2   0  6614
47  6614  2   0  6614
48  6614  3   0  0  6614
49  6614  4   0  0  1  6613
50  6614  2   0  6614
51  6614  2   0  6614
52  6614  2   0  6614
53  6614  2   0  6614
54  6614  2   0  6614
55  6614  2   0  6614
56  6612  2   4838  1774
57  6614  2   1  6613
58  6614  2   0  6614
59  6614  4   0  0  0  6614
60  6614  2   0  6614
61  6614  3   0  0  6614
62  5664  2   28  5636
63  6614  3   0  0  6614
64  6614  2   0  6614
65  6614  2   0  6614
66  6614  3   0  0  6614
67  3842  2   116  3726
68  6614  3   0  0  6614
69  3820  2   0  3820
70  6614  2   0  6614
71  6614  3   0  0  6614
72  6062  3   0  0  6062
73  6614  2   0  6614
74  6614  2   0  6614
75  6614  2   0  6614
76  3820  2   0  3820
77  6614  3   0  0  6614
78  6614  2   0  6614
79  6614  2   0  6614
80  3826  3   6  0  3820
81  6614  2   0  6614
82  6614  2   0  6614
83  6614  2   0  6614
84  6614  3   0  0  6614
85  3820  2   0  3820
86  6614  2   0  6614
87  3826  2   0  3826
88  6614  2   0  6614
89  6614  3   0  0  6614
90  6614  3   0  0  6614
91  6614  2   0  6614
92  6614  2   0  6614
93  6614  2   0  6614
94  6614  3   0  0  6614
95  6613  4   0  0  0  6613
96  6060  2   0  6060
97  6614  2   0  6614
98  6590  2   0  6590
99  3820  2   12  3808
100  6614  2   0  6614
101  6612  2   0  6612
102  6608  2   0  6608
103  6614  2   0  6614
104  6614  2   0  6614
105  6614  3   0  0  6614
106  6608  2   0  6608
107  6614  2   0  6614
108  6613  3   0  0  6613
109  3822  2   118  3704
110  6612  3   0  0  6612
111  3822  2   8  3814
112  6614  3   0  0  6614
113  5870  2   16  5854
114  6614  2   0  6614
115  6614  3   0  0  6614
116  6614  2   3  6611
117  6612  3   0  0  6612
118  6606  3   0  0  6606
119  6608  3   0  0  6608
120  5440  5   0  0  0  0  5440
121  3822  2   0  3822
122  6612  2   1  6611
123  6604  3   0  0  6604
124  3820  2   0  3820
125  3822  2   0  3822
126  6614  2   0  6614
127  6614  3   0  0  6614
128  5030  3   0  0  5030
129  3822  2   1  3821
130  6614  3   2440  0  4174
131  6036  2   0  6036
132  6614  3   0  0  6614
133  6614  2   0  6614
134  6612  3   0  0  6612
135  6610  2   0  6610
136  6614  3   0  0  6614
137  6610  3   0  0  6610
138  3822  2   0  3822
139  6614  3   0  0  6614
140  6614  3   0  0  6614
141  6610  4   0  0  131  6479
142  6612  2   0  6612
143  6614  2   0  6614
144  6614  3   0  0  6614
145  6612  3   0  0  6612
146  6611  3   0  0  6611
147  5768  3   0  0  5768
148  6614  2   0  6614
149  6613  3   0  0  6613
150  6612  2   0  6612
151  6604  2   0  6604
152  6612  3   0  0  6612
153  6614  3   0  0  6614
154  6542  2   0  6542
155  6612  2   0  6612
156  6614  2   0  6614
157  6614  2   0  6614
158  6028  4   0  0  0  6028
159  6614  2   0  6614
160  6614  2   0  6614
161  6612  4   0  0  0  6612
162  6612  5   0  0  0  0  6612
163  6612  2   0  6612
164  6614  2   0  6614
165  6612  2   0  6612
166  6606  5   0  0  0  0  6606
167  6614  2   0  6614
168  6614  2   0  6614
169  6614  2   0  6614
170  6611  3   21  140  6450
171  6610  3   0  0  6610
172  6610  2   0  6610
173  6612  3   0  0  6612
174  6014  2   0  6014
175  6612  3   0  0  6612
176  6342  2   0  6342
177  6610  3   0  0  6610
178  3820  2   0  3820
179  5578  2   2  5576
180  6614  3   0  0  6614
181  6612  2   0  6612
182  6614  2   0  6614
183  6614  2   1  6613
184  6604  3   0  0  6604
185  6610  3   0  0  6610
186  3820  2   0  3820
187  6614  3   0  0  6614
188  6614  2   0  6614
189  6608  2   0  6608
190  6610  2   0  6610
191  6612  2   0  6612
192  3824  2   0  3824
193  6610  3   0  0  6610
194  6614  2   0  6614
195  6610  2   0  6610
196  3822  2   0  3822
197  6612  2   0  6612
198  6604  3   0  0  6604
199  6610  2   0  6610
200  6608  2   1  6607
201  6598  2   0  6598
202  6604  3   1  0  6603
203  6598  2   0  6598
204  6608  2   0  6608
205  6608  4   0  0  0  6608
206  5969  3   0  7  5962
207  6614  3   0  0  6614
208  6612  2   2  6610
209  6596  3   0  0  6596
210  6610  3   0  0  6610
211  6614  4   0  0  1  6613
212  6610  3   0  0  6610
213  6598  3   1325  0  5273
214  6608  3   0  0  6608
215  6006  2   0  6006
216  6614  2   0  6614
217  6608  2   2  6606
218  6612  2   0  6612
219  6614  3   0  0  6614
220  6604  3   0  0  6604
221  6610  4   0  0  0  6610
222  6608  4   0  0  0  6608
223  6614  2   220  6394
224  6610  4   0  0  1  6609
225  6601  4   0  0  0  6601
226  6614  3   0  0  6614
227  6612  2   0  6612
228  6590  2   0  6590
229  6608  3   0  0  6608
230  6612  3   0  0  6612
231  6608  2   0  6608
232  6610  3   0  0  6610
233  6608  5   0  0  0  1  6607
234  6608  3   0  0  6608
235  6005  3   0  0  6005
236  6614  3   0  0  6614
237  6612  3   0  0  6612
238  6607  4   1  0  0  6606
239  6612  3   0  0  6612
240  6578  2   0  6578
241  6608  3   0  0  6608
242  6610  3   0  0  6610
243  6608  4   0  0  0  6608
244  3822  3   0  0  3822
245  6610  3   0  0  6610
246  6602  2   0  6602
247  3820  2   0  3820
248  6608  2   0  6608
249  5833  3   0  1143  4690
250  6610  2   0  6610
251  6610  3   0  0  6610
252  6608  3   0  0  6608
253  6608  4   0  0  0  6608
254  6614  4   0  0  0  6614
255  6612  4   108  0  0  6504
256  6608  2   0  6608
257  6610  2   1  6609
258  6609  3   0  0  6609
259  6608  4   0  0  0  6608
260  3822  3   0  0  3822
261  3820  3   0  0  3820
262  6608  3   0  0  6608
263  6612  4   0  0  4  6608
264  6612  2   0  6612
265  6614  2   0  6614
266  6610  3   0  0  6610
267  3822  3   0  0  3822
268  3822  2   0  3822
269  6608  2   0  6608
270  6608  2   0  6608
271  6004  4   790  0  0  5214
272  6604  2   41  6563
273  6602  2   2  6600
274  6536  3   0  0  6536
275  6605  4   1424  0  0  5181
276  6604  2   0  6604
277  6612  2   0  6612
278  6610  2   0  6610
279  6608  2   0  6608
280  6608  2   0  6608
281  6606  2   0  6606
282  6612  5   0  0  0  0  6612
283  6610  4   0  0  0  6610
284  3820  2   0  3820
285  6608  2   0  6608
286  6612  2   0  6612
287  6608  2   0  6608
288  6612  3   0  0  6612
289  6610  2   1  6609
290  6610  2   0  6610
291  6609  3   0  0  6609
292  6608  2   98  6510
293  6614  3   0  0  6614
294  6608  3   0  0  6608
295  6612  2   0  6612
296  6614  3   0  0  6614
297  6608  2   0  6608
298  6614  3   0  0  6614
299  6614  3   0  0  6614
300  6594  2   0  6594
301  6614  2   0  6614
302  3822  2   0  3822
303  6614  3   0  0  6614
304  6486  3   0  0  6486
305  6601  3   0  0  6601
306  6610  2   0  6610
307  6610  2   0  6610
308  6026  3   0  0  6026
309  6614  3   0  0  6614
310  6614  3   0  0  6614
311  6610  4   0  0  0  6610
312  6611  3   0  0  6611
313  6610  4   0  0  0  6610
314  6030  2   0  6030
315  6614  2   0  6614
316  6576  2   0  6576
317  6116  3   648  0  5468
318  6476  3   0  0  6476
319  6536  3   2  0  6534
320  6614  4   0  0  0  6614
321  6610  4   0  0  0  6610
322  6614  2   0  6614
323  6586  2   0  6586
324  6562  4   0  0  0  6562
325  6610  3   0  0  6610
326  6612  2   0  6612
327  6614  5   0  1  0  0  6613
328  6610  3   0  0  6610
329  6611  3   0  0  6611
330  3820  2   0  3820
331  6610  3   0  0  6610
332  6610  4   0  0  0  6610
333  6030  2   0  6030
334  6614  4   0  0  0  6614
335  6614  2   0  6614
336  6488  4   0  0  0  6488
337  6520  2   0  6520
338  6609  4   0  0  0  6609
339  6612  2   0  6612
340  6614  3   0  0  6614
341  6610  3   0  0  6610
342  6612  2   0  6612
343  6610  3   0  0  6610
344  3820  2   0  3820
345  6614  2   0  6614
346  6610  3   0  0  6610
347  6612  2   0  6612
348  6612  2   0  6612
349  3819  4   0  0  0  3819
350  6614  2   0  6614
351  6610  3   0  0  6610
352  6038  3   0  0  6038
353  6338  5   0  0  201  0  6137
354  6614  2   0  6614
355  6614  2   1  6613
356  6614  3   0  0  6614
357  6614  2   1  6613
358  6562  3   0  0  6562
359  6612  3   0  0  6612
360  3820  2   0  3820
361  6614  2   0  6614
362  6612  2   3  6609
363  6614  2   0  6614
364  6614  2   0  6614
365  6614  2   0  6614
366  6614  2   0  6614
367  6406  3   0  227  6179
368  6614  3   0  0  6614
369  6614  2   0  6614
370  6614  3   0  0  6614
371  6066  3   0  0  6066
372  6610  3   0  0  6610
373  6614  2   0  6614
374  6356  2   0  6356
375  6614  2   0  6614
376  6614  3   0  0  6614
377  6134  2   0  6134
378  6610  2   0  6610
379  6614  3   0  0  6614
380  6045  3   0  0  6045
381  6614  2   2  6612
382  6612  3   0  0  6612
383  6046  2   0  6046

[pop]=5
1  66728  2   5  66723
2  66724  3   1  1  66722
3  66678  3   1  1  66676
4  39030  2   0  39030
5  66691  3   21  0  66670
6  66734  3   1  0  66733
7  66570  4   0  1  1  66568
8  66716  3   4  1  66711
9  66674  2   0  66674
10  66736  2   317  66419
11  66738  5   1  0  0  1  66736
12  66598  2   23163  43435
13  66714  2   1  66713
14  66734  3   5  0  66729
15  66740  3   0  1  66739
16  66729  4   0  1  3  66725
17  66730  2   0  66730
18  66726  3   0  0  66726
19  66526  2   0  66526
20  66716  3   0  1  66715
21  39064  2   0  39064
22  57792  2   2  57790
23  66650  2   3  66647
24  66736  3   0  1  66735
25  66733  4   116  0  315  66302
26  66716  4   0  0  0  66716
27  66740  2   7  66733
28  66712  2   4  66708
29  66688  2   17  66671
30  66740  2   6  66734
31  66737  3   1  1  66735
32  66736  2   2  66734
33  66736  3   1  1  66734
34  66740  2   0  66740
35  66736  2   0  66736
36  66738  2   12  66726
37  57773  4   8  1  1  57763
38  66738  2   0  66738
39  66656  3   1  0  66655
40  66605  4   0  0  0  66605
41  66713  4   0  0  1  66712
42  66740  4   1  1  1  66737
43  66740  2   1  66739
44  57742  2   0  57742
45  66708  2   0  66708
46  66656  2   3  66653
47  66582  2   6  66576
48  66739  3   0  0  66739
49  66729  4   0  0  0  66729
50  66698  2   0  66698
51  66740  2   1  66739
52  66740  2   2  66738
53  66740  2   0  66740
54  66462  2   0  66462
55  66676  2   2  66674
56  66724  2   43395  23329
57  66622  2   0  66622
58  66730  2   1  66729
59  66439  4   0  1  1  66437
60  66708  2   0  66708
61  66740  3   2  12  66726
62  53904  2   50  53854
63  66714  3   2  2  66710
64  66692  2   0  66692
65  66716  2   2  66714
66  66679  3   1  0  66678
67  35500  2   21  35479
68  66740  3   0  15  66725
69  39020  2   0  39020
70  66402  2   2  66400
71  66740  3   5  0  66735
72  57851  3   0  0  57851
73  66668  2   4  66664
74  66592  2   0  66592
75  66740  2   0  66740
76  39022  2   2  39020
77  66724  3   1  0  66723
78  66350  2   2  66348
79  66686  2   0  66686
80  39037  3   22  4  39011
81  66662  2   2  66660
82  66660  2   6  66654
83  66570  2   0  66570
84  66740  3   0  0  66740
85  39020  2   3  39017
86  66296  2   0  66296
87  39034  2   0  39034
88  66734  2   1  66733
89  66656  3   1  1  66654
90  66712  3   0  0  66712
91  66634  2   11  66623
92  66642  2   6  66636
93  66506  2   0  66506
94  66710  3   1  0  66709
95  66709  4   0  1  0  66708
96  57096  2   5  57091
97  66720  2   2  66718
98  66690  2   13  66677
99  39016  2   12  39004
100  66438  2   0  66438
101  66120  2   2  66118
102  66304  2   0  66304
103  66728  2   0  66728
104  66694  2   0  66694
105  66034  3   0  0  66034
106  66298  2   0  66298
107  66704  2   2  66702
108  65984  3   0  0  65984
109  39024  2   55  38969
110  66089  3   1  0  66088
111  39018  2   0  39018
112  66723  3   2  1  66720
113  54982  2   174  54808
114  66576  2   2  66574
115  66474  3   1  0  66473
116  65954  2   108  65846
117  66064  3   0  1  66063
118  66227  3   1  3  66223
119  65704  3   2  9  65693
120  56532  5   0  0  0  1  56531
121  39022  2   4  39018
122  65920  2   3  65917
123  66199  3   1  0  66198
124  38998  2   2  38996
125  39018  2   0  39018
126  66718  2   0  66718
127  66730  3   0  1  66729
128  53046  3   0  1  53045
129  39016  2   80  38936
130  66696  3   24024  2  42670
131  56488  2   0  56488
132  66564  3   1  2  66561
133  66430  2   0  66430
134  65866  3   0  0  65866
135  66044  2   1  66043
136  66727  3   1  16  66710
137  65665  3   0  0  65665
138  39008  2   2  39006
139  66549  3   1  0  66548
140  66414  3   0  0  66414
141  66041  4   21  0  511  65509
142  65664  2   2  65662
143  66680  2   0  66680
144  66396  3   0  0  66396
145  65840  3   2  3  65835
146  66020  3   3  3  66014
147  59002  3   0  4  58998
148  66646  2   0  66646
149  66534  3   1  0  66533
150  65824  2   4  65820
151  65988  2   4  65984
152  66724  3   1  0  66723
153  66630  3   1  2  66627
154  66622  2   2  66620
155  66724  2   0  66724
156  66192  2   0  66192
157  66656  2   1  66655
158  56204  4   0  0  1  56203
159  66298  2   1  66297
160  66618  2   1  66617
161  65828  4   1  0  0  65827
162  65982  5   0  4  0  1  65977
163  66718  2   1  66717
164  66612  2   20  66592
165  65594  2   19  65575
166  65660  5   10  0  4  0  65646
167  66648  2   2  66646
168  66528  2   11  66517
169  66268  2   0  66268
170  65811  3   452  292  65067
171  65953  3   1  2  65950
172  66704  2   0  66704
173  66638  3   2  3  66633
174  56010  2   0  56010
175  66576  3   0  1  66575
176  64636  2   3  64633
177  66706  3   0  0  66706
178  38940  2   0  38940
179  57306  2   2  57304
180  66556  3   1  0  66555
181  66620  2   11  66609
182  66512  2   0  66512
183  66238  2   14  66224
184  65736  3   1  4  65731
185  66675  3   2  0  66673
186  38938  2   7  38931
187  66227  3   0  0  66227
188  66230  2   2  66228
189  66614  2   1  66613
190  66618  2   314  66304
191  65742  2   0  65742
192  38952  2   0  38952
193  66307  3   0  1  66306
194  66202  2   0  66202
195  65344  2   9  65335
196  38944  2   31  38913
197  66626  2   4  66622
198  65718  3   1  2  65715
199  65278  2   2  65276
200  66482  2   95  66387
201  65648  2   2  65646
202  65739  3   0  0  65739
203  65306  2   0  65306
204  66046  2   0  66046
205  66431  4   0  1  1  66429
206  55166  3   13  180  54973
207  66430  3   5  0  66425
208  66106  2   41  66065
209  65605  3   3  0  65602
210  66232  3   0  0  66232
211  65935  4   2  2  1  65930
212  65192  3   2  3  65187
213  65288  3   14608  1  50679
214  66061  3   2  2  66057
215  55618  2   2  55616
216  66374  2   10  66364
217  65908  2   9  65899
218  65674  2   0  65674
219  66584  3   0  0  66584
220  65735  3   0  0  65735
221  66176  4   2  1  3  66170
222  65937  4   2  0  2  65933
223  65932  2   2138  63794
224  65153  4   2  0  0  65151
225  65249  4   0  1  0  65248
226  66365  3   1  0  66364
227  65642  2   0  65642
228  65508  2   0  65508
229  66398  3   1  0  66397
230  65620  3   0  0  65620
231  65596  2   4  65592
232  65563  3   0  1  65562
233  65564  5   1  1  0  0  65562
234  66351  3   3  0  66348
235  55428  3   0  0  55428
236  66285  3   36  1  66248
237  66066  3   0  2  66064
238  65711  4   4  10  0  65697
239  65564  3   3  0  65561
240  65400  2   4  65396
241  65627  3   1  6  65620
242  65526  3   3  1  65522
243  65645  4   0  0  1  65644
244  38937  3   0  4  38933
245  65124  3   3  3  65118
246  65080  2   0  65080
247  38822  2   0  38822
248  65522  2   0  65522
249  54103  3   0  10043  44060
250  65680  2   6  65674
251  65411  3   0  0  65411
252  65444  3   5  2  65437
253  66329  4   6  1  0  66322
254  66217  4   1  0  0  66216
255  66031  4   100  0  0  65931
256  65648  2   4  65644
257  65642  2   3  65639
258  65362  3   2  5  65355
259  65575  4   1  0  3  65571
260  38939  3   1  0  38938
261  38789  3   0  5  38784
262  66320  3   8  0  66312
263  66027  4   0  0  33  65994
264  65444  2   0  65444
265  66250  2   0  66250
266  65148  3   2  0  65146
267  38935  3   14  0  38921
268  38930  2   0  38930
269  65146  2   1  65145
270  66270  2   1  66269
271  55178  4   6465  4  0  48709
272  65534  2   587  64947
273  65136  2   11  65125
274  64976  3   1  90  64885
275  65489  4   18565  1  1  46922
276  64746  2   0  64746
277  65962  2   2  65960
278  65518  2   1  65517
279  64886  2   3  64883
280  65398  2   1  65397
281  65072  2   9  65063
282  65508  5   4  0  1  1  65502
283  64845  4   2  11  0  64832
284  38640  2   10  38630
285  66236  2   2  66234
286  65950  2   0  65950
287  64988  2   3  64985
288  65506  3   1  4  65501
289  65332  2   4  65328
290  65304  2   1  65303
291  64944  3   1  1  64942
292  66178  2   570  65608
293  65590  3   0  1  65589
294  66164  3   1  2  66161
295  65908  2   6  65902
296  65430  3   0  1  65429
297  66150  2   0  66150
298  65774  3   1  0  65773
299  65876  3   0  0  65876
300  64410  2   0  64410
301  65832  2   0  65832
302  38866  2   0  38866
303  65696  3   0  0  65696
304  62916  3   1  0  62915
305  64680  3   1  0  64679
306  64348  2   0  64348
307  64694  2   2  64692
308  55003  3   1  0  55002
309  65713  3   3  1  65709
310  65323  3   1  1  65321
311  64332  4   0  2  2  64328
312  64874  3   1  0  64873
313  65939  4   0  10  0  65929
314  54960  2   7  54953
315  65634  2   1  65633
316  63850  2   0  63850
317  60732  3   4998  1  55733
318  64459  3   1  10  64448
319  64414  3   24  1  64389
320  65428  4   0  6  1  65421
321  64949  4   2  0  5  64942
322  65624  2   0  65624
323  63918  2   40  63878
324  64069  4   1  0  2  64066
325  64134  3   0  0  64134
326  64630  2   2  64628
327  65447  5   2  4  0  0  65441
328  64952  3   0  1  64951
329  63998  3   1  0  63997
330  37836  2   11  37825
331  64372  3   0  1  64371
332  65889  4   3  3  1  65882
333  54988  2   0  54988
334  65378  4   2  1  0  65375
335  65592  2   3  65589
336  63596  4   0  24  1  63571
337  64266  2   4  64262
338  63919  4   15  1  0  63903
339  64480  2   0  64480
340  65383  3   0  1  65382
341  64875  3   1  0  64874
342  64346  2   4  64342
343  63860  3   1  2  63857
344  38782  2   0  38782
345  65498  2   2  65496
346  65798  3   0  0  65798
347  64682  2   2  64680
348  63768  2   0  63768
349  37587  4   9  1  1  37576
350  64360  2   38  64322
351  65796  3   2  1  65793
352  54804  3   0  2  54802
353  62462  5   1  0  2276  3  60182
354  64638  2   2  64636
355  63604  2   1  63603
356  64360  3   6  0  64354
357  65452  2   110  65342
358  63271  3   0  0  63271
359  63992  3   0  1  63991
360  37522  2   17  37505
361  64358  2   2  64356
362  65762  2   53  65709
363  65434  2   0  65434
364  64978  2   8  64970
365  63336  2   0  63336
366  65006  2   2  65004
367  63320  3   1  1154  62165
368  64240  3   1  3  64236
369  64870  2   2  64868
370  65436  3   1  1  65434
371  58444  3   0  1  58443
372  65039  3   0  0  65039
373  63986  2   0  63986
374  63972  2   0  63972
375  64788  2   3  64785
376  65400  3   0  2  65398
377  61452  2   2  61450
378  64944  2   0  64944
379  64150  3   0  1  64149
380  60912  3   2  0  60910
381  63890  2   3  63887
382  65688  3   0  0  65688
383  53894  2   0  53894

[pop]=6
1  908  2   0  908
2  906  3   0  0  906
3  908  3   0  0  908
4  596  2   0  596
5  906  3   0  0  906
6  906  3   0  0  906
7  904  4   0  0  0  904
8  908  3   0  0  908
9  906  2   0  906
10  908  2   19  889
11  908  5   0  1  0  0  907
12  906  2   221  685
13  906  2   0  906
14  908  3   0  0  908
15  908  3   0  0  908
16  908  4   0  0  0  908
17  908  2   0  908
18  908  3   0  0  908
19  906  2   0  906
20  908  3   0  0  908
21  596  2   0  596
22  830  2   0  830
23  908  2   0  908
24  908  3   0  0  908
25  908  4   0  0  19  889
26  908  4   0  0  0  908
27  908  2   0  908
28  906  2   0  906
29  908  2   0  908
30  908  2   0  908
31  908  3   0  0  908
32  908  2   0  908
33  908  3   0  0  908
34  908  2   0  908
35  908  2   0  908
36  908  2   0  908
37  829  4   0  0  0  829
38  906  2   0  906
39  906  3   0  0  906
40  907  4   0  0  0  907
41  908  4   0  0  0  908
42  908  4   0  0  0  908
43  906  2   0  906
44  828  2   0  828
45  906  2   0  906
46  906  2   0  906
47  902  2   1  901
48  908  3   0  0  908
49  906  4   0  0  0  906
50  908  2   0  908
51  908  2   0  908
52  908  2   0  908
53  908  2   0  908
54  906  2   0  906
55  904  2   0  904
56  908  2   586  322
57  906  2   0  906
58  908  2   0  908
59  905  4   0  0  0  905
60  908  2   0  908
61  908  3   0  0  908
62  714  2   0  714
63  908  3   0  0  908
64  906  2   0  906
65  906  2   0  906
66  908  3   0  0  908
67  476  2   2  474
68  908  3   0  0  908
69  596  2   0  596
70  904  2   0  904
71  908  3   0  0  908
72  832  3   0  0  832
73  908  2   0  908
74  906  2   0  906
75  908  2   0  908
76  596  2   0  596
77  908  3   0  0  908
78  904  2   0  904
79  908  2   0  908
80  596  3   2  0  594
81  906  2   0  906
82  908  2   0  908
83  906  2   0  906
84  908  3   0  0  908
85  596  2   0  596
86  904  2   0  904
87  596  2   0  596
88  906  2   1  905
89  908  3   0  0  908
90  908  3   0  0  908
91  906  2   0  906
92  908  2   3  905
93  906  2   0  906
94  908  3   0  0  908
95  908  4   0  0  0  908
96  828  2   0  828
97  906  2   0  906
98  906  2   0  906
99  596  2   0  596
100  908  2   0  908
101  902  2   0  902
102  902  2   0  902
103  906  2   0  906
104  906  2   0  906
105  900  3   0  0  900
106  902  2   0  902
107  908  2   0  908
108  902  3   0  0  902
109  596  2   1  595
110  902  3   0  0  902
111  596  2   0  596
112  904  3   0  0  904
113  802  2   6  796
114  906  2   0  906
115  904  3   0  0  904
116  898  2   2  896
117  902  3   0  0  902
118  904  3   0  1  903
119  904  3   0  0  904
120  742  5   0  0  0  0  742
121  596  2   0  596
122  898  2   0  898
123  903  3   0  0  903
124  596  2   0  596
125  596  2   0  596
126  906  2   0  906
127  908  3   0  0  908
128  684  3   0  0  684
129  596  2   0  596
130  907  3   276  1  630
131  818  2   0  818
132  906  3   0  0  906
133  904  2   0  904
134  900  3   0  0  900
135  902  2   1  901
136  908  3   0  0  908
137  903  3   0  0  903
138  596  2   0  596
139  905  3   0  0  905
140  904  3   0  0  904
141  902  4   0  0  7  895
142  904  2   0  904
143  908  2   0  908
144  904  3   0  0  904
145  900  3   0  0  900
146  902  3   0  0  902
147  800  3   0  0  800
148  908  2   0  908
149  906  3   0  0  906
150  900  2   0  900
151  904  2   1  903
152  908  3   0  0  908
153  908  3   0  0  908
154  898  2   0  898
155  908  2   0  908
156  906  2   0  906
157  908  2   0  908
158  815  4   0  0  0  815
159  904  2   1  903
160  904  2   0  904
161  900  4   0  0  0  900
162  902  5   0  0  0  0  902
163  908  2   0  908
164  908  2   0  908
165  898  2   0  898
166  900  5   0  0  0  1  899
167  908  2   0  908
168  906  2   0  906
169  904  2   0  904
170  900  3   8  23  869
171  902  3   0  0  902
172  908  2   0  908
173  906  3   0  0  906
174  812  2   0  812
175  902  3   0  0  902
176  878  2   0  878
177  908  3   0  0  908
178  594  2   0  594
179  746  2   0  746
180  908  3   0  0  908
181  908  2   0  908
182  906  2   0  906
183  904  2   0  904
184  903  3   0  0  903
185  908  3   0  0  908
186  594  2   1  593
187  904  3   0  0  904
188  904  2   0  904
189  908  2   0  908
190  908  2   19  889
191  900  2   0  900
192  596  2   0  596
193  906  3   0  0  906
194  904  2   0  904
195  892  2   0  892
196  596  2   0  596
197  908  2   0  908
198  904  3   0  0  904
199  892  2   0  892
200  908  2   1  907
201  900  2   0  900
202  903  3   0  0  903
203  898  2   0  898
204  904  2   0  904
205  908  4   0  0  0  908
206  797  3   0  7  790
207  904  3   0  0  904
208  904  2   0  904
209  899  3   0  0  899
210  906  3   0  0  906
211  904  4   0  0  0  904
212  892  3   0  0  892
213  898  3   158  0  740
214  904  3   0  0  904
215  806  2   0  806
216  906  2   0  906
217  896  2   0  896
218  898  2   0  898
219  908  3   0  0  908
220  902  3   0  0  902
221  906  4   0  0  0  906
222  896  4   0  0  0  896
223  904  2   35  869
224  892  4   0  0  0  892
225  895  4   0  0  0  895
226  906  3   0  0  906
227  898  2   0  898
228  898  2   0  898
229  908  3   0  0  908
230  898  3   0  0  898
231  902  2   0  902
232  899  3   0  0  899
233  901  5   0  1  0  0  900
234  908  3   0  1  907
235  804  3   0  0  804
236  906  3   4  0  902
237  904  3   0  0  904
238  897  4   0  0  0  897
239  898  3   0  0  898
240  892  2   0  892
241  901  3   0  1  900
242  898  3   0  1  897
243  896  4   0  0  0  896
244  596  3   0  0  596
245  892  3   0  0  892
246  888  2   0  888
247  594  2   0  594
248  900  2   0  900
249  789  3   0  216  573
250  894  2   0  894
251  898  3   0  0  898
252  897  3   0  0  897
253  908  4   0  0  0  908
254  906  4   0  0  0  906
255  904  4   8  0  0  896
256  892  2   0  892
257  902  2   0  902
258  896  3   0  0  896
259  896  4   0  0  0  896
260  596  3   2  0  594
261  594  3   0  0  594
262  907  3   0  0  907
263  904  4   0  0  0  904
264  898  2   0  898
265  896  2   0  896
266  896  3   0  0  896
267  596  3   1  0  595
268  596  2   0  596
269  894  2   0  894
270  904  2   0  904
271  809  4   146  2  0  661
272  892  2   5  887
273  892  2   0  892
274  886  3   0  20  866
275  896  4   168  0  0  728
276  870  2   0  870
277  904  2   0  904
278  902  2   1  901
279  892  2   0  892
280  896  2   0  896
281  894  2   0  894
282  902  5   0  0  0  0  902
283  892  4   0  0  0  892
284  594  2   2  592
285  904  2   0  904
286  904  2   1  903
287  896  2   0  896
288  902  3   0  0  902
289  896  2   0  896
290  892  2   1  891
291  893  3   0  0  893
292  902  2   8  894
293  897  3   0  0  897
294  902  3   0  0  902
295  904  2   0  904
296  902  3   0  0  902
297  902  2   0  902
298  904  3   0  0  904
299  904  3   0  0  904
300  886  2   0  886
301  904  2   0  904
302  596  2   0  596
303  904  3   0  0  904
304  813  3   0  0  813
305  884  3   0  0  884
306  882  2   0  882
307  894  2   0  894
308  802  3   0  0  802
309  904  3   0  0  904
310  902  3   0  0  902
311  884  4   0  0  0  884
312  888  3   0  0  888
313  902  4   0  0  0  902
314  800  2   0  800
315  904  2   0  904
316  880  2   1  879
317  790  3   118  0  672
318  869  3   0  0  869
319  850  3   0  0  850
320  888  4   0  0  0  888
321  887  4   0  0  1  886
322  904  2   0  904
323  882  2   1  881
324  844  4   0  0  0  844
325  880  3   0  0  880
326  888  2   0  888
327  888  5   0  0  0  0  888
328  886  3   0  0  886
329  847  3   0  0  847
330  576  2   0  576
331  884  3   0  0  884
332  902  4   0  1  0  901
333  802  2   0  802
334  902  4   0  0  0  902
335  904  2   0  904
336  835  4   0  1  0  834
337  846  2   0  846
338  877  4   0  0  0  877
339  888  2   0  888
340  890  3   0  0  890
341  880  3   0  0  880
342  886  2   0  886
343  876  3   0  0  876
344  596  2   0  596
345  900  2   0  900
346  902  3   0  1  901
347  868  2   0  868
348  830  2   0  830
349  571  4   2  4  0  565
350  886  2   4  882
351  902  3   1  0  901
352  800  3   0  0  800
353  797  5   0  0  42  0  755
354  868  2   0  868
355  826  2   0  826
356  882  3   0  0  882
357  900  2   1  899
358  855  3   1  0  854
359  846  3   0  0  846
360  566  2   0  566
361  882  2   0  882
362  902  2   1  901
363  900  2   0  900
364  846  2   4  842
365  806  2   0  806
366  900  2   0  900
367  812  3   0  46  766
368  875  3   0  0  875
369  896  2   0  896
370  898  3   0  0  898
371  738  3   0  0  738
372  892  3   0  0  892
373  874  2   0  874
374  812  2   0  812
375  894  2   0  894
376  898  3   0  0  898
377  796  2   0  796
378  884  2   0  884
379  865  3   0  0  865
380  782  3   0  0  782
381  814  2   0  814
382  902  3   0  0  902
383  752  2   0  752

[pop]=7
1  16512  2   0  16512
2  16512  3   0  0  16512
3  16512  3   3  0  16509
4  9688  2   0  9688
5  16508  3   0  1  16507
6  16509  3   0  1  16508
7  16512  4   35  0  0  16477
8  16510  3   0  0  16510
9  16512  2   3  16509
10  16512  2   92  16420
11  16512  5   0  3  0  0  16509
12  16508  2   2978  13530
13  16510  2   0  16510
14  16512  3   0  0  16512
15  16512  3   0  0  16512
16  16512  4   4  0  0  16508
17  16512  2   1  16511
18  16512  3   0  0  16512
19  16512  2   4  16508
20  16512  3   1  0  16511
21  9680  2   0  9680
22  15910  2   0  15910
23  16476  2   0  16476
24  16512  3   0  0  16512
25  16512  4   8  1  92  16411
26  16512  4   0  0  3  16509
27  16512  2   0  16512
28  16512  2   0  16512
29  16512  2   0  16512
30  16510  2   0  16510
31  16512  3   0  0  16512
32  16512  2   0  16512
33  16512  3   0  0  16512
34  16512  2   0  16512
35  16512  2   0  16512
36  16512  2   4  16508
37  15913  4   2  0  0  15911
38  16512  2   0  16512
39  16512  3   0  0  16512
40  16446  4   1  0  0  16445
41  16512  4   0  0  0  16512
42  16512  4   0  0  0  16512
43  16512  2   14  16498
44  15916  2   0  15916
45  16512  2   8  16504
46  16512  2   0  16512
47  16414  2   0  16414
48  16512  3   0  0  16512
49  16512  4   1  0  0  16511
50  16512  2   3  16509
51  16512  2   0  16512
52  16512  2   0  16512
53  16512  2   0  16512
54  16512  2   0  16512
55  16512  2   0  16512
56  16510  2   9384  7126
57  16512  2   0  16512
58  16512  2   0  16512
59  16512  4   0  0  0  16512
60  16512  2   0  16512
61  16512  3   0  1  16511
62  11620  2   0  11620
63  16512  3   0  0  16512
64  16512  2   2  16510
65  16512  2   0  16512
66  16512  3   0  1  16511
67  7204  2   0  7204
68  16512  3   0  0  16512
69  9690  2   2  9688
70  16512  2   0  16512
71  16512  3   0  0  16512
72  15921  3   1  0  15920
73  16512  2   0  16512
74  16512  2   1  16511
75  16512  2   0  16512
76  9690  2   0  9690
77  16512  3   0  0  16512
78  16512  2   0  16512
79  16512  2   0  16512
80  9690  3   0  0  9690
81  16512  2   0  16512
82  16512  2   0  16512
83  16512  2   3  16509
84  16512  3   0  0  16512
85  9690  2   0  9690
86  16512  2   2  16510
87  9690  2   2  9688
88  16512  2   0  16512
89  16512  3   0  0  16512
90  16512  3   0  6  16506
91  16512  2   0  16512
92  16512  2   0  16512
93  16512  2   0  16512
94  16512  3   0  0  16512
95  16501  4   0  0  1  16500
96  15912  2   3  15909
97  16512  2   0  16512
98  16400  2   2  16398
99  9690  2   0  9690
100  16512  2   0  16512
101  16512  2   0  16512
102  16500  2   1  16499
103  16512  2   0  16512
104  16512  2   3  16509
105  16512  3   0  0  16512
106  16502  2   0  16502
107  16508  2   0  16508
108  16504  3   0  0  16504
109  9692  2   0  9692
110  16512  3   0  0  16512
111  9692  2   0  9692
112  16512  3   0  0  16512
113  15522  2   75  15447
114  16512  2   0  16512
115  16512  3   0  0  16512
116  16512  2   99  16413
117  16512  3   0  0  16512
118  16501  3   0  1  16500
119  16510  3   0  2  16508
120  13935  5   3  0  0  0  13932
121  9692  2   0  9692
122  16510  2   0  16510
123  16501  3   0  0  16501
124  9690  2   0  9690
125  9692  2   0  9692
126  16512  2   0  16512
127  16512  3   0  0  16512
128  13036  3   1  0  13035
129  9692  2   0  9692
130  16510  3   4667  0  11843
131  15908  2   0  15908
132  16510  3   0  0  16510
133  16512  2   0  16512
134  16510  3   0  0  16510
135  16512  2   1  16511
136  16512  3   0  6  16506
137  16508  3   0  1  16507
138  9692  2   0  9692
139  16512  3   0  1  16511
140  16512  3   1  0  16511
141  16511  4   3  8  163  16337
142  16508  2   0  16508
143  16512  2   5  16507
144  16512  3   0  0  16512
145  16502  3   0  1  16501
146  16512  3   0  0  16512
147  14952  3   0  0  14952
148  16512  2   0  16512
149  16512  3   0  0  16512
150  16508  2   0  16508
151  16496  2   0  16496
152  16512  3   0  1  16511
153  16512  3   0  0  16512
154  16512  2   0  16512
155  16512  2   0  16512
156  16512  2   0  16512
157  16512  2   1  16511
158  15893  4   5  0  0  15888
159  16512  2   3  16509
160  16512  2   2  16510
161  16504  4   0  0  38  16466
162  16510  5   0  1  0  0  16509
163  16512  2   0  16512
164  16510  2   2  16508
165  16508  2   0  16508
166  16474  5   0  1  0  0  16473
167  16512  2   0  16512
168  16512  2   11  16501
169  16510  2   0  16510
170  16500  3   32  366  16102
171  16508  3   0  0  16508
172  16512  2   11  16501
173  16512  3   0  0  16512
174  15886  2   0  15886
175  16512  3   0  0  16512
176  16508  2   0  16508
177  16512  3   4  0  16508
178  9690  2   3  9687
179  13976  2   2  13974
180  16510  3   0  1  16509
181  16512  2   0  16512
182  16512  2   0  16512
183  16512  2   0  16512
184  16481  3   0  0  16481
185  16510  3   0  0  16510
186  9690  2   2  9688
187  16512  3   2  0  16510
188  16512  2   0  16512
189  16508  2   0  16508
190  16510  2   92  16418
191  16498  2   0  16498
192  9692  2   2  9690
193  16504  3   0  0  16504
194  16512  2   0  16512
195  16504  2   0  16504
196  9692  2   0  9692
197  16498  2   0  16498
198  16475  3   0  0  16475
199  16500  2   0  16500
200  16508  2   6  16502
201  16492  2   0  16492
202  16475  3   0  1  16474
203  16330  2   6  16324
204  16502  2   0  16502
205  16508  4   0  0  0  16508
206  15721  3   0  39  15682
207  16512  3   0  3  16509
208  16510  2   0  16510
209  16491  3   27  0  16464
210  16502  3   0  0  16502
211  16502  4   1  0  0  16501
212  16496  3   0  2  16494
213  16271  3   2295  0  13976
214  16502  3   0  0  16502
215  15758  2   0  15758
216  16512  2   0  16512
217  16506  2   1  16505
218  16494  2   0  16494
219  16478  3   0  0  16478
220  16475  3   0  3  16472
221  16500  4   0  0  0  16500
222  16495  4   1  1  0  16493
223  16502  2   333  16169
224  16493  4   0  0  0  16493
225  16180  4   1  0  0  16179
226  16512  3   0  1  16511
227  16490  2   2  16488
228  16488  2   0  16488
229  16507  3   0  1  16506
230  16488  3   1  1  16486
231  16488  2   0  16488
232  16469  3   1  0  16468
233  16486  5   1  1  0  0  16484
234  16506  3   0  2  16504
235  15588  3   3  0  15585
236  16512  3   4  0  16508
237  16506  3   0  1  16505
238  16500  4   7  0  0  16493
239  16472  3   0  0  16472
240  16486  2   1  16485
241  16475  3   3  1  16471
242  16464  3   0  1  16463
243  16456  4   0  103  0  16353
244  9687  3   2  0  9685
245  16486  3   0  0  16486
246  15648  2   0  15648
247  9688  2   0  9688
248  16484  2   1  16483
249  15060  3   0  4780  10280
250  16500  2   0  16500
251  16449  3   1  0  16448
252  16481  3   1  0  16480
253  16506  4   1  0  0  16505
254  16512  4   0  0  0  16512
255  16504  4   116  0  0  16388
256  16500  2   0  16500
257  16462  2   0  16462
258  16414  3   0  0  16414
259  16417  4   0  0  0  16417
260  9688  3   0  2  9686
261  9686  3   0  1  9685
262  16506  3   0  0  16506
263  16504  4   1  0  0  16503
264  16438  2   0  16438
265  16052  2   0  16052
266  16334  3   0  0  16334
267  9688  3   0  0  9688
268  9688  2   2  9686
269  16458  2   1  16457
270  16506  2   0  16506
271  15139  4   3530  0  0  11609
272  16500  2   19  16481
273  16342  2   2  16340
274  16422  3   0  14  16408
275  16377  4   2457  0  0  13920
276  14442  2   0  14442
277  16504  2   1  16503
278  16446  2   1  16445
279  16142  2   0  16142
280  16344  2   1  16343
281  16448  2   0  16448
282  16437  5   0  4  0  0  16433
283  16073  4   1  0  1  16071
284  9632  2   2  9630
285  16506  2   0  16506
286  16504  2   0  16504
287  16202  2   0  16202
288  16426  3   0  0  16426
289  16270  2   1  16269
290  16236  2   1  16235
291  16410  3   0  0  16410
292  16508  2   60  16448
293  16277  3   0  0  16277
294  16506  3   0  0  16506
295  16500  2   0  16500
296  16366  3   0  0  16366
297  16506  2   0  16506
298  16512  3   0  0  16512
299  16499  3   0  1  16498
300  16498  2   8  16490
301  16496  2   3  16493
302  9690  2   0  9690
303  16510  3   0  0  16510
304  12896  3   0  0  12896
305  15741  3   0  0  15741
306  15550  2   0  15550
307  16344  2   3  16341
308  14457  3   0  0  14457
309  16490  3   0  0  16490
310  16219  3   0  0  16219
311  15494  4   0  1  0  15493
312  15891  3   0  1  15890
313  16501  4   0  1  1  16499
314  14372  2   7  14365
315  16488  2   0  16488
316  16470  2   0  16470
317  14142  3   2923  0  11219
318  15956  3   1  0  15955
319  13876  3   0  0  13876
320  15894  4   0  1  0  15893
321  15874  4   0  2  0  15872
322  16486  2   0  16486
323  16462  2   0  16462
324  14613  4   0  0  0  14613
325  15172  3   0  1  15171
326  15698  2   0  15698
327  15765  5   0  0  1  0  15764
328  15624  3   0  0  15624
329  12190  3   0  0  12190
330  8998  2   0  8998
331  16210  3   1  0  16209
332  16503  4   0  1  0  16502
333  14280  2   5  14275
334  16510  4   0  0  2  16508
335  16482  2   0  16482
336  14078  4   1  4  0  14073
337  13692  2   0  13692
338  14952  4   1  0  7  14944
339  15568  2   0  15568
340  15605  3   1  0  15604
341  15442  3   0  0  15442
342  16184  2   0  16184
343  14920  3   0  0  14920
344  9688  2   0  9688
345  16470  2   0  16470
346  16502  3   1  0  16501
347  14722  2   0  14722
348  11406  2   0  11406
349  8633  4   1  7  0  8625
350  16042  2   3  16039
351  16502  3   2  0  16500
352  13760  3   1  0  13759
353  12399  5   0  0  932  1  11466
354  14492  2   2  14490
355  10862  2   0  10862
356  16009  3   1  0  16008
357  16432  2   11  16421
358  15425  3   0  1  15424
359  12026  3   0  0  12026
360  8470  2   0  8470
361  15988  2   0  15988
362  16500  2   0  16500
363  16418  2   1  16417
364  13780  2   2  13778
365  9870  2   0  9870
366  16508  2   0  16508
367  12347  3   0  520  11827
368  15744  3   0  1  15743
369  16506  2   0  16506
370  16351  3   0  0  16351
371  9908  3   0  0  9908
372  15192  3   1  1  15190
373  14580  2   2  14578
374  11276  2   0  11276
375  16500  2   0  16500
376  16294  3   1  0  16293
377  12834  2   0  12834
378  14972  2   0  14972
379  15468  3   0  4  15464
380  12494  3   0  0  12494
381  10788  2   0  10788
382  16500  3   0  0  16500
383  10668  2   1  10667

