[loci]=263

[populations]=7

[pop]=1
1  10404  2   0  10404
2  10386  2   0  10386
3  10356  2   1  10355
4  10402  2   0  10402
5  10392  3   0  0  10392
6  10350  3   0  0  10350
7  9346  2   7  9339
8  9194  2   1  9193
9  10400  2   0  10400
10  10346  2   0  10346
11  7528  2   0  7528
12  10390  3   0  1  10389
13  10238  2   0  10238
14  9412  2   0  9412
15  7478  2   0  7478
16  9528  2   0  9528
17  10394  5   1  0  0  1  10392
18  7406  2   1  7405
19  2150  2   118  2032
20  10393  4   0  0  0  10393
21  10322  2   0  10322
22  7392  2   0  7392
23  10320  2   0  10320
24  9693  3   0  1  9692
25  10392  2   3  10389
26  7334  3   0  0  7334
27  9782  2   2  9780
28  10392  4   0  0  1  10391
29  7314  2   1  7313
30  10392  2   0  10392
31  7174  2   0  7174
32  10338  2   0  10338
33  9690  3   0  0  9690
34  9689  3   0  0  9689
35  9800  2   3  9797
36  10405  3   0  2625  7780
37  10392  2   0  10392
38  3562  3   43  0  3519
39  10396  3   959  0  9437
40  10365  3   0  16  10349
41  9695  4   0  0  0  9695
42  10398  3   0  0  10398
43  10406  3   0  0  10406
44  9776  2   1  9775
45  10372  2   11  10361
46  9800  2   0  9800
47  10396  3   0  0  10396
48  2150  2   18  2132
49  10406  2   0  10406
50  9802  2   1  9801
51  9790  3   0  0  9790
52  9790  3   0  0  9790
53  9802  3   0  0  9802
54  10406  2   0  10406
55  4503  3   0  0  4503
56  9798  2   0  9798
57  10406  2   0  10406
58  4738  2   0  4738
59  9802  3   0  0  9802
60  10397  3   0  0  10397
61  10380  3   1  0  10379
62  2158  2   0  2158
63  10406  2   0  10406
64  8761  3   0  0  8761
65  9722  2   2  9720
66  10368  2   0  10368
67  9800  3   3  0  9797
68  5075  3   0  0  5075
69  9802  2   0  9802
70  10394  3   0  0  10394
71  9710  2   7  9703
72  10364  2   1  10363
73  9714  3   0  0  9714
74  9800  2   0  9800
75  9802  2   0  9802
76  10406  2   0  10406
77  10406  2   0  10406
78  2164  2   39  2125
79  10392  3   0  1  10391
80  10382  3   0  0  10382
81  8090  4   0  0  1  8089
82  10020  2   0  10020
83  9600  4   0  1  0  9599
84  9804  4   0  0  0  9804
85  7654  2   0  7654
86  10382  2   0  10382
87  7484  2   0  7484
88  5720  3   0  0  5720
89  10394  2   0  10394
90  10382  2   4  10378
91  8529  3   0  0  8529
92  10150  2   14  10136
93  9552  2   893  8659
94  10240  2   16  10224
95  10404  3   1  413  9990
96  10270  2   0  10270
97  10404  2   0  10404
98  10270  2   0  10270
99  10404  2   0  10404
100  9802  2   0  9802
101  10400  2   1  10399
102  8872  3   0  0  8872
103  10254  2   3  10251
104  10268  2   0  10268
105  10285  3   0  0  10285
106  5941  3   1  0  5940
107  10378  2   0  10378
108  8951  3   0  0  8951
109  2146  3   0  79  2067
110  10272  3   0  1  10271
111  9430  3   0  0  9430
112  9802  3   1  0  9801
113  2144  2   0  2144
114  10400  2   0  10400
115  2136  2   119  2017
116  10376  2   0  10376
117  10343  3   0  0  10343
118  10404  2   0  10404
119  10400  3   1  0  10399
120  10317  3   0  1  10316
121  10406  2   0  10406
122  5778  2   0  5778
123  10402  5   0  0  0  0  10402
124  10372  2   0  10372
125  9802  3   0  0  9802
126  10333  3   1  0  10332
127  10402  2   0  10402
128  9304  2   1  9303
129  9432  2   0  9432
130  9769  3   1  1  9767
131  9300  2   0  9300
132  10352  2   3  10349
133  10406  2   0  10406
134  7072  3   1  0  7071
135  10362  3   0  0  10362
136  10406  2   0  10406
137  9800  2   0  9800
138  9548  2   0  9548
139  10406  2   0  10406
140  7168  3   0  24  7144
141  10370  2   0  10370
142  9250  3   0  0  9250
143  9236  2   68  9168
144  9800  3   0  0  9800
145  10397  4   0  0  18  10379
146  10404  3   0  0  10404
147  10400  2   0  10400
148  9198  2   1  9197
149  2074  2   118  1956
150  7224  2   0  7224
151  9200  4   0  0  0  9200
152  7230  3   0  0  7230
153  9766  2   1  9765
154  10402  3   0  0  10402
155  9800  2   0  9800
156  10133  3   0  0  10133
157  9770  3   0  0  9770
158  10402  3   0  0  10402
159  10406  2   0  10406
160  7280  2   0  7280
161  9234  2   0  9234
162  10406  2   0  10406
163  10220  2   0  10220
164  9238  3   0  0  9238
165  7732  2   5543  2189
166  9772  3   0  0  9772
167  9238  2   0  9238
168  10396  2   0  10396
169  9253  3   0  0  9253
170  10324  2   5  10319
171  10404  2   0  10404
172  6734  5   0  0  0  0  6734
173  10394  2   0  10394
174  6682  2   0  6682
175  9772  2   0  9772
176  5498  2   0  5498
177  6638  2   1  6637
178  6648  2   0  6648
179  5740  3   0  0  5740
180  10396  3   1  0  10395
181  9754  2   0  9754
182  10378  2   0  10378
183  9898  3   0  0  9898
184  6598  2   0  6598
185  10378  2   0  10378
186  9762  2   0  9762
187  10385  4   0  1  0  10384
188  9769  3   1  1  9767
189  10400  3   0  2  10398
190  6590  2   0  6590
191  10400  2   2  10398
192  10154  4   0  0  18  10136
193  9462  2   0  9462
194  10168  2   0  10168
195  10388  2   0  10388
196  10398  2   0  10398
197  6482  3   0  0  6482
198  10394  2   0  10394
199  10392  2   0  10392
200  6454  4   0  0  0  6454
201  9704  3   0  0  9704
202  10310  2   1  10309
203  10398  2   0  10398
204  9634  3   0  0  9634
205  9738  3   1  1  9736
206  10390  3   0  0  10390
207  6404  2   0  6404
208  9706  2   0  9706
209  10385  4   0  2  0  10383
210  10376  3   0  10  10366
211  6403  3   0  0  6403
212  9602  2   0  9602
213  2190  2   0  2190
214  10373  3   0  2  10371
215  6892  2   0  6892
216  10404  2   0  10404
217  10344  3   0  0  10344
218  6868  2   2  6866
219  10360  2   0  10360
220  10364  2   0  10364
221  10353  3   0  0  10353
222  10402  3   0  0  10402
223  2170  2   0  2170
224  10342  2   0  10342
225  10402  2   50  10352
226  10324  3   0  0  10324
227  5752  3   0  0  5752
228  10302  2   5  10297
229  9772  2   0  9772
230  10394  2   0  10394
231  10240  2   0  10240
232  10246  2   1  10245
233  10396  2   0  10396
234  10308  2   3  10305
235  10366  2   0  10366
236  10300  3   0  0  10300
237  3789  3   0  0  3789
238  9794  3   0  0  9794
239  10360  2   0  10360
240  10319  3   6  0  10313
241  9712  2   2  9710
242  2160  2   1  2159
243  9795  3   0  1  9794
244  9784  4   0  1  0  9783
245  10406  4   0  0  0  10406
246  10318  2   0  10318
247  9784  2   0  9784
248  6639  3   0  0  6639
249  10320  2   0  10320
250  10340  4   0  0  0  10340
251  3976  3   0  0  3976
252  9784  2   1  9783
253  10320  3   0  0  10320
254  4054  2   1  4053
255  10330  2   0  10330
256  10398  3   0  0  10398
257  10337  3   0  0  10337
258  10328  3   0  1  10327
259  4248  2   0  4248
260  9800  4   0  0  0  9800
261  9756  3   0  1  9755
262  10406  3   0  0  10406
263  10398  2   0  10398

[pop]=2
1  11574  2   0  11574
2  11534  2   0  11534
3  11554  2   0  11554
4  11572  2   0  11572
5  11576  3   0  0  11576
6  11554  3   0  0  11554
7  11390  2   0  11390
8  10462  2   0  10462
9  11572  2   0  11572
10  11554  2   0  11554
11  6834  2   0  6834
12  11540  3   1  0  11539
13  11490  2   0  11490
14  10862  2   0  10862
15  6778  2   0  6778
16  11060  2   0  11060
17  11575  5   0  0  0  0  11575
18  6634  2   0  6634
19  410  2   2  408
20  11565  4   0  0  0  11565
21  11484  2   0  11484
22  6602  2   0  6602
23  11522  2   0  11522
24  11544  3   0  0  11544
25  11576  2   0  11576
26  6468  3   0  0  6468
27  11496  2   0  11496
28  11576  4   0  0  1  11575
29  6400  2   0  6400
30  11546  2   0  11546
31  6230  2   1  6229
32  11536  2   0  11536
33  11540  3   0  0  11540
34  11542  3   0  0  11542
35  11518  2   4  11514
36  11575  3   0  175  11400
37  11576  2   0  11576
38  2889  3   1  0  2888
39  11552  3   41  0  11511
40  11540  3   0  0  11540
41  11545  4   0  0  0  11545
42  11562  3   0  0  11562
43  11576  3   0  0  11576
44  11528  2   0  11528
45  11540  2   0  11540
46  11522  2   0  11522
47  11557  3   0  0  11557
48  410  2   0  410
49  11578  2   0  11578
50  11568  2   0  11568
51  11551  3   0  0  11551
52  11550  3   0  0  11550
53  11571  3   0  0  11571
54  11578  2   0  11578
55  3944  3   0  0  3944
56  11560  2   0  11560
57  11578  2   0  11578
58  4204  2   0  4204
59  11568  3   3  0  11565
60  11556  3   0  0  11556
61  11544  3   0  1  11543
62  410  2   0  410
63  11578  2   0  11578
64  10357  3   0  0  10357
65  11550  2   0  11550
66  11554  2   0  11554
67  11567  3   0  0  11567
68  4664  3   0  0  4664
69  11568  2   0  11568
70  11551  3   1  0  11550
71  11540  2   0  11540
72  11552  2   3  11549
73  11538  3   0  0  11538
74  11574  2   2  11572
75  11564  2   2  11562
76  11578  2   0  11578
77  11576  2   2  11574
78  410  2   2  408
79  11491  3   0  0  11491
80  11540  3   0  0  11540
81  7859  4   2  0  0  7857
82  11486  2   0  11486
83  11471  4   1  0  0  11470
84  11576  4   0  0  0  11576
85  9050  2   1  9049
86  11540  2   0  11540
87  8912  2   0  8912
88  5538  3   0  0  5538
89  11494  2   0  11494
90  11540  2   0  11540
91  8818  3   0  0  8818
92  11502  2   1  11501
93  11436  2   72  11364
94  11564  2   2  11562
95  11578  3   0  30  11548
96  11568  2   0  11568
97  11578  2   1  11577
98  11568  2   0  11568
99  11578  2   0  11578
100  11566  2   1  11565
101  11522  2   0  11522
102  9652  3   1  0  9651
103  11516  2   1  11515
104  11572  2   0  11572
105  11568  3   0  0  11568
106  5948  3   0  0  5948
107  11544  2   0  11544
108  9832  3   0  3  9829
109  400  3   0  1  399
110  11522  3   0  0  11522
111  11366  3   0  0  11366
112  11576  3   16  0  11560
113  400  2   0  400
114  11526  2   0  11526
115  398  2   2  396
116  11546  2   0  11546
117  11572  3   0  0  11572
118  11578  2   0  11578
119  11522  3   0  1  11521
120  11549  3   1  0  11548
121  11578  2   5  11573
122  6098  2   0  6098
123  11492  5   0  1  0  0  11491
124  11544  2   0  11544
125  11576  3   0  0  11576
126  11570  3   14  0  11556
127  11516  2   0  11516
128  11262  2   0  11262
129  10840  2   0  10840
130  11497  3   0  0  11497
131  11234  2   0  11234
132  11554  2   0  11554
133  11578  2   3  11575
134  10466  3   0  0  10466
135  11556  3   0  0  11556
136  11578  2   0  11578
137  11574  2   0  11574
138  11076  2   0  11076
139  11578  2   3  11575
140  10524  3   0  2  10522
141  11536  2   0  11536
142  11194  3   0  0  11194
143  11160  2   200  10960
144  11574  3   0  0  11574
145  11516  4   0  0  0  11516
146  11577  3   0  0  11577
147  11480  2   1  11479
148  11138  2   0  11138
149  356  2   2  354
150  10526  2   0  10526
151  11145  4   0  0  0  11145
152  10513  3   0  0  10513
153  11476  2   0  11476
154  11477  3   0  0  11477
155  11574  2   0  11574
156  11126  3   6  1  11119
157  11476  3   0  0  11476
158  11482  3   1  0  11481
159  11578  2   0  11578
160  10476  2   2  10474
161  11116  2   0  11116
162  11578  2   0  11578
163  11198  2   0  11198
164  11145  3   0  1  11144
165  10322  2   1829  8493
166  11482  3   0  0  11482
167  11144  2   0  11144
168  11526  2   0  11526
169  11152  3   0  1  11151
170  11392  2   0  11392
171  11480  2   0  11480
172  10112  5   0  0  0  0  10112
173  11570  2   0  11570
174  10088  2   0  10088
175  11494  2   0  11494
176  4178  2   0  4178
177  10000  2   1  9999
178  9982  2   0  9982
179  4646  3   0  0  4646
180  11576  3   1  0  11575
181  11378  2   0  11378
182  11480  2   0  11480
183  11198  3   0  0  11198
184  9894  2   0  9894
185  11498  2   0  11498
186  11492  2   0  11492
187  11507  4   0  0  0  11507
188  11420  3   0  0  11420
189  11576  3   0  3  11573
190  6322  2   0  6322
191  11576  2   8  11568
192  11408  4   2  1  0  11405
193  11396  2   1  11395
194  11418  2   0  11418
195  11502  2   0  11502
196  11570  2   0  11570
197  9547  3   1  0  9546
198  11500  2   0  11500
199  11566  2   0  11566
200  9485  4   0  0  1  9484
201  11432  3   0  1  11431
202  11362  2   0  11362
203  11568  2   0  11568
204  11477  3   0  1  11476
205  11448  3   0  0  11448
206  11568  3   0  0  11568
207  9392  2   0  9392
208  11436  2   0  11436
209  11566  4   0  0  0  11566
210  11558  3   1  4  11553
211  9397  3   0  1  9396
212  11306  2   1  11305
213  410  2   0  410
214  11556  3   0  0  11556
215  6958  2   7  6951
216  11578  2   2  11576
217  11378  3   0  0  11378
218  6932  2   0  6932
219  11560  2   1  11559
220  11494  2   0  11494
221  11547  3   0  0  11547
222  11578  3   0  0  11578
223  410  2   0  410
224  11540  2   2  11538
225  11578  2   2  11576
226  11546  3   0  0  11546
227  6828  3   0  0  6828
228  11484  2   0  11484
229  11568  2   0  11568
230  11526  2   0  11526
231  11478  2   0  11478
232  11482  2   0  11482
233  11534  2   0  11534
234  11480  2   0  11480
235  11390  2   0  11390
236  11502  3   0  0  11502
237  4379  3   0  1  4378
238  11550  3   0  1  11549
239  11384  2   0  11384
240  11481  3   17  0  11464
241  11346  2   0  11346
242  410  2   4  406
243  11550  3   1  0  11549
244  11572  4   0  0  0  11572
245  11570  4   0  4  0  11566
246  11472  2   34  11438
247  11574  2   292  11282
248  6517  3   0  0  6517
249  11516  2   0  11516
250  11563  4   0  0  0  11563
251  4582  3   0  0  4582
252  11574  2   1  11573
253  11522  3   0  0  11522
254  4666  2   0  4666
255  11526  2   0  11526
256  11563  3   0  0  11563
257  11370  3   0  0  11370
258  11476  3   0  0  11476
259  4758  2   0  4758
260  11557  4   0  0  0  11557
261  11389  3   0  0  11389
262  11572  3   0  0  11572
263  11564  2   0  11564

[pop]=3
1  8652  2   0  8652
2  8640  2   3  8637
3  8644  2   0  8644
4  8650  2   0  8650
5  8654  3   0  0  8654
6  8642  3   0  0  8642
7  8326  2   0  8326
8  7832  2   0  7832
9  8648  2   2  8646
10  8644  2   0  8644
11  6626  2   0  6626
12  8650  3   0  0  8650
13  8644  2   0  8644
14  8070  2   10  8060
15  6578  2   0  6578
16  8210  2   63  8147
17  8654  5   0  0  0  0  8654
18  6518  2   0  6518
19  622  2   0  622
20  8643  4   0  0  0  8643
21  8634  2   0  8634
22  6508  2   0  6508
23  8650  2   1  8649
24  8618  3   0  0  8618
25  8654  2   0  8654
26  6454  3   0  0  6454
27  8626  2   0  8626
28  8654  4   0  0  0  8654
29  6424  2   0  6424
30  8652  2   0  8652
31  6308  2   1  6307
32  8652  2   0  8652
33  8620  3   0  0  8620
34  8620  3   1  0  8619
35  8626  2   0  8626
36  8648  3   0  316  8332
37  8654  2   0  8654
38  2602  3   0  0  2602
39  8652  3   0  0  8652
40  8652  3   0  0  8652
41  8620  4   0  0  0  8620
42  8652  3   2  0  8650
43  8648  3   0  0  8648
44  8600  2   0  8600
45  8654  2   0  8654
46  8626  2   0  8626
47  8652  3   0  0  8652
48  622  2   0  622
49  8648  2   0  8648
50  8614  2   0  8614
51  8621  3   0  0  8621
52  8626  3   0  0  8626
53  8610  3   3  0  8607
54  8646  2   2  8644
55  3620  3   0  0  3620
56  8626  2   0  8626
57  8654  2   3  8651
58  3800  2   1  3799
59  8604  3   0  0  8604
60  8654  3   0  0  8654
61  8654  3   0  0  8654
62  622  2   0  622
63  8648  2   0  8648
64  7912  3   0  0  7912
65  8616  2   0  8616
66  8650  2   0  8650
67  8626  3   0  3  8623
68  4234  3   0  0  4234
69  8608  2   5  8603
70  8654  3   0  0  8654
71  8614  2   0  8614
72  8648  2   0  8648
73  8614  3   0  0  8614
74  8626  2   0  8626
75  8608  2   0  8608
76  8654  2   3  8651
77  8654  2   0  8654
78  622  2   0  622
79  8646  3   0  0  8646
80  8654  3   0  1  8653
81  6507  4   0  0  0  6507
82  8582  2   0  8582
83  8603  4   0  0  0  8603
84  8626  4   0  0  2  8624
85  6714  2   1  6713
86  8654  2   0  8654
87  6518  2   0  6518
88  4952  3   0  0  4952
89  8648  2   0  8648
90  8654  2   0  8654
91  6998  3   0  0  6998
92  8604  2   0  8604
93  8582  2   0  8582
94  8634  2   0  8634
95  8650  3   0  0  8650
96  8634  2   0  8634
97  8650  2   0  8650
98  8634  2   0  8634
99  8650  2   3  8647
100  8606  2   0  8606
101  8654  2   0  8654
102  7406  3   2  0  7404
103  8620  2   0  8620
104  8650  2   0  8650
105  8637  3   0  0  8637
106  5256  3   0  0  5256
107  8654  2   3  8651
108  7489  3   0  0  7489
109  620  3   0  0  620
110  8624  3   0  0  8624
111  8513  3   0  0  8513
112  8626  3   0  0  8626
113  620  2   0  620
114  8654  2   0  8654
115  618  2   0  618
116  8652  2   2  8650
117  8632  3   0  0  8632
118  8650  2   0  8650
119  8654  3   0  0  8654
120  8632  3   0  0  8632
121  8650  2   0  8650
122  5242  2   0  5242
123  8652  5   0  0  0  0  8652
124  8650  2   0  8650
125  8626  3   0  1  8625
126  8642  3   0  0  8642
127  8652  2   5  8647
128  8402  2   0  8402
129  8078  2   0  8078
130  8593  3   0  0  8593
131  8406  2   0  8406
132  8636  2   0  8636
133  8650  2   0  8650
134  7778  3   0  0  7778
135  8638  3   0  0  8638
136  8650  2   0  8650
137  8626  2   0  8626
138  8282  2   0  8282
139  8650  2   0  8650
140  7824  3   0  0  7824
141  8648  2   0  8648
142  8322  3   0  0  8322
143  8314  2   1  8313
144  8626  3   0  0  8626
145  8653  4   0  0  0  8653
146  8654  3   0  0  8654
147  8654  2   0  8654
148  8296  2   0  8296
149  570  2   0  570
150  7820  2   0  7820
151  8299  4   0  1  1  8297
152  7808  3   0  0  7808
153  8604  2   0  8604
154  8654  3   0  0  8654
155  8626  2   0  8626
156  8376  3   0  0  8376
157  8607  3   26  0  8581
158  8654  3   0  1  8653
159  8650  2   1  8649
160  7778  2   0  7778
161  8306  2   0  8306
162  8654  2   0  8654
163  8466  2   1  8465
164  8320  3   0  0  8320
165  7728  2   1022  6706
166  8608  3   0  0  8608
167  8314  2   0  8314
168  8652  2   0  8652
169  8326  3   0  0  8326
170  8586  2   0  8586
171  8652  2   0  8652
172  7634  5   0  0  0  0  7634
173  8638  2   13  8625
174  7612  2   0  7612
175  8604  2   1  8603
176  4544  2   6  4538
177  7562  2   0  7562
178  7542  2   0  7542
179  4820  3   0  0  4820
180  8643  3   0  2  8641
181  8566  2   0  8566
182  8632  2   0  8632
183  8502  3   0  0  8502
184  7488  2   6  7482
185  8632  2   0  8632
186  8594  2   0  8594
187  8633  4   0  0  0  8633
188  8592  3   0  0  8592
189  8638  3   1  0  8637
190  5934  2   0  5934
191  8638  2   0  8638
192  8597  4   0  0  0  8597
193  8552  2   0  8552
194  8604  2   0  8604
195  8636  2   34  8602
196  8634  2   4  8630
197  7349  3   0  2  7347
198  8636  2   0  8636
199  8632  2   0  8632
200  7308  4   0  1  0  7307
201  8562  3   0  0  8562
202  8616  2   0  8616
203  8642  2   0  8642
204  8610  3   0  0  8610
205  8614  3   0  0  8614
206  8642  3   0  0  8642
207  7270  2   2  7268
208  8610  2   0  8610
209  8641  4   6  1  0  8634
210  8630  3   0  0  8630
211  7262  3   0  0  7262
212  8488  2   0  8488
213  622  2   0  622
214  8629  3   0  0  8629
215  6190  2   0  6190
216  8654  2   0  8654
217  8626  3   2  0  8624
218  6162  2   0  6162
219  8640  2   0  8640
220  8640  2   0  8640
221  8632  3   0  0  8632
222  8652  3   0  0  8652
223  622  2   0  622
224  8628  2   0  8628
225  8650  2   0  8650
226  8590  3   0  0  8590
227  6392  3   0  0  6392
228  8626  2   0  8626
229  8626  2   0  8626
230  8654  2   3  8651
231  8604  2   0  8604
232  8602  2   9  8593
233  8654  2   21  8633
234  8632  2   0  8632
235  8622  2   0  8622
236  8612  3   0  0  8612
237  4587  3   0  0  4587
238  8607  3   0  0  8607
239  8620  2   0  8620
240  8632  3   0  0  8632
241  8574  2   0  8574
242  622  2   0  622
243  8608  3   0  0  8608
244  8626  4   0  0  0  8626
245  8650  4   0  0  8  8642
246  8626  2   0  8626
247  8626  2   369  8257
248  5782  3   0  0  5782
249  8618  2   0  8618
250  8594  4   0  0  0  8594
251  4751  3   1  0  4750
252  8626  2   0  8626
253  8618  3   0  29  8589
254  4798  2   0  4798
255  8618  2   0  8618
256  8654  3   0  0  8654
257  8606  3   0  0  8606
258  8623  3   0  0  8623
259  4916  2   0  4916
260  8612  4   1  0  0  8611
261  8592  3   0  0  8592
262  8654  3   0  0  8654
263  8654  2   0  8654

[pop]=4
1  6614  2   0  6614
2  6604  2   0  6604
3  6558  2   0  6558
4  6614  2   0  6614
5  6614  3   0  0  6614
6  6554  3   0  0  6554
7  6486  2   0  6486
8  6428  2   0  6428
9  6614  2   0  6614
10  6558  2   0  6558
11  3456  2   0  3456
12  6606  3   0  0  6606
13  6602  2   0  6602
14  6498  2   0  6498
15  3404  2   0  3404
16  6536  2   0  6536
17  6614  5   0  0  0  0  6614
18  3342  2   0  3342
19  1624  2   0  1624
20  6614  4   0  0  0  6614
21  6606  2   0  6606
22  3326  2   0  3326
23  6610  2   0  6610
24  6611  3   0  0  6611
25  6614  2   0  6614
26  3264  3   0  0  3264
27  6608  2   0  6608
28  6614  4   0  0  1  6613
29  3244  2   0  3244
30  6608  2   0  6608
31  3110  2   1  3109
32  6610  2   0  6610
33  6612  3   0  0  6612
34  6612  3   0  0  6612
35  6612  2   0  6612
36  6614  3   0  8  6606
37  6614  2   3  6611
38  862  3   0  0  862
39  6608  3   0  0  6608
40  6610  3   0  0  6610
41  6611  4   0  0  0  6611
42  6610  3   0  0  6610
43  6614  3   0  0  6614
44  6600  2   0  6600
45  6612  2   0  6612
46  6612  2   0  6612
47  6610  3   0  0  6610
48  1624  2   0  1624
49  6614  2   0  6614
50  6610  2   0  6610
51  6614  3   0  0  6614
52  6614  3   0  0  6614
53  6612  3   0  0  6612
54  6614  2   0  6614
55  1377  3   0  0  1377
56  6614  2   0  6614
57  6614  2   0  6614
58  1488  2   0  1488
59  6614  3   0  0  6614
60  6614  3   0  0  6614
61  6612  3   0  0  6612
62  1632  2   0  1632
63  6614  2   0  6614
64  5561  3   0  0  5561
65  6606  2   0  6606
66  6610  2   0  6610
67  6614  3   0  0  6614
68  1709  3   0  0  1709
69  6614  2   0  6614
70  6612  3   0  0  6612
71  6602  2   0  6602
72  6610  2   0  6610
73  6602  3   0  0  6602
74  6614  2   0  6614
75  6614  2   1  6613
76  6614  2   0  6614
77  6612  2   0  6612
78  1626  2   0  1626
79  6602  3   0  0  6602
80  6612  3   0  0  6612
81  5603  4   0  0  0  5603
82  6606  2   0  6606
83  6577  4   0  0  0  6577
84  6614  4   0  0  0  6614
85  4466  2   0  4466
86  6612  2   0  6612
87  4346  2   0  4346
88  2006  3   0  0  2006
89  6602  2   0  6602
90  6612  2   0  6612
91  5876  3   0  0  5876
92  6606  2   0  6606
93  6566  2   0  6566
94  6612  2   0  6612
95  6610  3   0  0  6610
96  6612  2   0  6612
97  6612  2   1  6611
98  6612  2   0  6612
99  6612  2   0  6612
100  6612  2   0  6612
101  6604  2   0  6604
102  6078  3   0  0  6078
103  6606  2   0  6606
104  6614  2   0  6614
105  6612  3   0  0  6612
106  2110  3   0  0  2110
107  6612  2   0  6612
108  6128  3   0  0  6128
109  1624  3   0  0  1624
110  6607  3   0  0  6607
111  6522  3   0  0  6522
112  6614  3   0  0  6614
113  1624  2   0  1624
114  6608  2   0  6608
115  1624  2   0  1624
116  6608  2   0  6608
117  6611  3   1  0  6610
118  6614  2   0  6614
119  6603  3   0  0  6603
120  6608  3   0  0  6608
121  6614  2   0  6614
122  2054  2   0  2054
123  6612  5   0  0  0  0  6612
124  6608  2   0  6608
125  6614  3   0  0  6614
126  6612  3   39  0  6573
127  6606  2   0  6606
128  6474  2   0  6474
129  6430  2   0  6430
130  6594  3   0  0  6594
131  6464  2   0  6464
132  6610  2   0  6610
133  6614  2   0  6614
134  5118  3   0  0  5118
135  6610  3   0  0  6610
136  6614  2   0  6614
137  6614  2   0  6614
138  6480  2   0  6480
139  6614  2   0  6614
140  5137  3   0  0  5137
141  6604  2   0  6604
142  6450  3   6  0  6444
143  6444  2   191  6253
144  6614  3   0  0  6614
145  6607  4   0  0  0  6607
146  6614  3   0  0  6614
147  6610  2   0  6610
148  6446  2   0  6446
149  1624  2   0  1624
150  5100  2   0  5100
151  6447  4   0  0  0  6447
152  5081  3   0  0  5081
153  6594  2   1  6593
154  6610  3   0  0  6610
155  6614  2   0  6614
156  6427  3   0  0  6427
157  6593  3   0  0  6593
158  6609  3   0  0  6609
159  6614  2   0  6614
160  5048  2   0  5048
161  6446  2   0  6446
162  6614  2   0  6614
163  6482  2   0  6482
164  6450  3   0  0  6450
165  5064  2   2205  2859
166  6596  3   0  0  6596
167  6456  2   0  6456
168  6610  2   0  6610
169  6462  3   0  0  6462
170  6568  2   0  6568
171  6610  2   0  6610
172  4294  5   0  0  0  0  4294
173  6612  2   0  6612
174  4226  2   0  4226
175  6598  2   0  6598
176  3620  2   0  3620
177  4156  2   0  4156
178  4148  2   2  4146
179  3776  3   0  0  3776
180  6612  3   0  0  6612
181  6558  2   0  6558
182  6598  2   0  6598
183  6428  3   0  0  6428
184  4066  2   0  4066
185  6600  2   0  6600
186  6590  2   3  6587
187  6599  4   0  0  0  6599
188  6564  3   0  0  6564
189  6612  3   0  0  6612
190  4440  2   0  4440
191  6612  2   0  6612
192  6541  4   0  0  0  6541
193  6560  2   0  6560
194  6548  2   0  6548
195  6606  2   0  6606
196  6612  2   0  6612
197  3806  3   0  0  3806
198  6606  2   0  6606
199  6612  2   1  6611
200  3728  4   0  0  0  3728
201  6576  3   0  0  6576
202  6576  2   0  6576
203  6614  2   0  6614
204  6598  3   0  0  6598
205  6574  3   0  0  6574
206  6614  3   0  0  6614
207  3670  2   0  3670
208  6566  2   0  6566
209  6614  4   0  0  0  6614
210  6610  3   0  16  6594
211  3652  3   0  0  3652
212  6534  2   0  6534
213  1632  2   0  1632
214  6609  3   0  0  6609
215  4704  2   0  4704
216  6614  2   0  6614
217  6582  3   0  0  6582
218  4694  2   0  4694
219  6614  2   0  6614
220  6596  2   2  6594
221  6614  3   0  0  6614
222  6614  3   2  2  6610
223  1632  2   0  1632
224  6614  2   0  6614
225  6614  2   0  6614
226  6608  3   0  0  6608
227  2574  3   0  0  2574
228  6584  2   0  6584
229  6614  2   0  6614
230  6610  2   0  6610
231  6584  2   0  6584
232  6584  2   0  6584
233  6610  2   0  6610
234  6586  2   0  6586
235  6564  2   0  6564
236  6593  3   0  0  6593
237  1151  3   0  0  1151
238  6600  3   0  0  6600
239  6562  2   0  6562
240  6589  3   401  0  6188
241  6602  2   0  6602
242  1628  2   11  1617
243  6600  3   0  0  6600
244  6614  4   0  0  0  6614
245  6609  4   1  0  0  6608
246  6590  2   0  6590
247  6614  2   253  6361
248  4548  3   0  0  4548
249  6600  2   0  6600
250  6608  4   0  0  0  6608
251  1251  3   0  0  1251
252  6614  2   0  6614
253  6600  3   0  0  6600
254  1258  2   0  1258
255  6600  2   0  6600
256  6610  3   0  0  6610
257  6550  3   0  0  6550
258  6588  3   1  0  6587
259  1376  2   0  1376
260  6599  4   0  0  0  6599
261  6610  3   0  0  6610
262  6614  3   0  0  6614
263  6608  2   1  6607

[pop]=5
1  66712  2   6  66706
2  66580  2   0  66580
3  66442  2   0  66442
4  66696  2   0  66696
5  66726  3   2  2  66722
6  66432  3   0  1  66431
7  62946  2   0  62946
8  61610  2   1  61609
9  66682  2   0  66682
10  66414  2   2  66412
11  49310  2   0  49310
12  66623  3   0  0  66623
13  66588  2   2  66586
14  63418  2   0  63418
15  48998  2   2  48996
16  64484  2   0  64484
17  66732  5   2  1  0  0  66729
18  48260  2   19  48241
19  8696  2   17  8679
20  66588  4   1  0  2  66585
21  66430  2   0  66430
22  48120  2   1  48119
23  66656  2   1  66655
24  66501  3   0  3  66498
25  66730  2   0  66730
26  47404  3   4  0  47400
27  66448  2   0  66448
28  66732  4   2  5  40  66685
29  47058  2   15  47043
30  66672  2   2  66670
31  45934  2   0  45934
32  66674  2   0  66674
33  66510  3   1  1  66508
34  66516  3   0  1  66515
35  66710  2   34  66676
36  66738  3   0  144  66594
37  66732  2   1  66731
38  20935  3   0  2  20933
39  66684  3   30  0  66654
40  66693  3   1  0  66692
41  66519  4   1  3  0  66515
42  66712  3   0  1  66711
43  66738  3   3  1  66734
44  66538  2   1  66537
45  66696  2   0  66696
46  66714  2   4  66710
47  66702  3   14  0  66688
48  8772  2   0  8772
49  66738  2   2  66736
50  66708  2   1  66707
51  66656  3   1  1  66654
52  66682  3   1  1  66680
53  66722  3   0  2  66720
54  66738  2   0  66738
55  27277  3   1  0  27276
56  66708  2   1  66707
57  66730  2   0  66730
58  28814  2   0  28814
59  66725  3   0  1  66724
60  66721  3   0  1  66720
61  66693  3   2  17  66674
62  8782  2   0  8782
63  66738  2   2  66736
64  58036  3   1  1  58034
65  66498  2   0  66498
66  66688  2   3  66685
67  66734  3   0  0  66734
68  31406  3   2  0  31404
69  66720  2   0  66720
70  66719  3   0  0  66719
71  66484  2   0  66484
72  66686  2   15  66671
73  66484  3   1  2  66481
74  66740  2   0  66740
75  66722  2   15  66707
76  66732  2   0  66732
77  66730  2   3  66727
78  8740  2   0  8740
79  66618  3   0  1  66617
80  66698  3   7  1  66690
81  50942  4   8  1  3  50930
82  65748  2   0  65748
83  66223  4   0  0  2  66221
84  66740  4   1  2  0  66737
85  47834  2   0  47834
86  66696  2   2  66694
87  46700  2   2  46698
88  36218  3   0  1  36217
89  66638  2   3  66635
90  66698  2   0  66698
91  54684  3   1  0  54683
92  66068  2   0  66068
93  66088  2   16  66072
94  66570  2   0  66570
95  66680  3   0  16  66664
96  66584  2   4  66580
97  66680  2   0  66680
98  66590  2   4  66586
99  66684  2   2  66682
100  66710  2   1  66709
101  66700  2   1  66699
102  58036  3   2  1  58033
103  66216  2   0  66216
104  66468  2   2  66466
105  66593  3   1  0  66592
106  38363  3   0  0  38363
107  66700  2   0  66700
108  58866  3   3  0  58863
109  8355  3   0  16  8339
110  66279  3   0  0  66279
111  65741  3   1  1  65739
112  66740  3   200  0  66540
113  8326  2   1  8325
114  66668  2   6  66662
115  8150  2   16  8134
116  66690  2   0  66690
117  66599  3   0  2  66597
118  66718  2   2  66716
119  66669  3   0  0  66669
120  66467  3   4  0  66463
121  66724  2   0  66724
122  38206  2   2  38204
123  66682  5   0  1  0  1  66680
124  66674  2   3  66671
125  66737  3   2  0  66735
126  66660  3   203  3  66454
127  66678  2   0  66678
128  65230  2   0  65230
129  63532  2   26  63506
130  66357  3   0  0  66357
131  65196  2   6  65190
132  66552  2   0  66552
133  66728  2   0  66728
134  56940  3   1  2  56937
135  66566  3   1  2  66563
136  66728  2   2  66726
137  66718  2   2  66716
138  64668  2   2  64666
139  66728  2   0  66728
140  57111  3   15  0  57096
141  66644  2   0  66644
142  64886  3   0  2  64884
143  64776  2   3032  61744
144  66696  3   2  2  66692
145  66670  4   1  4  0  66665
146  66738  3   0  1  66737
147  66694  2   1  66693
148  64632  2   1  64631
149  7152  2   14  7138
150  57100  2   0  57100
151  64673  4   1  0  0  64672
152  57046  3   1  1  57044
153  66418  2   0  66418
154  66691  3   2  3  66686
155  66682  2   0  66682
156  63554  3   0  7  63547
157  66425  3   0  9  66416
158  66689  3   0  0  66689
159  66730  2   1  66729
160  57046  2   0  57046
161  64672  2   2  64670
162  66740  2   0  66740
163  64434  2   1  64433
164  64845  3   1  0  64844
165  57178  2   25656  31522
166  66436  3   1  1  66434
167  64842  2   3  64839
168  66706  2   0  66706
169  64912  3   1  5  64906
170  65768  2   1  65767
171  66668  2   3  66665
172  54458  5   0  0  1  0  54457
173  66652  2   0  66652
174  54194  2   2  54192
175  66438  2   0  66438
176  33042  2   0  33042
177  53874  2   0  53874
178  53816  2   29  53787
179  35116  3   0  1  35115
180  66655  3   5  0  66650
181  66266  2   4  66262
182  66340  2   2  66338
183  63818  3   1  0  63817
184  53554  2   0  53554
185  66402  2   0  66402
186  66318  2   1  66317
187  66430  4   2  0  1  66427
188  66412  3   0  6  66406
189  66709  3   0  3  66706
190  42624  2   2  42622
191  66708  2   23  66685
192  65711  4   0  0  0  65711
193  66152  2   2  66150
194  65778  2   0  65778
195  66404  2   0  66404
196  66694  2   0  66694
197  52421  3   0  0  52421
198  66390  2   10  66380
199  66676  2   2  66674
200  52124  4   0  0  0  52124
201  65599  3   2  5  65592
202  66286  2   21  66265
203  66400  2   0  66400
204  66499  3   2  4  66493
205  66174  3   1  0  66173
206  66354  3   1  1  66352
207  51928  2   0  51928
208  65958  2   2  65956
209  66309  4   0  2  3  66304
210  66636  3   1  279  66356
211  51806  3   2  0  51804
212  64526  2   0  64526
213  9090  2   0  9090
214  66627  3   4  0  66623
215  45152  2   9  45143
216  66740  2   0  66740
217  66408  3   0  0  66408
218  45052  2   0  45052
219  66072  2   2  66070
220  66252  2   25  66227
221  65909  3   2  1  65906
222  66739  3   21  0  66718
223  9028  2   3  9025
224  65806  2   0  65806
225  66738  2   0  66738
226  66464  3   0  1  66463
227  44244  3   1  1  44242
228  66412  2   0  66412
229  66686  2   0  66686
230  66598  2   0  66598
231  66262  2   1  66261
232  66294  2   10  66284
233  66616  2   0  66616
234  66410  2   0  66410
235  66430  2   3  66427
236  66451  3   1  1  66449
237  25598  3   1  0  25597
238  66656  3   0  6  66650
239  66400  2   4  66396
240  66397  3   570  0  65827
241  66280  2   0  66280
242  8938  2   70  8868
243  66673  3   0  0  66673
244  66712  4   1  0  2  66709
245  66667  4   3  1  0  66663
246  66360  2   0  66360
247  66714  2   106  66608
248  42732  3   0  1  42731
249  66532  2   3  66529
250  66437  4   1  1  1  66434
251  26654  3   0  1  26653
252  66716  2   4  66712
253  66538  3   0  0  66538
254  26946  2   1  26945
255  66558  2   0  66558
256  66649  3   0  1  66648
257  66201  3   0  1  66200
258  66297  3   0  0  66297
259  27650  2   2  27648
260  66685  4   0  1  1  66683
261  66458  3   1  0  66457
262  66713  3   1  0  66712
263  66644  2   2  66642

[pop]=6
1  908  2   0  908
2  904  2   0  904
3  902  2   0  902
4  908  2   0  908
5  906  3   0  0  906
6  900  3   0  0  900
7  866  2   0  866
8  810  2   0  810
9  908  2   0  908
10  900  2   0  900
11  592  2   0  592
12  904  3   0  0  904
13  902  2   0  902
14  842  2   0  842
15  584  2   0  584
16  866  2   0  866
17  906  5   0  0  0  0  906
18  588  2   0  588
19  242  2   0  242
20  908  4   0  0  0  908
21  902  2   0  902
22  576  2   0  576
23  908  2   0  908
24  894  3   0  0  894
25  906  2   0  906
26  588  3   0  0  588
27  894  2   0  894
28  906  4   0  0  0  906
29  584  2   0  584
30  906  2   0  906
31  574  2   0  574
32  908  2   0  908
33  894  3   0  0  894
34  894  3   0  0  894
35  898  2   0  898
36  908  3   0  14  894
37  908  2   0  908
38  298  3   0  0  298
39  906  3   5  0  901
40  908  3   0  0  908
41  894  4   0  0  0  894
42  906  3   0  0  906
43  908  3   0  0  908
44  896  2   0  896
45  908  2   0  908
46  898  2   0  898
47  908  3   0  0  908
48  242  2   0  242
49  908  2   0  908
50  900  2   0  900
51  898  3   0  0  898
52  898  3   0  0  898
53  900  3   0  0  900
54  908  2   0  908
55  384  3   0  0  384
56  898  2   0  898
57  906  2   0  906
58  406  2   0  406
59  900  3   0  0  900
60  908  3   0  0  908
61  908  3   0  1  907
62  242  2   0  242
63  908  2   0  908
64  777  3   0  0  777
65  890  2   0  890
66  908  2   0  908
67  898  3   0  0  898
68  441  3   0  0  441
69  900  2   0  900
70  908  3   0  0  908
71  888  2   0  888
72  908  2   0  908
73  888  3   0  0  888
74  898  2   0  898
75  900  2   0  900
76  906  2   0  906
77  906  2   0  906
78  242  2   0  242
79  906  3   0  0  906
80  908  3   0  0  908
81  709  4   0  0  0  709
82  872  2   0  872
83  885  4   0  0  0  885
84  898  4   0  0  0  898
85  670  2   0  670
86  908  2   0  908
87  658  2   0  658
88  480  3   0  0  480
89  906  2   0  906
90  908  2   0  908
91  763  3   0  0  763
92  894  2   0  894
93  884  2   5  879
94  902  2   0  902
95  906  3   0  1  905
96  902  2   0  902
97  908  2   0  908
98  902  2   0  902
99  908  2   0  908
100  900  2   0  900
101  906  2   0  906
102  806  3   0  0  806
103  896  2   0  896
104  906  2   0  906
105  903  3   0  0  903
106  500  3   0  0  500
107  908  2   0  908
108  814  3   0  0  814
109  229  3   0  0  229
110  896  3   1  0  895
111  884  3   0  0  884
112  898  3   2  0  896
113  230  2   0  230
114  908  2   0  908
115  222  2   0  222
116  908  2   0  908
117  906  3   0  0  906
118  908  2   1  907
119  906  3   0  0  906
120  900  3   0  0  900
121  908  2   0  908
122  488  2   0  488
123  908  5   0  0  0  0  908
124  908  2   0  908
125  898  3   0  0  898
126  904  3   4  0  900
127  908  2   0  908
128  878  2   0  878
129  868  2   0  868
130  894  3   0  0  894
131  876  2   0  876
132  902  2   0  902
133  908  2   0  908
134  716  3   0  0  716
135  902  3   0  0  902
136  908  2   0  908
137  898  2   0  898
138  870  2   0  870
139  908  2   0  908
140  715  3   0  0  715
141  908  2   0  908
142  874  3   0  0  874
143  872  2   26  846
144  898  3   0  0  898
145  908  4   0  0  0  908
146  908  3   0  0  908
147  908  2   0  908
148  868  2   0  868
149  178  2   0  178
150  722  2   0  722
151  871  4   0  0  0  871
152  719  3   0  0  719
153  894  2   0  894
154  908  3   0  0  908
155  896  2   0  896
156  872  3   0  0  872
157  894  3   0  0  894
158  908  3   0  0  908
159  908  2   0  908
160  716  2   0  716
161  868  2   0  868
162  908  2   0  908
163  876  2   0  876
164  874  3   0  0  874
165  726  2   328  398
166  894  3   0  0  894
167  876  2   0  876
168  908  2   0  908
169  876  3   0  0  876
170  886  2   0  886
171  908  2   0  908
172  673  5   0  0  0  0  673
173  908  2   0  908
174  674  2   0  674
175  894  2   1  893
176  486  2   0  486
177  672  2   0  672
178  670  2   0  670
179  506  3   0  0  506
180  906  3   0  0  906
181  886  2   0  886
182  896  2   0  896
183  890  3   0  0  890
184  666  2   0  666
185  898  2   0  898
186  894  2   1  893
187  898  4   0  0  0  898
188  890  3   0  0  890
189  908  3   0  0  908
190  590  2   0  590
191  908  2   2  906
192  906  4   0  0  0  906
193  886  2   0  886
194  906  2   0  906
195  896  2   0  896
196  908  2   0  908
197  656  3   0  0  656
198  896  2   0  896
199  908  2   0  908
200  654  4   0  0  0  654
201  888  3   0  0  888
202  904  2   1  903
203  878  2   0  878
204  886  3   0  1  885
205  872  3   0  0  872
206  875  3   0  0  875
207  648  2   0  648
208  868  2   0  868
209  874  4   0  0  0  874
210  908  3   0  4  904
211  654  3   0  0  654
212  882  2   1  881
213  246  2   0  246
214  908  3   0  0  908
215  626  2   2  624
216  908  2   0  908
217  904  3   0  0  904
218  626  2   0  626
219  872  2   3  869
220  900  2   0  900
221  870  3   0  0  870
222  908  3   0  0  908
223  244  2   0  244
224  864  2   0  864
225  908  2   0  908
226  906  3   0  0  906
227  542  3   0  0  542
228  906  2   0  906
229  898  2   0  898
230  908  2   0  908
231  902  2   0  902
232  902  2   0  902
233  908  2   0  908
234  906  2   0  906
235  906  2   0  906
236  902  3   0  0  902
237  375  3   0  0  375
238  900  3   0  0  900
239  906  2   0  906
240  906  3   7  0  899
241  876  2   0  876
242  244  2   2  242
243  900  3   0  0  900
244  898  4   0  0  0  898
245  906  4   0  0  0  906
246  906  2   0  906
247  898  2   4  894
248  612  3   0  0  612
249  902  2   2  900
250  906  4   0  0  0  906
251  380  3   0  0  380
252  898  2   0  898
253  902  3   1  0  901
254  382  2   0  382
255  904  2   0  904
256  908  3   0  0  908
257  902  3   0  0  902
258  904  3   0  0  904
259  394  2   0  394
260  900  4   0  0  0  900
261  880  3   0  0  880
262  906  3   0  0  906
263  906  2   1  905

[pop]=7
1  16484  2   0  16484
2  16488  2   0  16488
3  16460  2   1  16459
4  16454  2   4  16450
5  16510  3   0  0  16510
6  16439  3   1  2  16436
7  15694  2   1  15693
8  14306  2   0  14306
9  16428  2   0  16428
10  16426  2   0  16426
11  11600  2   2  11598
12  16498  3   0  0  16498
13  16484  2   0  16484
14  15174  2   0  15174
15  11478  2   0  11478
16  15670  2   0  15670
17  16508  5   0  0  2  0  16506
18  11276  2   0  11276
19  7898  2   0  7898
20  15986  4   0  1  1  15984
21  16300  2   4  16296
22  11244  2   4  11240
23  16500  2   0  16500
24  16498  3   1  0  16497
25  16506  2   0  16506
26  11038  3   0  2  11036
27  16110  2   0  16110
28  16507  4   0  0  0  16507
29  10968  2   10  10958
30  16506  2   0  16506
31  10572  2   2  10570
32  16504  2   3  16501
33  16500  3   0  0  16500
34  16501  3   0  0  16501
35  16512  2   65  16447
36  16512  3   1  43  16468
37  16508  2   0  16508
38  8678  3   0  0  8678
39  16508  3   20  1  16487
40  16505  3   0  0  16505
41  16505  4   0  0  81  16424
42  16508  3   0  0  16508
43  16512  3   0  0  16512
44  16484  2   0  16484
45  16504  2   0  16504
46  16512  2   0  16512
47  16508  3   0  1  16507
48  7912  2   0  7912
49  16512  2   0  16512
50  16510  2   1  16509
51  16502  3   0  0  16502
52  16508  3   0  0  16508
53  16510  3   0  0  16510
54  16512  2   0  16512
55  10090  3   0  15  10075
56  16512  2   1  16511
57  16512  2   0  16512
58  10294  2   2  10292
59  16508  3   0  0  16508
60  16512  3   1  0  16511
61  16508  3   0  0  16508
62  7912  2   2  7910
63  16512  2   0  16512
64  14423  3   0  0  14423
65  16502  2   0  16502
66  16510  2   0  16510
67  16511  3   0  0  16511
68  10559  3   0  1  10558
69  16508  2   0  16508
70  16511  3   0  1  16510
71  16502  2   0  16502
72  16510  2   0  16510
73  16504  3   0  0  16504
74  16512  2   0  16512
75  16508  2   0  16508
76  16512  2   0  16512
77  16510  2   1  16509
78  7878  2   0  7878
79  16497  3   1  0  16496
80  16509  3   66  0  16443
81  13781  4   0  0  1  13780
82  15062  2   18  15044
83  16479  4   0  0  0  16479
84  16512  4   0  0  0  16512
85  13100  2   0  13100
86  16510  2   0  16510
87  12932  2   1  12931
88  11218  3   1  0  11217
89  16504  2   0  16504
90  16510  2   0  16510
91  14354  3   0  9  14345
92  15786  2   0  15786
93  16446  2   0  16446
94  16482  2   0  16482
95  16506  3   0  0  16506
96  16486  2   0  16486
97  16508  2   0  16508
98  16484  2   0  16484
99  16504  2   0  16504
100  16508  2   0  16508
101  16506  2   1  16505
102  14872  3   5  0  14867
103  16092  2   0  16092
104  16510  2   1  16509
105  16485  3   0  1  16484
106  11579  3   0  1  11578
107  16510  2   1  16509
108  15007  3   1  0  15006
109  6750  3   1  0  6749
110  16186  3   0  0  16186
111  16416  3   0  0  16416
112  16512  3   5  1  16506
113  6696  2   1  6695
114  16504  2   0  16504
115  6264  2   0  6264
116  16510  2   0  16510
117  16512  3   0  3  16509
118  16512  2   0  16512
119  16500  3   0  0  16500
120  16385  3   0  0  16385
121  16512  2   10  16502
122  11656  2   0  11656
123  16510  5   1  0  2  0  16507
124  16510  2   0  16510
125  16512  3   1  0  16511
126  16493  3   121  0  16372
127  16500  2   0  16500
128  16360  2   1  16359
129  15856  2   0  15856
130  16414  3   0  0  16414
131  16364  2   0  16364
132  16424  2   0  16424
133  16512  2   0  16512
134  14738  3   0  0  14738
135  16434  3   0  0  16434
136  16512  2   0  16512
137  16512  2   8  16504
138  16086  2   0  16086
139  16512  2   0  16512
140  14859  3   0  0  14859
141  16508  2   5  16503
142  16340  3   0  0  16340
143  16340  2   82  16258
144  16510  3   0  0  16510
145  16501  4   0  0  0  16501
146  16512  3   1  0  16511
147  16512  2   0  16512
148  16320  2   0  16320
149  3450  2   0  3450
150  14960  2   2  14958
151  16341  4   0  0  0  16341
152  14962  3   0  0  14962
153  16418  2   0  16418
154  16510  3   1  0  16509
155  16486  2   4  16482
156  15430  3   0  2  15428
157  16420  3   2  0  16418
158  16509  3   1  0  16508
159  16512  2   2  16510
160  14978  2   0  14978
161  16322  2   0  16322
162  16512  2   5  16507
163  15656  2   0  15656
164  16353  3   0  0  16353
165  15206  2   7124  8082
166  16430  3   0  0  16430
167  16348  2   0  16348
168  16504  2   4  16500
169  16348  3   0  0  16348
170  16054  2   2  16052
171  16506  2   0  16506
172  14475  5   1  0  0  1  14473
173  16462  2   0  16462
174  14468  2   0  14468
175  16428  2   0  16428
176  9916  2   0  9916
177  14416  2   0  14416
178  14390  2   0  14390
179  10172  3   1  0  10171
180  16450  3   1  5  16444
181  16404  2   0  16404
182  16274  2   0  16274
183  16042  3   0  1  16041
184  14400  2   0  14400
185  16294  2   2  16292
186  16416  2   0  16416
187  16311  4   0  0  0  16311
188  16355  3   0  0  16355
189  16512  3   0  0  16512
190  11018  2   0  11018
191  16512  2   0  16512
192  16336  4   0  1  0  16335
193  16444  2   1  16443
194  16344  2   3  16341
195  16270  2   0  16270
196  16512  2   0  16512
197  14191  3   1  0  14190
198  16242  2   0  16242
199  16512  2   0  16512
200  14137  4   1  0  0  14136
201  16263  3   0  0  16263
202  16434  2   4  16430
203  15650  2   2  15648
204  16477  3   0  0  16477
205  15180  3   0  0  15180
206  15480  3   0  0  15480
207  14094  2   0  14094
208  14682  2   0  14682
209  15305  4   0  1  4  15300
210  16508  3   0  54  16454
211  14102  3   0  0  14102
212  16086  2   0  16086
213  7914  2   3  7911
214  16507  3   0  3  16504
215  11308  2   0  11308
216  16512  2   0  16512
217  16462  3   0  1  16461
218  11308  2   0  11308
219  14526  2   37  14489
220  16102  2   0  16102
221  14115  3   0  0  14115
222  16512  3   0  0  16512
223  7914  2   0  7914
224  13846  2   0  13846
225  16512  2   0  16512
226  16476  3   1  0  16475
227  12462  3   0  0  12462
228  16436  2   0  16436
229  16506  2   2  16504
230  16368  2   0  16368
231  16456  2   7  16449
232  16466  2   0  16466
233  16380  2   0  16380
234  16424  2   0  16424
235  16468  2   0  16468
236  16473  3   5  0  16468
237  10433  3   0  0  10433
238  16502  3   8  0  16494
239  16464  2   0  16464
240  16418  3   17  1  16400
241  16282  2   0  16282
242  7914  2   26  7888
243  16502  3   0  0  16502
244  16508  4   0  0  0  16508
245  16455  4   0  0  0  16455
246  16402  2   0  16402
247  16508  2   19  16489
248  11227  3   1  0  11226
249  16480  2   18  16462
250  16373  4   1  0  0  16372
251  10581  3   0  0  10581
252  16510  2   1  16509
253  16480  3   0  0  16480
254  10616  2   0  10616
255  16480  2   2  16478
256  16426  3   1  0  16425
257  16422  3   1  0  16421
258  16408  3   0  0  16408
259  10698  2   0  10698
260  16502  4   0  0  0  16502
261  16371  3   0  0  16371
262  16503  3   0  3  16500
263  16422  2   0  16422

