[loci]=215

[populations]=7

[pop]=1
1  10374  2   0  10374
2  10038  2   0  10038
3  10406  2   0  10406
4  10382  2   0  10382
5  10402  3   0  0  10402
6  10406  2   3  10403
7  10406  3   0  106  10300
8  10304  2   4  10300
9  10406  2   0  10406
10  10406  2   1  10405
11  10366  3   0  1  10365
12  10406  3   0  0  10406
13  10406  2   0  10406
14  10406  3   0  0  10406
15  10382  2   0  10382
16  10406  2   0  10406
17  10406  2   0  10406
18  10406  2   154  10252
19  10402  3   0  0  10402
20  10404  3   0  0  10404
21  10298  2   4  10294
22  10360  2   5  10355
23  10350  2   3  10347
24  10200  2   0  10200
25  9800  2   0  9800
26  10406  2   0  10406
27  10406  2   0  10406
28  10406  3   0  8  10398
29  10344  2   86  10258
30  9800  2   0  9800
31  10404  2   308  10096
32  10294  2   0  10294
33  10340  2   2  10338
34  9810  2   0  9810
35  10400  3   1  0  10399
36  10380  2   0  10380
37  10342  2   9  10333
38  10376  2   0  10376
39  10334  3   0  0  10334
40  10398  3   0  14  10384
41  10278  3   0  0  10278
42  10356  2   0  10356
43  9814  3   0  0  9814
44  10376  2   9  10367
45  10406  2   0  10406
46  10396  3   1  1  10394
47  10382  3   0  3  10379
48  10284  4   0  1  0  10283
49  10356  4   3  0  0  10353
50  10384  2   0  10384
51  10358  2   1  10357
52  10394  2   0  10394
53  10356  3   0  0  10356
54  10356  2   0  10356
55  10376  4   2  0  0  10374
56  10406  3   22  0  10384
57  10402  4   0  1  0  10401
58  10406  2   1  10405
59  10372  3   0  0  10372
60  10392  5   0  0  0  0  10392
61  10286  2   78  10208
62  10373  3   0  0  10373
63  10406  2   1  10405
64  10406  3   1  0  10405
65  10389  3   1006  0  9383
66  10283  3   0  4  10279
67  9812  2   0  9812
68  10386  2   0  10386
69  10352  2   0  10352
70  9812  2   1  9811
71  10406  2   90  10316
72  10404  2   0  10404
73  10390  2   4  10386
74  10381  3   0  0  10381
75  10277  3   6095  5  4177
76  10406  2   7  10399
77  10386  2   1  10385
78  9812  3   0  1  9811
79  10386  2   2  10384
80  10404  2   0  10404
81  10392  3   0  0  10392
82  9812  2   0  9812
83  10350  3   2  0  10348
84  10404  2   167  10237
85  10379  3   0  0  10379
86  10230  3   1  6  10223
87  10340  2   0  10340
88  9808  2   0  9808
89  10332  2   0  10332
90  9806  2   0  9806
91  10330  2   2  10328
92  10390  3   0  0  10390
93  10310  2   0  10310
94  10378  2   0  10378
95  10339  4   0  0  0  10339
96  10332  2   0  10332
97  10384  2   2  10382
98  10400  3   0  0  10400
99  10326  2   101  10225
100  10377  4   1  0  2908  7468
101  10326  2   0  10326
102  10316  3   0  0  10316
103  9810  2   7820  1990
104  10280  2   0  10280
105  9806  3   8091  0  1715
106  10372  3   0  1  10371
107  10398  2   0  10398
108  10390  2   0  10390
109  10382  3   0  0  10382
110  10380  3   0  0  10380
111  10286  2   0  10286
112  10382  3   0  0  10382
113  10329  3   1  0  10328
114  9334  2   0  9334
115  10335  3   0  0  10335
116  10406  2   1  10405
117  10406  2   0  10406
118  10404  2   16  10388
119  9816  2   0  9816
120  10325  3   0  0  10325
121  10406  3   0  0  10406
122  10403  4   0  2  0  10401
123  9822  4   0  0  274  9548
124  10406  2   0  10406
125  10406  3   0  0  10406
126  10324  2   0  10324
127  10406  4   0  0  1  10405
128  10406  2   0  10406
129  10323  4   219  0  0  10104
130  10386  2   0  10386
131  10406  2   0  10406
132  10406  4   0  1  0  10405
133  10406  4   0  0  10  10396
134  10404  3   0  10  10394
135  9845  3   0  0  9845
136  9817  3   1  0  9816
137  10398  3   0  0  10398
138  10386  2   1  10385
139  10406  3   0  0  10406
140  10406  2   1  10405
141  10406  4   248  0  0  10158
142  10402  4   0  0  0  10402
143  10315  3   0  0  10315
144  10400  3   0  0  10400
145  10333  4   0  0  0  10333
146  10406  2   142  10264
147  10386  2   0  10386
148  10402  2   0  10402
149  9836  2   0  9836
150  10401  3   0  2  10399
151  10334  2   0  10334
152  10390  3   350  0  10040
153  10388  2   0  10388
154  10404  2   0  10404
155  10406  3   224  0  10182
156  10056  2   5  10051
157  9848  3   0  0  9848
158  10402  2   0  10402
159  10404  3   0  12  10392
160  10070  2   0  10070
161  9853  3   4  2  9847
162  10402  3   1  0  10401
163  10404  3   0  1  10403
164  10406  2   464  9942
165  10404  3   0  0  10404
166  9882  2   276  9606
167  10402  3   0  0  10402
168  10390  2   13  10377
169  10404  2   0  10404
170  10406  3   1483  0  8923
171  10406  2   0  10406
172  10286  2   51  10235
173  9880  2   2  9878
174  10400  2   1748  8652
175  9952  2   2  9950
176  9882  2   7  9875
177  10404  2   0  10404
178  10388  3   0  0  10388
179  10406  2   0  10406
180  10404  3   0  1  10403
181  10288  2   1  10287
182  10404  3   0  0  10404
183  10342  2   0  10342
184  10406  2   0  10406
185  10404  3   0  2  10402
186  10406  4   0  0  40  10366
187  10406  5   5  0  2  0  10399
188  10400  2   0  10400
189  10402  3   2  2  10398
190  10277  3   0  4  10273
191  10404  4   0  0  0  10404
192  10406  3   0  0  10406
193  10404  2   0  10404
194  10402  2   0  10402
195  10264  2   2  10262
196  10405  3   0  0  10405
197  10332  2   0  10332
198  10398  2   0  10398
199  10406  2   175  10231
200  10400  2   1  10399
201  9870  3   0  1  9869
202  10324  3   0  1  10323
203  10406  3   5  0  10401
204  10406  2   0  10406
205  10382  3   0  1  10381
206  10406  2   0  10406
207  10398  2   4  10394
208  8892  2   2  8890
209  10402  2   0  10402
210  10376  2   15  10361
211  10400  3   0  0  10400
212  10398  3   0  0  10398
213  10406  2   0  10406
214  10392  3   0  1  10391
215  10402  2   13  10389

[pop]=2
1  11558  2   0  11558
2  11422  2   0  11422
3  11578  2   0  11578
4  11570  2   0  11570
5  11578  3   0  0  11578
6  11578  2   0  11578
7  11578  3   0  3  11575
8  11578  2   0  11578
9  11578  2   0  11578
10  11578  2   0  11578
11  11558  3   1  0  11557
12  11578  3   0  0  11578
13  11578  2   3  11575
14  11578  3   0  4  11574
15  11568  2   1  11567
16  11578  2   0  11578
17  11578  2   0  11578
18  11578  2   3  11575
19  11578  3   0  0  11578
20  11578  3   0  0  11578
21  11578  2   1  11577
22  11554  2   6  11548
23  11556  2   9  11547
24  11478  2   0  11478
25  11574  2   0  11574
26  11578  2   1  11577
27  11578  2   0  11578
28  11578  3   0  0  11578
29  11556  2   1  11555
30  11574  2   0  11574
31  11578  2   11  11567
32  11578  2   2  11576
33  11556  2   0  11556
34  11576  2   0  11576
35  11570  3   0  43  11527
36  11576  2   0  11576
37  11556  2   1  11555
38  11564  2   13  11551
39  11556  3   0  0  11556
40  11572  3   0  1  11571
41  11578  3   0  0  11578
42  11554  2   5  11549
43  11576  3   0  0  11576
44  11566  2   0  11566
45  11578  2   0  11578
46  11574  3   1  0  11573
47  11578  3   0  0  11578
48  11578  4   0  0  0  11578
49  11554  4   0  0  3  11551
50  11568  2   0  11568
51  11572  2   0  11572
52  11572  2   0  11572
53  11556  3   0  0  11556
54  11556  2   0  11556
55  11568  4   0  0  0  11568
56  11578  3   22  0  11556
57  11578  4   0  0  0  11578
58  11576  2   2  11574
59  11572  3   0  0  11572
60  11574  5   1  1  0  0  11572
61  11578  2   9  11569
62  11569  3   0  0  11569
63  11578  2   4  11574
64  11576  3   0  1  11575
65  11575  3   56  0  11519
66  11578  3   2  0  11576
67  11576  2   0  11576
68  11568  2   8  11560
69  11550  2   0  11550
70  11576  2   0  11576
71  11578  2   27  11551
72  11576  2   0  11576
73  11572  2   0  11572
74  11578  3   0  0  11578
75  11577  3   9060  0  2517
76  11578  2   1  11577
77  11578  2   14  11564
78  11576  3   0  0  11576
79  11578  2   0  11578
80  11574  2   0  11574
81  11572  3   0  0  11572
82  11576  2   0  11576
83  11564  3   0  0  11564
84  11574  2   5  11569
85  11578  3   0  0  11578
86  11578  3   0  14  11564
87  11548  2   0  11548
88  11576  2   0  11576
89  11544  2   0  11544
90  11576  2   0  11576
91  11574  2   0  11574
92  11568  3   0  0  11568
93  11574  2   1  11573
94  11578  2   0  11578
95  11546  4   0  0  0  11546
96  11546  2   0  11546
97  11560  2   0  11560
98  11578  3   0  0  11578
99  11574  2   3  11571
100  11578  4   0  0  7286  4292
101  11540  2   3  11537
102  11574  3   1  0  11573
103  11576  2   10992  584
104  11522  2   0  11522
105  11576  3   11003  1  572
106  11556  3   0  0  11556
107  11578  2   0  11578
108  11568  2   0  11568
109  11565  3   1  1  11563
110  11560  3   0  0  11560
111  11560  2   2  11558
112  11570  3   1  0  11569
113  11537  3   0  0  11537
114  10430  2   0  10430
115  11572  3   0  0  11572
116  11578  2   1  11577
117  11578  2   0  11578
118  11574  2   0  11574
119  11552  2   0  11552
120  11572  3   0  0  11572
121  11577  3   0  0  11577
122  11574  4   4  10  1  11559
123  11552  4   0  0  14  11538
124  11576  2   0  11576
125  11578  3   0  0  11578
126  11528  2   2  11526
127  11578  4   0  0  0  11578
128  11578  2   0  11578
129  11527  4   6  0  0  11521
130  11570  2   0  11570
131  11576  2   0  11576
132  11578  4   0  0  0  11578
133  11578  4   0  7  0  11571
134  11574  3   0  0  11574
135  11106  3   0  0  11106
136  11554  3   0  0  11554
137  11578  3   0  0  11578
138  11570  2   5  11565
139  11576  3   0  0  11576
140  11578  2   6  11572
141  11578  4   12  0  0  11566
142  11575  4   1  0  0  11574
143  11520  3   0  0  11520
144  11578  3   0  0  11578
145  11574  4   2  0  0  11572
146  11574  2   993  10581
147  11572  2   5  11567
148  11576  2   0  11576
149  11556  2   0  11556
150  11578  3   0  0  11578
151  11574  2   0  11574
152  11572  3   10  51  11511
153  11572  2   0  11572
154  11578  2   0  11578
155  11578  3   11  0  11567
156  11298  2   0  11298
157  11556  3   0  2  11554
158  11578  2   0  11578
159  11576  3   0  0  11576
160  11330  2   0  11330
161  11556  3   0  0  11556
162  11578  3   0  0  11578
163  11578  3   0  0  11578
164  11578  2   16  11562
165  11576  3   0  0  11576
166  11556  2   1462  10094
167  11578  3   1  0  11577
168  11570  2   0  11570
169  11576  2   0  11576
170  11574  3   1324  0  10250
171  11576  2   0  11576
172  11504  2   1  11503
173  11562  2   0  11562
174  11574  2   1931  9643
175  11288  2   0  11288
176  11558  2   0  11558
177  11578  2   0  11578
178  11574  3   0  0  11574
179  11578  2   2  11576
180  11576  3   1  0  11575
181  11502  2   7  11495
182  11578  3   0  0  11578
183  11572  2   0  11572
184  11578  2   0  11578
185  11578  3   0  1  11577
186  11578  4   0  1  0  11577
187  11577  5   1  0  1  0  11575
188  11576  2   0  11576
189  11576  3   0  0  11576
190  11495  3   0  0  11495
191  11578  4   2  0  0  11576
192  11578  3   0  0  11578
193  11578  2   0  11578
194  11576  2   0  11576
195  11492  2   0  11492
196  11578  3   0  0  11578
197  11568  2   0  11568
198  11574  2   0  11574
199  11578  2   8  11570
200  11576  2   0  11576
201  11552  3   1  0  11551
202  11564  3   4  0  11560
203  11574  3   2  0  11572
204  11578  2   0  11578
205  11568  3   0  2  11566
206  11578  2   0  11578
207  11576  2   0  11576
208  9448  2   12  9436
209  11578  2   1  11577
210  11566  2   0  11566
211  11578  3   0  0  11578
212  11578  3   0  0  11578
213  11572  2   0  11572
214  11570  3   0  0  11570
215  11578  2   0  11578

[pop]=3
1  8626  2   0  8626
2  8546  2   0  8546
3  8652  2   0  8652
4  8654  2   0  8654
5  8654  3   1  0  8653
6  8652  2   0  8652
7  8654  3   0  0  8654
8  8652  2   0  8652
9  8654  2   0  8654
10  8654  2   0  8654
11  8622  3   0  0  8622
12  8654  3   0  0  8654
13  8654  2   0  8654
14  8654  3   6  1  8647
15  8654  2   0  8654
16  8652  2   1  8651
17  8654  2   1  8653
18  8654  2   5  8649
19  8654  3   2  0  8652
20  8654  3   1  1  8652
21  8652  2   0  8652
22  8624  2   0  8624
23  8620  2   0  8620
24  8580  2   2  8578
25  8626  2   0  8626
26  8652  2   40  8612
27  8654  2   2  8652
28  8654  3   0  0  8654
29  8616  2   0  8616
30  8626  2   0  8626
31  8654  2   0  8654
32  8654  2   0  8654
33  8612  2   0  8612
34  8626  2   0  8626
35  8653  3   0  0  8653
36  8654  2   0  8654
37  8616  2   0  8616
38  8650  2   1  8649
39  8615  3   0  0  8615
40  8654  3   0  0  8654
41  8654  3   0  0  8654
42  8636  2   1  8635
43  8626  3   0  0  8626
44  8650  2   0  8650
45  8654  2   0  8654
46  8653  3   0  0  8653
47  8654  3   0  0  8654
48  8654  4   0  0  0  8654
49  8606  4   0  0  0  8606
50  8642  2   4  8638
51  8654  2   6  8648
52  8654  2   1  8653
53  8606  3   21  0  8585
54  8636  2   0  8636
55  8650  4   0  0  0  8650
56  8654  3   0  0  8654
57  8654  4   0  0  0  8654
58  8654  2   4  8650
59  8654  3   1  0  8653
60  8652  5   80  0  0  0  8572
61  8654  2   0  8654
62  8650  3   0  0  8650
63  8654  2   3  8651
64  8654  3   0  0  8654
65  8652  3   1  0  8651
66  8654  3   1  0  8653
67  8626  2   0  8626
68  8640  2   0  8640
69  8606  2   6  8600
70  8626  2   0  8626
71  8654  2   1  8653
72  8654  2   0  8654
73  8654  2   1  8653
74  8654  3   1  0  8653
75  8644  3   5784  0  2860
76  8654  2   0  8654
77  8654  2   1  8653
78  8626  3   0  0  8626
79  8652  2   0  8652
80  8654  2   0  8654
81  8654  3   0  0  8654
82  8626  2   1  8625
83  8650  3   1  0  8649
84  8654  2   0  8654
85  8654  3   0  0  8654
86  8654  3   0  0  8654
87  8626  2   0  8626
88  8626  2   0  8626
89  8622  2   3  8619
90  8626  2   0  8626
91  8654  2   0  8654
92  8654  3   0  0  8654
93  8652  2   12  8640
94  8652  2   0  8652
95  8598  4   0  0  0  8598
96  8620  2   0  8620
97  8634  2   0  8634
98  8654  3   0  0  8654
99  8654  2   0  8654
100  8644  4   0  0  4124  4520
101  8618  2   0  8618
102  8654  3   0  0  8654
103  8604  2   6136  2468
104  8606  2   0  8606
105  8615  3   6134  0  2481
106  8630  3   0  0  8630
107  8654  2   2  8652
108  8652  2   0  8652
109  8652  3   0  0  8652
110  8654  3   1  0  8653
111  8646  2   0  8646
112  8640  3   0  51  8589
113  8582  3   0  0  8582
114  8056  2   5  8051
115  8654  3   0  3  8651
116  8654  2   30  8624
117  8654  2   0  8654
118  8652  2   3  8649
119  8640  2   0  8640
120  8652  3   0  0  8652
121  8654  3   0  0  8654
122  8652  4   0  0  0  8652
123  8640  4   0  0  1  8639
124  8654  2   6  8648
125  8654  3   0  0  8654
126  8580  2   0  8580
127  8654  4   0  0  0  8654
128  8654  2   2  8652
129  8575  4   0  0  0  8575
130  8638  2   0  8638
131  8654  2   0  8654
132  8654  4   0  0  185  8469
133  8654  4   0  0  0  8654
134  8652  3   0  0  8652
135  8480  3   0  0  8480
136  8639  3   0  0  8639
137  8654  3   1  0  8653
138  8638  2   3  8635
139  8654  3   0  2  8652
140  8654  2   0  8654
141  8654  4   0  0  0  8654
142  8651  4   14  1  0  8636
143  8576  3   0  0  8576
144  8654  3   7  0  8647
145  8650  4   0  0  0  8650
146  8654  2   2  8652
147  8638  2   0  8638
148  8652  2   0  8652
149  8640  2   0  8640
150  8654  3   0  0  8654
151  8650  2   87  8563
152  8640  3   0  0  8640
153  8638  2   0  8638
154  8654  2   0  8654
155  8654  3   0  0  8654
156  8574  2   0  8574
157  8642  3   0  0  8642
158  8654  2   0  8654
159  8654  3   0  0  8654
160  8578  2   0  8578
161  8642  3   0  0  8642
162  8654  3   0  0  8654
163  8654  3   0  0  8654
164  8654  2   0  8654
165  8654  3   1  0  8653
166  8640  2   48  8592
167  8654  3   0  10  8644
168  8640  2   0  8640
169  8654  2   0  8654
170  8652  3   60  1  8591
171  8652  2   26  8626
172  8564  2   0  8564
173  8642  2   0  8642
174  8604  2   1993  6611
175  8560  2   3  8557
176  8642  2   0  8642
177  8654  2   0  8654
178  8633  3   0  13  8620
179  8654  2   0  8654
180  8654  3   0  0  8654
181  8558  2   0  8558
182  8654  3   1  6  8647
183  8650  2   0  8650
184  8654  2   1  8653
185  8654  3   0  0  8654
186  8654  4   0  0  0  8654
187  8654  5   0  0  6  0  8648
188  8644  2   0  8644
189  8654  3   8  0  8646
190  8551  3   0  0  8551
191  8654  4   0  0  0  8654
192  8654  3   0  0  8654
193  8654  2   0  8654
194  8654  2   1  8653
195  8548  2   0  8548
196  8654  3   0  0  8654
197  8650  2   0  8650
198  8644  2   0  8644
199  8654  2   0  8654
200  8654  2   2  8652
201  8638  3   0  0  8638
202  8650  3   0  0  8650
203  8654  3   0  0  8654
204  8654  2   0  8654
205  8630  3   0  0  8630
206  8654  2   0  8654
207  8654  2   0  8654
208  7500  2   0  7500
209  8654  2   0  8654
210  8630  2   0  8630
211  8652  3   0  0  8652
212  8654  3   0  0  8654
213  8654  2   0  8654
214  8636  3   0  0  8636
215  8654  2   0  8654

[pop]=4
1  6606  2   0  6606
2  6486  2   0  6486
3  6614  2   0  6614
4  6604  2   0  6604
5  6614  3   0  0  6614
6  6614  2   0  6614
7  6614  3   0  0  6614
8  6614  2   0  6614
9  6614  2   0  6614
10  6614  2   0  6614
11  6606  3   0  0  6606
12  6614  3   0  0  6614
13  6614  2   0  6614
14  6614  3   0  0  6614
15  6600  2   0  6600
16  6614  2   0  6614
17  6614  2   0  6614
18  6614  2   0  6614
19  6614  3   0  0  6614
20  6614  3   0  0  6614
21  6614  2   0  6614
22  6608  2   6  6602
23  6608  2   0  6608
24  6448  2   0  6448
25  6614  2   0  6614
26  6614  2   0  6614
27  6614  2   0  6614
28  6614  3   0  0  6614
29  6606  2   0  6606
30  6614  2   0  6614
31  6614  2   0  6614
32  6614  2   0  6614
33  6604  2   0  6604
34  6614  2   0  6614
35  6614  3   0  0  6614
36  6614  2   0  6614
37  6604  2   0  6604
38  6614  2   0  6614
39  6604  3   0  0  6604
40  6614  3   0  0  6614
41  6614  3   0  0  6614
42  6604  2   0  6604
43  6614  3   0  0  6614
44  6614  2   0  6614
45  6614  2   0  6614
46  6614  3   7  0  6607
47  6614  3   0  0  6614
48  6614  4   0  0  0  6614
49  6602  4   0  0  0  6602
50  6614  2   0  6614
51  6614  2   0  6614
52  6614  2   0  6614
53  6602  3   0  0  6602
54  6606  2   0  6606
55  6614  4   0  0  0  6614
56  6614  3   241  0  6373
57  6614  4   0  0  0  6614
58  6614  2   0  6614
59  6614  3   0  0  6614
60  6614  5   0  0  0  0  6614
61  6614  2   0  6614
62  6614  3   0  0  6614
63  6614  2   1  6613
64  6614  3   0  0  6614
65  6614  3   1  0  6613
66  6614  3   0  0  6614
67  6614  2   0  6614
68  6614  2   0  6614
69  6602  2   0  6602
70  6614  2   0  6614
71  6614  2   37  6577
72  6614  2   0  6614
73  6614  2   0  6614
74  6614  3   0  0  6614
75  6614  3   5667  0  947
76  6614  2   0  6614
77  6614  2   0  6614
78  6614  3   0  0  6614
79  6614  2   0  6614
80  6614  2   0  6614
81  6614  3   0  0  6614
82  6614  2   0  6614
83  6614  3   0  0  6614
84  6614  2   0  6614
85  6614  3   0  0  6614
86  6614  3   0  2  6612
87  6600  2   0  6600
88  6614  2   0  6614
89  6600  2   0  6600
90  6614  2   0  6614
91  6614  2   0  6614
92  6614  3   0  0  6614
93  6614  2   0  6614
94  6614  2   0  6614
95  6600  4   0  0  0  6600
96  6600  2   0  6600
97  6614  2   0  6614
98  6614  3   0  0  6614
99  6614  2   0  6614
100  6612  4   0  0  4688  1924
101  6598  2   0  6598
102  6614  3   0  0  6614
103  6614  2   6331  283
104  6588  2   0  6588
105  6614  3   6331  0  283
106  6614  3   0  0  6614
107  6614  2   0  6614
108  6614  2   0  6614
109  6614  3   0  0  6614
110  6614  3   0  0  6614
111  6612  2   0  6612
112  6610  3   0  0  6610
113  6602  3   0  0  6602
114  5474  2   0  5474
115  6614  3   0  0  6614
116  6614  2   0  6614
117  6614  2   0  6614
118  6614  2   0  6614
119  6614  2   0  6614
120  6614  3   0  0  6614
121  6614  3   0  0  6614
122  6614  4   0  2  1  6611
123  6614  4   0  0  0  6614
124  6614  2   0  6614
125  6614  3   0  0  6614
126  6602  2   0  6602
127  6614  4   0  0  0  6614
128  6614  2   0  6614
129  6602  4   0  0  0  6602
130  6610  2   0  6610
131  6614  2   0  6614
132  6614  4   0  0  0  6614
133  6614  4   0  0  0  6614
134  6614  3   0  0  6614
135  5915  3   0  1  5914
136  6614  3   1  2  6611
137  6614  3   0  0  6614
138  6610  2   0  6610
139  6614  3   0  0  6614
140  6614  2   0  6614
141  6614  4   0  0  0  6614
142  6614  4   2  0  0  6612
143  6602  3   0  0  6602
144  6614  3   0  0  6614
145  6614  4   0  0  0  6614
146  6614  2   645  5969
147  6610  2   68  6542
148  6614  2   2  6612
149  6614  2   0  6614
150  6614  3   0  0  6614
151  6614  2   0  6614
152  6610  3   0  0  6610
153  6610  2   0  6610
154  6614  2   0  6614
155  6614  3   0  0  6614
156  6062  2   0  6062
157  6614  3   0  0  6614
158  6614  2   0  6614
159  6614  3   0  0  6614
160  6070  2   0  6070
161  6614  3   0  0  6614
162  6614  3   0  0  6614
163  6614  3   0  0  6614
164  6614  2   0  6614
165  6614  3   0  0  6614
166  6612  2   709  5903
167  6614  3   0  0  6614
168  6610  2   0  6610
169  6614  2   0  6614
170  6614  3   965  0  5649
171  6614  2   0  6614
172  6596  2   0  6596
173  6612  2   0  6612
174  6614  2   812  5802
175  5968  2   0  5968
176  6612  2   0  6612
177  6614  2   0  6614
178  6610  3   0  0  6610
179  6614  2   0  6614
180  6614  3   0  0  6614
181  6596  2   3  6593
182  6614  3   0  65  6549
183  6614  2   0  6614
184  6614  2   0  6614
185  6614  3   0  0  6614
186  6614  4   0  0  6  6608
187  6614  5   0  0  0  0  6614
188  6614  2   0  6614
189  6614  3   1  0  6613
190  6593  3   0  0  6593
191  6614  4   0  0  1  6613
192  6614  3   0  0  6614
193  6614  2   0  6614
194  6614  2   0  6614
195  6594  2   0  6594
196  6614  3   0  0  6614
197  6614  2   0  6614
198  6614  2   0  6614
199  6614  2   0  6614
200  6614  2   0  6614
201  6612  3   0  0  6612
202  6613  3   0  0  6613
203  6614  3   0  0  6614
204  6614  2   0  6614
205  6608  3   0  0  6608
206  6614  2   0  6614
207  6614  2   0  6614
208  5058  2   5  5053
209  6614  2   0  6614
210  6606  2   0  6606
211  6614  3   0  0  6614
212  6614  3   0  0  6614
213  6614  2   0  6614
214  6614  3   0  0  6614
215  6614  2   0  6614

[pop]=5
1  66644  2   1  66643
2  64078  2   0  64078
3  66724  2   3  66721
4  66684  2   1  66683
5  66734  3   0  2  66732
6  66732  2   0  66732
7  66738  3   1  0  66737
8  66728  2   0  66728
9  66728  2   4  66724
10  66738  2   0  66738
11  66646  3   0  6  66640
12  66724  3   1  1  66722
13  66738  2   0  66738
14  66722  3   0  19  66703
15  66672  2   0  66672
16  66734  2   4  66730
17  66726  2   0  66726
18  66738  2   2  66736
19  66736  3   0  0  66736
20  66709  3   0  0  66709
21  66698  2   5  66693
22  66634  2   290  66344
23  66630  2   0  66630
24  65202  2   9  65193
25  66730  2   9  66721
26  66736  2   0  66736
27  66738  2   0  66738
28  66720  3   1  3  66716
29  66622  2   0  66622
30  66728  2   2  66726
31  66704  2   2  66702
32  66738  2   0  66738
33  66624  2   0  66624
34  66736  2   2  66734
35  66687  3   0  0  66687
36  66734  2   2  66732
37  66622  2   0  66622
38  66668  2   2  66666
39  66615  3   0  16  66599
40  66698  3   3  1  66694
41  66740  3   1  1  66738
42  66466  2   0  66466
43  66738  3   1  2  66735
44  66700  2   0  66700
45  66738  2   0  66738
46  66693  3   16  0  66677
47  66732  3   1  0  66731
48  66740  4   0  2  0  66738
49  66598  4   0  2  0  66596
50  66716  2   0  66716
51  66706  2   3  66703
52  66692  2   1  66691
53  66593  3   0  0  66593
54  66442  2   0  66442
55  66698  4   2  0  3  66693
56  66740  3   586  1  66153
57  66734  4   1  0  1  66732
58  66732  2   1  66731
59  66716  3   2  0  66714
60  66692  5   0  0  1  1  66690
61  66740  2   23  66717
62  66698  3   3  3  66692
63  66740  2   2  66738
64  66732  3   0  0  66732
65  66691  3   64  4  66623
66  66737  3   0  0  66737
67  66738  2   1  66737
68  66718  2   1  66717
69  66596  2   0  66596
70  66738  2   0  66738
71  66740  2   325  66415
72  66732  2   0  66732
73  66722  2   2  66720
74  66730  3   0  1  66729
75  66716  3   57016  0  9700
76  66740  2   0  66740
77  66720  2   22  66698
78  66740  3   5  0  66735
79  66720  2   0  66720
80  66730  2   3  66727
81  66720  3   1  1  66718
82  66740  2   0  66740
83  66688  3   0  1  66687
84  66728  2   0  66728
85  66728  3   0  0  66728
86  66685  3   0  104  66581
87  66266  2   2  66264
88  66740  2   3  66737
89  66236  2   0  66236
90  66740  2   3  66737
91  66702  2   0  66702
92  66718  3   1  0  66717
93  66626  2   0  66626
94  66728  2   6  66722
95  66580  4   0  0  1  66579
96  66192  2   3  66189
97  66704  2   0  66704
98  66740  3   0  1  66739
99  66704  2   0  66704
100  66724  4   0  0  43932  22792
101  66192  2   0  66192
102  66695  3   0  1  66694
103  66738  2   64988  1750
104  66084  2   6  66078
105  66729  3   64993  1  1735
106  66677  3   1  0  66676
107  66740  2   0  66740
108  66706  2   2  66704
109  66693  3   0  0  66693
110  66706  3   0  1  66705
111  66624  2   0  66624
112  66704  3   1  0  66703
113  66536  3   4  0  66532
114  61110  2   0  61110
115  66619  3   1  0  66618
116  66740  2   0  66740
117  66730  2   0  66730
118  66728  2   5  66723
119  65602  2   9  65593
120  66617  3   1  1  66615
121  66720  3   0  2  66718
122  66727  4   0  56  27  66644
123  65699  4   0  0  4  65695
124  66736  2   0  66736
125  66722  3   0  1  66721
126  66524  2   0  66524
127  66740  4   1  1  0  66738
128  66722  2   0  66722
129  66515  4   7  1  0  66507
130  66706  2   20  66686
131  66736  2   4  66732
132  66740  4   1  0  2  66737
133  66724  4   1  0  0  66723
134  66730  3   1  1  66728
135  64164  3   0  1  64163
136  65904  3   1  3  65900
137  66702  3   0  1  66701
138  66702  2   13  66689
139  66738  3   2  0  66736
140  66740  2   0  66740
141  66726  4   15  1  1  66709
142  66732  4   2  0  0  66730
143  66509  3   1  0  66508
144  66706  3   0  0  66706
145  66615  4   0  1  1  66613
146  66738  2   5252  61486
147  66704  2   129  66575
148  66734  2   0  66734
149  66012  2   5  66007
150  66711  3   1  1  66709
151  66604  2   0  66604
152  66704  3   2  0  66702
153  66706  2   4  66702
154  66734  2   2  66732
155  66740  3   14  1  66725
156  65190  2   0  65190
157  66077  3   5  0  66072
158  66714  2   2  66712
159  66734  3   0  2  66732
160  65244  2   0  65244
161  66091  3   3  0  66088
162  66718  3   0  0  66718
163  66732  3   0  0  66732
164  66726  2   17  66709
165  66735  3   0  4  66731
166  66246  2   9091  57155
167  66719  3   0  0  66719
168  66708  2   0  66708
169  66736  2   1  66735
170  66738  3   9502  0  57236
171  66730  2   2  66728
172  66420  2   2  66418
173  66114  2   3  66111
174  66714  2   8507  58207
175  64944  2   0  64944
176  66056  2   0  66056
177  66730  2   3  66727
178  66709  3   1  1  66707
179  66738  2   0  66738
180  66736  3   0  0  66736
181  66378  2   143  66235
182  66730  3   0  16  66714
183  66598  2   7  66591
184  66728  2   2  66726
185  66725  3   0  3  66722
186  66740  4   2  3  76  66659
187  66724  5   0  2  6  3  66713
188  66716  2   3  66713
189  66730  3   1  0  66729
190  66321  3   1  0  66320
191  66730  4   1  1  0  66728
192  66724  3   3  2  66719
193  66726  2   6  66720
194  66728  2   1  66727
195  66294  2   1  66293
196  66728  3   3  1  66724
197  66574  2   6  66568
198  66716  2   2  66714
199  66740  2   5  66735
200  66726  2   1  66725
201  65820  3   0  0  65820
202  66544  3   0  0  66544
203  66720  3   0  2  66718
204  66722  2   0  66722
205  66701  3   8  2  66691
206  66718  2   2  66716
207  66722  2   0  66722
208  58294  2   101  58193
209  66704  2   1  66703
210  66696  2   0  66696
211  66709  3   1  3  66705
212  66733  3   0  1  66732
213  66708  2   2  66706
214  66694  3   1  0  66693
215  66696  2   2  66694

[pop]=6
1  908  2   0  908
2  814  2   0  814
3  906  2   0  906
4  908  2   0  908
5  908  3   0  0  908
6  908  2   0  908
7  904  3   0  0  904
8  906  2   0  906
9  908  2   0  908
10  904  2   0  904
11  908  3   0  0  908
12  906  3   0  0  906
13  904  2   0  904
14  906  3   0  0  906
15  908  2   0  908
16  908  2   1  907
17  908  2   0  908
18  904  2   0  904
19  908  3   0  0  908
20  906  3   0  0  906
21  906  2   1  905
22  908  2   0  908
23  908  2   1  907
24  850  2   0  850
25  900  2   0  900
26  908  2   1  907
27  906  2   0  906
28  908  3   0  0  908
29  908  2   0  908
30  900  2   0  900
31  906  2   0  906
32  906  2   0  906
33  908  2   0  908
34  900  2   0  900
35  906  3   0  0  906
36  906  2   0  906
37  908  2   0  908
38  906  2   0  906
39  908  3   0  0  908
40  906  3   0  1  905
41  906  3   0  0  906
42  902  2   0  902
43  900  3   0  0  900
44  906  2   0  906
45  908  2   0  908
46  906  3   0  0  906
47  906  3   0  0  906
48  906  4   0  0  0  906
49  908  4   0  0  0  908
50  908  2   0  908
51  902  2   0  902
52  906  2   0  906
53  908  3   0  0  908
54  902  2   0  902
55  906  4   0  0  0  906
56  908  3   5  0  903
57  908  4   0  0  0  908
58  906  2   1  905
59  906  3   0  0  906
60  906  5   0  0  0  0  906
61  906  2   1  905
62  906  3   0  0  906
63  908  2   0  908
64  906  3   0  0  906
65  906  3   4  0  902
66  906  3   0  0  906
67  900  2   0  900
68  908  2   0  908
69  908  2   0  908
70  900  2   0  900
71  908  2   4  904
72  906  2   0  906
73  906  2   0  906
74  906  3   0  0  906
75  908  3   755  0  153
76  908  2   0  908
77  908  2   1  907
78  900  3   0  0  900
79  908  2   0  908
80  906  2   0  906
81  906  3   0  0  906
82  900  2   0  900
83  906  3   0  0  906
84  906  2   0  906
85  906  3   1  0  905
86  906  3   0  2  904
87  902  2   0  902
88  900  2   0  900
89  900  2   0  900
90  900  2   0  900
91  908  2   0  908
92  906  3   0  0  906
93  904  2   0  904
94  906  2   0  906
95  908  4   0  0  0  908
96  900  2   0  900
97  908  2   0  908
98  908  3   0  0  908
99  908  2   0  908
100  906  4   0  0  572  334
101  900  2   0  900
102  908  3   0  0  908
103  900  2   836  64
104  896  2   0  896
105  900  3   837  0  63
106  908  3   0  0  908
107  908  2   0  908
108  904  2   0  904
109  903  3   0  0  903
110  906  3   0  0  906
111  904  2   0  904
112  906  3   0  0  906
113  907  3   0  0  907
114  810  2   0  810
115  906  3   0  0  906
116  908  2   0  908
117  908  2   0  908
118  908  2   0  908
119  874  2   0  874
120  906  3   0  0  906
121  906  3   0  0  906
122  908  4   0  2  0  906
123  879  4   0  0  1  878
124  908  2   0  908
125  906  3   0  0  906
126  908  2   0  908
127  908  4   0  0  0  908
128  906  2   0  906
129  908  4   1  0  0  907
130  908  2   0  908
131  908  2   0  908
132  908  4   0  0  0  908
133  906  4   0  0  0  906
134  908  3   0  0  908
135  848  3   0  0  848
136  884  3   0  1  883
137  908  3   0  0  908
138  908  2   0  908
139  908  3   0  0  908
140  908  2   0  908
141  906  4   0  0  0  906
142  908  4   0  0  0  908
143  908  3   0  0  908
144  908  3   0  0  908
145  906  4   0  0  0  906
146  908  2   75  833
147  908  2   1  907
148  908  2   0  908
149  886  2   0  886
150  908  3   0  0  908
151  906  2   0  906
152  908  3   0  0  908
153  908  2   0  908
154  908  2   0  908
155  908  3   0  0  908
156  868  2   0  868
157  888  3   0  0  888
158  908  2   0  908
159  908  3   0  0  908
160  872  2   0  872
161  888  3   0  0  888
162  908  3   0  0  908
163  908  3   0  0  908
164  906  2   0  906
165  908  3   0  0  908
166  892  2   85  807
167  908  3   0  0  908
168  908  2   0  908
169  908  2   0  908
170  908  3   151  0  757
171  908  2   0  908
172  904  2   0  904
173  888  2   0  888
174  906  2   119  787
175  864  2   0  864
176  886  2   0  886
177  908  2   0  908
178  906  3   0  0  906
179  906  2   0  906
180  908  3   0  0  908
181  904  2   0  904
182  908  3   0  3  905
183  906  2   0  906
184  908  2   0  908
185  908  3   0  0  908
186  906  4   0  0  0  906
187  906  5   0  0  0  0  906
188  906  2   0  906
189  908  3   0  0  908
190  904  3   0  0  904
191  908  4   0  0  0  908
192  908  3   0  0  908
193  908  2   0  908
194  908  2   0  908
195  904  2   0  904
196  908  3   0  0  908
197  906  2   0  906
198  906  2   0  906
199  906  2   0  906
200  908  2   0  908
201  872  3   0  0  872
202  906  3   0  0  906
203  906  3   0  0  906
204  908  2   0  908
205  906  3   0  0  906
206  908  2   0  908
207  908  2   0  908
208  766  2   1  765
209  906  2   0  906
210  906  2   0  906
211  906  3   0  0  906
212  906  3   0  0  906
213  906  2   0  906
214  906  3   0  0  906
215  906  2   0  906

[pop]=7
1  16508  2   2  16506
2  11736  2   4  11732
3  16512  2   0  16512
4  16512  2   3  16509
5  16512  3   0  0  16512
6  16512  2   0  16512
7  16512  3   0  0  16512
8  16512  2   0  16512
9  16510  2   0  16510
10  16512  2   1  16511
11  16508  3   0  0  16508
12  16512  3   0  0  16512
13  16512  2   0  16512
14  16512  3   4  0  16508
15  16512  2   3  16509
16  16512  2   1  16511
17  16510  2   1  16509
18  16512  2   0  16512
19  16512  3   0  1  16511
20  16508  3   0  0  16508
21  16472  2   19  16453
22  16508  2   14  16494
23  16506  2   0  16506
24  14504  2   0  14504
25  16512  2   0  16512
26  16512  2   0  16512
27  16512  2   0  16512
28  16510  3   0  0  16510
29  16506  2   0  16506
30  16510  2   0  16510
31  16504  2   1  16503
32  16512  2   0  16512
33  16506  2   0  16506
34  16512  2   0  16512
35  16512  3   0  0  16512
36  16512  2   0  16512
37  16506  2   0  16506
38  16508  2   0  16508
39  16504  3   1  1  16502
40  16512  3   0  0  16512
41  16512  3   0  0  16512
42  16502  2   3  16499
43  16512  3   3  0  16509
44  16508  2   0  16508
45  16512  2   2  16510
46  16512  3   2  0  16510
47  16512  3   0  0  16512
48  16512  4   2  0  1  16509
49  16500  4   0  18  0  16482
50  16508  2   0  16508
51  16510  2   0  16510
52  16512  2   0  16512
53  16500  3   0  3  16497
54  16506  2   3  16503
55  16508  4   1  4  0  16503
56  16512  3   5  0  16507
57  16512  4   4  0  0  16508
58  16512  2   2  16510
59  16510  3   2  1  16507
60  16512  5   2  0  0  1  16509
61  16512  2   0  16512
62  16508  3   0  0  16508
63  16512  2   6  16506
64  16512  3   0  0  16512
65  16512  3   20  0  16492
66  16512  3   0  0  16512
67  16512  2   9  16503
68  16508  2   0  16508
69  16496  2   0  16496
70  16512  2   2  16510
71  16512  2   57  16455
72  16512  2   21  16491
73  16508  2   0  16508
74  16512  3   0  0  16512
75  16512  3   13487  0  3025
76  16512  2   0  16512
77  16512  2   367  16145
78  16512  3   0  0  16512
79  16512  2   0  16512
80  16512  2   0  16512
81  16508  3   0  0  16508
82  16512  2   1  16511
83  16508  3   0  0  16508
84  16512  2   0  16512
85  16512  3   0  3  16509
86  16512  3   0  0  16512
87  16502  2   91  16411
88  16512  2   0  16512
89  16500  2   0  16500
90  16512  2   0  16512
91  16512  2   0  16512
92  16510  3   0  1  16509
93  16510  2   0  16510
94  16512  2   0  16512
95  16498  4   9  9  0  16480
96  16500  2   0  16500
97  16506  2   4  16502
98  16512  3   1  0  16511
99  16512  2   0  16512
100  16512  4   0  1  8819  7692
101  16498  2   0  16498
102  16512  3   0  0  16512
103  16512  2   15816  696
104  16478  2   0  16478
105  16512  3   15816  0  696
106  16498  3   0  0  16498
107  16512  2   0  16512
108  16510  2   0  16510
109  16509  3   0  0  16509
110  16508  3   0  0  16508
111  16506  2   0  16506
112  16506  3   0  0  16506
113  16494  3   0  1  16493
114  14990  2   0  14990
115  16510  3   0  0  16510
116  16512  2   0  16512
117  16512  2   4  16508
118  16512  2   1  16511
119  13578  2   0  13578
120  16510  3   0  0  16510
121  16512  3   1  0  16511
122  16512  4   0  0  4  16508
123  13863  4   1  63  0  13799
124  16510  2   0  16510
125  16512  3   6  0  16506
126  16492  2   0  16492
127  16512  4   0  0  0  16512
128  16512  2   0  16512
129  16491  4   0  0  1  16490
130  16508  2   0  16508
131  16510  2   0  16510
132  16512  4   0  0  6  16506
133  16512  4   0  0  0  16512
134  16512  3   0  0  16512
135  15785  3   1  1  15783
136  14415  3   0  1  14414
137  16512  3   0  0  16512
138  16508  2   0  16508
139  16510  3   4  0  16506
140  16512  2   1  16511
141  16512  4   0  0  0  16512
142  16512  4   4  0  2  16506
143  16492  3   0  1  16491
144  16512  3   0  1  16511
145  16510  4   0  0  0  16510
146  16508  2   1279  15229
147  16508  2   7  16501
148  16512  2   0  16512
149  14700  2   0  14700
150  16512  3   0  0  16512
151  16510  2   0  16510
152  16508  3   0  0  16508
153  16508  2   0  16508
154  16512  2   0  16512
155  16512  3   0  0  16512
156  16126  2   0  16126
157  14808  3   0  0  14808
158  16512  2   0  16512
159  16512  3   1  0  16511
160  16150  2   2  16148
161  14842  3   2  0  14840
162  16512  3   0  1  16511
163  16512  3   1  0  16511
164  16512  2   0  16512
165  16512  3   0  3  16509
166  15202  2   1518  13684
167  16512  3   0  0  16512
168  16506  2   0  16506
169  16512  2   2  16510
170  16512  3   2871  0  13641
171  16512  2   0  16512
172  16486  2   0  16486
173  14908  2   0  14908
174  16510  2   2685  13825
175  16066  2   0  16066
176  14810  2   0  14810
177  16512  2   0  16512
178  16506  3   0  0  16506
179  16512  2   0  16512
180  16512  3   0  0  16512
181  16480  2   13  16467
182  16510  3   0  0  16510
183  16504  2   0  16504
184  16512  2   0  16512
185  16510  3   5  1  16504
186  16512  4   0  1  3  16508
187  16510  5   2  0  32  0  16476
188  16508  2   0  16508
189  16512  3   0  4  16508
190  16476  3   0  0  16476
191  16510  4   4  0  0  16506
192  16512  3   0  0  16512
193  16512  2   0  16512
194  16512  2   1  16511
195  16470  2   0  16470
196  16509  3   0  0  16509
197  16484  2   0  16484
198  16506  2   0  16506
199  16512  2   0  16512
200  16508  2   1  16507
201  14072  3   0  0  14072
202  16465  3   0  0  16465
203  16510  3   0  0  16510
204  16504  2   3  16501
205  16506  3   0  0  16506
206  16504  2   1  16503
207  16506  2   0  16506
208  14548  2   0  14548
209  16500  2   0  16500
210  16504  2   1  16503
211  16508  3   0  0  16508
212  16512  3   3  1  16508
213  16510  2   4  16506
214  16498  3   0  0  16498
215  16496  2   0  16496

