[loci]=274

[populations]=7

[pop]=1
1  10378  2   0  10378
2  10104  3   0  0  10104
3  10102  2   0  10102
4  10092  3   27  1  10064
5  10332  3   0  209  10123
6  10126  2   0  10126
7  10232  2   0  10232
8  10336  3   1  0  10335
9  10210  3   0  0  10210
10  9964  2   2  9962
11  10296  2   2  10294
12  10254  2   0  10254
13  10384  2   0  10384
14  10032  2   1  10031
15  10392  2   0  10392
16  10404  4   0  0  2  10402
17  10390  2   0  10390
18  10404  2   0  10404
19  10394  4   0  1  0  10393
20  10366  2   0  10366
21  10396  2   0  10396
22  10406  2   0  10406
23  10406  3   1  0  10405
24  10392  3   0  0  10392
25  10404  2   0  10404
26  10390  3   0  0  10390
27  10390  3   0  0  10390
28  10396  2   1  10395
29  10392  3   0  0  10392
30  10404  2   2  10402
31  10394  2   0  10394
32  10406  3   0  0  10406
33  10398  2   0  10398
34  10388  3   0  0  10388
35  10406  2   0  10406
36  10400  2   3  10397
37  10340  2   0  10340
38  10394  2   0  10394
39  10405  3   0  0  10405
40  10384  2   0  10384
41  1116  2   1094  22
42  10404  2   5  10399
43  10406  2   0  10406
44  10405  3   0  0  10405
45  10356  3   0  0  10356
46  98  2   0  98
47  10406  3   0  0  10406
48  10396  2   0  10396
49  10371  3   0  1  10370
50  10328  2   0  10328
51  10350  2   0  10350
52  10388  2   1  10387
53  10384  2   303  10081
54  10380  2   0  10380
55  10238  2   1  10237
56  10324  2   0  10324
57  10313  3   0  0  10313
58  10246  2   0  10246
59  10328  3   0  2  10326
60  10323  3   0  0  10323
61  9160  3   0  1  9159
62  10402  2   237  10165
63  10068  2   0  10068
64  9228  3   0  0  9228
65  9324  3   0  2  9322
66  10172  2   0  10172
67  10404  2   0  10404
68  10406  2   0  10406
69  9503  3   0  0  9503
70  10404  2   0  10404
71  10302  2   0  10302
72  9580  2   0  9580
73  10304  2   0  10304
74  10402  2   0  10402
75  10336  2   0  10336
76  9656  4   0  0  1  9655
77  10400  2   0  10400
78  9661  3   2  0  9659
79  9671  3   0  0  9671
80  9674  2   1  9673
81  10400  4   0  0  0  10400
82  10406  2   0  10406
83  9692  2   4  9688
84  10406  2   0  10406
85  9726  3   0  0  9726
86  10390  2   0  10390
87  9795  3   1  0  9794
88  9864  2   0  9864
89  10404  3   0  0  10404
90  10404  3   0  0  10404
91  10282  3   1  47  10234
92  10288  2   0  10288
93  10021  4   0  0  0  10021
94  10286  2   0  10286
95  10043  3   0  0  10043
96  10402  4   0  0  0  10402
97  10404  2   0  10404
98  10016  2   0  10016
99  10009  4   0  0  0  10009
100  10402  3   2  0  10400
101  10263  3   0  0  10263
102  10026  2   233  9793
103  10386  2   0  10386
104  10003  4   0  0  0  10003
105  10402  4   1  0  0  10401
106  10402  2   0  10402
107  10290  2   0  10290
108  9880  2   0  9880
109  10132  2   2  10130
110  9966  3   0  0  9966
111  10089  3   0  0  10089
112  10318  2   0  10318
113  10048  2   0  10048
114  10324  2   39  10285
115  10397  3   0  1  10396
116  10120  2   0  10120
117  10398  3   0  0  10398
118  10340  3   0  0  10340
119  10124  3   0  0  10124
120  10154  3   411  0  9743
121  10090  3   0  0  10090
122  10358  2   0  10358
123  10368  2   0  10368
124  10178  2   1  10177
125  10398  2   0  10398
126  10264  2   7  10257
127  10267  3   0  0  10267
128  10398  2   0  10398
129  10241  4   0  1  0  10240
130  10114  2   0  10114
131  10120  2   0  10120
132  10197  3   0  0  10197
133  9856  2   0  9856
134  9850  2   141  9709
135  10404  2   3  10401
136  8700  2   5  8695
137  8414  2   0  8414
138  9688  2   2  9686
139  10402  2   0  10402
140  7886  2   0  7886
141  10401  3   0  0  10401
142  10378  2   0  10378
143  10384  3   0  0  10384
144  9752  2   0  9752
145  9750  2   4  9746
146  10402  2   0  10402
147  9996  3   0  0  9996
148  10396  2   0  10396
149  9918  2   0  9918
150  10026  2   0  10026
151  10400  2   3  10397
152  10398  4   0  3  0  10395
153  9900  2   0  9900
154  10036  2   0  10036
155  10032  2   0  10032
156  9584  2   2  9582
157  9980  2   0  9980
158  6480  3   0  0  6480
159  9478  2   9  9469
160  10111  4   0  2  0  10109
161  9398  3   0  0  9398
162  10108  3   0  0  10108
163  10404  3   0  0  10404
164  7536  2   0  7536
165  10115  3   0  1  10114
166  9254  3   2  0  9252
167  10116  2   1  10115
168  9264  2   0  9264
169  8016  2   1  8015
170  10112  2   1  10111
171  10128  2   2  10126
172  8382  2   11  8371
173  9090  2   0  9090
174  10178  2   4  10174
175  9152  2   0  9152
176  10187  3   0  0  10187
177  9188  2   0  9188
178  9274  3   0  0  9274
179  9364  3   0  13  9351
180  10196  2   0  10196
181  9454  2   0  9454
182  10132  2   0  10132
183  10400  2   4  10396
184  9477  3   0  0  9477
185  10196  2   0  10196
186  10388  3   0  0  10388
187  9512  2   0  9512
188  10222  2   0  10222
189  10000  2   0  10000
190  10380  3   0  0  10380
191  10230  2   0  10230
192  9662  2   0  9662
193  9092  2   0  9092
194  9096  3   0  0  9096
195  9658  2   0  9658
196  9145  3   0  0  9145
197  9174  2   0  9174
198  9788  2   0  9788
199  10258  2   0  10258
200  9626  2   0  9626
201  9598  2   1  9597
202  10336  2   10  10326
203  10240  3   0  8  10232
204  9774  3   0  0  9774
205  10231  3   0  9  10222
206  9514  2   0  9514
207  9580  2   0  9580
208  10168  2   0  10168
209  9596  3   0  0  9596
210  9410  2   0  9410
211  9672  2   0  9672
212  9683  4   0  0  1  9682
213  10374  2   0  10374
214  10375  3   0  3  10372
215  10268  3   0  0  10268
216  10284  2   1  10283
217  10190  2   0  10190
218  9782  2   0  9782
219  10378  2   0  10378
220  10304  3   0  0  10304
221  10388  4   0  0  0  10388
222  10342  3   0  0  10342
223  10348  2   0  10348
224  10394  3   0  2  10392
225  10212  2   0  10212
226  10218  2   0  10218
227  10402  2   0  10402
228  9994  2   0  9994
229  10226  2   4  10222
230  10238  2   0  10238
231  10248  3   0  0  10248
232  10398  2   0  10398
233  10147  3   0  0  10147
234  10153  4   4  0  0  10149
235  10404  2   0  10404
236  10269  3   0  3  10266
237  10270  2   60  10210
238  10044  2   1  10043
239  10168  2   0  10168
240  10172  2   11  10161
241  10170  2   6  10164
242  10175  3   0  0  10175
243  10404  3   0  0  10404
244  10404  2   0  10404
245  10044  3   0  0  10044
246  10248  2   6850  3398
247  10042  2   3  10039
248  9698  3   0  0  9698
249  10404  2   0  10404
250  10057  3   0  0  10057
251  10058  2   0  10058
252  8838  3   2  1  8835
253  10406  3   0  0  10406
254  10366  2   0  10366
255  10371  3   0  0  10371
256  10148  2   21  10127
257  7526  3   0  0  7526
258  10406  2   0  10406
259  10380  2   235  10145
260  10194  2   0  10194
261  10208  2   0  10208
262  10402  2   10  10392
263  10188  2   0  10188
264  10406  2   0  10406
265  10392  2   0  10392
266  10174  3   0  0  10174
267  10390  2   0  10390
268  10170  2   0  10170
269  10172  2   0  10172
270  10404  2   2  10402
271  10184  2   0  10184
272  10204  2   0  10204
273  10232  2   63  10169
274  10250  2   0  10250

[pop]=2
1  11572  2   2  11570
2  11508  3   0  0  11508
3  11368  2   2  11366
4  11498  3   111  0  11387
5  11422  3   0  64  11358
6  11404  2   0  11404
7  11552  2   0  11552
8  11482  3   0  0  11482
9  11548  3   0  0  11548
10  11432  2   0  11432
11  11530  2   0  11530
12  11560  2   0  11560
13  11576  2   0  11576
14  11478  2   0  11478
15  11576  2   4  11572
16  11574  4   0  0  1  11573
17  11576  2   0  11576
18  11574  2   0  11574
19  11576  4   0  0  2  11574
20  11554  2   0  11554
21  11576  2   0  11576
22  11576  2   0  11576
23  11578  3   0  0  11578
24  11574  3   0  1  11573
25  11578  2   0  11578
26  11566  3   0  0  11566
27  11566  3   0  0  11566
28  11566  2   1  11565
29  11574  3   0  0  11574
30  11578  2   0  11578
31  11568  2   0  11568
32  11578  3   0  0  11578
33  11564  2   0  11564
34  11576  3   0  0  11576
35  11578  2   0  11578
36  11564  2   0  11564
37  11570  2   2  11568
38  11558  2   0  11558
39  11578  3   15  0  11563
40  11576  2   0  11576
41  624  2   601  23
42  11578  2   0  11578
43  11578  2   0  11578
44  11578  3   0  0  11578
45  11556  3   0  0  11556
46  72  2   1  71
47  11578  3   0  0  11578
48  11578  2   0  11578
49  11546  3   0  0  11546
50  11552  2   0  11552
51  11546  2   0  11546
52  11578  2   0  11578
53  11578  2   9  11569
54  11578  2   0  11578
55  11536  2   4  11532
56  11578  2   0  11578
57  11578  3   0  0  11578
58  11578  2   7  11571
59  11550  3   0  0  11550
60  11552  3   0  0  11552
61  11107  3   0  0  11107
62  11568  2   11  11557
63  11564  2   0  11564
64  11152  3   0  0  11152
65  11230  3   0  0  11230
66  11572  2   0  11572
67  11568  2   1  11567
68  11578  2   1  11577
69  11395  3   0  0  11395
70  11570  2   1  11569
71  11554  2   0  11554
72  11442  2   0  11442
73  11552  2   0  11552
74  11570  2   0  11570
75  11576  2   2  11574
76  11475  4   0  0  0  11475
77  11572  2   0  11572
78  11484  3   0  0  11484
79  11486  3   0  0  11486
80  11490  2   1  11489
81  11571  4   0  1  0  11570
82  11578  2   0  11578
83  11500  2   3  11497
84  11578  2   0  11578
85  11510  3   0  0  11510
86  11576  2   0  11576
87  11514  3   0  0  11514
88  11520  2   1  11519
89  11576  3   0  0  11576
90  11576  3   0  0  11576
91  11549  3   0  3  11546
92  11552  2   0  11552
93  11533  4   0  0  5  11528
94  11552  2   0  11552
95  11541  3   0  0  11541
96  11576  4   0  1  1  11574
97  11576  2   0  11576
98  11538  2   0  11538
99  11543  4   0  0  1  11542
100  11576  3   0  0  11576
101  11554  3   0  0  11554
102  11550  2   12  11538
103  11578  2   0  11578
104  11552  4   0  1  0  11551
105  11576  4   0  0  0  11576
106  11576  2   0  11576
107  11558  2   0  11558
108  11556  2   0  11556
109  11574  2   3  11571
110  11536  3   0  0  11536
111  11574  3   0  0  11574
112  11568  2   0  11568
113  11550  2   0  11550
114  11568  2   97  11471
115  11578  3   1  0  11577
116  11552  2   0  11552
117  11578  3   0  0  11578
118  11567  3   0  0  11567
119  11552  3   0  0  11552
120  11551  3   1438  0  10113
121  11574  3   1  0  11573
122  11570  2   0  11570
123  11578  2   0  11578
124  11552  2   0  11552
125  11574  2   0  11574
126  11544  2   10  11534
127  11542  3   0  0  11542
128  11572  2   0  11572
129  11570  4   0  0  0  11570
130  11570  2   0  11570
131  11570  2   0  11570
132  11391  3   0  0  11391
133  11566  2   0  11566
134  11068  2   880  10188
135  11568  2   1  11567
136  9566  2   1  9565
137  9098  2   0  9098
138  11562  2   0  11562
139  11570  2   0  11570
140  8348  2   0  8348
141  11574  3   3  0  11571
142  11574  2   0  11574
143  11574  3   1  0  11573
144  11560  2   0  11560
145  11560  2   0  11560
146  11576  2   0  11576
147  11490  3   0  0  11490
148  11578  2   0  11578
149  11462  2   1  11461
150  11568  2   1  11567
151  11576  2   0  11576
152  11578  4   0  0  0  11578
153  11452  2   0  11452
154  11568  2   1  11567
155  11572  2   0  11572
156  11310  2   0  11310
157  11570  2   1  11569
158  7134  3   0  0  7134
159  11262  2   1  11261
160  11569  4   0  0  0  11569
161  11202  3   0  1  11201
162  11570  3   1  1  11568
163  11576  3   0  0  11576
164  8860  2   0  8860
165  11570  3   0  0  11570
166  11120  3   0  0  11120
167  11570  2   39  11531
168  11116  2   0  11116
169  9510  2   1  9509
170  11570  2   0  11570
171  11568  2   1  11567
172  10002  2   1  10001
173  10884  2   0  10884
174  11572  2   1  11571
175  10924  2   0  10924
176  11572  3   0  0  11572
177  10954  2   0  10954
178  11021  3   0  0  11021
179  11092  3   0  0  11092
180  11578  2   0  11578
181  11138  2   0  11138
182  11576  2   0  11576
183  11566  2   1  11565
184  11153  3   0  2  11151
185  11578  2   0  11578
186  11566  3   0  0  11566
187  11172  2   0  11172
188  11578  2   0  11578
189  11574  2   0  11574
190  11565  3   0  0  11565
191  11578  2   0  11578
192  11212  2   0  11212
193  10660  2   8  10652
194  10654  3   0  0  10654
195  11224  2   0  11224
196  10689  3   0  0  10689
197  10720  2   0  10720
198  11572  2   0  11572
199  11566  2   0  11566
200  11220  2   1  11219
201  11210  2   0  11210
202  11574  2   217  11357
203  11565  3   0  0  11565
204  11571  3   0  0  11571
205  11569  3   0  1  11568
206  11152  2   0  11152
207  11230  2   0  11230
208  11578  2   0  11578
209  11270  3   0  0  11270
210  11218  2   0  11218
211  11312  2   23  11289
212  11327  4   0  0  0  11327
213  11568  2   0  11568
214  11569  3   0  0  11569
215  11578  3   0  0  11578
216  11578  2   0  11578
217  11574  2   2  11572
218  11406  2   0  11406
219  11570  2   0  11570
220  11578  3   0  0  11578
221  11569  4   0  0  2  11567
222  11578  3   0  1  11577
223  11578  2   0  11578
224  11570  3   1  3  11566
225  11576  2   0  11576
226  11576  2   0  11576
227  11568  2   0  11568
228  11502  2   3  11499
229  11578  2   11  11567
230  11578  2   0  11578
231  11578  3   0  0  11578
232  11578  2   2  11576
233  11405  3   0  0  11405
234  11408  4   11  0  0  11397
235  11570  2   0  11570
236  11578  3   0  0  11578
237  11578  2   5  11573
238  11520  2   0  11520
239  11422  2   0  11422
240  11428  2   45  11383
241  11428  2   0  11428
242  11427  3   0  0  11427
243  11572  3   0  0  11572
244  11578  2   0  11578
245  11533  3   0  0  11533
246  11388  2   7365  4023
247  11534  2   0  11534
248  10929  3   0  0  10929
249  11572  2   0  11572
250  11543  3   0  0  11543
251  11554  2   0  11554
252  10080  3   1  0  10079
253  11574  3   0  0  11574
254  11578  2   16  11562
255  11578  3   0  0  11578
256  11562  2   0  11562
257  8650  3   0  0  8650
258  11576  2   1  11575
259  11578  2   10  11568
260  11562  2   0  11562
261  11562  2   0  11562
262  11576  2   0  11576
263  11562  2   0  11562
264  11576  2   0  11576
265  11572  2   0  11572
266  11560  3   0  1  11559
267  11568  2   1  11567
268  11560  2   0  11560
269  11560  2   0  11560
270  11576  2   0  11576
271  11558  2   0  11558
272  11554  2   0  11554
273  11554  2   0  11554
274  11554  2   0  11554

[pop]=3
1  8646  2   0  8646
2  8607  3   0  0  8607
3  8570  2   0  8570
4  8606  3   2  0  8604
5  8570  3   72  264  8234
6  8582  2   0  8582
7  8624  2   0  8624
8  8610  3   0  0  8610
9  8620  3   1  0  8619
10  8588  2   0  8588
11  8640  2   0  8640
12  8616  2   0  8616
13  8648  2   0  8648
14  8604  2   0  8604
15  8648  2   1  8647
16  8654  4   0  1  0  8653
17  8648  2   0  8648
18  8654  2   0  8654
19  8648  4   0  0  0  8648
20  8646  2   0  8646
21  8648  2   0  8648
22  8654  2   0  8654
23  8654  3   0  0  8654
24  8640  3   0  0  8640
25  8654  2   36  8618
26  8650  3   0  0  8650
27  8650  3   0  0  8650
28  8654  2   0  8654
29  8639  3   3  0  8636
30  8654  2   0  8654
31  8654  2   0  8654
32  8654  3   0  2  8652
33  8650  2   0  8650
34  8641  3   0  0  8641
35  8654  2   2  8652
36  8650  2   0  8650
37  8654  2   0  8654
38  8648  2   0  8648
39  8654  3   0  0  8654
40  8642  2   0  8642
41  668  2   658  10
42  8654  2   0  8654
43  8654  2   0  8654
44  8654  3   0  0  8654
45  8642  3   0  4  8638
46  56  2   0  56
47  8652  3   1  0  8651
48  8654  2   0  8654
49  8650  3   0  0  8650
50  8628  2   2  8626
51  8644  2   0  8644
52  8654  2   0  8654
53  8654  2   0  8654
54  8654  2   0  8654
55  8610  2   0  8610
56  8654  2   0  8654
57  8654  3   1  0  8653
58  8654  2   0  8654
59  8641  3   1  0  8640
60  8643  3   0  1  8642
61  8392  3   0  0  8392
62  8640  2   0  8640
63  8620  2   0  8620
64  8412  3   0  0  8412
65  8466  3   0  0  8466
66  8632  2   1  8631
67  8646  2   22  8624
68  8652  2   0  8652
69  8531  3   0  0  8531
70  8648  2   0  8648
71  8632  2   0  8632
72  8548  2   0  8548
73  8630  2   3  8627
74  8654  2   0  8654
75  8654  2   0  8654
76  8568  4   0  0  0  8568
77  8654  2   0  8654
78  8570  3   0  0  8570
79  8569  3   0  0  8569
80  8570  2   0  8570
81  8654  4   4  0  0  8650
82  8652  2   0  8652
83  8580  2   0  8580
84  8652  2   0  8652
85  8586  3   1  0  8585
86  8654  2   0  8654
87  8595  3   0  0  8595
88  8604  2   0  8604
89  8654  3   0  0  8654
90  8654  3   0  0  8654
91  8608  3   0  0  8608
92  8608  2   0  8608
93  8608  4   2  0  0  8606
94  8606  2   0  8606
95  8614  3   0  1  8613
96  8654  4   0  0  0  8654
97  8654  2   0  8654
98  8612  2   1  8611
99  8613  4   0  0  0  8613
100  8654  3   0  5  8649
101  8605  3   0  0  8605
102  8614  2   1  8613
103  8654  2   0  8654
104  8617  4   0  0  0  8617
105  8654  4   0  0  1  8653
106  8654  2   12  8642
107  8608  2   0  8608
108  8622  2   0  8622
109  8652  2   0  8652
110  8618  3   0  0  8618
111  8652  3   0  0  8652
112  8616  2   0  8616
113  8618  2   0  8618
114  8616  2   6  8610
115  8654  3   2  2  8650
116  8624  2   0  8624
117  8654  3   0  0  8654
118  8616  3   0  2  8614
119  8626  3   0  0  8626
120  8621  3   2204  0  6417
121  8652  3   0  0  8652
122  8622  2   0  8622
123  8652  2   0  8652
124  8644  2   0  8644
125  8654  2   2  8652
126  8646  2   0  8646
127  8646  3   0  0  8646
128  8654  2   0  8654
129  8646  4   0  0  0  8646
130  8650  2   0  8650
131  8650  2   0  8650
132  8581  3   7  0  8574
133  8642  2   0  8642
134  8324  2   137  8187
135  8652  2   0  8652
136  7456  2   0  7456
137  7108  2   15  7093
138  8634  2   0  8634
139  8652  2   0  8652
140  6644  2   0  6644
141  8653  3   0  0  8653
142  8654  2   0  8654
143  8653  3   0  0  8653
144  8638  2   0  8638
145  8638  2   0  8638
146  8654  2   0  8654
147  8506  3   0  0  8506
148  8654  2   0  8654
149  8482  2   0  8482
150  8644  2   0  8644
151  8654  2   0  8654
152  8654  4   0  0  1  8653
153  8482  2   0  8482
154  8646  2   0  8646
155  8650  2   0  8650
156  8298  2   0  8298
157  8650  2   6  8644
158  5786  3   0  0  5786
159  8222  2   0  8222
160  8652  4   0  0  3  8649
161  8138  3   0  0  8138
162  8652  3   0  0  8652
163  8654  3   0  0  8654
164  6924  2   6  6918
165  8652  3   13  0  8639
166  8014  3   0  0  8014
167  8652  2   7  8645
168  8020  2   0  8020
169  7442  2   0  7442
170  8652  2   0  8652
171  8652  2   0  8652
172  7740  2   0  7740
173  7858  2   0  7858
174  8652  2   0  8652
175  8398  2   0  8398
176  8651  3   1  1  8649
177  8418  2   0  8418
178  8466  3   0  0  8466
179  8497  3   0  0  8497
180  8652  2   0  8652
181  8520  2   0  8520
182  8654  2   0  8654
183  8650  2   0  8650
184  8522  3   1  0  8521
185  8654  2   0  8654
186  8650  3   0  0  8650
187  8530  2   0  8530
188  8654  2   5  8649
189  8654  2   0  8654
190  8652  3   0  0  8652
191  8654  2   12  8642
192  8552  2   0  8552
193  7748  2   0  7748
194  7737  3   0  0  7737
195  8548  2   0  8548
196  7803  3   0  0  7803
197  7838  2   0  7838
198  8652  2   0  8652
199  8652  2   0  8652
200  8544  2   0  8544
201  8544  2   0  8544
202  8648  2   930  7718
203  8652  3   0  0  8652
204  8644  3   0  0  8644
205  8654  3   0  0  8654
206  8266  2   0  8266
207  8356  2   0  8356
208  8654  2   0  8654
209  8406  3   2  0  8404
210  8546  2   0  8546
211  8444  2   0  8444
212  8459  4   0  0  0  8459
213  8650  2   0  8650
214  8650  3   0  0  8650
215  8654  3   0  1  8653
216  8654  2   1  8653
217  8654  2   0  8654
218  8532  2   0  8532
219  8650  2   2  8648
220  8654  3   0  0  8654
221  8647  4   0  0  0  8647
222  8654  3   0  0  8654
223  8654  2   0  8654
224  8647  3   0  0  8647
225  8654  2   0  8654
226  8654  2   0  8654
227  8652  2   0  8652
228  8582  2   0  8582
229  8654  2   0  8654
230  8654  2   0  8654
231  8654  3   0  0  8654
232  8654  2   0  8654
233  8609  3   0  0  8609
234  8611  4   0  0  5  8606
235  8652  2   0  8652
236  8654  3   0  0  8654
237  8654  2   0  8654
238  8586  2   0  8586
239  8612  2   0  8612
240  8614  2   0  8614
241  8614  2   0  8614
242  8611  3   0  0  8611
243  8652  3   2  0  8650
244  8654  2   0  8654
245  8587  3   0  0  8587
246  8580  2   5900  2680
247  8590  2   0  8590
248  8435  3   1  1  8433
249  8652  2   1  8651
250  8592  3   0  0  8592
251  8594  2   1  8593
252  8043  3   0  0  8043
253  8654  3   1  0  8653
254  8654  2   0  8654
255  8654  3   0  0  8654
256  8598  2   0  8598
257  7446  3   0  0  7446
258  8654  2   0  8654
259  8654  2   0  8654
260  8600  2   2  8598
261  8602  2   0  8602
262  8652  2   0  8652
263  8606  2   0  8606
264  8654  2   0  8654
265  8652  2   8  8644
266  8606  3   0  0  8606
267  8654  2   1  8653
268  8606  2   0  8606
269  8604  2   0  8604
270  8654  2   0  8654
271  8604  2   0  8604
272  8604  2   0  8604
273  8602  2   0  8602
274  8606  2   0  8606

[pop]=4
1  6596  2   0  6596
2  6532  3   0  0  6532
3  6588  2   0  6588
4  6514  3   110  0  6404
5  6490  3   0  6  6484
6  6596  2   0  6596
7  6576  2   0  6576
8  6510  3   0  0  6510
9  6576  3   0  0  6576
10  6422  2   0  6422
11  6612  2   0  6612
12  6614  2   0  6614
13  6610  2   2  6608
14  6514  2   40  6474
15  6614  2   0  6614
16  6610  4   0  0  0  6610
17  6614  2   0  6614
18  6610  2   0  6610
19  6614  4   0  0  0  6614
20  6612  2   0  6612
21  6614  2   0  6614
22  6614  2   0  6614
23  6614  3   0  0  6614
24  6612  3   0  0  6612
25  6614  2   0  6614
26  6614  3   0  3  6611
27  6614  3   1  2  6611
28  6614  2   0  6614
29  6612  3   0  0  6612
30  6614  2   1  6613
31  6614  2   0  6614
32  6614  3   0  0  6614
33  6604  2   0  6604
34  6614  3   0  0  6614
35  6614  2   0  6614
36  6606  2   0  6606
37  6614  2   0  6614
38  6604  2   0  6604
39  6614  3   0  0  6614
40  6614  2   0  6614
41  396  2   351  45
42  6614  2   0  6614
43  6614  2   0  6614
44  6614  3   0  0  6614
45  6612  3   0  0  6612
46  8  2   0  8
47  6614  3   0  0  6614
48  6614  2   0  6614
49  6607  3   0  0  6607
50  6612  2   0  6612
51  6606  2   0  6606
52  6614  2   0  6614
53  6614  2   0  6614
54  6614  2   0  6614
55  6608  2   0  6608
56  6614  2   0  6614
57  6614  3   0  0  6614
58  6614  2   0  6614
59  6604  3   0  0  6604
60  6604  3   0  0  6604
61  6281  3   0  0  6281
62  6612  2   0  6612
63  6610  2   0  6610
64  6310  3   0  0  6310
65  6347  3   0  0  6347
66  6610  2   0  6610
67  6612  2   0  6612
68  6614  2   0  6614
69  6448  3   0  0  6448
70  6612  2   0  6612
71  6606  2   0  6606
72  6476  2   1  6475
73  6608  2   0  6608
74  6614  2   0  6614
75  6614  2   0  6614
76  6512  4   0  1  0  6511
77  6614  2   3  6611
78  6524  3   0  0  6524
79  6526  3   0  0  6526
80  6526  2   0  6526
81  6614  4   0  0  0  6614
82  6614  2   0  6614
83  6528  2   0  6528
84  6614  2   0  6614
85  6520  3   0  0  6520
86  6614  2   0  6614
87  6520  3   0  0  6520
88  6518  2   0  6518
89  6614  3   0  0  6614
90  6614  3   0  3  6611
91  6606  3   0  0  6606
92  6606  2   0  6606
93  6517  4   0  0  0  6517
94  6608  2   0  6608
95  6520  3   0  0  6520
96  6614  4   1  0  0  6613
97  6614  2   0  6614
98  6498  2   0  6498
99  6507  4   0  0  0  6507
100  6614  3   0  0  6614
101  6610  3   1  0  6609
102  6496  2   0  6496
103  6614  2   0  6614
104  6499  4   0  0  0  6499
105  6614  4   0  0  0  6614
106  6614  2   0  6614
107  6612  2   0  6612
108  6490  2   0  6490
109  6614  2   1  6613
110  6472  3   0  0  6472
111  6613  3   0  0  6613
112  6614  2   0  6614
113  6444  2   0  6444
114  6614  2   24  6590
115  6614  3   0  0  6614
116  6418  2   0  6418
117  6614  3   0  0  6614
118  6614  3   0  0  6614
119  6422  3   0  0  6422
120  6402  3   452  0  5950
121  6614  3   0  0  6614
122  6614  2   0  6614
123  6614  2   0  6614
124  6384  2   0  6384
125  6614  2   0  6614
126  6320  2   0  6320
127  6305  3   0  0  6305
128  6614  2   0  6614
129  6614  4   0  0  0  6614
130  6614  2   0  6614
131  6614  2   0  6614
132  5948  3   0  0  5948
133  6614  2   33  6581
134  5692  2   9  5683
135  6612  2   0  6612
136  5044  2   0  5044
137  4830  2   0  4830
138  6614  2   0  6614
139  6612  2   0  6612
140  4506  2   0  4506
141  6612  3   0  0  6612
142  6614  2   0  6614
143  6614  3   0  0  6614
144  6614  2   1  6613
145  6614  2   0  6614
146  6612  2   0  6612
147  6577  3   0  0  6577
148  6614  2   0  6614
149  6548  2   0  6548
150  6578  2   0  6578
151  6614  2   0  6614
152  6614  4   0  0  0  6614
153  6542  2   0  6542
154  6584  2   0  6584
155  6614  2   0  6614
156  6404  2   0  6404
157  6614  2   0  6614
158  3800  3   0  0  3800
159  6374  2   0  6374
160  6614  4   0  0  0  6614
161  6342  3   0  0  6342
162  6614  3   0  0  6614
163  6614  3   0  0  6614
164  4424  2   0  4424
165  6614  3   0  0  6614
166  6270  3   0  0  6270
167  6614  2   20  6594
168  6286  2   2  6284
169  4686  2   0  4686
170  6614  2   0  6614
171  6614  2   0  6614
172  4864  2   0  4864
173  6158  2   0  6158
174  6614  2   0  6614
175  5390  2   0  5390
176  6614  3   0  0  6614
177  5438  2   0  5438
178  5541  3   0  0  5541
179  5625  3   0  0  5625
180  6614  2   0  6614
181  5690  2   0  5690
182  6614  2   0  6614
183  6614  2   0  6614
184  5717  3   0  0  5717
185  6614  2   0  6614
186  6614  3   0  0  6614
187  5784  2   0  5784
188  6614  2   0  6614
189  6614  2   0  6614
190  6612  3   0  0  6612
191  6614  2   0  6614
192  5892  2   0  5892
193  5950  2   0  5950
194  5928  3   0  0  5928
195  5920  2   0  5920
196  5959  3   0  0  5959
197  5948  2   0  5948
198  6614  2   2  6612
199  6614  2   0  6614
200  5946  2   0  5946
201  5940  2   0  5940
202  6614  2   12  6602
203  6613  3   0  0  6613
204  6614  3   0  0  6614
205  6614  3   0  0  6614
206  6222  2   0  6222
207  6292  2   0  6292
208  6614  2   0  6614
209  6328  3   0  4  6324
210  5992  2   0  5992
211  6362  2   0  6362
212  6369  4   0  0  0  6369
213  6612  2   1  6611
214  6612  3   0  0  6612
215  6614  3   0  0  6614
216  6614  2   0  6614
217  6614  2   0  6614
218  6448  2   0  6448
219  6612  2   0  6612
220  6614  3   0  0  6614
221  6612  4   0  0  0  6612
222  6614  3   0  0  6614
223  6614  2   0  6614
224  6614  3   0  0  6614
225  6614  2   0  6614
226  6614  2   0  6614
227  6614  2   0  6614
228  6570  2   0  6570
229  6614  2   0  6614
230  6614  2   0  6614
231  6614  3   0  1  6613
232  6614  2   0  6614
233  6440  3   0  0  6440
234  6449  4   0  0  0  6449
235  6614  2   0  6614
236  6614  3   0  0  6614
237  6614  2   0  6614
238  6596  2   0  6596
239  6472  2   0  6472
240  6476  2   8  6468
241  6484  2   0  6484
242  6486  3   0  0  6486
243  6613  3   0  0  6613
244  6614  2   0  6614
245  6608  3   0  0  6608
246  6516  2   4127  2389
247  6610  2   0  6610
248  6252  3   0  0  6252
249  6614  2   0  6614
250  6612  3   0  0  6612
251  6612  2   0  6612
252  5769  3   4  0  5765
253  6614  3   0  0  6614
254  6614  2   0  6614
255  6614  3   0  0  6614
256  6614  2   0  6614
257  5112  3   0  0  5112
258  6614  2   0  6614
259  6614  2   0  6614
260  6614  2   0  6614
261  6614  2   0  6614
262  6614  2   0  6614
263  6614  2   4  6610
264  6614  2   0  6614
265  6614  2   0  6614
266  6614  3   0  0  6614
267  6612  2   0  6612
268  6614  2   0  6614
269  6614  2   0  6614
270  6614  2   0  6614
271  6614  2   0  6614
272  6614  2   2  6612
273  6614  2   0  6614
274  6614  2   0  6614

[pop]=5
1  66560  2   0  66560
2  65356  3   0  1  65355
3  65718  2   1  65717
4  65312  3   1342  1  63969
5  66202  3   0  214  65988
6  65826  2   3  65823
7  66012  2   2  66010
8  66336  3   14  0  66322
9  65918  3   0  1  65917
10  64700  2   0  64700
11  66446  2   0  66446
12  65878  2   14  65864
13  66654  2   0  66654
14  65238  2   12  65226
15  66676  2   0  66676
16  66729  4   1  0  0  66728
17  66676  2   2  66674
18  66732  2   0  66732
19  66676  4   2  0  0  66674
20  66606  2   0  66606
21  66682  2   2  66680
22  66740  2   4  66736
23  66739  3   0  4  66735
24  66666  3   2  0  66664
25  66738  2   0  66738
26  66668  3   0  2  66666
27  66678  3   0  0  66678
28  66688  2   1  66687
29  66672  3   0  0  66672
30  66740  2   1  66739
31  66686  2   2  66684
32  66740  3   0  0  66740
33  66656  2   5  66651
34  66658  3   1  0  66657
35  66740  2   0  66740
36  66654  2   42  66612
37  66680  2   0  66680
38  66658  2   4  66654
39  66739  3   16  2  66721
40  66638  2   3  66635
41  7884  2   7036  848
42  66738  2   1  66737
43  66740  2   2  66738
44  66740  3   1  0  66739
45  66644  3   1  0  66643
46  462  2   1  461
47  66736  3   0  1  66735
48  66738  2   2  66736
49  66570  3   1  1  66568
50  66562  2   0  66562
51  66508  2   13  66495
52  66740  2   1  66739
53  66740  2   7  66733
54  66738  2   5  66733
55  66292  2   73  66219
56  66736  2   2  66734
57  66736  3   0  0  66736
58  66734  2   1  66733
59  66347  3   0  0  66347
60  66315  3   1  0  66314
61  62972  3   2  0  62970
62  66714  2   2  66712
63  66098  2   1  66097
64  63194  3   4  0  63190
65  63505  3   5  0  63500
66  66208  2   1  66207
67  66712  2   0  66712
68  66728  2   4  66724
69  64226  3   1  1  64224
70  66718  2   2  66716
71  66212  2   1  66211
72  64482  2   1  64481
73  66178  2   0  66178
74  66722  2   2  66720
75  66466  2   0  66466
76  64674  4   1  1  1  64671
77  66722  2   1  66721
78  64688  3   0  1  64687
79  64725  3   1  0  64724
80  64730  2   6  64724
81  66721  4   2  0  0  66719
82  66740  2   7  66733
83  64766  2   6  64760
84  66738  2   1  66737
85  64894  3   0  0  64894
86  66618  2   3  66615
87  65078  3   0  2  65076
88  65254  2   0  65254
89  66672  3   5  4  66663
90  66728  3   0  15  66713
91  66094  3   4  1  66089
92  66092  2   3  66089
93  65741  4   0  0  0  65741
94  66080  2   8  66072
95  65905  3   1  0  65904
96  66733  4   3  2  0  66728
97  66722  2   3  66719
98  65860  2   11  65849
99  65883  4   1  0  1  65881
100  66733  3   0  3  66730
101  66005  3   0  3  66002
102  65950  2   14  65936
103  66690  2   3  66687
104  65997  4   2  0  0  65995
105  66734  4   0  2  0  66732
106  66728  2   2  66726
107  66146  2   2  66144
108  65876  2   0  65876
109  66574  2   35  66539
110  66066  3   0  0  66066
111  66563  3   1  0  66562
112  66256  2   0  66256
113  66198  2   0  66198
114  66270  2   790  65480
115  66723  3   0  0  66723
116  66338  2   2  66336
117  66719  3   1  1  66717
118  66311  3   1  9  66301
119  66334  3   16  1  66317
120  66384  3   7796  0  58588
121  66552  3   0  1  66551
122  66380  2   0  66380
123  66674  2   5  66669
124  66410  2   2  66408
125  66708  2   2  66706
126  66430  2   20  66410
127  66418  3   0  1  66417
128  66716  2   1  66715
129  66425  4   1  0  1  66423
130  66552  2   0  66552
131  66560  2   3  66557
132  65822  3   0  0  65822
133  65524  2   64  65460
134  64350  2   559  63791
135  66722  2   20  66702
136  58632  2   1  58631
137  56800  2   0  56800
138  65114  2   0  65114
139  66722  2   2  66720
140  53644  2   19  53625
141  66715  3   2  2  66711
142  66704  2   6  66698
143  66710  3   0  4  66706
144  65170  2   18  65152
145  65136  2   2  65134
146  66730  2   0  66730
147  64892  3   0  0  64892
148  66722  2   0  66722
149  64530  2   1  64529
150  65908  2   5  65903
151  66730  2   0  66730
152  66726  4   1  0  0  66725
153  64460  2   2  64458
154  66046  2   5  66041
155  66168  2   4  66164
156  63074  2   0  63074
157  66176  2   2  66174
158  47240  3   0  4  47236
159  62632  2   0  62632
160  66299  4   1  1  0  66297
161  62220  3   1  0  62219
162  66369  3   2  0  66367
163  66730  3   1  1  66728
164  54000  2   0  54000
165  66388  3   0  6  66382
166  61512  3   0  0  61512
167  66428  2   167  66261
168  61522  2   58  61464
169  56928  2   6  56922
170  66448  2   0  66448
171  66466  2   3  66463
172  58792  2   0  58792
173  60526  2   2  60524
174  66630  2   3  66627
175  62784  2   4  62780
176  66652  3   0  0  66652
177  62952  2   2  62950
178  63280  3   1  1  63278
179  63586  3   1  0  63585
180  66702  2   16  66686
181  63848  2   4  63844
182  66646  2   0  66646
183  66704  2   0  66704
184  63912  3   0  0  63912
185  66728  2   2  66726
186  66692  3   0  1  66691
187  64072  2   1  64071
188  66732  2   0  66732
189  66528  2   2  66526
190  66692  3   1  3  66688
191  66734  2   5  66729
192  64486  2   0  64486
193  59764  2   0  59764
194  59684  3   2  1  59681
195  64498  2   6  64492
196  59937  3   1  1  59935
197  60048  2   0  60048
198  65886  2   0  65886
199  66646  2   2  66644
200  64414  2   0  64414
201  64394  2   34  64360
202  66730  2   153  66577
203  66644  3   2  0  66642
204  65728  3   1  1  65726
205  66638  3   0  0  66638
206  62458  2   0  62458
207  62988  2   0  62988
208  66454  2   0  66454
209  63238  3   0  1  63237
210  64082  2   5  64077
211  63582  2   1  63581
212  63658  4   0  2  0  63656
213  66722  2   21  66701
214  66720  3   1  0  66719
215  66564  3   0  0  66564
216  66578  2   0  66578
217  66614  2   1  66613
218  64134  2   4  64130
219  66722  2   0  66722
220  66591  3   1  7  66583
221  66717  4   2  2  6  66707
222  66618  3   1  8  66609
223  66630  2   3  66627
224  66717  3   0  4  66713
225  66624  2   5  66619
226  66632  2   7  66625
227  66722  2   2  66720
228  65022  2   1  65021
229  66638  2   83  66555
230  66642  2   2  66640
231  66643  3   1  0  66642
232  66710  2   1  66709
233  65825  3   0  1  65824
234  65848  4   11  1  1  65835
235  66722  2   0  66722
236  66649  3   0  17  66632
237  66648  2   2  66646
238  65214  2   7  65207
239  65906  2   1  65905
240  65932  2   293  65639
241  65948  2   0  65948
242  65925  3   9  14  65902
243  66728  3   0  0  66728
244  66736  2   6  66730
245  65317  3   0  0  65317
246  65948  2   42742  23206
247  65340  2   0  65340
248  63992  3   0  0  63992
249  66728  2   0  66728
250  65430  3   4  1  65425
251  65446  2   1  65445
252  60070  3   74  0  59996
253  66734  3   0  3  66731
254  66652  2   9  66643
255  66648  3   2  2  66644
256  65616  2   0  65616
257  53628  3   2  1  53625
258  66732  2   2  66730
259  66602  2   3  66599
260  65686  2   0  65686
261  65722  2   2  65720
262  66460  2   6  66454
263  65696  2   4  65692
264  66738  2   0  66738
265  66210  2   0  66210
266  65650  3   1  0  65649
267  66712  2   0  66712
268  65666  2   1  65665
269  65690  2   1  65689
270  66732  2   0  66732
271  65712  2   3  65709
272  65744  2   1  65743
273  65802  2   1  65801
274  65870  2   0  65870

[pop]=6
1  904  2   0  904
2  886  3   0  0  886
3  898  2   0  898
4  886  3   17  0  869
5  894  3   0  4  890
6  898  2   0  898
7  896  2   0  896
8  896  3   0  0  896
9  896  3   0  0  896
10  880  2   0  880
11  902  2   0  902
12  896  2   0  896
13  906  2   0  906
14  882  2   1  881
15  906  2   0  906
16  904  4   0  0  0  904
17  906  2   0  906
18  904  2   0  904
19  906  4   0  0  0  906
20  906  2   0  906
21  906  2   0  906
22  906  2   0  906
23  906  3   0  0  906
24  908  3   0  0  908
25  906  2   0  906
26  906  3   1  0  905
27  906  3   0  0  906
28  906  2   0  906
29  908  3   0  0  908
30  906  2   0  906
31  906  2   0  906
32  906  3   0  0  906
33  906  2   0  906
34  908  3   0  0  908
35  908  2   0  908
36  906  2   0  906
37  906  2   0  906
38  906  2   0  906
39  908  3   0  0  908
40  908  2   0  908
41  154  2   146  8
42  908  2   0  908
43  906  2   0  906
44  906  3   0  0  906
45  906  3   0  0  906
46  12  2   0  12
47  906  3   0  0  906
48  906  2   0  906
49  904  3   0  0  904
50  906  2   0  906
51  904  2   0  904
52  906  2   0  906
53  906  2   0  906
54  906  2   0  906
55  902  2   0  902
56  906  2   0  906
57  906  3   0  0  906
58  906  2   0  906
59  903  3   0  0  903
60  904  3   0  0  904
61  842  3   0  0  842
62  906  2   1  905
63  904  2   0  904
64  850  3   0  1  849
65  854  3   0  0  854
66  904  2   0  904
67  906  2   0  906
68  906  2   0  906
69  867  3   0  0  867
70  906  2   0  906
71  904  2   0  904
72  870  2   1  869
73  904  2   0  904
74  906  2   0  906
75  908  2   0  908
76  874  4   0  0  0  874
77  906  2   0  906
78  874  3   0  0  874
79  874  3   0  0  874
80  874  2   0  874
81  906  4   1  0  0  905
82  908  2   0  908
83  882  2   0  882
84  908  2   1  907
85  880  3   0  0  880
86  908  2   0  908
87  885  3   0  0  885
88  888  2   0  888
89  908  3   0  0  908
90  906  3   0  0  906
91  902  3   0  1  901
92  900  2   0  900
93  891  4   0  0  0  891
94  900  2   0  900
95  894  3   0  0  894
96  906  4   0  0  0  906
97  908  2   0  908
98  896  2   0  896
99  893  4   0  0  0  893
100  906  3   0  0  906
101  900  3   0  0  900
102  894  2   0  894
103  908  2   0  908
104  894  4   0  0  0  894
105  906  4   0  0  0  906
106  908  2   0  908
107  900  2   0  900
108  894  2   0  894
109  904  2   0  904
110  892  3   1  0  891
111  904  3   0  0  904
112  900  2   0  900
113  890  2   0  890
114  900  2   17  883
115  904  3   0  0  904
116  890  2   0  890
117  904  3   0  0  904
118  900  3   0  0  900
119  890  3   0  0  890
120  889  3   96  0  793
121  904  3   0  0  904
122  902  2   0  902
123  904  2   0  904
124  884  2   0  884
125  906  2   0  906
126  882  2   0  882
127  881  3   0  0  881
128  906  2   0  906
129  904  4   0  0  0  904
130  904  2   0  904
131  904  2   0  904
132  870  3   0  0  870
133  898  2   3  895
134  856  2   8  848
135  906  2   1  905
136  780  2   1  779
137  756  2   0  756
138  896  2   0  896
139  906  2   0  906
140  720  2   0  720
141  906  3   0  0  906
142  904  2   0  904
143  904  3   0  0  904
144  896  2   0  896
145  896  2   0  896
146  906  2   0  906
147  884  3   0  0  884
148  904  2   0  904
149  878  2   0  878
150  902  2   0  902
151  908  2   0  908
152  904  4   0  0  0  904
153  872  2   0  872
154  902  2   0  902
155  900  2   0  900
156  860  2   0  860
157  902  2   0  902
158  638  3   0  0  638
159  856  2   0  856
160  902  4   0  0  0  902
161  852  3   0  0  852
162  906  3   0  0  906
163  906  3   0  0  906
164  720  2   0  720
165  906  3   0  0  906
166  840  3   0  0  840
167  906  2   6  900
168  842  2   0  842
169  758  2   0  758
170  906  2   0  906
171  906  2   0  906
172  778  2   0  778
173  828  2   0  828
174  906  2   0  906
175  828  2   0  828
176  906  3   0  0  906
177  828  2   0  828
178  831  3   0  0  831
179  830  3   0  0  830
180  906  2   0  906
181  830  2   0  830
182  904  2   0  904
183  904  2   1  903
184  832  3   0  0  832
185  908  2   0  908
186  904  3   0  0  904
187  838  2   0  838
188  908  2   0  908
189  904  2   0  904
190  904  3   0  0  904
191  908  2   0  908
192  856  2   3  853
193  816  2   0  816
194  818  3   0  0  818
195  860  2   0  860
196  821  3   0  0  821
197  822  2   0  822
198  878  2   0  878
199  904  2   0  904
200  860  2   0  860
201  864  2   0  864
202  906  2   7  899
203  904  3   0  0  904
204  872  3   0  0  872
205  904  3   0  0  904
206  846  2   0  846
207  852  2   0  852
208  908  2   0  908
209  853  3   0  0  853
210  866  2   0  866
211  860  2   0  860
212  863  4   0  0  0  863
213  906  2   0  906
214  906  3   0  0  906
215  908  3   0  0  908
216  908  2   0  908
217  906  2   0  906
218  874  2   0  874
219  908  2   0  908
220  908  3   0  0  908
221  908  4   1  0  0  907
222  908  3   0  0  908
223  908  2   0  908
224  908  3   0  0  908
225  906  2   0  906
226  906  2   1  905
227  908  2   0  908
228  882  2   2  880
229  906  2   1  905
230  906  2   0  906
231  906  3   0  0  906
232  908  2   0  908
233  888  3   0  0  888
234  889  4   2  0  0  887
235  908  2   0  908
236  908  3   0  2  906
237  908  2   0  908
238  888  2   0  888
239  892  2   0  892
240  894  2   3  891
241  894  2   0  894
242  894  3   0  0  894
243  908  3   0  0  908
244  908  2   0  908
245  886  3   0  0  886
246  900  2   576  324
247  888  2   0  888
248  858  3   0  0  858
249  908  2   0  908
250  888  3   0  0  888
251  890  2   0  890
252  814  3   0  0  814
253  908  3   0  1  907
254  906  2   0  906
255  906  3   0  0  906
256  896  2   0  896
257  746  3   0  0  746
258  906  2   0  906
259  906  2   1  905
260  896  2   0  896
261  900  2   0  900
262  900  2   0  900
263  902  2   0  902
264  908  2   1  907
265  888  2   0  888
266  902  3   0  0  902
267  908  2   0  908
268  902  2   0  902
269  902  2   0  902
270  908  2   0  908
271  902  2   0  902
272  902  2   0  902
273  900  2   2  898
274  900  2   0  900

[pop]=7
1  16466  2   0  16466
2  16482  3   1  0  16481
3  16376  2   1  16375
4  16478  3   109  0  16369
5  16464  3   0  225  16239
6  16398  2   0  16398
7  16486  2   0  16486
8  16478  3   0  0  16478
9  16480  3   0  0  16480
10  16440  2   0  16440
11  16494  2   0  16494
12  15954  2   0  15954
13  16512  2   0  16512
14  16398  2   0  16398
15  16512  2   0  16512
16  16512  4   0  0  0  16512
17  16512  2   0  16512
18  16512  2   4  16508
19  16512  4   0  0  0  16512
20  16508  2   2  16506
21  16512  2   0  16512
22  16512  2   0  16512
23  16512  3   28  0  16484
24  16512  3   0  0  16512
25  16512  2   2  16510
26  16510  3   1  0  16509
27  16512  3   0  0  16512
28  16512  2   0  16512
29  16512  3   0  1  16511
30  16512  2   0  16512
31  16512  2   0  16512
32  16512  3   1  0  16511
33  16512  2   0  16512
34  16512  3   0  1  16511
35  16512  2   0  16512
36  16510  2   0  16510
37  16500  2   0  16500
38  16512  2   0  16512
39  16512  3   0  0  16512
40  16512  2   0  16512
41  6120  2   5969  151
42  16512  2   0  16512
43  16512  2   0  16512
44  16512  3   0  1  16511
45  16496  3   0  0  16496
46  232  2   1  231
47  16512  3   0  0  16512
48  16512  2   0  16512
49  16512  3   0  0  16512
50  16478  2   0  16478
51  16510  2   0  16510
52  16512  2   0  16512
53  16510  2   0  16510
54  16512  2   0  16512
55  16426  2   0  16426
56  16512  2   0  16512
57  16512  3   0  1  16511
58  16512  2   0  16512
59  16512  3   0  10  16502
60  16510  3   0  0  16510
61  16226  3   0  0  16226
62  16512  2   0  16512
63  16494  2   1  16493
64  16270  3   5  0  16265
65  16314  3   0  0  16314
66  16496  2   0  16496
67  16512  2   0  16512
68  16512  2   11  16501
69  16438  3   0  0  16438
70  16508  2   0  16508
71  16510  2   1  16509
72  16450  2   1  16449
73  16512  2   0  16512
74  16512  2   2  16510
75  16508  2   0  16508
76  16464  4   0  0  0  16464
77  16512  2   0  16512
78  16471  3   0  0  16471
79  16473  3   0  1  16472
80  16476  2   0  16476
81  16512  4   0  0  1  16511
82  16512  2   0  16512
83  16478  2   0  16478
84  16512  2   8  16504
85  16483  3   0  4  16479
86  16510  2   0  16510
87  16483  3   0  0  16483
88  16486  2   24  16462
89  16510  3   0  0  16510
90  16512  3   3  0  16509
91  16510  3   1  0  16509
92  16510  2   0  16510
93  16496  4   0  8  0  16488
94  16506  2   0  16506
95  16494  3   0  0  16494
96  16512  4   1  0  0  16511
97  16510  2   0  16510
98  16494  2   1  16493
99  16496  4   0  1  3  16492
100  16512  3   0  1  16511
101  16501  3   0  0  16501
102  16496  2   0  16496
103  16466  2   0  16466
104  16493  4   0  0  1  16492
105  16512  4   0  0  0  16512
106  16510  2   21  16489
107  16502  2   0  16502
108  16500  2   3  16497
109  16510  2   0  16510
110  16496  3   0  6  16490
111  16503  3   0  1  16502
112  16504  2   5  16499
113  16498  2   2  16496
114  16510  2   1157  15353
115  16510  3   0  120  16390
116  16504  2   0  16504
117  16510  3   0  1  16509
118  16510  3   0  1  16509
119  16504  3   0  0  16504
120  16501  3   1635  1  14865
121  16500  3   0  0  16500
122  16512  2   2  16510
123  16508  2   0  16508
124  16502  2   0  16502
125  16494  2   0  16494
126  16502  2   0  16502
127  16498  3   1  0  16497
128  16504  2   1  16503
129  16508  4   0  0  0  16508
130  16508  2   3  16505
131  16510  2   0  16510
132  16391  3   0  1  16390
133  16508  2   0  16508
134  16186  2   269  15917
135  16508  2   1  16507
136  15416  2   0  15416
137  15158  2   0  15158
138  16506  2   0  16506
139  16508  2   0  16508
140  14834  2   0  14834
141  16507  3   2  0  16505
142  16508  2   0  16508
143  16508  3   0  0  16508
144  16508  2   0  16508
145  16508  2   0  16508
146  16508  2   5  16503
147  16476  3   4  1  16471
148  16510  2   2  16508
149  16466  2   1  16465
150  16508  2   0  16508
151  16504  2   0  16504
152  16511  4   0  0  0  16511
153  16464  2   0  16464
154  16510  2   0  16510
155  16512  2   0  16512
156  16414  2   0  16414
157  16512  2   0  16512
158  14046  3   1  0  14045
159  16392  2   0  16392
160  16512  4   0  1  0  16511
161  16374  3   0  0  16374
162  16512  3   1  0  16511
163  16512  3   0  0  16512
164  14868  2   5  14863
165  16512  3   0  0  16512
166  16298  3   0  2  16296
167  16512  2   368  16144
168  16304  2   0  16304
169  15218  2   1  15217
170  16512  2   6  16506
171  16512  2   1  16511
172  15440  2   2  15438
173  16190  2   0  16190
174  16512  2   0  16512
175  16024  2   0  16024
176  16511  3   0  0  16511
177  16048  2   0  16048
178  16084  3   0  0  16084
179  16120  3   0  0  16120
180  16512  2   0  16512
181  16146  2   0  16146
182  16456  2   2  16454
183  16512  2   0  16512
184  16150  3   0  0  16150
185  16512  2   0  16512
186  16508  3   1  0  16507
187  16166  2   1  16165
188  16512  2   0  16512
189  16378  2   26  16352
190  16512  3   0  2  16510
191  16512  2   0  16512
192  16206  2   86  16120
193  16046  2   0  16046
194  16050  3   0  0  16050
195  16194  2   0  16194
196  16062  3   0  0  16062
197  16090  2   6  16084
198  15362  2   0  15362
199  16510  2   0  16510
200  16186  2   14  16172
201  16176  2   1  16175
202  16512  2   317  16195
203  16510  3   0  0  16510
204  15002  3   0  0  15002
205  16510  3   1  0  16509
206  16314  2   4  16310
207  16364  2   2  16362
208  16492  2   2  16490
209  16379  3   0  0  16379
210  16178  2   0  16178
211  16416  2   0  16416
212  16425  4   8  0  0  16417
213  16512  2   2  16510
214  16512  3   0  4  16508
215  16510  3   1  0  16509
216  16512  2   0  16512
217  16510  2   0  16510
218  16458  2   0  16458
219  16512  2   0  16512
220  16512  3   0  0  16512
221  16511  4   0  0  0  16511
222  16512  3   0  0  16512
223  16512  2   0  16512
224  16512  3   0  4  16508
225  16512  2   0  16512
226  16512  2   0  16512
227  16512  2   0  16512
228  16506  2   8  16498
229  16512  2   46  16466
230  16512  2   0  16512
231  16512  3   0  0  16512
232  16512  2   0  16512
233  16359  3   1  0  16358
234  16361  4   0  0  0  16361
235  16512  2   2  16510
236  16512  3   1  0  16511
237  16512  2   0  16512
238  16510  2   0  16510
239  16378  2   1  16377
240  16378  2   0  16378
241  16370  2   0  16370
242  16370  3   0  0  16370
243  16512  3   0  1  16511
244  16510  2   1  16509
245  16509  3   1  1  16507
246  16422  2   9630  6792
247  16510  2   0  16510
248  16070  3   0  0  16070
249  16512  2   1  16511
250  16510  3   0  0  16510
251  16510  2   0  16510
252  15496  3   5  0  15491
253  16512  3   0  1  16511
254  16512  2   9  16503
255  16511  3   0  0  16511
256  16510  2   0  16510
257  14574  3   0  0  14574
258  16512  2   0  16512
259  16458  2   0  16458
260  16510  2   0  16510
261  16508  2   0  16508
262  16190  2   0  16190
263  16506  2   0  16506
264  16512  2   2  16510
265  15560  2   4  15556
266  16510  3   0  0  16510
267  16502  2   1  16501
268  16508  2   1  16507
269  16508  2   5  16503
270  16512  2   0  16512
271  16508  2   0  16508
272  16508  2   0  16508
273  16508  2   0  16508
274  16506  2   2  16504

