[loci]=203

[populations]=7

[pop]=1
1  10380  2   0  10380
2  10387  3   0  0  10387
3  10364  2   0  10364
4  10376  2   2  10374
5  10388  3   0  0  10388
6  10388  2   0  10388
7  10319  3   0  1  10318
8  10396  2   0  10396
9  10272  2   0  10272
10  10242  3   0  0  10242
11  10406  3   0  0  10406
12  10396  3   0  0  10396
13  10406  2   0  10406
14  10032  2   9  10023
15  10398  3   0  1  10397
16  10406  3   0  0  10406
17  10406  4   0  3  0  10403
18  10406  3   0  0  10406
19  10402  2   1  10401
20  10406  3   45  1  10360
21  10402  2   0  10402
22  10406  3   0  0  10406
23  10398  2   0  10398
24  10406  2   0  10406
25  10404  3   0  0  10404
26  10406  3   0  0  10406
27  9720  2   0  9720
28  10406  2   0  10406
29  10406  2   1  10405
30  10406  2   0  10406
31  10406  3   0  0  10406
32  10406  3   0  0  10406
33  10406  3   0  0  10406
34  10406  3   0  0  10406
35  9169  3   0  0  9169
36  10406  3   0  0  10406
37  10404  3   0  0  10404
38  9178  3   0  0  9178
39  10406  2   1  10405
40  9172  2   0  9172
41  10404  3   0  1  10403
42  10406  3   0  0  10406
43  9168  2   0  9168
44  10016  2   0  10016
45  10396  2   3  10393
46  10406  2   0  10406
47  10394  2   0  10394
48  10404  3   0  0  10404
49  10280  2   1  10279
50  10393  3   0  0  10393
51  10297  3   0  0  10297
52  10390  3   0  3  10387
53  9048  2   0  9048
54  10389  3   0  0  10389
55  9042  2   1  9041
56  10404  3   0  0  10404
57  10404  2   0  10404
58  10336  2   0  10336
59  10404  2   2  10402
60  9937  3   0  0  9937
61  10212  2   0  10212
62  9930  2   0  9930
63  10404  2   0  10404
64  10383  3   0  9347  1036
65  10400  2   2  10398
66  9910  2   1  9909
67  10404  4   1  0  0  10403
68  10319  3   0  0  10319
69  8650  2   0  8650
70  10404  2   0  10404
71  10402  2   0  10402
72  8456  2   0  8456
73  10370  2   2  10368
74  5114  2   0  5114
75  10379  3   1  0  10378
76  6178  2   5  6173
77  10404  2   0  10404
78  9154  3   0  1  9153
79  10404  4   8  0  0  10396
80  10390  4   0  0  0  10390
81  10402  3   0  0  10402
82  8198  2   0  8198
83  10402  2   1  10401
84  9168  2   0  9168
85  10394  3   1  0  10393
86  9294  3   2  0  9292
87  9478  3   0  0  9478
88  10396  2   0  10396
89  10402  2   0  10402
90  10402  2   0  10402
91  10004  2   0  10004
92  10400  3   0  0  10400
93  10396  2   0  10396
94  10047  3   0  2  10045
95  10386  2   0  10386
96  10006  2   0  10006
97  10084  3   0  0  10084
98  10098  3   0  0  10098
99  10386  3   0  0  10386
100  10400  3   0  0  10400
101  10134  2   2  10132
102  10159  3   0  1  10158
103  10390  3   0  3  10387
104  10098  2   2  10096
105  10394  3   0  1  10393
106  10392  3   0  0  10392
107  10262  2   0  10262
108  10247  4   0  0  0  10247
109  10226  3   0  0  10226
110  10394  3   0  0  10394
111  10390  2   0  10390
112  10246  2   1  10245
113  10396  4   0  0  1  10395
114  10252  2   2  10250
115  10396  2   1  10395
116  10246  4   0  1  0  10245
117  10398  3   2  1  10395
118  10354  3   0  0  10354
119  10230  3   0  0  10230
120  10400  3   0  0  10400
121  10398  3   0  0  10398
122  10332  2   5  10327
123  10400  2   0  10400
124  10204  2   0  10204
125  10397  4   0  0  0  10397
126  10282  2   0  10282
127  10290  2   1  10289
128  10184  3   0  0  10184
129  10308  2   12  10296
130  10392  2   0  10392
131  10400  2   0  10400
132  10392  2   0  10392
133  10334  4   2  1  0  10331
134  10388  4   0  0  0  10388
135  10378  2   0  10378
136  10112  2   6591  3521
137  10400  2   0  10400
138  10398  2   0  10398
139  10376  2   0  10376
140  10138  2   0  10138
141  10358  2   0  10358
142  10386  2   2  10384
143  10386  3   3  0  10383
144  10348  3   2  0  10346
145  10398  3   0  1  10397
146  9222  3   0  0  9222
147  10265  3   0  0  10265
148  10176  4   0  0  1  10175
149  9230  3   0  0  9230
150  10400  2   0  10400
151  10150  2   0  10150
152  10198  2   0  10198
153  10400  2   0  10400
154  9224  3   0  0  9224
155  10136  2   1  10135
156  10121  4   0  0  2  10119
157  9229  3   0  0  9229
158  10389  3   0  0  10389
159  10112  2   0  10112
160  10394  2   0  10394
161  10043  3   0  3  10040
162  10034  2   0  10034
163  10380  2   0  10380
164  10394  3   0  1  10393
165  10394  2   0  10394
166  10394  2   3  10391
167  10089  3   0  0  10089
168  10392  2   0  10392
169  9270  2   0  9270
170  9278  3   1  0  9277
171  10392  4   0  0  0  10392
172  9800  2   0  9800
173  10392  3   0  0  10392
174  9318  3   0  0  9318
175  9326  2   0  9326
176  10040  3   0  3  10037
177  10032  2   85  9947
178  10370  2   0  10370
179  10398  2   0  10398
180  10388  2   2  10386
181  10380  3   3  0  10377
182  10401  4   0  0  0  10401
183  10384  3   0  0  10384
184  10404  3   0  0  10404
185  9956  4   0  0  0  9956
186  10383  3   0  0  10383
187  10380  4   0  0  0  10380
188  9350  2   0  9350
189  10406  2   0  10406
190  10386  3   0  0  10386
191  9912  2   0  9912
192  10406  2   3  10403
193  10384  3   13  0  10371
194  10406  3   0  0  10406
195  9896  2   8  9888
196  10406  3   0  0  10406
197  9878  2   1  9877
198  9872  2   0  9872
199  10406  3   0  0  10406
200  10378  3   2  0  10376
201  10406  3   1  0  10405
202  10324  2   0  10324
203  10403  4   2  0  1  10400

[pop]=2
1  11426  2   1  11425
2  11429  3   0  0  11429
3  11564  2   0  11564
4  11556  2   0  11556
5  11556  3   0  0  11556
6  11432  2   0  11432
7  11459  3   0  0  11459
8  11560  2   0  11560
9  11566  2   0  11566
10  11566  3   0  0  11566
11  11562  3   0  0  11562
12  11548  3   0  2  11546
13  11560  2   0  11560
14  11428  2   26  11402
15  11552  3   2  0  11550
16  11546  3   0  1  11545
17  11566  4   0  26  0  11540
18  11546  3   0  0  11546
19  11568  2   0  11568
20  11566  3   2  0  11564
21  11570  2   0  11570
22  11567  3   0  0  11567
23  11436  2   0  11436
24  11568  2   0  11568
25  11570  3   0  0  11570
26  11570  3   0  9  11561
27  11476  2   0  11476
28  11544  2   0  11544
29  11572  2   0  11572
30  11544  2   0  11544
31  11539  3   0  0  11539
32  11538  3   1  1  11536
33  11572  3   19  0  11553
34  11571  3   0  0  11571
35  11451  3   0  0  11451
36  11570  3   0  0  11570
37  11572  3   1  1  11570
38  11446  3   0  0  11446
39  11528  2   1  11527
40  11440  2   0  11440
41  11574  3   0  0  11574
42  11570  3   0  0  11570
43  11440  2   0  11440
44  11552  2   0  11552
45  11522  2   0  11522
46  11570  2   0  11570
47  11516  2   0  11516
48  11574  3   0  0  11574
49  11344  2   0  11344
50  11508  3   1  0  11507
51  11359  3   0  0  11359
52  11503  3   1  0  11502
53  11322  2   0  11322
54  11502  3   0  0  11502
55  11302  2   25  11277
56  11574  3   0  0  11574
57  11574  2   0  11574
58  11404  2   1  11403
59  11574  2   0  11574
60  11560  3   0  4  11556
61  11542  2   0  11542
62  11560  2   0  11560
63  11574  2   0  11574
64  11459  3   0  10583  876
65  11494  2   2  11492
66  11558  2   0  11558
67  11574  4   0  0  0  11574
68  11547  3   0  0  11547
69  10636  2   0  10636
70  11572  2   0  11572
71  11490  2   4  11486
72  10254  2   0  10254
73  11552  2   0  11552
74  4954  2   0  4954
75  11554  3   0  0  11554
76  6940  2   2  6938
77  11570  2   0  11570
78  10067  3   6  1  10060
79  11570  4   0  0  2  11568
80  11554  4   0  0  0  11554
81  11496  3   0  0  11496
82  9808  2   0  9808
83  11500  2   0  11500
84  10766  2   0  10766
85  11556  3   0  0  11556
86  10884  3   0  0  10884
87  11030  3   0  0  11030
88  11556  2   1  11555
89  11504  2   0  11504
90  11506  2   0  11506
91  11250  2   0  11250
92  11510  3   0  1  11509
93  11556  2   0  11556
94  11283  3   0  0  11283
95  11572  2   0  11572
96  11410  2   0  11410
97  11468  3   0  0  11468
98  11311  3   0  0  11311
99  11576  3   0  0  11576
100  11510  3   0  0  11510
101  11492  2   0  11492
102  11501  3   1  0  11500
103  11576  3   0  3  11573
104  11314  2   0  11314
105  11576  3   1  0  11575
106  11494  3   0  0  11494
107  11570  2   1  11569
108  11570  4   0  1  0  11569
109  11537  3   0  0  11537
110  11504  3   0  2  11502
111  11510  2   0  11510
112  11570  2   0  11570
113  11505  4   0  1  0  11504
114  11570  2   0  11570
115  11576  2   0  11576
116  11570  4   0  3  0  11567
117  11576  3   0  0  11576
118  11492  3   2  0  11490
119  11568  3   0  0  11568
120  11576  3   0  0  11576
121  11511  3   0  0  11511
122  11484  2   0  11484
123  11576  2   0  11576
124  11516  2   0  11516
125  11513  4   0  4  0  11509
126  11570  2   0  11570
127  11530  2   0  11530
128  11356  3   1  0  11355
129  11532  2   0  11532
130  11518  2   0  11518
131  11578  2   0  11578
132  11520  2   0  11520
133  11539  4   0  0  0  11539
134  11522  4   0  0  0  11522
135  11522  2   0  11522
136  11562  2   4893  6669
137  11578  2   0  11578
138  11578  2   0  11578
139  11522  2   0  11522
140  11574  2   2  11572
141  11526  2   0  11526
142  11550  2   3  11547
143  11550  3   0  2  11548
144  11529  3   1  2  11526
145  11578  3   0  0  11578
146  11478  3   0  0  11478
147  11503  3   1  0  11502
148  11520  4   0  0  0  11520
149  11478  3   0  0  11478
150  11576  2   0  11576
151  11516  2   11  11505
152  11524  2   1  11523
153  11574  2   0  11574
154  11484  3   0  0  11484
155  11516  2   0  11516
156  11511  4   0  0  0  11511
157  11484  3   0  0  11484
158  11574  3   0  0  11574
159  11508  2   0  11508
160  11550  2   5  11545
161  11524  3   0  0  11524
162  11522  2   6  11516
163  11574  2   0  11574
164  11544  3   0  0  11544
165  11542  2   0  11542
166  11538  2   0  11538
167  11492  3   0  0  11492
168  11538  2   0  11538
169  11492  2   0  11492
170  11495  3   0  0  11495
171  11536  4   0  0  0  11536
172  11504  2   2  11502
173  11537  3   0  0  11537
174  11503  3   0  1  11502
175  11506  2   0  11506
176  11463  3   0  0  11463
177  11460  2   5  11455
178  11534  2   0  11534
179  11564  2   0  11564
180  11522  2   0  11522
181  11541  3   0  0  11541
182  11569  4   0  0  0  11569
183  11519  3   0  0  11519
184  11574  3   0  0  11574
185  11413  4   0  0  0  11413
186  11543  3   0  0  11543
187  11514  4   0  0  2  11512
188  11506  2   0  11506
189  11576  2   0  11576
190  11538  3   0  0  11538
191  11358  2   0  11358
192  11576  2   2  11574
193  11537  3   1  1  11535
194  11578  3   0  0  11578
195  11332  2   1  11331
196  11578  3   0  0  11578
197  11318  2   0  11318
198  11314  2   0  11314
199  11578  3   0  0  11578
200  11522  3   0  1  11521
201  11578  3   0  0  11578
202  11486  2   0  11486
203  11571  4   0  3  1  11567

[pop]=3
1  8644  2   1  8643
2  8644  3   1  1  8642
3  8650  2   0  8650
4  8652  2   0  8652
5  8652  3   0  0  8652
6  8646  2   0  8646
7  8635  3   0  0  8635
8  8652  2   0  8652
9  8652  2   0  8652
10  8652  3   0  0  8652
11  8652  3   0  0  8652
12  8648  3   0  0  8648
13  8652  2   0  8652
14  8528  2   0  8528
15  8650  3   0  0  8650
16  8650  3   0  0  8650
17  8652  4   7  0  0  8645
18  8650  3   0  0  8650
19  8652  2   0  8652
20  8654  3   0  0  8654
21  8652  2   5  8647
22  8654  3   0  0  8654
23  8640  2   0  8640
24  8654  2   0  8654
25  8652  3   0  0  8652
26  8654  3   0  0  8654
27  8596  2   0  8596
28  8648  2   0  8648
29  8654  2   0  8654
30  8650  2   0  8650
31  8648  3   0  1  8647
32  8648  3   119  0  8529
33  8654  3   0  0  8654
34  8654  3   0  1  8653
35  8518  3   0  0  8518
36  8654  3   0  0  8654
37  8652  3   0  0  8652
38  8511  3   0  1  8510
39  8646  2   0  8646
40  8510  2   9  8501
41  8652  3   0  0  8652
42  8654  3   0  0  8654
43  8512  2   0  8512
44  8620  2   0  8620
45  8648  2   0  8648
46  8654  2   0  8654
47  8646  2   2  8644
48  8654  3   0  0  8654
49  8480  2   0  8480
50  8644  3   0  0  8644
51  8505  3   1  0  8504
52  8645  3   1  0  8644
53  8482  2   0  8482
54  8646  3   0  0  8646
55  8480  2   0  8480
56  8654  3   0  0  8654
57  8654  2   0  8654
58  8552  2   0  8552
59  8654  2   0  8654
60  8627  3   0  0  8627
61  8648  2   0  8648
62  8630  2   0  8630
63  8654  2   0  8654
64  8608  3   3  8630  -25
65  8636  2   0  8636
66  8624  2   0  8624
67  8654  4   0  0  0  8654
68  8650  3   0  0  8650
69  8216  2   0  8216
70  8654  2   0  8654
71  8636  2   0  8636
72  8066  2   1  8065
73  8650  2   0  8650
74  3052  2   0  3052
75  8650  3   0  1  8649
76  4696  2   0  4696
77  8654  2   3  8651
78  8160  3   0  20  8140
79  8652  4   2  3  0  8647
80  8650  4   0  0  0  8650
81  8644  3   0  0  8644
82  7462  2   0  7462
83  8644  2   0  8644
84  8336  2   4  8332
85  8652  3   0  0  8652
86  8398  3   0  11  8387
87  8484  3   0  0  8484
88  8652  2   1  8651
89  8646  2   3  8643
90  8648  2   0  8648
91  8600  2   0  8600
92  8648  3   0  0  8648
93  8654  2   0  8654
94  8607  3   0  0  8607
95  8650  2   0  8650
96  8596  2   0  8596
97  8607  3   0  0  8607
98  8611  3   0  5  8606
99  8650  3   0  2  8648
100  8650  3   0  0  8650
101  8610  2   0  8610
102  8617  3   7  0  8610
103  8651  3   1  0  8650
104  8610  2   0  8610
105  8652  3   0  3  8649
106  8640  3   0  0  8640
107  8638  2   0  8638
108  8638  4   11  0  0  8627
109  8616  3   0  0  8616
110  8641  3   0  0  8641
111  8644  2   0  8644
112  8636  2   0  8636
113  8642  4   1  0  0  8641
114  8638  2   0  8638
115  8654  2   0  8654
116  8637  4   0  0  0  8637
117  8654  3   0  0  8654
118  8628  3   0  0  8628
119  8628  3   0  0  8628
120  8654  3   0  0  8654
121  8643  3   0  0  8643
122  8626  2   4  8622
123  8654  2   0  8654
124  8582  2   0  8582
125  8646  4   0  0  0  8646
126  8632  2   2  8630
127  8612  2   0  8612
128  8610  3   0  4  8606
129  8618  2   0  8618
130  8646  2   0  8646
131  8654  2   0  8654
132  8648  2   0  8648
133  8626  4   1  0  1  8624
134  8650  4   1  0  0  8649
135  8650  2   6  8644
136  8618  2   2983  5635
137  8654  2   0  8654
138  8654  2   0  8654
139  8648  2   6  8642
140  8630  2   0  8630
141  8650  2   0  8650
142  8636  2   0  8636
143  8636  3   0  0  8636
144  8650  3   0  0  8650
145  8653  3   0  0  8653
146  8530  3   0  0  8530
147  8638  3   0  0  8638
148  8646  4   0  0  0  8646
149  8534  3   0  0  8534
150  8650  2   0  8650
151  8638  2   0  8638
152  8644  2   0  8644
153  8650  2   36  8614
154  8536  3   0  0  8536
155  8634  2   0  8634
156  8634  4   3  0  0  8631
157  8538  3   0  0  8538
158  8654  3   0  0  8654
159  8632  2   0  8632
160  8644  2   0  8644
161  8639  3   1  0  8638
162  8634  2   0  8634
163  8654  2   3  8651
164  8642  3   0  0  8642
165  8642  2   30  8612
166  8642  2   0  8642
167  8625  3   0  0  8625
168  8640  2   0  8640
169  8554  2   0  8554
170  8557  3   0  0  8557
171  8640  4   0  0  0  8640
172  8612  2   0  8612
173  8637  3   0  0  8637
174  8572  3   0  1  8571
175  8576  2   0  8576
176  8594  3   0  0  8594
177  8590  2   0  8590
178  8652  2   61  8591
179  8636  2   0  8636
180  8632  2   0  8632
181  8652  3   0  0  8652
182  8639  4   0  0  0  8639
183  8634  3   0  0  8634
184  8649  3   1  0  8648
185  8540  4   0  0  0  8540
186  8654  3   0  1  8653
187  8625  4   0  0  0  8625
188  8596  2   0  8596
189  8654  2   0  8654
190  8652  3   0  0  8652
191  8484  2   0  8484
192  8654  2   0  8654
193  8648  3   0  0  8648
194  8654  3   0  0  8654
195  8458  2   0  8458
196  8654  3   1  1  8652
197  8436  2   0  8436
198  8430  2   0  8430
199  8654  3   1  0  8653
200  8646  3   0  0  8646
201  8654  3   0  0  8654
202  8582  2   2  8580
203  8654  4   0  1  0  8653

[pop]=4
1  6614  2   0  6614
2  6614  3   0  0  6614
3  6614  2   0  6614
4  6612  2   1  6611
5  6612  3   0  0  6612
6  6614  2   0  6614
7  6574  3   0  0  6574
8  6612  2   0  6612
9  6614  2   0  6614
10  6614  3   0  0  6614
11  6612  3   0  0  6612
12  6596  3   0  0  6596
13  6612  2   0  6612
14  6612  2   14  6598
15  6600  3   0  0  6600
16  6604  3   0  0  6604
17  6613  4   0  5  0  6608
18  6604  3   0  0  6604
19  6610  2   0  6610
20  6614  3   0  0  6614
21  6610  2   0  6610
22  6614  3   0  0  6614
23  6610  2   0  6610
24  6614  2   0  6614
25  6612  3   0  0  6612
26  6614  3   0  0  6614
27  6572  2   0  6572
28  6602  2   0  6602
29  6614  2   0  6614
30  6602  2   0  6602
31  6600  3   0  0  6600
32  6600  3   0  0  6600
33  6614  3   0  0  6614
34  6614  3   0  0  6614
35  6610  3   0  0  6610
36  6614  3   0  0  6614
37  6614  3   0  0  6614
38  6606  3   0  0  6606
39  6598  2   0  6598
40  6600  2   0  6600
41  6614  3   0  0  6614
42  6614  3   0  0  6614
43  6598  2   0  6598
44  6612  2   0  6612
45  6600  2   0  6600
46  6614  2   0  6614
47  6600  2   0  6600
48  6614  3   0  0  6614
49  6540  2   0  6540
50  6602  3   0  1  6601
51  6549  3   0  0  6549
52  6602  3   0  0  6602
53  6530  2   0  6530
54  6602  3   0  1  6601
55  6524  2   0  6524
56  6614  3   0  0  6614
57  6614  2   1  6613
58  6572  2   0  6572
59  6614  2   0  6614
60  6612  3   0  0  6612
61  6608  2   0  6608
62  6612  2   0  6612
63  6614  2   1  6613
64  6595  3   0  5781  814
65  6610  2   0  6610
66  6612  2   0  6612
67  6614  4   0  0  0  6614
68  6610  3   0  1  6609
69  6294  2   0  6294
70  6614  2   0  6614
71  6610  2   0  6610
72  6162  2   0  6162
73  6612  2   0  6612
74  2878  2   0  2878
75  6614  3   0  0  6614
76  3888  2   0  3888
77  6614  2   0  6614
78  5944  3   0  0  5944
79  6614  4   0  0  0  6614
80  6614  4   0  0  0  6614
81  6612  3   0  0  6612
82  5482  2   0  5482
83  6612  2   0  6612
84  6166  2   0  6166
85  6612  3   0  0  6612
86  6248  3   0  0  6248
87  6354  3   0  0  6354
88  6612  2   0  6612
89  6612  2   0  6612
90  6612  2   0  6612
91  6506  2   0  6506
92  6612  3   0  0  6612
93  6612  2   2  6610
94  6528  3   0  0  6528
95  6612  2   0  6612
96  6534  2   0  6534
97  6558  3   0  0  6558
98  6545  3   0  0  6545
99  6612  3   0  0  6612
100  6612  3   1  0  6611
101  6562  2   0  6562
102  6573  3   0  0  6573
103  6612  3   0  0  6612
104  6550  2   0  6550
105  6612  3   0  0  6612
106  6594  3   0  0  6594
107  6614  2   0  6614
108  6614  4   0  0  0  6614
109  6580  3   0  0  6580
110  6596  3   0  0  6596
111  6612  2   0  6612
112  6614  2   0  6614
113  6596  4   0  0  0  6596
114  6614  2   0  6614
115  6612  2   0  6612
116  6614  4   1  0  0  6613
117  6612  3   0  0  6612
118  6610  3   0  0  6610
119  6606  3   0  5  6601
120  6612  3   0  0  6612
121  6598  3   1  0  6597
122  6608  2   0  6608
123  6612  2   0  6612
124  6582  2   0  6582
125  6602  4   0  0  0  6602
126  6614  2   0  6614
127  6598  2   0  6598
128  6572  3   0  0  6572
129  6604  2   0  6604
130  6602  2   0  6602
131  6614  2   0  6614
132  6604  2   0  6604
133  6607  4   0  0  0  6607
134  6606  4   0  6  0  6600
135  6606  2   0  6606
136  6610  2   2814  3796
137  6614  2   0  6614
138  6614  2   0  6614
139  6606  2   0  6606
140  6614  2   0  6614
141  6606  2   0  6606
142  6610  2   0  6610
143  6610  3   0  0  6610
144  6606  3   0  0  6606
145  6614  3   0  0  6614
146  6610  3   0  0  6610
147  6612  3   0  0  6612
148  6587  4   0  0  0  6587
149  6610  3   1  0  6609
150  6614  2   0  6614
151  6586  2   0  6586
152  6612  2   0  6612
153  6614  2   0  6614
154  6610  3   0  0  6610
155  6586  2   0  6586
156  6582  4   0  1  0  6581
157  6610  3   0  0  6610
158  6614  3   0  0  6614
159  6586  2   0  6586
160  6612  2   0  6612
161  6612  3   0  0  6612
162  6612  2   0  6612
163  6614  2   0  6614
164  6611  3   0  0  6611
165  6612  2   0  6612
166  6612  2   0  6612
167  6588  3   0  0  6588
168  6612  2   0  6612
169  6612  2   0  6612
170  6612  3   0  0  6612
171  6612  4   0  0  0  6612
172  6608  2   0  6608
173  6612  3   0  0  6612
174  6614  3   0  0  6614
175  6614  2   1  6613
176  6584  3   0  0  6584
177  6584  2   0  6584
178  6612  2   0  6612
179  6614  2   0  6614
180  6610  2   0  6610
181  6612  3   0  0  6612
182  6614  4   0  0  0  6614
183  6610  3   1  0  6609
184  6614  3   0  0  6614
185  6568  4   0  0  0  6568
186  6614  3   0  0  6614
187  6610  4   0  0  0  6610
188  6614  2   2  6612
189  6614  2   0  6614
190  6614  3   0  0  6614
191  6558  2   0  6558
192  6614  2   0  6614
193  6613  3   0  0  6613
194  6614  3   0  0  6614
195  6550  2   0  6550
196  6614  3   0  0  6614
197  6542  2   0  6542
198  6542  2   0  6542
199  6614  3   0  0  6614
200  6608  3   0  0  6608
201  6614  3   0  0  6614
202  6594  2   0  6594
203  6613  4   0  0  0  6613

[pop]=5
1  66686  2   1  66685
2  66685  3   0  0  66685
3  66732  2   6  66726
4  66724  2   45  66679
5  66724  3   1  1  66722
6  66688  2   0  66688
7  66410  3   1  1  66408
8  66730  2   6  66724
9  66720  2   0  66720
10  66717  3   3  0  66714
11  66734  3   0  1  66733
12  66702  3   1  0  66701
13  66738  2   2  66736
14  64202  2   601  63601
15  66716  3   1  0  66715
16  66720  3   1  0  66719
17  66737  4   0  255  0  66482
18  66717  3   1  1  66715
19  66730  2   5  66725
20  66740  3   1  0  66739
21  66730  2   0  66730
22  66740  3   1  1  66738
23  66542  2   12  66530
24  66740  2   2  66738
25  66733  3   1  0  66732
26  66740  3   0  0  66740
27  65492  2   2  65490
28  66706  2   1  66705
29  66740  2   3  66737
30  66706  2   5  66701
31  66703  3   0  0  66703
32  66704  3   5  0  66699
33  66740  3   0  0  66740
34  66740  3   0  0  66740
35  63333  3   1  1  63331
36  66740  3   1  0  66739
37  66737  3   1  1  66735
38  63322  3   1  0  63321
39  66690  2   1  66689
40  63304  2   2  63302
41  66738  3   1  0  66737
42  66740  3   0  1  66739
43  63302  2   1  63301
44  66306  2   0  66306
45  66672  2   0  66672
46  66738  2   0  66738
47  66644  2   0  66644
48  66736  3   0  1  66735
49  65474  2   0  65474
50  66625  3   0  7  66618
51  65672  3   0  1  65671
52  66619  3   0  0  66619
53  62928  2   3  62925
54  66615  3   3  7  66605
55  62892  2   0  62892
56  66738  3   0  1  66737
57  66738  2   20  66718
58  66034  2   3  66031
59  66738  2   0  66738
60  66335  3   1  0  66334
61  66564  2   3  66561
62  66312  2   5  66307
63  66736  2   6  66730
64  66450  3   2  56109  10339
65  66670  2   0  66670
66  66272  2   1  66271
67  66736  4   0  1  2  66733
68  66613  3   6  1  66606
69  61048  2   2  61046
70  66734  2   4  66730
71  66682  2   2  66680
72  59716  2   1  59715
73  66672  2   0  66672
74  22522  2   3  22519
75  66681  3   0  0  66681
76  29632  2   1  29631
77  66732  2   0  66732
78  62419  3   0  1  62418
79  66729  4   0  0  1  66728
80  66689  4   0  1  1  66687
81  66699  3   1  0  66698
82  46686  2   2  46684
83  66704  2   2  66702
84  57562  2   0  57562
85  66696  3   0  1  66695
86  59198  3   5  0  59193
87  61532  3   1  5  61526
88  66696  2   0  66696
89  66706  2   0  66706
90  66706  2   3  66703
91  65858  2   1  65857
92  66705  3   1  0  66704
93  66696  2   0  66696
94  65960  3   1  0  65959
95  66704  2   1  66703
96  65380  2   2  65378
97  65755  3   1  2  65752
98  66046  3   1  0  66045
99  66710  3   1  0  66709
100  66696  3   0  3  66693
101  65980  2   0  65980
102  66110  3   3  3  66104
103  66714  3   0  0  66714
104  66014  2   0  66014
105  66714  3   0  5  66709
106  66584  3   12  1  66571
107  66228  2   1  66227
108  66215  4   0  1  0  66214
109  66311  3   1  2  66308
110  66616  3   2  0  66614
111  66666  2   1  66665
112  66210  2   0  66210
113  66614  4   0  0  0  66614
114  66252  2   0  66252
115  66724  2   1  66723
116  66227  4   1  2  1  66223
117  66727  3   0  0  66727
118  66592  3   0  3  66589
119  66174  3   1  7  66166
120  66724  3   1  1  66722
121  66648  3   3  0  66645
122  66530  2   0  66530
123  66728  2   0  66728
124  66558  2   0  66558
125  66653  4   0  11  3  66639
126  66228  2   0  66228
127  66632  2   1  66631
128  65378  3   0  0  65378
129  66644  2   1  66643
130  66664  2   2  66662
131  66730  2   2  66728
132  66680  2   2  66678
133  66669  4   0  0  0  66669
134  66684  4   0  17  2  66665
135  66690  2   0  66690
136  66016  2   20928  45088
137  66730  2   0  66730
138  66730  2   2  66728
139  66700  2   0  66700
140  66160  2   0  66160
141  66694  2   2  66692
142  66700  2   1  66699
143  66700  3   0  0  66700
144  66691  3   3  5  66683
145  66725  3   0  6  66719
146  63458  3   1  0  63457
147  66512  3   10  2  66500
148  66630  4   1  0  0  66629
149  63462  3   2  0  63460
150  66718  2   2  66716
151  66614  2   3  66611
152  66452  2   18  66434
153  66724  2   0  66724
154  63482  3   1  4  63477
155  66582  2   0  66582
156  66569  4   3  1  0  66565
157  63493  3   1  1  63491
158  66712  3   2  1  66709
159  66572  2   2  66570
160  66726  2   1  66725
161  66122  3   0  0  66122
162  66074  2   0  66074
163  66706  2   0  66706
164  66725  3   1  0  66724
165  66722  2   0  66722
166  66718  2   0  66718
167  66439  3   2  1  66436
168  66720  2   3  66717
169  63650  2   2  63648
170  63680  3   0  0  63680
171  66719  4   1  1  1  66716
172  65170  2   0  65170
173  66713  3   1  0  66712
174  63855  3   0  0  63855
175  63892  2   1  63891
176  66235  3   1  0  66234
177  66214  2   1  66213
178  66574  2   0  66574
179  66668  2   12  66656
180  66688  2   0  66688
181  66594  3   0  1  66593
182  66685  4   1  1  0  66683
183  66690  3   0  5  66685
184  66718  3   0  1  66717
185  65875  4   0  1  0  65874
186  66605  3   1  0  66604
187  66670  4   1  0  0  66669
188  63960  2   0  63960
189  66730  2   0  66730
190  66620  3   0  2  66618
191  65418  2   0  65418
192  66734  2   0  66734
193  66618  3   0  0  66618
194  66736  3   0  3  66733
195  65158  2   0  65158
196  66734  3   0  0  66734
197  65036  2   19  65017
198  64990  2   4  64986
199  66738  3   0  0  66738
200  66580  3   1  2  66577
201  66738  3   0  1  66737
202  66420  2   1  66419
203  66720  4   0  17  16  66687

[pop]=6
1  908  2   0  908
2  908  3   0  0  908
3  908  2   0  908
4  908  2   0  908
5  908  3   1  0  907
6  908  2   0  908
7  906  3   0  0  906
8  908  2   0  908
9  908  2   0  908
10  908  3   0  0  908
11  908  3   0  0  908
12  908  3   0  0  908
13  908  2   0  908
14  830  2   2  828
15  908  3   0  0  908
16  908  3   0  0  908
17  908  4   0  2  0  906
18  908  3   0  0  908
19  908  2   0  908
20  908  3   0  0  908
21  908  2   0  908
22  908  3   0  0  908
23  906  2   0  906
24  908  2   0  908
25  908  3   0  0  908
26  908  3   0  0  908
27  892  2   0  892
28  908  2   0  908
29  908  2   0  908
30  908  2   0  908
31  908  3   0  0  908
32  908  3   2  0  906
33  908  3   0  0  908
34  908  3   0  0  908
35  872  3   0  0  872
36  908  3   0  0  908
37  908  3   0  0  908
38  872  3   0  0  872
39  908  2   0  908
40  872  2   0  872
41  908  3   0  0  908
42  908  3   0  0  908
43  872  2   0  872
44  902  2   0  902
45  908  2   0  908
46  908  2   0  908
47  908  2   0  908
48  908  3   0  0  908
49  896  2   0  896
50  908  3   0  0  908
51  896  3   0  0  896
52  908  3   0  0  908
53  858  2   0  858
54  908  3   0  0  908
55  858  2   1  857
56  908  3   0  0  908
57  908  2   0  908
58  902  2   0  902
59  908  2   0  908
60  904  3   0  0  904
61  904  2   0  904
62  904  2   0  904
63  908  2   0  908
64  905  3   0  791  114
65  908  2   0  908
66  902  2   0  902
67  908  4   0  0  0  908
68  908  3   0  0  908
69  822  2   0  822
70  908  2   0  908
71  908  2   0  908
72  808  2   0  808
73  908  2   0  908
74  450  2   0  450
75  908  3   0  0  908
76  548  2   0  548
77  906  2   0  906
78  809  3   0  0  809
79  906  4   0  0  2  904
80  908  4   0  0  0  908
81  908  3   0  1  907
82  740  2   0  740
83  908  2   0  908
84  808  2   0  808
85  908  3   0  0  908
86  823  3   0  0  823
87  858  3   0  0  858
88  908  2   0  908
89  908  2   0  908
90  908  2   0  908
91  878  2   0  878
92  908  3   0  0  908
93  908  2   0  908
94  885  3   0  0  885
95  908  2   0  908
96  884  2   0  884
97  892  3   0  0  892
98  887  3   0  0  887
99  908  3   0  0  908
100  908  3   0  0  908
101  896  2   0  896
102  898  3   0  0  898
103  908  3   0  0  908
104  892  2   0  892
105  908  3   0  0  908
106  902  3   0  0  902
107  898  2   0  898
108  897  4   0  0  0  897
109  898  3   0  0  898
110  904  3   0  0  904
111  908  2   0  908
112  896  2   0  896
113  904  4   0  0  0  904
114  896  2   0  896
115  908  2   0  908
116  896  4   0  0  0  896
117  908  3   0  0  908
118  906  3   0  0  906
119  894  3   0  0  894
120  908  3   0  0  908
121  904  3   0  1  903
122  906  2   0  906
123  908  2   0  908
124  906  2   1  905
125  905  4   0  0  1  904
126  896  2   0  896
127  906  2   0  906
128  872  3   0  0  872
129  906  2   0  906
130  906  2   0  906
131  908  2   0  908
132  908  2   0  908
133  906  4   0  0  0  906
134  908  4   0  0  0  908
135  908  2   0  908
136  898  2   323  575
137  908  2   0  908
138  908  2   0  908
139  908  2   1  907
140  902  2   0  902
141  908  2   0  908
142  906  2   0  906
143  906  3   0  0  906
144  908  3   0  0  908
145  908  3   0  0  908
146  876  3   0  0  876
147  906  3   0  0  906
148  906  4   0  0  0  906
149  876  3   0  0  876
150  908  2   0  908
151  906  2   0  906
152  902  2   0  902
153  908  2   0  908
154  878  3   0  0  878
155  906  2   0  906
156  906  4   0  0  0  906
157  878  3   0  0  878
158  906  3   0  0  906
159  906  2   0  906
160  908  2   0  908
161  898  3   0  0  898
162  896  2   0  896
163  904  2   0  904
164  908  3   0  0  908
165  908  2   0  908
166  908  2   0  908
167  906  3   0  0  906
168  908  2   0  908
169  880  2   0  880
170  880  3   0  0  880
171  908  4   0  0  0  908
172  860  2   0  860
173  906  3   0  0  906
174  881  3   0  0  881
175  882  2   0  882
176  904  3   0  0  904
177  904  2   2  902
178  906  2   0  906
179  906  2   0  906
180  906  2   0  906
181  906  3   0  0  906
182  906  4   0  0  0  906
183  906  3   0  0  906
184  906  3   1  0  905
185  900  4   0  0  0  900
186  906  3   0  0  906
187  904  4   0  0  0  904
188  882  2   0  882
189  906  2   0  906
190  906  3   0  0  906
191  898  2   1  897
192  906  2   0  906
193  906  3   0  0  906
194  906  3   0  0  906
195  896  2   0  896
196  906  3   0  0  906
197  896  2   0  896
198  896  2   0  896
199  906  3   0  0  906
200  906  3   0  0  906
201  906  3   0  0  906
202  902  2   0  902
203  906  4   0  1  1  904

[pop]=7
1  16506  2   1  16505
2  16504  3   0  0  16504
3  16512  2   0  16512
4  16512  2   0  16512
5  16512  3   0  0  16512
6  16502  2   4  16498
7  16429  3   0  0  16429
8  16512  2   0  16512
9  16512  2   3  16509
10  16512  3   1  1  16510
11  16512  3   1  0  16511
12  16506  3   0  0  16506
13  16512  2   0  16512
14  12028  2   31  11997
15  16506  3   0  0  16506
16  16511  3   0  0  16511
17  16512  4   0  0  1  16511
18  16512  3   0  0  16512
19  16510  2   0  16510
20  16512  3   0  0  16512
21  16510  2   0  16510
22  16512  3   0  0  16512
23  16118  2   0  16118
24  16512  2   0  16512
25  16511  3   0  1  16510
26  16512  3   1  0  16511
27  16428  2   0  16428
28  16512  2   1  16511
29  16512  2   0  16512
30  16512  2   1  16511
31  16511  3   1  0  16510
32  16511  3   16  0  16495
33  16512  3   0  4  16508
34  16512  3   1  0  16511
35  16264  3   0  0  16264
36  16512  3   0  4  16508
37  16512  3   0  0  16512
38  16260  3   0  0  16260
39  16508  2   0  16508
40  16256  2   1  16255
41  16512  3   47  0  16465
42  16512  3   7  0  16505
43  16256  2   3  16253
44  16468  2   3  16465
45  16508  2   0  16508
46  16512  2   6  16506
47  16508  2   0  16508
48  16512  3   1  0  16511
49  16360  2   24  16336
50  16504  3   0  0  16504
51  16393  3   0  0  16393
52  16495  3   0  0  16495
53  16150  2   1  16149
54  16490  3   0  0  16490
55  16142  2   0  16142
56  16512  3   1  0  16511
57  16512  2   0  16512
58  16456  2   0  16456
59  16512  2   0  16512
60  16408  3   0  1  16407
61  16510  2   0  16510
62  16396  2   0  16396
63  16510  2   0  16510
64  16488  3   0  14600  1888
65  16502  2   0  16502
66  16322  2   0  16322
67  16510  4   0  0  0  16510
68  16510  3   0  0  16510
69  15746  2   0  15746
70  16512  2   0  16512
71  16500  2   5  16495
72  15426  2   0  15426
73  16510  2   0  16510
74  10390  2   0  10390
75  16510  3   0  0  16510
76  11728  2   0  11728
77  16510  2   3  16507
78  14904  3   0  45  14859
79  16509  4   0  0  180  16329
80  16510  4   1  0  0  16509
81  16503  3   0  0  16503
82  14264  2   0  14264
83  16504  2   0  16504
84  15490  2   0  15490
85  16509  3   0  0  16509
86  15641  3   0  6  15635
87  15874  3   0  0  15874
88  16508  2   0  16508
89  16502  2   0  16502
90  16504  2   0  16504
91  16076  2   1  16075
92  16501  3   0  0  16501
93  16510  2   0  16510
94  16133  3   0  0  16133
95  16500  2   5  16495
96  16308  2   0  16308
97  16361  3   0  0  16361
98  16224  3   0  0  16224
99  16502  3   0  0  16502
100  16503  3   0  0  16503
101  16394  2   0  16394
102  16407  3   1  0  16406
103  16504  3   0  0  16504
104  16236  2   0  16236
105  16504  3   0  0  16504
106  16468  3   2  0  16466
107  16474  2   0  16474
108  16486  4   0  0  1  16485
109  16457  3   0  0  16457
110  16492  3   0  0  16492
111  16504  2   1  16503
112  16506  2   2  16504
113  16492  4   0  0  0  16492
114  16508  2   0  16508
115  16508  2   0  16508
116  16510  4   0  6  0  16504
117  16510  3   0  1  16509
118  16490  3   0  24  16466
119  16510  3   0  0  16510
120  16510  3   0  0  16510
121  16498  3   0  0  16498
122  16484  2   4  16480
123  16510  2   2  16508
124  16498  2   11  16487
125  16504  4   1  19  0  16484
126  16510  2   0  16510
127  16506  2   0  16506
128  14462  3   0  1  14461
129  16508  2   0  16508
130  16506  2   0  16506
131  16510  2   0  16510
132  16506  2   0  16506
133  16510  4   0  0  0  16510
134  16510  4   0  0  0  16510
135  16510  2   0  16510
136  16510  2   7841  8669
137  16510  2   2  16508
138  16510  2   0  16510
139  16510  2   0  16510
140  16510  2   0  16510
141  16510  2   0  16510
142  16512  2   0  16512
143  16512  3   0  0  16512
144  16510  3   0  12  16498
145  16510  3   4  0  16506
146  16280  3   0  1  16279
147  16407  3   11  0  16396
148  16499  4   0  1  0  16498
149  16288  3   0  1  16287
150  16506  2   0  16506
151  16496  2   0  16496
152  16270  2   0  16270
153  16508  2   0  16508
154  16294  3   0  0  16294
155  16492  2   1  16491
156  16491  4   20  3  0  16468
157  16299  3   0  0  16299
158  16493  3   0  0  16493
159  16492  2   0  16492
160  16508  2   0  16508
161  15511  3   0  0  15511
162  15394  2   0  15394
163  16476  2   0  16476
164  16508  3   0  0  16508
165  16508  2   0  16508
166  16508  2   1  16507
167  16479  3   0  0  16479
168  16508  2   0  16508
169  16320  2   0  16320
170  16320  3   5  2  16313
171  16508  4   0  0  0  16508
172  13292  2   0  13292
173  16508  3   0  1  16507
174  16343  3   1  0  16342
175  16344  2   0  16344
176  16448  3   0  0  16448
177  16448  2   0  16448
178  16240  2   4  16236
179  16508  2   0  16508
180  16504  2   0  16504
181  16264  3   0  0  16264
182  16508  4   0  0  3  16505
183  16505  3   0  2  16503
184  16510  3   0  0  16510
185  16420  4   1  0  1  16418
186  16333  3   0  0  16333
187  16504  4   0  1  0  16503
188  16360  2   0  16360
189  16510  2   2  16508
190  16388  3   1  0  16387
191  16364  2   1  16363
192  16512  2   0  16512
193  16408  3   0  0  16408
194  16512  3   1  0  16511
195  16316  2   0  16316
196  16512  3   0  0  16512
197  16296  2   0  16296
198  16294  2   0  16294
199  16512  3   0  14  16498
200  16410  3   0  0  16410
201  16512  3   0  0  16512
202  16474  2   0  16474
203  16510  4   0  9  2  16499

