[loci]=305

[populations]=7

[pop]=1
1  10394  2   0  10394
2  10330  2   0  10330
3  8528  2   10  8518
4  9337  4   0  0  1  9336
5  10404  3   2  5003  5399
6  10398  3   0  1  10397
7  10406  2   7  10399
8  10346  2   0  10346
9  10406  2   0  10406
10  10100  3   0  0  10100
11  8510  2   0  8510
12  10394  3   0  0  10394
13  10090  2   13  10077
14  10331  3   0  0  10331
15  8528  2   0  8528
16  10320  2   0  10320
17  10402  2   0  10402
18  9048  2   1  9047
19  10406  3   0  0  10406
20  10360  2   7  10353
21  10336  2   1  10335
22  10402  2   0  10402
23  10288  3   0  0  10288
24  10296  2   0  10296
25  10406  2   4  10402
26  10406  3   0  0  10406
27  10260  2   0  10260
28  10402  2   3  10399
29  10056  2   0  10056
30  10118  2   0  10118
31  10288  3   271  0  10017
32  10144  2   2  10142
33  10369  3   0  1  10368
34  10404  3   0  0  10404
35  440  2   0  440
36  9487  3   0  0  9487
37  10086  3   0  2  10084
38  10260  2   0  10260
39  10338  3   0  0  10338
40  9517  4   0  0  2  9515
41  10382  2   0  10382
42  10406  2   1  10405
43  10162  3   0  132  10030
44  10352  2   0  10352
45  10104  3   0  1  10103
46  10402  2   0  10402
47  10406  4   0  0  0  10406
48  10112  3   0  0  10112
49  10344  3   0  18  10326
50  422  2   2  420
51  10400  2   1  10399
52  10402  3   1  1  10400
53  10346  2   0  10346
54  10254  2   0  10254
55  10399  4   1  0  0  10398
56  10406  5   1  0  0  0  10405
57  10404  2   0  10404
58  10406  2   8  10398
59  10354  2   0  10354
60  10260  3   0  3  10257
61  10344  2   2  10342
62  10361  3   0  0  10361
63  10402  2   0  10402
64  10402  3   0  0  10402
65  10262  2   0  10262
66  10266  2   0  10266
67  10278  2   4  10274
68  10165  4   186  5  9  9965
69  10290  2   2  10288
70  9830  2   0  9830
71  10372  2   1  10371
72  10406  2   0  10406
73  10402  2   0  10402
74  10370  2   0  10370
75  10382  3   0  0  10382
76  10404  3   0  1  10403
77  10402  4   1  0  0  10401
78  10346  5   0  0  1  0  10345
79  9844  3   0  0  9844
80  10404  2   0  10404
81  10402  2   1  10401
82  10404  4   0  0  0  10404
83  10198  3   0  0  10198
84  10343  3   0  0  10343
85  9878  2   3  9875
86  9892  2   0  9892
87  10404  2   4  10400
88  10403  3   0  0  10403
89  10389  3   2  1  10386
90  10326  2   0  10326
91  10403  5   0  1  0  1  10401
92  10402  2   0  10402
93  10406  2   0  10406
94  9899  3   0  2  9897
95  10402  2   0  10402
96  10330  2   0  10330
97  10404  2   2  10402
98  10236  2   0  10236
99  10390  3   0  0  10390
100  10404  2   0  10404
101  10406  2   0  10406
102  10402  3   0  0  10402
103  10241  4   1  0  0  10240
104  10396  2   0  10396
105  10224  3   0  1  10223
106  9932  2   33  9899
107  10404  3   0  0  10404
108  10402  5   1  0  0  0  10401
109  10217  4   0  0  0  10217
110  9928  2   0  9928
111  10404  2   0  10404
112  10404  2   0  10404
113  10394  2   0  10394
114  10291  3   0  0  10291
115  10390  2   0  10390
116  10406  2   0  10406
117  10404  2   0  10404
118  10406  2   0  10406
119  9923  3   0  0  9923
120  10406  3   0  0  10406
121  10324  2   0  10324
122  10406  2   0  10406
123  10164  2   1  10163
124  10394  2   0  10394
125  10403  4   2  0  0  10401
126  10406  2   0  10406
127  10322  2   0  10322
128  10174  2   0  10174
129  9909  3   0  0  9909
130  10338  2   0  10338
131  10178  2   0  10178
132  86  2   0  86
133  10394  4   0  9  0  10385
134  10406  3   0  0  10406
135  10400  2   0  10400
136  10194  2   1  10193
137  10326  3   0  0  10326
138  9875  4   2  384  0  9489
139  10404  3   2  3  10399
140  10406  3   0  0  10406
141  10406  2   1  10405
142  10188  2   0  10188
143  10404  2   0  10404
144  10354  2   2  10352
145  10400  2   8  10392
146  9827  4   0  0  2  9825
147  10395  3   0  10  10385
148  10406  2   4  10402
149  10400  3   0  0  10400
150  10326  2   174  10152
151  9790  2   1  9789
152  10396  2   0  10396
153  10406  3   0  2  10404
154  10400  2   0  10400
155  10404  3   0  0  10404
156  9776  2   0  9776
157  10400  2   10  10390
158  10406  2   0  10406
159  10324  3   0  0  10324
160  10403  3   1  0  10402
161  9762  2   3  9759
162  10406  2   0  10406
163  10406  2   0  10406
164  10396  2   0  10396
165  9712  3   0  2  9710
166  10406  2   700  9706
167  10124  2   13  10111
168  10322  2   2  10320
169  10404  2   0  10404
170  10404  2   1  10403
171  10343  3   34  2  10307
172  10326  3   0  0  10326
173  10404  2   0  10404
174  10406  2   0  10406
175  10404  2   0  10404
176  10406  3   0  0  10406
177  10406  2   1  10405
178  10327  4   0  0  3  10324
179  10400  3   0  2  10398
180  10402  3   2  31  10369
181  10378  2   0  10378
182  10404  3   0  0  10404
183  10296  2   1  10295
184  10288  2   0  10288
185  10402  2   0  10402
186  9416  4   0  0  0  9416
187  10406  7   0  0  1  0  0  0  10405
188  10278  2   1  10277
189  10378  2   1  10377
190  10318  3   0  0  10318
191  10316  2   1  10315
192  10406  2   0  10406
193  10310  2   0  10310
194  36  2   0  36
195  10312  4   0  2  0  10310
196  10391  3   3  0  10388
197  10202  4   0  0  5  10197
198  10406  3   0  0  10406
199  10406  3   0  0  10406
200  9070  3   0  1  9069
201  10304  3   0  0  10304
202  10400  3   1  0  10399
203  10298  2   0  10298
204  10406  2   0  10406
205  10300  2   0  10300
206  8868  3   0  0  8868
207  9558  2   0  9558
208  10399  3   0  0  10399
209  8752  2   0  8752
210  10406  2   84  10322
211  10388  3   0  0  10388
212  9398  3   0  0  9398
213  10282  2   0  10282
214  10400  3   1  1  10398
215  8318  2   5  8313
216  10282  2   2  10280
217  10396  2   0  10396
218  7597  3   0  0  7597
219  10400  3   1  0  10399
220  7448  2   0  7448
221  10384  2   1  10383
222  10402  4   0  0  0  10402
223  10400  2   0  10400
224  10384  3   1  1  10382
225  10402  2   8  10394
226  10405  3   0  4877  5528
227  10284  3   8  0  10276
228  10399  3   0  326  10073
229  10376  2   19  10357
230  10400  4   0  0  0  10400
231  10394  2   0  10394
232  10280  3   0  3  10277
233  8494  2   0  8494
234  10396  2   1  10395
235  10354  2   0  10354
236  8256  2   0  8256
237  6666  2   1  6665
238  10364  2   0  10364
239  10339  3   0  0  10339
240  8030  2   0  8030
241  10255  6   1  0  1  0  0  10253
242  10406  2   0  10406
243  10110  2   2  10108
244  10248  2   11  10237
245  10402  2   2  10400
246  10370  2   0  10370
247  10254  3   0  0  10254
248  5973  3   0  1  5972
249  10404  2   0  10404
250  10406  2   87  10319
251  5832  2   0  5832
252  5562  2   0  5562
253  5430  2   0  5430
254  10036  2   0  10036
255  10148  2   1  10147
256  10406  2   0  10406
257  5258  3   0  0  5258
258  10402  2   2  10400
259  10347  4   0  0  0  10347
260  10406  2   0  10406
261  10119  3   1  0  10118
262  5130  2   0  5130
263  5062  2   0  5062
264  10334  4   2  0  0  10332
265  9972  2   0  9972
266  6550  2   0  6550
267  10404  3   0  5123  5281
268  10392  2   6  10386
269  4894  2   2  4892
270  10286  2   2  10284
271  10404  2   0  10404
272  10328  2   0  10328
273  10404  3   0  0  10404
274  9930  3   0  1  9929
275  10029  4   0  0  0  10029
276  4790  3   0  1  4789
277  10288  2   156  10132
278  9890  2   0  9890
279  10024  4   0  6  0  10018
280  10406  2   0  10406
281  10278  2   0  10278
282  10395  3   1  0  10394
283  4692  2   0  4692
284  10270  2   12  10258
285  10300  2   0  10300
286  10396  3   0  0  10396
287  9892  2   0  9892
288  10355  3   0  0  10355
289  10396  2   0  10396
290  9886  2   1  9885
291  2538  2   0  2538
292  4518  3   0  0  4518
293  10396  3   0  0  10396
294  10402  2   0  10402
295  4395  4   0  0  1  4394
296  10350  2   1  10349
297  9920  2   16  9904
298  10406  2   0  10406
299  9898  3   0  0  9898
300  4216  2   0  4216
301  10376  2   15  10361
302  10400  3   0  0  10400
303  9880  2   0  9880
304  3978  2   0  3978
305  4132  2   14  4118

[pop]=2
1  11506  2   0  11506
2  11578  2   0  11578
3  8112  2   3  8109
4  9155  4   1  0  0  9154
5  11578  3   2  5433  6143
6  11578  3   0  0  11578
7  11578  2   11  11567
8  11470  2   0  11470
9  11578  2   0  11578
10  11494  3   0  0  11494
11  7944  2   1  7943
12  11502  3   0  0  11502
13  11490  2   1  11489
14  11544  3   1  0  11543
15  7946  2   0  7946
16  11420  2   0  11420
17  11560  2   0  11560
18  8376  2   0  8376
19  11576  3   0  0  11576
20  11530  2   2  11528
21  11544  2   0  11544
22  11560  2   0  11560
23  11384  3   1  0  11383
24  11460  2   0  11460
25  11578  2   0  11578
26  11578  3   1  0  11577
27  11398  2   0  11398
28  11578  2   4  11574
29  11478  2   0  11478
30  11410  2   1  11409
31  11411  3   571  0  10840
32  11428  2   0  11428
33  11453  3   0  0  11453
34  11578  3   1  0  11577
35  152  2   0  152
36  10960  3   1  0  10959
37  11482  3   0  0  11482
38  11504  2   0  11504
39  11546  3   0  0  11546
40  11005  4   0  0  1  11004
41  11472  2   3  11469
42  11572  2   0  11572
43  11456  3   1  6  11449
44  11440  2   0  11440
45  11480  3   0  0  11480
46  11578  2   1  11577
47  11576  4   0  1  0  11575
48  11480  3   18  0  11462
49  11544  3   0  22  11522
50  140  2   1  139
51  11516  2   0  11516
52  11578  3   0  0  11578
53  11546  2   0  11546
54  11510  2   0  11510
55  11518  4   0  0  0  11518
56  11578  5   0  1  0  0  11577
57  11568  2   0  11568
58  11576  2   0  11576
59  11500  2   2  11498
60  11508  3   1  1  11506
61  11544  2   0  11544
62  11478  3   0  0  11478
63  11520  2   0  11520
64  11578  3   0  0  11578
65  11508  2   0  11508
66  11514  2   0  11514
67  11444  2   0  11444
68  11489  4   5  0  0  11484
69  11460  2   0  11460
70  11310  2   0  11310
71  11488  2   1  11487
72  11578  2   0  11578
73  11578  2   0  11578
74  11516  2   0  11516
75  11496  3   0  0  11496
76  11530  3   0  0  11530
77  11578  4   0  0  0  11578
78  11544  5   0  1  1  0  11542
79  11314  3   0  0  11314
80  11530  2   0  11530
81  11578  2   0  11578
82  11573  4   0  0  0  11573
83  11491  3   0  0  11491
84  11544  3   1  0  11543
85  11328  2   0  11328
86  11340  2   0  11340
87  11528  2   0  11528
88  11576  3   0  0  11576
89  11533  3   0  0  11533
90  11542  2   0  11542
91  11528  5   0  0  1  0  11527
92  11578  2   0  11578
93  11574  2   0  11574
94  11338  3   0  0  11338
95  11578  2   0  11578
96  11542  2   0  11542
97  11532  2   0  11532
98  11486  2   0  11486
99  11496  3   2  0  11494
100  11532  2   0  11532
101  11574  2   0  11574
102  11550  3   0  0  11550
103  11500  4   1  1  0  11498
104  11526  2   0  11526
105  11488  3   0  0  11488
106  11354  2   8  11346
107  11530  3   0  0  11530
108  11557  5   0  0  0  0  11557
109  11483  4   7  1  0  11475
110  11348  2   2  11346
111  11564  2   1  11563
112  11566  2   0  11566
113  11466  2   0  11466
114  11516  3   0  0  11516
115  11478  2   3  11475
116  11578  2   0  11578
117  11570  2   0  11570
118  11572  2   0  11572
119  11329  3   0  0  11329
120  11570  3   0  1  11569
121  11514  2   0  11514
122  11578  2   0  11578
123  11462  2   0  11462
124  11464  2   0  11464
125  11528  4   0  0  0  11528
126  11578  2   0  11578
127  11536  2   0  11536
128  11474  2   0  11474
129  11320  3   0  0  11320
130  11546  2   10  11536
131  11476  2   0  11476
132  22  2   0  22
133  11457  4   0  15  0  11442
134  11577  3   0  0  11577
135  11548  2   0  11548
136  11474  2   0  11474
137  11500  3   15  0  11485
138  11294  4   204  11  0  11079
139  11536  3   0  1  11535
140  11577  3   1  0  11576
141  11576  2   9  11567
142  11466  2   0  11466
143  11532  2   0  11532
144  11558  2   0  11558
145  11548  2   0  11548
146  11262  4   1  0  0  11261
147  11449  3   0  0  11449
148  11578  2   0  11578
149  11547  3   0  0  11547
150  11514  2   8  11506
151  11242  2   2  11240
152  11454  2   0  11454
153  11578  3   1  1  11576
154  11546  2   0  11546
155  11574  3   0  0  11574
156  11206  2   0  11206
157  11578  2   1  11577
158  11576  2   0  11576
159  11512  3   0  0  11512
160  11574  3   0  0  11574
161  11194  2   0  11194
162  11578  2   0  11578
163  11576  2   4  11572
164  11446  2   2  11444
165  11147  3   0  0  11147
166  11574  2   691  10883
167  11418  2   3  11415
168  11502  2   11  11491
169  11574  2   0  11574
170  11578  2   0  11578
171  11560  3   1  1  11558
172  11506  3   0  0  11506
173  11542  2   0  11542
174  11578  2   0  11578
175  11578  2   0  11578
176  11578  3   0  0  11578
177  11574  2   0  11574
178  11563  4   0  0  0  11563
179  11550  3   0  0  11550
180  11574  3   0  0  11574
181  11568  2   0  11568
182  11574  3   0  0  11574
183  11568  2   0  11568
184  11568  2   0  11568
185  11574  2   0  11574
186  10959  4   0  0  0  10959
187  11578  7   0  0  0  0  1  1  11576
188  11570  2   15  11555
189  11550  2   0  11550
190  11514  3   0  1  11513
191  11512  2   0  11512
192  11576  2   1  11575
193  11518  2   0  11518
194  20  2   0  20
195  11508  4   0  0  0  11508
196  11426  3   0  0  11426
197  11568  4   0  0  0  11568
198  11574  3   0  0  11574
199  11578  3   0  0  11578
200  10621  3   2  0  10619
201  11518  3   6  0  11512
202  11571  3   0  4  11567
203  11518  2   0  11518
204  11578  2   0  11578
205  11516  2   0  11516
206  10378  3   0  0  10378
207  10752  2   0  10752
208  11570  3   0  0  11570
209  10284  2   0  10284
210  11576  2   105  11471
211  11545  3   1  0  11544
212  10536  3   0  0  10536
213  11508  2   6  11502
214  11570  3   0  1  11569
215  9578  2   50  9528
216  11512  2   0  11512
217  11570  2   0  11570
218  8626  3   1  0  8625
219  11549  3   0  0  11549
220  8442  2   2  8440
221  11392  2   2  11390
222  11549  4   1  0  0  11548
223  11574  2   0  11574
224  11388  3   0  2  11386
225  11552  2   0  11552
226  11569  3   1  6104  5464
227  11512  3   0  0  11512
228  11572  3   0  10  11562
229  11560  2   0  11560
230  11572  4   0  0  0  11572
231  11572  2   1  11571
232  11506  3   0  2  11504
233  9338  2   0  9338
234  11572  2   1  11571
235  11560  2   0  11560
236  9036  2   0  9036
237  7290  2   0  7290
238  11562  2   0  11562
239  11525  3   0  0  11525
240  8650  2   0  8650
241  11519  6   0  0  0  0  0  11519
242  11578  2   0  11578
243  11570  2   1  11569
244  11516  2   17  11499
245  11560  2   0  11560
246  11564  2   0  11564
247  11513  3   0  1  11512
248  6453  3   0  2  6451
249  11572  2   0  11572
250  11578  2   5  11573
251  6300  2   0  6300
252  6006  2   2  6004
253  5880  2   0  5880
254  11568  2   0  11568
255  11506  2   1  11505
256  11578  2   0  11578
257  5746  3   0  8  5738
258  11558  2   3  11555
259  11568  4   0  0  0  11568
260  11574  2   0  11574
261  11505  3   0  0  11505
262  5610  2   0  5610
263  5528  2   0  5528
264  11568  4   0  2  0  11566
265  11562  2   0  11562
266  6276  2   0  6276
267  11574  3   0  5810  5764
268  11568  2   0  11568
269  5334  2   1  5333
270  11336  2   0  11336
271  11574  2   0  11574
272  11568  2   1  11567
273  11559  3   0  0  11559
274  11564  3   0  4  11560
275  11483  4   0  0  0  11483
276  5162  3   0  0  5162
277  11326  2   5  11321
278  11562  2   0  11562
279  11477  4   0  0  0  11477
280  11578  2   0  11578
281  11322  2   0  11322
282  11568  3   0  0  11568
283  5020  2   0  5020
284  11310  2   0  11310
285  11568  2   0  11568
286  11568  3   0  0  11568
287  11554  2   0  11554
288  11534  3   0  0  11534
289  11546  2   0  11546
290  11552  2   0  11552
291  3688  2   0  3688
292  4770  3   0  0  4770
293  11567  3   1  0  11566
294  11568  2   2  11566
295  4589  4   0  2  0  4587
296  11452  2   0  11452
297  11446  2   61  11385
298  11578  2   0  11578
299  11438  3   0  0  11438
300  4380  2   3  4377
301  11452  2   52  11400
302  11574  3   0  0  11574
303  11432  2   0  11432
304  6462  2   0  6462
305  4320  2   20  4300

[pop]=3
1  8654  2   0  8654
2  8646  2   0  8646
3  6990  2   0  6990
4  7035  4   0  2  0  7033
5  8653  3   0  5480  3173
6  8652  3   0  0  8652
7  8654  2   0  8654
8  8626  2   0  8626
9  8654  2   0  8654
10  8580  3   0  0  8580
11  6900  2   0  6900
12  8654  3   0  0  8654
13  8578  2   0  8578
14  8625  3   0  0  8625
15  6886  2   0  6886
16  8602  2   0  8602
17  8654  2   0  8654
18  6636  2   0  6636
19  8650  3   0  0  8650
20  8648  2   1  8647
21  8622  2   0  8622
22  8654  2   0  8654
23  8590  3   0  0  8590
24  8608  2   7  8601
25  8654  2   0  8654
26  8654  3   0  0  8654
27  8594  2   0  8594
28  8654  2   1  8653
29  8518  2   1  8517
30  8616  2   60  8556
31  8602  3   1  0  8601
32  8622  2   0  8622
33  8610  3   0  0  8610
34  8654  3   1  0  8653
35  216  2   0  216
36  8309  3   0  1  8308
37  8520  3   0  0  8520
38  8612  2   0  8612
39  8630  3   1  1  8628
40  8328  4   0  0  0  8328
41  8620  2   0  8620
42  8654  2   0  8654
43  8624  3   0  0  8624
44  8626  2   0  8626
45  8519  3   0  0  8519
46  8654  2   0  8654
47  8654  4   0  0  1  8653
48  8520  3   0  0  8520
49  8630  3   0  0  8630
50  186  2   0  186
51  8622  2   0  8622
52  8654  3   0  0  8654
53  8632  2   1  8631
54  8634  2   0  8634
55  8625  4   0  0  0  8625
56  8654  5   0  0  0  0  8654
57  8654  2   3  8651
58  8654  2   0  8654
59  8638  2   0  8638
60  8608  3   0  0  8608
61  8632  2   0  8632
62  8635  3   0  12  8623
63  8624  2   0  8624
64  8654  3   0  0  8654
65  8610  2   0  8610
66  8640  2   0  8640
67  8330  2   0  8330
68  8527  4   1  0  0  8526
69  8348  2   0  8348
70  8482  2   2  8480
71  8642  2   0  8642
72  8654  2   0  8654
73  8654  2   7  8647
74  8646  2   0  8646
75  8644  3   1  0  8643
76  8632  3   0  0  8632
77  8654  4   0  0  0  8654
78  8636  5   0  0  0  0  8636
79  8487  3   2  0  8485
80  8632  2   0  8632
81  8654  2   0  8654
82  8654  4   0  0  0  8654
83  8548  3   0  0  8548
84  8636  3   0  0  8636
85  8496  2   0  8496
86  8504  2   0  8504
87  8634  2   0  8634
88  8654  3   0  0  8654
89  8487  3   0  0  8487
90  8644  2   0  8644
91  8633  5   1  0  0  0  8632
92  8652  2   2  8650
93  8654  2   0  8654
94  8508  3   0  1  8507
95  8652  2   9  8643
96  8644  2   0  8644
97  8634  2   0  8634
98  8602  2   0  8602
99  8646  3   0  0  8646
100  8634  2   0  8634
101  8654  2   0  8654
102  8526  3   13  0  8513
103  8579  4   5  0  0  8574
104  8654  2   0  8654
105  8602  3   0  0  8602
106  8522  2   0  8522
107  8636  3   0  1  8635
108  8534  5   0  0  0  0  8534
109  8601  4   0  0  0  8601
110  8524  2   0  8524
111  8538  2   0  8538
112  8556  2   0  8556
113  8650  2   4  8646
114  8603  3   107  0  8496
115  8650  2   0  8650
116  8654  2   6  8648
117  8610  2   0  8610
118  8654  2   0  8654
119  8522  3   0  0  8522
120  8630  3   0  0  8630
121  8626  2   0  8626
122  8654  2   0  8654
123  8606  2   0  8606
124  8650  2   0  8650
125  8637  4   0  0  0  8637
126  8654  2   1  8653
127  8630  2   1  8629
128  8604  2   0  8604
129  8513  3   0  0  8513
130  8642  2   0  8642
131  8608  2   0  8608
132  66  2   0  66
133  8645  4   0  0  1  8644
134  8654  3   0  0  8654
135  8654  2   0  8654
136  8606  2   0  8606
137  8629  3   0  0  8629
138  8512  4   0  0  0  8512
139  8641  3   0  0  8641
140  8654  3   0  0  8654
141  8654  2   0  8654
142  8606  2   0  8606
143  8644  2   0  8644
144  8652  2   0  8652
145  8654  2   1  8653
146  8497  4   0  0  1  8496
147  8646  3   0  0  8646
148  8654  2   0  8654
149  8654  3   0  0  8654
150  8636  2   0  8636
151  8488  2   1  8487
152  8646  2   0  8646
153  8654  3   0  3  8651
154  8654  2   2  8652
155  8654  3   0  0  8654
156  8480  2   0  8480
157  8654  2   0  8654
158  8654  2   0  8654
159  8634  3   0  0  8634
160  8654  3   1  0  8653
161  8474  2   0  8474
162  8654  2   2  8652
163  8654  2   0  8654
164  8642  2   0  8642
165  8452  3   0  1  8451
166  8654  2   11  8643
167  8586  2   0  8586
168  8632  2   0  8632
169  8654  2   0  8654
170  8654  2   0  8654
171  8652  3   0  0  8652
172  8634  3   0  0  8634
173  8646  2   0  8646
174  8654  2   0  8654
175  8654  2   1  8653
176  8654  3   0  0  8654
177  8654  2   0  8654
178  8651  4   0  1  0  8650
179  8650  3   1  0  8649
180  8654  3   0  0  8654
181  8650  2   0  8650
182  8652  3   2  1  8649
183  8652  2   0  8652
184  8652  2   0  8652
185  8654  2   0  8654
186  8290  4   0  1  0  8289
187  8654  7   2  0  0  0  0  0  8652
188  8652  2   0  8652
189  8648  2   1  8647
190  8620  3   0  1  8619
191  8618  2   0  8618
192  8654  2   0  8654
193  8620  2   0  8620
194  36  2   0  36
195  8614  4   0  0  1  8613
196  8650  3   0  12  8638
197  8654  4   0  0  0  8654
198  8654  3   0  0  8654
199  8654  3   0  1  8653
200  8082  3   0  0  8082
201  8612  3   0  0  8612
202  8654  3   0  0  8654
203  8614  2   0  8614
204  8654  2   0  8654
205  8610  2   0  8610
206  7946  3   1  2  7943
207  8242  2   2  8240
208  8654  3   0  3  8651
209  7884  2   0  7884
210  8632  2   1529  7103
211  8635  3   0  0  8635
212  8079  3   0  0  8079
213  8600  2   0  8600
214  8654  3   0  0  8654
215  7618  2   0  7618
216  8600  2   0  8600
217  8654  2   0  8654
218  7124  3   0  0  7124
219  8641  3   0  1  8640
220  7008  2   7  7001
221  8646  2   0  8646
222  8641  4   0  0  0  8641
223  8636  2   0  8636
224  8644  3   1  0  8643
225  8640  2   0  8640
226  8639  3   0  3162  5477
227  8599  3   0  0  8599
228  8636  3   0  0  8636
229  8648  2   0  8648
230  8654  4   0  0  0  8654
231  8634  2   0  8634
232  8642  3   0  0  8642
233  7448  2   0  7448
234  8630  2   2  8628
235  8644  2   0  8644
236  7260  2   5  7255
237  6346  2   0  6346
238  8646  2   0  8646
239  8645  3   0  0  8645
240  7018  2   0  7018
241  8591  6   0  0  0  0  1  8590
242  8654  2   0  8654
243  8650  2   0  8650
244  8582  2   2  8580
245  8646  2   0  8646
246  8646  2   0  8646
247  8586  3   0  0  8586
248  5688  3   0  1  5687
249  8654  2   0  8654
250  8654  2   0  8654
251  5608  2   1  5607
252  5370  2   0  5370
253  5286  2   0  5286
254  8646  2   0  8646
255  8570  2   0  8570
256  8654  2   7  8647
257  5095  3   1  1  5093
258  8650  2   0  8650
259  8626  4   0  0  0  8626
260  8654  2   0  8654
261  8561  3   20  1  8540
262  5026  2   0  5026
263  4940  2   0  4940
264  8625  4   0  0  0  8625
265  8638  2   0  8638
266  5678  2   0  5678
267  8626  3   1  4685  3940
268  8650  2   0  8650
269  4768  2   0  4768
270  8596  2   0  8596
271  8654  2   0  8654
272  8622  2   0  8622
273  8652  3   1  0  8651
274  8636  3   0  3  8633
275  8545  4   2  0  0  8543
276  4626  3   0  0  4626
277  8594  2   0  8594
278  8630  2   0  8630
279  8545  4   0  0  0  8545
280  8652  2   2  8650
281  8592  2   0  8592
282  8652  3   0  0  8652
283  4508  2   2  4506
284  8578  2   0  8578
285  8620  2   0  8620
286  8652  3   1  1  8650
287  8630  2   0  8630
288  8648  3   0  0  8648
289  8648  2   0  8648
290  8626  2   0  8626
291  2684  2   0  2684
292  4350  3   0  0  4350
293  8652  3   0  0  8652
294  8652  2   0  8652
295  4263  4   1  1  0  4261
296  8634  2   0  8634
297  8496  2   421  8075
298  8654  2   0  8654
299  8480  3   0  0  8480
300  4102  2   0  4102
301  8640  2   0  8640
302  8652  3   0  0  8652
303  8476  2   0  8476
304  4584  2   0  4584
305  4008  2   0  4008

[pop]=4
1  6598  2   0  6598
2  6614  2   0  6614
3  3726  2   11  3715
4  5793  4   0  0  0  5793
5  6613  3   3  2889  3721
6  6614  3   0  0  6614
7  6614  2   17  6597
8  6572  2   0  6572
9  6614  2   0  6614
10  6612  3   0  0  6612
11  3698  2   0  3698
12  6600  3   1  0  6599
13  6612  2   0  6612
14  6577  3   0  0  6577
15  3698  2   0  3698
16  6546  2   12  6534
17  6604  2   0  6604
18  5584  2   0  5584
19  6614  3   0  0  6614
20  6598  2   0  6598
21  6576  2   0  6576
22  6602  2   0  6602
23  6534  3   0  0  6534
24  6586  2   0  6586
25  6614  2   0  6614
26  6614  3   0  0  6614
27  6574  2   0  6574
28  6614  2   0  6614
29  6612  2   0  6612
30  6498  2   0  6498
31  6582  3   325  0  6257
32  6510  2   0  6510
33  6588  3   0  0  6588
34  6613  3   7  0  6606
35  16  2   0  16
36  5500  3   0  0  5500
37  6614  3   0  0  6614
38  6512  2   0  6512
39  6571  3   0  0  6571
40  5552  4   0  0  0  5552
41  6594  2   0  6594
42  6614  2   0  6614
43  6528  3   1  0  6527
44  6594  2   0  6594
45  6614  3   0  0  6614
46  6614  2   0  6614
47  6614  4   0  0  0  6614
48  6614  3   0  0  6614
49  6565  3   0  0  6565
50  2  2   0  2
51  6606  2   1  6605
52  6614  3   0  0  6614
53  6560  2   0  6560
54  6566  2   0  6566
55  6610  4   0  8  0  6602
56  6614  5   0  0  0  0  6614
57  6614  2   0  6614
58  6614  2   0  6614
59  6602  2   0  6602
60  6546  3   0  0  6546
61  6560  2   0  6560
62  6600  3   0  0  6600
63  6610  2   0  6610
64  6614  3   0  0  6614
65  6550  2   0  6550
66  6568  2   0  6568
67  6582  2   0  6582
68  6614  4   0  0  0  6614
69  6588  2   0  6588
70  5900  2   0  5900
71  6598  2   0  6598
72  6614  2   0  6614
73  6614  2   0  6614
74  6604  2   0  6604
75  6598  3   0  0  6598
76  6612  3   0  0  6612
77  6614  4   0  0  0  6614
78  6544  5   0  0  0  0  6544
79  5927  3   0  0  5927
80  6612  2   0  6612
81  6614  2   0  6614
82  6614  4   0  0  0  6614
83  6614  3   0  0  6614
84  6545  3   0  0  6545
85  5948  2   0  5948
86  5976  2   0  5976
87  6612  2   0  6612
88  6612  3   0  0  6612
89  6603  3   0  0  6603
90  6588  2   0  6588
91  6611  5   0  0  0  0  6611
92  6614  2   0  6614
93  6612  2   0  6612
94  5978  3   0  0  5978
95  6614  2   0  6614
96  6590  2   3  6587
97  6612  2   0  6612
98  6372  2   0  6372
99  6600  3   0  0  6600
100  6612  2   0  6612
101  6612  2   0  6612
102  6606  3   0  0  6606
103  6614  4   0  0  0  6614
104  6606  2   0  6606
105  6350  3   0  0  6350
106  5976  2   0  5976
107  6612  3   0  0  6612
108  6608  5   0  0  0  0  6608
109  6538  4   0  0  0  6538
110  5980  2   0  5980
111  6610  2   0  6610
112  6610  2   0  6610
113  6596  2   0  6596
114  6614  3   0  0  6614
115  6596  2   0  6596
116  6614  2   0  6614
117  6612  2   0  6612
118  6600  2   0  6600
119  5962  3   0  0  5962
120  6612  3   0  0  6612
121  6518  2   0  6518
122  6614  2   0  6614
123  6538  2   0  6538
124  6594  2   0  6594
125  6613  4   0  0  0  6613
126  6614  2   0  6614
127  6614  2   0  6614
128  6516  2   0  6516
129  5929  3   0  0  5929
130  6614  2   0  6614
131  6530  2   0  6530
132  0  2   0  0
133  6591  4   0  27  0  6564
134  6614  3   0  0  6614
135  6612  2   0  6612
136  6526  2   0  6526
137  6507  3   0  0  6507
138  5877  4   0  0  0  5877
139  6611  3   0  0  6611
140  6614  3   0  0  6614
141  6612  2   0  6612
142  6524  2   0  6524
143  6612  2   0  6612
144  6614  2   0  6614
145  6612  2   0  6612
146  5819  4   1  0  0  5818
147  6590  3   1  0  6589
148  6614  2   0  6614
149  6612  3   0  0  6612
150  6512  2   0  6512
151  5782  2   0  5782
152  6590  2   0  6590
153  6614  3   0  0  6614
154  6612  2   0  6612
155  6600  3   0  0  6600
156  5740  2   0  5740
157  6614  2   0  6614
158  6612  2   0  6612
159  6514  3   0  0  6514
160  6600  3   0  0  6600
161  5730  2   0  5730
162  6614  2   0  6614
163  6612  2   0  6612
164  6588  2   0  6588
165  5676  3   0  0  5676
166  6612  2   104  6508
167  6420  2   0  6420
168  6518  2   0  6518
169  6602  2   0  6602
170  6614  2   0  6614
171  6610  3   0  0  6610
172  6516  3   0  0  6516
173  6612  2   0  6612
174  6614  2   0  6614
175  6614  2   0  6614
176  6614  3   0  0  6614
177  6612  2   0  6612
178  6610  4   0  0  0  6610
179  6612  3   0  0  6612
180  6608  3   0  0  6608
181  6614  2   0  6614
182  6612  3   0  0  6612
183  6612  2   1  6611
184  6612  2   1  6611
185  6610  2   0  6610
186  5420  4   0  0  0  5420
187  6614  7   0  0  0  0  0  0  6614
188  6612  2   0  6612
189  6612  2   0  6612
190  6527  3   0  0  6527
191  6520  2   0  6520
192  6614  2   0  6614
193  6534  2   0  6534
194  0  2   0  0
195  6538  4   0  0  0  6538
196  6584  3   0  0  6584
197  6612  4   0  0  0  6612
198  6612  3   0  0  6612
199  6614  3   0  0  6614
200  5067  3   0  0  5067
201  6539  3   0  0  6539
202  6610  3   0  0  6610
203  6544  2   0  6544
204  6614  2   0  6614
205  6550  2   0  6550
206  4846  3   0  0  4846
207  5746  2   0  5746
208  6610  3   0  0  6610
209  4742  2   0  4742
210  6614  2   465  6149
211  6612  3   0  1  6611
212  5571  3   0  0  5571
213  6560  2   0  6560
214  6612  3   0  0  6612
215  4268  2   9  4259
216  6558  2   0  6558
217  6612  2   0  6612
218  3682  3   0  0  3682
219  6612  3   0  0  6612
220  3570  2   0  3570
221  6560  2   0  6560
222  6612  4   0  0  0  6612
223  6610  2   0  6610
224  6559  3   0  0  6559
225  6612  2   0  6612
226  6613  3   0  3725  2888
227  6559  3   0  0  6559
228  6610  3   0  0  6610
229  6600  2   0  6600
230  6614  4   0  0  0  6614
231  6612  2   0  6612
232  6602  3   0  10  6592
233  4734  2   0  4734
234  6612  2   0  6612
235  6612  2   0  6612
236  4540  2   0  4540
237  3018  2   0  3018
238  6612  2   0  6612
239  6606  3   0  0  6606
240  4370  2   0  4370
241  6567  6   0  3  0  0  0  6564
242  6612  2   0  6612
243  6614  2   0  6614
244  6570  2   3  6567
245  6612  2   0  6612
246  6612  2   0  6612
247  6572  3   0  0  6572
248  2596  3   0  0  2596
249  6610  2   0  6610
250  6612  2   0  6612
251  2522  2   0  2522
252  2338  2   0  2338
253  2258  2   0  2258
254  6614  2   0  6614
255  6580  2   0  6580
256  6612  2   0  6612
257  2219  3   0  0  2219
258  6610  2   0  6610
259  6612  4   0  0  0  6612
260  6612  2   0  6612
261  6584  3   0  0  6584
262  2146  2   20  2126
263  2082  2   0  2082
264  6612  4   0  0  0  6612
265  6612  2   0  6612
266  3178  2   0  3178
267  6612  3   0  3233  3379
268  6614  2   0  6614
269  1994  2   1  1993
270  6528  2   0  6528
271  6606  2   0  6606
272  6612  2   0  6612
273  6609  3   0  0  6609
274  6610  3   0  1  6609
275  6591  4   0  0  0  6591
276  1943  3   0  0  1943
277  6524  2   0  6524
278  6610  2   0  6610
279  6591  4   0  0  0  6591
280  6610  2   0  6610
281  6524  2   0  6524
282  6614  3   0  0  6614
283  1858  2   0  1858
284  6530  2   0  6530
285  6612  2   0  6612
286  6614  3   0  0  6614
287  6608  2   0  6608
288  6604  3   0  0  6604
289  6594  2   0  6594
290  6608  2   0  6608
291  1546  2   0  1546
292  1837  3   0  0  1837
293  6614  3   0  0  6614
294  6614  2   0  6614
295  1807  4   1  0  0  1806
296  6572  2   0  6572
297  6590  2   154  6436
298  6604  2   0  6604
299  6592  3   0  0  6592
300  1776  2   0  1776
301  6578  2   26  6552
302  6592  3   0  0  6592
303  6590  2   1  6589
304  2468  2   38  2430
305  1750  2   32  1718

[pop]=5
1  66640  2   3  66637
2  66686  2   3  66683
3  57202  2   207  56995
4  47132  4   1  0  1  47130
5  66729  3   43  27046  39640
6  66728  3   1  0  66727
7  66686  2   300  66386
8  66448  2   5  66443
9  66676  2   0  66676
10  65485  3   1  1  65483
11  56988  2   2  56986
12  66632  3   13  1  66618
13  65446  2   0  65446
14  66315  3   0  3  66312
15  56942  2   4  56938
16  66136  2   24  66112
17  66718  2   2  66716
18  43994  2   1  43993
19  66721  3   1  2  66718
20  66574  2   1  66573
21  66342  2   0  66342
22  66720  2   4  66716
23  65896  3   0  0  65896
24  65940  2   0  65940
25  66648  2   0  66648
26  66646  3   0  1  66645
27  66314  2   0  66314
28  66682  2   9  66673
29  63674  2   1  63673
30  66028  2   0  66028
31  66455  3   8048  1  58406
32  66084  2   0  66084
33  66489  3   3  0  66486
34  66680  3   38  2  66640
35  2238  2   0  2238
36  60670  3   0  0  60670
37  63745  3   1  2  63742
38  65632  2   2  65630
39  66381  3   0  3  66378
40  60889  4   1  1  0  60887
41  66552  2   0  66552
42  66730  2   1  66729
43  66194  3   14  2  66178
44  66586  2   2  66584
45  63803  3   1  0  63802
46  66708  2   1  66707
47  66733  4   3  0  0  66730
48  63848  3   54  2  63792
49  66404  3   1  4  66399
50  2356  2   1  2355
51  66646  2   14  66632
52  66709  3   0  3  66706
53  66404  2   2  66402
54  66456  2   2  66454
55  66650  4   1  8  1  66640
56  66712  5   0  0  1  1  66710
57  66724  2   0  66724
58  66736  2   0  66736
59  66522  2   1  66521
60  65749  3   0  0  65749
61  66414  2   0  66414
62  66620  3   1  0  66619
63  66656  2   11  66645
64  66712  3   4  1  66707
65  65766  2   0  65766
66  66486  2   4  66482
67  65746  2   0  65746
68  64030  4   2  0  0  64028
69  65810  2   1  65809
70  62306  2   0  62306
71  66640  2   0  66640
72  66738  2   0  66738
73  66720  2   0  66720
74  66622  2   4  66618
75  66656  3   0  1  66655
76  66700  3   0  0  66700
77  66727  4   0  0  0  66727
78  66414  5   1  0  2  1  66410
79  62408  3   26  1  62381
80  66700  2   7  66693
81  66728  2   2  66726
82  66734  4   3  0  0  66731
83  64273  3   1  2  64270
84  66437  3   2  1  66434
85  62524  2   0  62524
86  62588  2   2  62586
87  66702  2   0  66702
88  66729  3   0  1  66728
89  66336  3   0  0  66336
90  66606  2   11  66595
91  66697  5   2  0  0  0  66695
92  66738  2   0  66738
93  66730  2   0  66730
94  62681  3   0  0  62681
95  66738  2   0  66738
96  66612  2   2  66610
97  66706  2   0  66706
98  65656  2   0  65656
99  66674  3   1  2  66671
100  66706  2   2  66704
101  66734  2   2  66732
102  66472  3   0  7  66465
103  64747  4   5  2  1  64739
104  66660  2   2  66658
105  65612  3   1  0  65611
106  62892  2   1  62891
107  66706  3   0  0  66706
108  66536  5   0  0  1  1  66534
109  65627  4   0  0  1  65626
110  62916  2   6  62910
111  66554  2   15  66539
112  66570  2   2  66568
113  66662  2   0  66662
114  65121  3   0  2  65119
115  66652  2   6  66646
116  66740  2   0  66740
117  66666  2   3  66663
118  66728  2   0  66728
119  63083  3   0  2  63081
120  66706  3   1  0  66705
121  66302  2   0  66302
122  66738  2   0  66738
123  65460  2   1  65459
124  66648  2   3  66645
125  66701  4   0  1  1  66699
126  66740  2   2  66738
127  65572  2   2  65570
128  65500  2   2  65498
129  63091  3   2  2  63087
130  65724  2   1  65723
131  65552  2   2  65550
132  576  2   0  576
133  66637  4   0  280  0  66357
134  66736  3   1  3  66732
135  66696  2   0  66696
136  65548  2   1  65547
137  66273  3   0  3  66270
138  63070  4   2  2  1  63065
139  66691  3   2  0  66689
140  66736  3   0  0  66736
141  66718  2   64  66654
142  65546  2   4  65542
143  66682  2   4  66678
144  65914  2   6  65908
145  66690  2   0  66690
146  63087  4   24  2  0  63061
147  66636  3   0  0  66636
148  66738  2   0  66738
149  66686  3   0  0  66686
150  66314  2   1  66313
151  63008  2   2  63006
152  66632  2   1  66631
153  66735  3   0  1  66734
154  66682  2   0  66682
155  66730  3   1  10  66719
156  62952  2   3  62949
157  66732  2   0  66732
158  66718  2   0  66718
159  66280  3   0  1  66279
160  66729  3   1  1  66727
161  62910  2   1  62909
162  66738  2   1  66737
163  66712  2   0  66712
164  66616  2   2  66614
165  62766  3   3  9  62754
166  66710  2   4555  62155
167  65272  2   1  65271
168  66252  2   11  66241
169  66728  2   1  66727
170  66722  2   1  66721
171  66232  3   0  1  66231
172  66256  3   4  0  66252
173  66642  2   0  66642
174  66740  2   3  66737
175  66722  2   1  66721
176  66738  3   2  1  66735
177  66716  2   0  66716
178  66204  4   0  3  0  66201
179  66622  3   0  0  66622
180  66726  3   0  2  66724
181  66498  2   0  66498
182  66714  3   0  0  66714
183  66196  2   35  66161
184  66184  2   28  66156
185  66726  2   2  66724
186  61907  4   1  2  5  61899
187  66691  7   0  0  0  1  0  0  66690
188  66180  2   8  66172
189  66456  2   2  66454
190  66177  3   3  0  66174
191  66166  2   1  66165
192  66734  2   2  66732
193  66124  2   5  66119
194  248  2   0  248
195  66118  4   3  0  0  66115
196  66572  3   0  0  66572
197  66057  4   1  3  8  66045
198  66740  3   1  1  66738
199  66740  3   1  0  66739
200  60444  3   3  2  60439
201  66022  3   1  1  66020
202  66721  3   0  0  66721
203  66016  2   2  66014
204  66740  2   0  66740
205  65984  2   1  65983
206  59454  3   0  0  59454
207  62552  2   0  62552
208  66721  3   1  0  66720
209  58994  2   4  58990
210  66722  2   1178  65544
211  66697  3   1  0  66696
212  61678  3   1  3  61674
213  65790  2   1  65789
214  66712  3   0  16  66696
215  56770  2   352  56418
216  65730  2   0  65730
217  66708  2   17  66691
218  53062  3   0  1  53061
219  66707  3   0  0  66707
220  52206  2   0  52206
221  66430  2   62  66368
222  66703  4   0  0  2  66701
223  66664  2   3  66661
224  66404  3   15  6  66383
225  66698  2   2  66696
226  66702  3   2  39627  27073
227  65690  3   4  3  65683
228  66657  3   0  1  66656
229  66684  2   0  66684
230  66668  4   1  0  0  66667
231  66648  2   17  66631
232  66404  3   1  72  66331
233  56700  2   0  56700
234  66652  2   3  66649
235  66598  2   2  66596
236  55396  2   4  55392
237  47246  2   1  47245
238  66618  2   8  66610
239  66517  3   7  0  66510
240  53842  2   2  53840
241  65328  6   1  0  1  3  0  65323
242  66740  2   0  66740
243  65984  2   86  65898
244  65198  2   278  64920
245  66706  2   0  66706
246  66634  2   5  66629
247  65170  3   9  0  65161
248  42686  3   2  12  42672
249  66740  2   2  66738
250  66740  2   9  66731
251  41752  2   1  41751
252  39990  2   3  39987
253  39244  2   1  39243
254  65796  2   2  65794
255  64474  2   4  64470
256  66740  2   0  66740
257  38230  3   3  3  38224
258  66702  2   0  66702
259  66474  4   1  1  1  66471
260  66736  2   3  66733
261  64377  3   0  0  64377
262  37492  2   6  37486
263  36814  2   1  36813
264  66420  4   2  37  2  66379
265  65672  2   2  65670
266  42850  2   4  42846
267  66722  3   0  34489  32233
268  66694  2   0  66694
269  35470  2   41  35429
270  66216  2   0  66216
271  66728  2   2  66726
272  66376  2   4  66372
273  66726  3   0  1  66725
274  65570  3   0  1  65569
275  63737  4   2  1  0  63734
276  34413  3   1  7  34405
277  66184  2   3  66181
278  65490  2   0  65490
279  63617  4   1  0  1  63615
280  66738  2   1  66737
281  66150  2   5  66145
282  66698  3   0  1  66697
283  33680  2   0  33680
284  66116  2   0  66116
285  66274  2   2  66272
286  66700  3   0  0  66700
287  65420  2   2  65418
288  66559  3   0  2  66557
289  66678  2   3  66675
290  65372  2   1  65371
291  18390  2   2  18388
292  32253  3   3  1  32249
293  66700  3   0  6  66694
294  66624  2   0  66624
295  31176  4   1  3  0  31172
296  66480  2   2  66478
297  62768  2   759  62009
298  66734  2   4  66730
299  62614  3   1  1  62612
300  29704  2   0  29704
301  66544  2   663  65881
302  66656  3   3  1  66652
303  62540  2   12  62528
304  31380  2   38  31342
305  29264  2   348  28916

[pop]=6
1  904  2   0  904
2  908  2   0  908
3  682  2   3  679
4  757  4   0  0  0  757
5  908  3   0  415  493
6  906  3   0  0  906
7  904  2   1  903
8  906  2   0  906
9  904  2   0  904
10  886  3   0  0  886
11  674  2   0  674
12  904  3   0  0  904
13  886  2   0  886
14  896  3   0  0  896
15  676  2   0  676
16  900  2   1  899
17  908  2   0  908
18  710  2   0  710
19  908  3   0  0  908
20  906  2   0  906
21  896  2   0  896
22  908  2   0  908
23  898  3   0  0  898
24  890  2   0  890
25  904  2   0  904
26  903  3   0  0  903
27  902  2   0  902
28  906  2   4  902
29  788  2   0  788
30  886  2   1  885
31  901  3   77  0  824
32  892  2   0  892
33  906  3   0  0  906
34  907  3   0  0  907
35  78  2   0  78
36  709  3   0  0  709
37  788  3   0  0  788
38  888  2   0  888
39  893  3   0  0  893
40  713  4   0  0  0  713
41  906  2   0  906
42  908  2   0  908
43  892  3   0  0  892
44  902  2   0  902
45  789  3   0  0  789
46  908  2   0  908
47  908  4   0  0  0  908
48  790  3   0  0  790
49  894  3   0  3  891
50  84  2   0  84
51  906  2   0  906
52  908  3   0  0  908
53  894  2   0  894
54  896  2   0  896
55  906  4   0  0  0  906
56  908  5   0  0  0  0  908
57  908  2   0  908
58  908  2   0  908
59  896  2   0  896
60  890  3   0  0  890
61  896  2   0  896
62  908  3   0  0  908
63  906  2   0  906
64  908  3   0  0  908
65  890  2   0  890
66  898  2   0  898
67  894  2   0  894
68  794  4   0  0  0  794
69  896  2   0  896
70  742  2   0  742
71  908  2   1  907
72  908  2   0  908
73  908  2   0  908
74  900  2   0  900
75  908  3   0  0  908
76  908  3   0  0  908
77  908  4   0  0  0  908
78  896  5   0  0  0  0  896
79  745  3   0  0  745
80  908  2   0  908
81  908  2   0  908
82  908  4   0  0  0  908
83  802  3   0  0  802
84  895  3   0  0  895
85  748  2   0  748
86  750  2   0  750
87  908  2   0  908
88  908  3   0  0  908
89  906  3   0  0  906
90  906  2   0  906
91  908  5   0  0  0  0  908
92  908  2   0  908
93  908  2   0  908
94  762  3   0  0  762
95  908  2   0  908
96  906  2   0  906
97  908  2   0  908
98  888  2   0  888
99  908  3   0  0  908
100  908  2   0  908
101  908  2   0  908
102  906  3   0  0  906
103  824  4   0  0  0  824
104  902  2   0  902
105  881  3   0  0  881
106  770  2   0  770
107  908  3   0  0  908
108  906  5   0  0  0  0  906
109  892  4   0  0  0  892
110  772  2   0  772
111  906  2   0  906
112  906  2   0  906
113  908  2   0  908
114  847  3   0  0  847
115  908  2   0  908
116  908  2   0  908
117  908  2   0  908
118  906  2   0  906
119  767  3   0  0  767
120  908  3   0  0  908
121  892  2   1  891
122  908  2   0  908
123  890  2   0  890
124  908  2   0  908
125  908  4   0  0  0  908
126  908  2   0  908
127  868  2   0  868
128  892  2   0  892
129  782  3   0  0  782
130  878  2   0  878
131  892  2   0  892
132  38  2   0  38
133  906  4   0  0  0  906
134  908  3   0  0  908
135  906  2   0  906
136  892  2   0  892
137  888  3   0  0  888
138  795  4   2  1  0  792
139  908  3   0  0  908
140  908  3   0  0  908
141  906  2   0  906
142  892  2   0  892
143  908  2   0  908
144  890  2   0  890
145  906  2   0  906
146  793  4   0  0  0  793
147  904  3   0  1  903
148  908  2   0  908
149  906  3   0  0  906
150  888  2   0  888
151  792  2   0  792
152  904  2   0  904
153  908  3   0  0  908
154  906  2   0  906
155  908  3   0  0  908
156  788  2   0  788
157  908  2   0  908
158  906  2   0  906
159  888  3   0  0  888
160  908  3   0  0  908
161  790  2   1  789
162  908  2   0  908
163  906  2   0  906
164  904  2   0  904
165  792  3   0  0  792
166  906  2   40  866
167  888  2   0  888
168  886  2   1  885
169  908  2   0  908
170  908  2   0  908
171  900  3   0  0  900
172  888  3   0  0  888
173  906  2   0  906
174  908  2   0  908
175  908  2   0  908
176  908  3   0  0  908
177  908  2   0  908
178  900  4   0  0  0  900
179  907  3   0  0  907
180  908  3   0  0  908
181  906  2   0  906
182  908  3   0  0  908
183  906  2   0  906
184  904  2   0  904
185  908  2   0  908
186  769  4   0  0  0  769
187  908  7   0  0  0  0  0  0  908
188  902  2   0  902
189  900  2   0  900
190  886  3   0  0  886
191  884  2   0  884
192  908  2   0  908
193  882  2   0  882
194  12  2   0  12
195  882  4   0  0  0  882
196  902  3   0  1  901
197  904  4   0  0  0  904
198  908  3   0  0  908
199  908  3   0  0  908
200  741  3   0  0  741
201  882  3   0  0  882
202  908  3   0  0  908
203  882  2   0  882
204  908  2   0  908
205  882  2   0  882
206  718  3   0  0  718
207  830  2   0  830
208  908  3   0  0  908
209  708  2   0  708
210  908  2   35  873
211  908  3   0  0  908
212  802  3   0  0  802
213  882  2   0  882
214  908  3   0  0  908
215  674  2   6  668
216  884  2   0  884
217  908  2   0  908
218  634  3   0  0  634
219  908  3   0  0  908
220  616  2   0  616
221  902  2   2  900
222  908  4   0  0  0  908
223  904  2   0  904
224  901  3   0  0  901
225  908  2   0  908
226  908  3   0  488  420
227  885  3   1  0  884
228  904  3   0  2  902
229  908  2   0  908
230  904  4   0  0  0  904
231  904  2   0  904
232  900  3   0  0  900
233  716  2   0  716
234  904  2   0  904
235  902  2   0  902
236  692  2   0  692
237  564  2   0  564
238  904  2   0  904
239  898  3   0  0  898
240  670  2   0  670
241  879  6   0  0  0  0  0  879
242  908  2   0  908
243  904  2   1  903
244  872  2   3  869
245  908  2   0  908
246  904  2   0  904
247  870  3   1  0  869
248  504  3   0  0  504
249  906  2   0  906
250  908  2   1  907
251  494  2   1  493
252  466  2   0  466
253  450  2   0  450
254  906  2   0  906
255  850  2   0  850
256  908  2   0  908
257  444  3   0  1  443
258  908  2   0  908
259  902  4   0  0  0  902
260  908  2   0  908
261  846  3   0  0  846
262  436  2   0  436
263  426  2   0  426
264  902  4   0  0  0  902
265  906  2   0  906
266  554  2   0  554
267  908  3   0  457  451
268  906  2   0  906
269  402  2   0  402
270  900  2   0  900
271  906  2   0  906
272  902  2   6  896
273  908  3   0  0  908
274  904  3   1  0  903
275  835  4   0  0  0  835
276  393  3   0  0  393
277  900  2   0  900
278  904  2   0  904
279  829  4   0  0  0  829
280  908  2   0  908
281  900  2   0  900
282  906  3   0  0  906
283  386  2   0  386
284  900  2   0  900
285  902  2   0  902
286  906  3   0  0  906
287  902  2   0  902
288  898  3   0  0  898
289  904  2   0  904
290  900  2   0  900
291  228  2   0  228
292  371  3   0  0  371
293  906  3   0  0  906
294  902  2   0  902
295  357  4   0  0  0  357
296  904  2   0  904
297  788  2   17  771
298  908  2   0  908
299  786  3   0  0  786
300  332  2   0  332
301  904  2   5  899
302  904  3   0  0  904
303  784  2   0  784
304  376  2   0  376
305  328  2   1  327

[pop]=7
1  16500  2   0  16500
2  16500  2   0  16500
3  13136  2   12  13124
4  13461  4   0  0  0  13461
5  16509  3   0  9758  6751
6  16512  3   16  0  16496
7  16498  2   0  16498
8  16448  2   0  16448
9  16486  2   13  16473
10  16417  3   0  0  16417
11  13064  2   0  13064
12  16500  3   2  0  16498
13  16404  2   0  16404
14  16510  3   0  0  16510
15  13072  2   1  13071
16  16362  2   0  16362
17  16508  2   0  16508
18  12846  2   0  12846
19  16510  3   0  0  16510
20  16392  2   0  16392
21  16510  2   1  16509
22  16504  2   0  16504
23  16312  3   0  2  16310
24  15730  2   0  15730
25  16460  2   0  16460
26  16447  3   1  0  16446
27  16440  2   2  16438
28  16456  2   579  15877
29  9006  2   0  9006
30  16372  2   4  16368
31  16454  3   588  0  15866
32  16390  2   0  16390
33  16350  3   2  0  16348
34  16462  3   0  0  16462
35  4536  2   2  4534
36  8553  3   0  0  8553
37  9014  3   0  0  9014
38  16098  2   0  16098
39  16508  3   0  0  16508
40  8623  4   0  0  5  8618
41  16428  2   0  16428
42  16510  2   1  16509
43  16426  3   0  0  16426
44  16484  2   0  16484
45  9028  3   0  0  9028
46  16494  2   0  16494
47  16510  4   2  0  0  16508
48  9036  3   1  0  9035
49  16506  3   0  2  16504
50  5342  2   0  5342
51  16476  2   0  16476
52  16498  3   1  0  16497
53  16504  2   2  16502
54  16464  2   0  16464
55  16479  4   2  1  0  16476
56  16468  5   0  0  0  0  16468
57  16508  2   0  16508
58  16510  2   0  16510
59  16430  2   0  16430
60  16433  3   1  0  16432
61  16500  2   0  16500
62  16497  3   0  0  16497
63  16488  2   0  16488
64  16502  3   2  0  16500
65  16464  2   4  16460
66  16468  2   0  16468
67  16368  2   2  16366
68  9226  4   0  1  0  9225
69  16398  2   0  16398
70  9324  2   0  9324
71  16504  2   0  16504
72  16512  2   2  16510
73  16508  2   0  16508
74  16482  2   0  16482
75  16506  3   0  0  16506
76  16492  3   1  1  16490
77  16512  4   0  1  1  16510
78  16498  5   0  0  1  0  16497
79  9485  3   0  0  9485
80  16492  2   0  16492
81  16512  2   0  16512
82  16512  4   0  1  2  16509
83  9718  3   0  0  9718
84  16496  3   0  0  16496
85  9652  2   0  9652
86  9890  2   0  9890
87  16500  2   0  16500
88  16512  3   1  0  16511
89  16504  3   0  0  16504
90  16488  2   0  16488
91  16499  5   0  0  0  0  16499
92  16512  2   0  16512
93  16512  2   6  16506
94  10160  3   1  0  10159
95  16512  2   0  16512
96  16492  2   0  16492
97  16498  2   0  16498
98  16468  2   2  16466
99  16506  3   0  0  16506
100  16498  2   0  16498
101  16512  2   0  16512
102  16508  3   0  0  16508
103  11224  4   3  0  0  11221
104  16500  2   0  16500
105  16465  3   1  0  16464
106  10906  2   4  10902
107  16498  3   1  0  16497
108  16508  5   0  1  0  0  16507
109  16464  4   0  0  0  16464
110  10970  2   0  10970
111  16508  2   0  16508
112  16508  2   0  16508
113  16504  2   0  16504
114  12385  3   0  1  12384
115  16506  2   0  16506
116  16512  2   0  16512
117  16508  2   0  16508
118  16510  2   10  16500
119  11827  3   1  0  11826
120  16508  3   0  0  16508
121  16458  2   6  16452
122  16512  2   2  16510
123  16458  2   0  16458
124  16504  2   0  16504
125  16504  4   0  0  0  16504
126  16512  2   0  16512
127  13714  2   0  13714
128  16448  2   0  16448
129  12091  3   0  0  12091
130  14266  2   0  14266
131  16448  2   0  16448
132  2542  2   3  2539
133  16506  4   6  20  0  16480
134  16511  3   0  1  16510
135  16500  2   13  16487
136  16444  2   0  16444
137  16447  3   0  0  16447
138  12606  4   0  0  0  12606
139  16501  3   0  0  16501
140  16510  3   0  1  16509
141  16510  2   1  16509
142  16442  2   0  16442
143  16496  2   1  16495
144  14898  2   2  14896
145  16500  2   0  16500
146  13021  4   0  0  0  13021
147  16506  3   0  0  16506
148  16512  2   0  16512
149  16499  3   1  1  16497
150  16444  2   0  16444
151  13106  2   0  13106
152  16508  2   4  16504
153  16511  3   0  4  16507
154  16500  2   0  16500
155  16512  3   0  0  16512
156  13362  2   1  13361
157  16512  2   0  16512
158  16510  2   2  16508
159  16410  3   3  0  16407
160  16512  3   0  0  16512
161  13388  2   0  13388
162  16512  2   0  16512
163  16510  2   0  16510
164  16506  2   0  16506
165  13781  3   0  0  13781
166  16510  2   1080  15430
167  16280  2   0  16280
168  16386  2   1  16385
169  16512  2   2  16510
170  16512  2   0  16512
171  15896  3   0  0  15896
172  16388  3   1  1  16386
173  16444  2   2  16442
174  16512  2   0  16512
175  16512  2   0  16512
176  16512  3   0  0  16512
177  16510  2   1  16509
178  15956  4   3  4  0  15949
179  16429  3   0  0  16429
180  16512  3   0  0  16512
181  16498  2   6  16492
182  16510  3   5  1  16504
183  16286  2   0  16286
184  16294  2   0  16294
185  16512  2   0  16512
186  14057  4   0  0  0  14057
187  16506  7   0  1  1  0  0  0  16504
188  16356  2   0  16356
189  15804  2   0  15804
190  16257  3   3  0  16254
191  16242  2   0  16242
192  16512  2   0  16512
193  16188  2   0  16188
194  1314  2   3  1311
195  16200  4   0  0  0  16200
196  16492  3   0  1  16491
197  16477  4   1  0  1  16475
198  16512  3   0  0  16512
199  16512  3   0  0  16512
200  13826  3   0  0  13826
201  16115  3   0  0  16115
202  16512  3   0  0  16512
203  16114  2   0  16114
204  16512  2   4  16508
205  16080  2   1  16079
206  13598  3   0  0  13598
207  15382  2   0  15382
208  16512  3   0  0  16512
209  13508  2   0  13508
210  16484  2   767  15717
211  16508  3   0  0  16508
212  15146  3   0  0  15146
213  15918  2   0  15918
214  16512  3   0  0  16512
215  13100  2   5  13095
216  15820  2   45  15775
217  16512  2   0  16512
218  12482  3   0  0  12482
219  16508  3   0  0  16508
220  12348  2   2  12346
221  16460  2   10  16450
222  16508  4   0  1  1  16506
223  16508  2   0  16508
224  16443  3   0  0  16443
225  16508  2   0  16508
226  16420  3   0  6653  9767
227  15796  3   0  0  15796
228  16508  3   1  2  16505
229  16510  2   0  16510
230  16475  4   0  1  1  16473
231  16508  2   2  16506
232  16236  3   0  12  16224
233  14132  2   2  14130
234  16508  2   0  16508
235  16488  2   2  16486
236  13946  2   0  13946
237  11670  2   0  11670
238  16494  2   0  16494
239  16317  3   0  1  16316
240  13646  2   0  13646
241  15205  6   0  0  0  0  0  15205
242  16512  2   2  16510
243  16510  2   0  16510
244  15054  2   28  15026
245  16508  2   0  16508
246  16496  2   1  16495
247  14970  3   1  0  14969
248  10898  3   1  4  10893
249  16512  2   0  16512
250  16512  2   0  16512
251  10742  2   0  10742
252  10406  2   0  10406
253  10264  2   6  10258
254  16510  2   0  16510
255  13660  2   4  13656
256  16512  2   0  16512
257  10077  3   2  2  10073
258  16508  2   0  16508
259  16512  4   0  0  0  16512
260  16512  2   1  16511
261  13424  3   9  0  13415
262  9902  2   0  9902
263  9730  2   7  9723
264  16512  4   0  1  0  16511
265  16510  2   1  16509
266  12310  2   0  12310
267  16512  3   0  9803  6709
268  16502  2   0  16502
269  9332  2   5  9327
270  16420  2   0  16420
271  16508  2   1  16507
272  16512  2   10  16502
273  16510  3   0  0  16510
274  16510  3   0  3  16507
275  12101  4   0  0  1  12100
276  9030  3   3  3  9024
277  16396  2   0  16396
278  16510  2   4  16506
279  11873  4   0  1  0  11872
280  16512  2   0  16512
281  16378  2   1  16377
282  16503  3   0  0  16503
283  8652  2   0  8652
284  16356  2   0  16356
285  16512  2   0  16512
286  16504  3   0  0  16504
287  16508  2   0  16508
288  16233  3   1  0  16232
289  16498  2   0  16498
290  16508  2   0  16508
291  5796  2   0  5796
292  8028  3   0  0  8028
293  16506  3   0  1  16505
294  16240  2   0  16240
295  7353  4   0  0  0  7353
296  16494  2   0  16494
297  10278  2   223  10055
298  16512  2   0  16512
299  9974  3   0  0  9974
300  6484  2   0  6484
301  16502  2   0  16502
302  16497  3   0  0  16497
303  9796  2   0  9796
304  9146  2   0  9146
305  6324  2   46  6278

