[loci]=524

[populations]=7

[pop]=1
1  10406  2   0  10406
2  10218  2   0  10218
3  10406  2   0  10406
4  10406  2   0  10406
5  10406  2   0  10406
6  10334  3   1  16  10317
7  10406  2   0  10406
8  10336  2   0  10336
9  10304  3   0  0  10304
10  8728  2   0  8728
11  10365  4   0  0  2  10363
12  9801  4   3  0  0  9798
13  10343  3   0  1  10342
14  10406  3   0  0  10406
15  9802  3   0  0  9802
16  10406  3   0  0  10406
17  9734  2   0  9734
18  10380  3   0  0  10380
19  10358  2   2  10356
20  10370  2   0  10370
21  10406  3   0  0  10406
22  10313  3   0  0  10313
23  9802  3   0  0  9802
24  10406  3   17  0  10389
25  10100  2   0  10100
26  10338  2   0  10338
27  10406  2   0  10406
28  10324  2   0  10324
29  10288  3   3  1  10284
30  9796  2   3244  6552
31  10330  2   9  10321
32  9802  4   0  0  0  9802
33  9728  2   0  9728
34  8432  2   0  8432
35  10352  2   0  10352
36  10333  4   0  0  0  10333
37  8620  4   0  0  1  8619
38  10332  2   0  10332
39  10406  2   0  10406
40  10406  2   0  10406
41  10358  2   0  10358
42  10332  2   1  10331
43  10362  3   0  7  10355
44  9788  2   1  9787
45  9294  2   0  9294
46  10290  2   10  10280
47  10323  3   0  0  10323
48  10402  2   0  10402
49  10292  3   1  0  10291
50  8474  2   0  8474
51  10286  3   0  1  10285
52  10406  2   0  10406
53  10274  2   0  10274
54  10384  3   0  0  10384
55  10406  3   0  0  10406
56  10372  2   0  10372
57  10302  2   0  10302
58  10398  2   43  10355
59  10268  2   17  10251
60  10374  2   4  10370
61  10376  2   0  10376
62  10295  3   0  0  10295
63  10320  2   0  10320
64  10060  2   1  10059
65  10354  2   0  10354
66  9802  2   0  9802
67  9786  2   0  9786
68  10031  3   0  1  10030
69  10402  2   2911  7491
70  10279  3   0  1  10278
71  10349  4   0  1  0  10348
72  9787  3   1  0  9786
73  10392  3   0  0  10392
74  8286  2   11  8275
75  10208  2   625  9583
76  10388  3   1  0  10387
77  10273  4   0  0  1  10272
78  9636  2   0  9636
79  9802  3   0  0  9802
80  10365  3   0  0  10365
81  10138  2   55  10083
82  10294  2   0  10294
83  10263  4   1  0  0  10262
84  10319  4   0  0  3  10316
85  10350  2   0  10350
86  10378  2   0  10378
87  10406  2   0  10406
88  10382  5   0  0  0  0  10382
89  10244  3   0  1  10243
90  10380  3   0  0  10380
91  9756  2   0  9756
92  9864  2   17  9847
93  10388  3   0  0  10388
94  9752  3   0  0  9752
95  10383  3   0  2  10381
96  10388  2   0  10388
97  9546  2   2  9544
98  10386  3   0  0  10386
99  10032  3   0  1  10031
100  10385  3   0  0  10385
101  10398  2   0  10398
102  10402  2   0  10402
103  10390  4   2  0  0  10388
104  10398  2   1  10397
105  1574  2   0  1574
106  9802  2   0  9802
107  1755  4   0  0  1  1754
108  10212  3   0  0  10212
109  9802  2   1  9801
110  10402  4   0  0  6  10396
111  10242  2   0  10242
112  10252  3   0  0  10252
113  10404  2   1  10403
114  10397  3   0  0  10397
115  10270  3   0  0  10270
116  10405  3   1  0  10404
117  9598  2   2  9596
118  10298  2   0  10298
119  10400  3   0  0  10400
120  10404  2   1  10403
121  10406  2   0  10406
122  10400  2   0  10400
123  10400  3   0  0  10400
124  2586  3   1  0  2585
125  10273  3   0  2  10271
126  10406  3   0  0  10406
127  2672  2   0  2672
128  10401  3   0  0  10401
129  10361  3   0  0  10361
130  10400  3   0  0  10400
131  10406  2   0  10406
132  9786  3   2  0  9784
133  4415  3   0  29  4386
134  10258  3   0  0  10258
135  9802  2   0  9802
136  10406  3   0  0  10406
137  9826  2   2  9824
138  10392  2   0  10392
139  10308  2   0  10308
140  10400  3   0  0  10400
141  4582  2   0  4582
142  10406  3   0  458  9948
143  10404  2   2  10402
144  9690  4   0  0  3  9687
145  10406  2   0  10406
146  10404  2   4  10400
147  10355  4   0  0  0  10355
148  10399  3   0  0  10399
149  10406  2   0  10406
150  10134  2   0  10134
151  10393  3   0  0  10393
152  9802  2   0  9802
153  10394  3   0  0  10394
154  9742  2   0  9742
155  10406  3   0  1  10405
156  10400  2   0  10400
157  10394  2   0  10394
158  10368  2   2  10366
159  10406  2   2  10404
160  9802  2   0  9802
161  10406  3   0  1  10405
162  9753  3   514  0  9239
163  10370  2   0  10370
164  6364  2   2  6362
165  10398  2   0  10398
166  10190  2   3  10187
167  10376  2   0  10376
168  6410  4   0  0  3  6407
169  10406  3   1  1  10404
170  10406  2   0  10406
171  10376  3   2  0  10374
172  10402  3   0  3  10399
173  10404  2   1  10403
174  9790  2   1  9789
175  10394  3   0  1  10393
176  6586  3   0  3  6583
177  9766  2   1  9765
178  9792  3   1  0  9791
179  10402  3   3  0  10399
180  10282  2   0  10282
181  6688  2   0  6688
182  10406  3   0  0  10406
183  10406  4   0  0  1  10405
184  9800  2   2  9798
185  9768  4   1  0  0  9767
186  10392  2   0  10392
187  10386  2   0  10386
188  10404  3   0  0  10404
189  10406  2   0  10406
190  10406  2   0  10406
191  9768  2   0  9768
192  10325  3   0  0  10325
193  9798  3   0  0  9798
194  10386  2   2  10384
195  10366  2   0  10366
196  10366  4   0  0  0  10366
197  9768  2   4  9764
198  9788  2   0  9788
199  10406  2   0  10406
200  10406  3   239  0  10167
201  9798  2   0  9798
202  9784  2   0  9784
203  10401  3   0  12  10389
204  10404  3   0  0  10404
205  10406  2   0  10406
206  10384  4   1  9  0  10374
207  10402  3   0  0  10402
208  10406  2   1  10405
209  10269  3   0  0  10269
210  10380  2   0  10380
211  9798  3   0  0  9798
212  10386  2   0  10386
213  10402  2   13  10389
214  9760  3   12  0  9748
215  10406  2   0  10406
216  9798  3   0  2  9796
217  9758  2   0  9758
218  10252  3   0  0  10252
219  9754  3   0  0  9754
220  10390  2   9  10381
221  10374  2   0  10374
222  10386  3   0  0  10386
223  10390  2   0  10390
224  9796  3   0  0  9796
225  10156  2   2  10154
226  9760  2   1  9759
227  9732  2   2  9730
228  6936  2   0  6936
229  10400  2   0  10400
230  10402  2   0  10402
231  10204  2   0  10204
232  10098  2   0  10098
233  10346  2   2720  7626
234  6907  3   0  0  6907
235  10404  3   498  9  9897
236  9692  2   0  9692
237  10404  2   1  10403
238  10404  2   29  10375
239  10402  2   145  10257
240  9746  5   4  0  0  0  9742
241  10354  3   2  1  10351
242  9720  2   1  9719
243  10312  2   0  10312
244  10404  2   6  10398
245  10398  2   0  10398
246  9792  2   9  9783
247  9726  3   0  3  9723
248  10388  2   1  10387
249  10344  2   2801  7543
250  4798  3   0  1  4797
251  10224  2   0  10224
252  10402  2   0  10402
253  9708  3   0  0  9708
254  10402  2   0  10402
255  10404  2   0  10404
256  10406  2   0  10406
257  10270  2   1  10269
258  9752  2   0  9752
259  10371  3   0  0  10371
260  10274  2   0  10274
261  10228  3   0  0  10228
262  10406  3   2  0  10404
263  10392  2   0  10392
264  9973  3   1  1  9971
265  10276  2   0  10276
266  10400  2   0  10400
267  10406  2   0  10406
268  10406  3   28  0  10378
269  10326  2   0  10326
270  10298  2   0  10298
271  10402  2   0  10402
272  9592  2   0  9592
273  10402  2   0  10402
274  10404  2   0  10404
275  10360  2   0  10360
276  10376  3   0  0  10376
277  10400  2   0  10400
278  10344  2   0  10344
279  9792  4   0  0  0  9792
280  10244  2   0  10244
281  10400  2   0  10400
282  10280  2   0  10280
283  9798  2   0  9798
284  10342  2   0  10342
285  10242  2   0  10242
286  9798  2   0  9798
287  10394  3   1  1  10392
288  9798  2   0  9798
289  10350  2   0  10350
290  10384  4   0  1  0  10383
291  4386  2   0  4386
292  10404  2   0  10404
293  10406  2   0  10406
294  10406  2   0  10406
295  10400  2   0  10400
296  10288  2   0  10288
297  10401  3   0  0  10401
298  4360  2   0  4360
299  10394  2   0  10394
300  9800  2   0  9800
301  10396  2   0  10396
302  10398  3   0  0  10398
303  9794  3   0  0  9794
304  10290  2   0  10290
305  10406  2   0  10406
306  10304  2   0  10304
307  10356  2   0  10356
308  9802  3   0  1  9801
309  9798  2   0  9798
310  10402  2   1  10401
311  9792  2   0  9792
312  10352  3   0  0  10352
313  9802  2   1  9801
314  10398  2   0  10398
315  10400  2   0  10400
316  10402  3   0  1  10401
317  10350  2   0  10350
318  10330  2   0  10330
319  10402  3   1  0  10401
320  10341  3   0  1  10340
321  10404  2   2  10402
322  4050  2   0  4050
323  10406  2   0  10406
324  10406  2   0  10406
325  10402  3   17  0  10385
326  10406  3   0  1  10405
327  9911  3   1  0  9910
328  10406  4   182  17  0  10207
329  10371  3   269  0  10102
330  10406  2   0  10406
331  10406  3   0  24  10382
332  10380  4   0  1  0  10379
333  10406  3   0  0  10406
334  10053  3   0  0  10053
335  3810  2   0  3810
336  10402  3   0  0  10402
337  10406  3   0  0  10406
338  10405  3   0  0  10405
339  9802  2   1  9801
340  10406  2   3  10403
341  3756  2   0  3756
342  10404  2   0  10404
343  10278  2   37  10241
344  3722  2   0  3722
345  10404  2   1  10403
346  10230  2   0  10230
347  10402  3   0  0  10402
348  10403  4   0  0  0  10403
349  10220  2   0  10220
350  10404  2   0  10404
351  10404  2   1  10403
352  10404  2   53  10351
353  9744  3   0  0  9744
354  10402  2   0  10402
355  10404  2   0  10404
356  10404  3   0  2  10402
357  9805  4   0  0  1  9804
358  10404  3   0  0  10404
359  9772  2   0  9772
360  10246  2   0  10246
361  9772  3   0  0  9772
362  10402  2   0  10402
363  9770  2   1  9769
364  10406  4   0  25  0  10381
365  9802  2   0  9802
366  10264  2   0  10264
367  10158  2   0  10158
368  9800  2   0  9800
369  10264  2   0  10264
370  9772  2   0  9772
371  10024  2   1  10023
372  10273  4   0  0  0  10273
373  10404  2   0  10404
374  9956  3   1  0  9955
375  9897  3   1  6  9890
376  10404  2   0  10404
377  9798  2   2  9796
378  10402  2   0  10402
379  10398  2   66  10332
380  10406  2   0  10406
381  9834  2   0  9834
382  9796  3   0  0  9796
383  10402  4   0  0  0  10402
384  9800  2   0  9800
385  3578  3   0  0  3578
386  10404  3   0  0  10404
387  10406  2   0  10406
388  9742  2   2  9740
389  10404  2   0  10404
390  9794  2   0  9794
391  10402  3   0  0  10402
392  10396  3   0  2  10394
393  3602  2   0  3602
394  10396  2   1  10395
395  10404  2   7232  3172
396  10406  2   0  10406
397  9792  3   0  0  9792
398  10401  3   0  0  10401
399  10404  2   0  10404
400  10406  3   0  0  10406
401  9786  2   2  9784
402  10402  2   0  10402
403  10405  3   1177  0  9228
404  9788  4   0  0  40  9748
405  10406  5   0  0  189  0  10217
406  3532  4   34  0  0  3498
407  9776  2   0  9776
408  10400  3   0  0  10400
409  10268  2   8  10260
410  3496  2   0  3496
411  10394  4   0  4524  0  5870
412  10368  2   0  10368
413  10406  3   0  56  10350
414  9771  3   0  0  9771
415  10268  2   1  10267
416  9780  2   3  9777
417  10406  3   0  0  10406
418  10398  2   2  10396
419  10406  2   0  10406
420  10256  2   0  10256
421  10401  3   0  0  10401
422  10322  3   0  0  10322
423  10400  4   0  0  1  10399
424  10400  2   0  10400
425  10366  2   0  10366
426  9674  2   58  9616
427  9768  2   0  9768
428  9766  2   0  9766
429  9800  2   0  9800
430  10390  2   0  10390
431  10404  3   0  0  10404
432  10403  4   0  5528  1880  2995
433  10404  2   1  10403
434  10404  3   0  0  10404
435  10406  2   0  10406
436  10405  3   0  0  10405
437  9800  2   0  9800
438  10404  4   0  0  0  10404
439  10404  2   1  10403
440  10404  2   0  10404
441  10388  3   0  0  10388
442  10406  3   0  0  10406
443  10398  2   0  10398
444  10404  3   0  0  10404
445  10385  3   1  0  10384
446  10402  2   0  10402
447  10404  3   0  0  10404
448  9784  3   0  0  9784
449  10406  4   0  0  0  10406
450  10404  2   4815  5589
451  10396  2   0  10396
452  9738  2   0  9738
453  10406  2   1  10405
454  3748  2   0  3748
455  9780  2   6  9774
456  10396  2   0  10396
457  10404  2   0  10404
458  10406  3   0  0  10406
459  10396  2   0  10396
460  10360  2   0  10360
461  9960  2   0  9960
462  3604  2   7  3597
463  10406  2   1  10405
464  10390  2   2  10388
465  9802  3   0  0  9802
466  10404  2   0  10404
467  9778  3   1  2  9775
468  10376  2   0  10376
469  10376  3   0  14  10362
470  10406  2   4  10402
471  10406  2   4  10402
472  10224  2   0  10224
473  9802  2   0  9802
474  10404  3   1  0  10403
475  10231  3   0  4  10227
476  10406  3   1  5  10400
477  10203  3   0  0  10203
478  3372  2   0  3372
479  10060  2   0  10060
480  9778  2   3  9775
481  10352  2   0  10352
482  10364  3   1  0  10363
483  10406  2   0  10406
484  10406  2   2  10404
485  10398  2   0  10398
486  9800  3   0  198  9602
487  10406  2   0  10406
488  9778  2   0  9778
489  9776  3   0  0  9776
490  10354  2   0  10354
491  10374  2   2  10372
492  9188  2   0  9188
493  10312  2   0  10312
494  10406  2   0  10406
495  10344  3   0  163  10181
496  3168  2   0  3168
497  9799  3   0  0  9799
498  9922  2   0  9922
499  9946  2   0  9946
500  10406  3   0  0  10406
501  10363  3   0  0  10363
502  9302  2   2  9300
503  9758  2   0  9758
504  9760  4   0  0  0  9760
505  9794  2   1  9793
506  10406  5   0  1  0  0  10405
507  9757  3   0  0  9757
508  9570  2   1  9569
509  9777  3   0  0  9777
510  10220  2   527  9693
511  10366  2   9  10357
512  10312  2   0  10312
513  10404  2   0  10404
514  10406  4   0  0  0  10406
515  9747  3   0  0  9747
516  9298  2   0  9298
517  2746  2   51  2695
518  10406  2   2609  7797
519  9892  2   0  9892
520  9796  2   0  9796
521  2650  2   0  2650
522  9496  2   0  9496
523  10302  2   0  10302
524  10406  2   6  10400

[pop]=2
1  11578  2   0  11578
2  11542  2   36  11506
3  11578  2   4  11574
4  11578  2   0  11578
5  11576  2   0  11576
6  11551  3   0  1  11550
7  11578  2   0  11578
8  11554  2   0  11554
9  11578  3   0  0  11578
10  10134  2   2  10132
11  11556  4   0  0  0  11556
12  11576  4   0  0  0  11576
13  11556  3   0  0  11556
14  11576  3   0  0  11576
15  11576  3   0  0  11576
16  11578  3   0  0  11578
17  11556  2   1  11555
18  11574  3   0  0  11574
19  11454  2   0  11454
20  11558  2   0  11558
21  11578  3   0  0  11578
22  11543  3   0  0  11543
23  11576  3   0  0  11576
24  11578  3   1  1  11576
25  11360  2   0  11360
26  11564  2   1  11563
27  11576  2   0  11576
28  11538  2   0  11538
29  11578  3   0  0  11578
30  11572  2   6327  5245
31  11562  2   10  11552
32  11576  4   0  0  0  11576
33  11554  2   0  11554
34  8202  2   0  8202
35  11548  2   0  11548
36  11417  4   0  0  0  11417
37  9991  4   0  0  0  9991
38  11410  2   0  11410
39  11578  2   0  11578
40  11578  2   1  11577
41  11556  2   0  11556
42  11404  2   0  11404
43  11558  3   0  1  11557
44  11550  2   1  11549
45  9674  2   0  9674
46  11566  2   1  11565
47  11565  3   0  0  11565
48  11578  2   1  11577
49  11362  3   0  0  11362
50  9822  2   0  9822
51  11357  3   1  0  11356
52  11578  2   0  11578
53  11448  2   0  11448
54  11554  3   1  0  11553
55  11578  3   0  0  11578
56  11558  2   0  11558
57  11564  2   0  11564
58  11578  2   0  11578
59  11384  2   17  11367
60  11558  2   0  11558
61  11556  2   0  11556
62  11563  3   0  0  11563
63  11480  2   0  11480
64  11552  2   0  11552
65  11460  2   0  11460
66  11574  2   0  11574
67  11536  2   0  11536
68  11548  3   0  0  11548
69  11568  2   5011  6557
70  11574  3   0  1  11573
71  11516  4   0  0  1  11515
72  11535  3   0  0  11535
73  11552  3   0  0  11552
74  9370  2   1  9369
75  11270  2   33  11237
76  11552  3   1  0  11551
77  11559  4   0  0  0  11559
78  11130  2   0  11130
79  11574  3   0  0  11574
80  11538  3   0  0  11538
81  11238  2   1  11237
82  11490  2   0  11490
83  11558  4   0  0  1  11557
84  11529  4   0  0  3  11526
85  11532  2   0  11532
86  11552  2   2  11550
87  11578  2   0  11578
88  11548  5   0  0  0  0  11548
89  11556  3   0  0  11556
90  11534  3   0  0  11534
91  11488  2   0  11488
92  11534  2   0  11534
93  11554  3   0  0  11554
94  11468  3   0  0  11468
95  11544  3   0  1  11543
96  11554  2   0  11554
97  11374  2   0  11374
98  11551  3   0  0  11551
99  11432  3   0  0  11432
100  11464  3   0  0  11464
101  11560  2   0  11560
102  11562  2   0  11562
103  11555  4   0  0  0  11555
104  11566  2   0  11566
105  2860  2   0  2860
106  11576  2   0  11576
107  3236  4   0  0  0  3236
108  11478  3   0  0  11478
109  11576  2   0  11576
110  11564  4   0  0  0  11564
111  11444  2   0  11444
112  11542  3   1  0  11541
113  11570  2   0  11570
114  11564  3   0  0  11564
115  11449  3   0  0  11449
116  11570  3   0  0  11570
117  11482  2   16  11466
118  11448  2   0  11448
119  11566  3   0  0  11566
120  11566  2   1  11565
121  11570  2   0  11570
122  11570  2   0  11570
123  11566  3   0  1  11565
124  4602  3   0  0  4602
125  11491  3   0  2  11489
126  11572  3   0  0  11572
127  4722  2   0  4722
128  11574  3   0  0  11574
129  11544  3   0  0  11544
130  11568  3   0  0  11568
131  11572  2   3  11569
132  11547  3   0  0  11547
133  7475  3   0  3  7472
134  11473  3   0  0  11473
135  11576  2   0  11576
136  11572  3   0  1  11571
137  11556  2   0  11556
138  11480  2   0  11480
139  11540  2   0  11540
140  11568  3   2  0  11566
141  7732  2   0  7732
142  11572  3   0  34  11538
143  11576  2   0  11576
144  11519  4   0  0  0  11519
145  11572  2   0  11572
146  11578  2   0  11578
147  11560  4   0  0  0  11560
148  11567  3   0  0  11567
149  11572  2   0  11572
150  11578  2   2  11576
151  11491  3   0  0  11491
152  11576  2   0  11576
153  11494  3   0  0  11494
154  11546  2   1  11545
155  11574  3   5  0  11569
156  11578  2   0  11578
157  11496  2   0  11496
158  11572  2   0  11572
159  11572  2   0  11572
160  11576  2   0  11576
161  11574  3   0  0  11574
162  11550  3   26  0  11524
163  11572  2   5  11567
164  9998  2   0  9998
165  11572  2   0  11572
166  11578  2   0  11578
167  11574  2   1  11573
168  10061  4   0  0  0  10061
169  11575  3   0  0  11575
170  11502  2   0  11502
171  11574  3   1  0  11573
172  11576  3   0  0  11576
173  11570  2   0  11570
174  11552  2   1  11551
175  11492  3   0  0  11492
176  10256  3   0  0  10256
177  11556  2   0  11556
178  11554  3   0  0  11554
179  11576  3   0  0  11576
180  11526  2   0  11526
181  10356  2   0  10356
182  11576  3   0  0  11576
183  11572  4   0  0  0  11572
184  11576  2   0  11576
185  11556  4   0  0  0  11556
186  11484  2   0  11484
187  11574  2   0  11574
188  11576  3   0  0  11576
189  11572  2   0  11572
190  11576  2   0  11576
191  11558  2   0  11558
192  11553  3   0  1  11552
193  11576  3   0  0  11576
194  11574  2   1  11573
195  11534  2   0  11534
196  11570  4   0  0  0  11570
197  11560  2   0  11560
198  11552  2   0  11552
199  11508  2   0  11508
200  11566  3   502  0  11064
201  11576  2   0  11576
202  11550  2   0  11550
203  11574  3   2  32  11540
204  11574  3   0  0  11574
205  11576  2   0  11576
206  11481  4   0  0  4  11477
207  11566  3   0  0  11566
208  11576  2   1  11575
209  11578  3   0  10  11568
210  11482  2   0  11482
211  11576  3   0  0  11576
212  11574  2   0  11574
213  11578  2   1  11577
214  11554  3   1  0  11553
215  11500  2   0  11500
216  11576  3   1  0  11575
217  11556  2   1  11555
218  11558  3   0  0  11558
219  11526  3   0  0  11526
220  11572  2   1  11571
221  11466  2   0  11466
222  11570  3   0  0  11570
223  11572  2   2  11570
224  11575  3   0  0  11575
225  11554  2   0  11554
226  11556  2   0  11556
227  11496  2   0  11496
228  10616  2   0  10616
229  11542  2   0  11542
230  11578  2   0  11578
231  11378  2   0  11378
232  11556  2   1  11555
233  11400  2   5015  6385
234  10583  3   0  0  10583
235  11578  3   25  0  11553
236  11462  2   0  11462
237  11578  2   0  11578
238  11456  2   0  11456
239  11544  2   4  11540
240  11548  5   2  1  1  0  11544
241  11578  3   3  0  11575
242  11544  2   0  11544
243  11470  2   0  11470
244  11458  2   8  11450
245  11576  2   0  11576
246  11572  2   0  11572
247  11544  3   0  0  11544
248  11570  2   0  11570
249  11544  2   591  10953
250  7516  3   0  0  7516
251  11406  2   0  11406
252  11576  2   0  11576
253  11527  3   0  0  11527
254  11578  2   1  11577
255  11540  2   0  11540
256  11578  2   0  11578
257  11448  2   0  11448
258  11554  2   3  11551
259  11526  3   0  0  11526
260  11448  2   0  11448
261  11522  3   0  0  11522
262  11576  3   0  0  11576
263  11540  2   2  11538
264  11452  3   0  0  11452
265  11524  2   0  11524
266  11578  2   3  11575
267  11544  2   0  11544
268  11578  3   0  0  11578
269  11500  2   0  11500
270  11530  2   0  11530
271  11544  2   0  11544
272  11430  2   0  11430
273  11544  2   2  11542
274  11442  2   0  11442
275  11544  2   0  11544
276  11550  3   0  0  11550
277  11436  2   0  11436
278  11514  2   0  11514
279  11572  4   1  4  0  11567
280  11530  2   0  11530
281  11578  2   0  11578
282  11548  2   0  11548
283  11566  2   2  11564
284  11514  2   0  11514
285  11534  2   0  11534
286  11566  2   0  11566
287  11569  3   0  0  11569
288  11566  2   8  11558
289  11518  2   9  11509
290  11570  4   0  0  1  11569
291  6332  2   0  6332
292  11536  2   0  11536
293  11576  2   0  11576
294  11536  2   1  11535
295  11456  2   0  11456
296  11542  2   3  11539
297  11578  3   0  0  11578
298  6180  2   3  6177
299  11570  2   0  11570
300  11568  2   0  11568
301  11578  2   0  11578
302  11572  3   0  0  11572
303  11565  3   0  0  11565
304  11542  2   0  11542
305  11576  2   0  11576
306  11544  2   1  11543
307  11506  2   0  11506
308  11575  3   0  0  11575
309  11574  2   9  11565
310  11572  2   1  11571
311  11562  2   1  11561
312  11505  3   0  0  11505
313  11576  2   2  11574
314  11578  2   0  11578
315  11574  2   2  11572
316  11572  3   0  0  11572
317  11506  2   0  11506
318  11550  2   0  11550
319  11578  3   0  0  11578
320  11561  3   0  0  11561
321  11578  2   0  11578
322  5430  2   1  5429
323  11574  2   0  11574
324  11536  2   0  11536
325  11573  3   0  0  11573
326  11532  3   0  0  11532
327  11453  3   0  0  11453
328  11534  4   14  2  0  11518
329  11563  3   16  0  11547
330  11574  2   0  11574
331  11532  3   1  4  11527
332  11565  4   0  0  0  11565
333  11578  3   0  1  11577
334  11465  3   0  0  11465
335  4826  2   0  4826
336  11558  3   0  0  11558
337  11574  3   0  1  11573
338  11574  3   1  0  11573
339  11576  2   0  11576
340  11532  2   0  11532
341  4744  2   0  4744
342  11572  2   0  11572
343  11410  2   0  11410
344  4460  2   0  4460
345  11554  2   0  11554
346  11382  2   0  11382
347  11467  3   1  0  11466
348  11574  4   2  0  2  11570
349  11362  2   0  11362
350  11574  2   2  11572
351  11468  2   0  11468
352  11574  2   2  11572
353  11538  3   0  0  11538
354  11576  2   0  11576
355  11576  2   0  11576
356  11574  3   0  0  11574
357  11576  4   0  0  0  11576
358  11578  3   0  0  11578
359  11554  2   0  11554
360  11536  2   0  11536
361  11554  3   0  0  11554
362  11464  2   0  11464
363  11554  2   0  11554
364  11578  4   0  12  3  11563
365  11576  2   0  11576
366  11538  2   11  11527
367  11242  2   1  11241
368  11576  2   0  11576
369  11532  2   2  11530
370  11554  2   0  11554
371  11132  2   4  11128
372  11528  4   1  4  0  11523
373  11574  2   0  11574
374  11045  3   1  0  11044
375  10959  3   0  0  10959
376  11578  2   0  11578
377  11574  2   0  11574
378  11578  2   0  11578
379  11444  2   3  11441
380  11574  2   0  11574
381  10884  2   0  10884
382  11572  3   0  0  11572
383  11577  4   1  1  0  11575
384  11576  2   0  11576
385  4070  3   0  0  4070
386  11526  3   0  1  11525
387  11574  2   0  11574
388  10772  2   1  10771
389  11578  2   0  11578
390  11572  2   0  11572
391  11578  3   0  0  11578
392  11567  3   0  0  11567
393  4060  2   0  4060
394  11568  2   1  11567
395  11574  2   3771  7803
396  11574  2   1  11573
397  11568  3   0  0  11568
398  11577  3   0  0  11577
399  11574  2   0  11574
400  11574  3   0  0  11574
401  11568  2   1  11567
402  11574  2   0  11574
403  11532  3   3612  0  7920
404  11568  4   0  0  2  11566
405  11528  5   1  0  5  0  11522
406  3664  4   2  0  0  3662
407  11558  2   0  11558
408  11574  3   0  0  11574
409  11494  2   0  11494
410  3642  2   0  3642
411  11573  4   0  7072  0  4501
412  11466  2   0  11466
413  11578  3   0  1  11577
414  11552  3   0  0  11552
415  11488  2   1  11487
416  11566  2   1  11565
417  11517  3   0  0  11517
418  11574  2   0  11574
419  11578  2   2  11576
420  11454  2   1  11453
421  11578  3   0  1  11577
422  11431  3   0  2  11429
423  11574  4   0  0  0  11574
424  11578  2   0  11578
425  11486  2   0  11486
426  11552  2   7  11545
427  11540  2   0  11540
428  11538  2   0  11538
429  11576  2   0  11576
430  11542  2   0  11542
431  11578  3   0  2  11576
432  11570  4   0  5196  281  6093
433  11562  2   0  11562
434  11578  3   0  0  11578
435  11576  2   12  11564
436  11577  3   0  5  11572
437  11576  2   0  11576
438  11569  4   0  0  0  11569
439  11512  2   0  11512
440  11512  2   4  11508
441  11453  3   0  0  11453
442  11576  3   0  0  11576
443  11576  2   0  11576
444  11574  3   3  0  11571
445  11525  3   1  0  11524
446  11506  2   0  11506
447  11574  3   1  0  11573
448  11568  3   0  0  11568
449  11576  4   0  0  0  11576
450  11574  2   3544  8030
451  11574  2   1  11573
452  10970  2   0  10970
453  11576  2   0  11576
454  2884  2   0  2884
455  11568  2   0  11568
456  11576  2   0  11576
457  11578  2   1  11577
458  11576  3   0  0  11576
459  11576  2   0  11576
460  11452  2   0  11452
461  11142  2   0  11142
462  2494  2   0  2494
463  11576  2   1  11575
464  11574  2   0  11574
465  11574  3   0  0  11574
466  11578  2   0  11578
467  11570  3   0  1  11569
468  11576  2   0  11576
469  11470  3   0  0  11470
470  11576  2   2  11574
471  11576  2   0  11576
472  11394  2   0  11394
473  11572  2   2  11570
474  11578  3   0  1  11577
475  11288  3   0  0  11288
476  11576  3   0  6  11570
477  11358  3   0  0  11358
478  1958  2   1  1957
479  11106  2   0  11106
480  11570  2   0  11570
481  11576  2   2  11574
482  11469  3   0  1  11468
483  11576  2   0  11576
484  11578  2   0  11578
485  11494  2   0  11494
486  11571  3   0  12  11559
487  11578  2   0  11578
488  11570  2   0  11570
489  11570  3   0  0  11570
490  11464  2   0  11464
491  11574  2   0  11574
492  11534  2   0  11534
493  11574  2   0  11574
494  11578  2   0  11578
495  11453  3   0  10  11443
496  1510  2   0  1510
497  11568  3   0  0  11568
498  10762  2   1  10761
499  11148  2   0  11148
500  11578  3   0  0  11578
501  11574  3   0  0  11574
502  11544  2   1  11543
503  11016  2   0  11016
504  11561  4   0  4  0  11557
505  11568  2   0  11568
506  11578  5   0  1  0  0  11577
507  11560  3   0  0  11560
508  10894  2   0  10894
509  11568  3   0  0  11568
510  11298  2   19  11279
511  11536  2   1  11535
512  11562  2   0  11562
513  11566  2   0  11566
514  11578  4   0  0  0  11578
515  11570  3   0  0  11570
516  10654  2   3  10651
517  776  2   1  775
518  11578  2   5081  6497
519  11518  2   0  11518
520  11054  2   0  11054
521  706  2   0  706
522  10830  2   0  10830
523  11292  2   1  11291
524  11578  2   111  11467

[pop]=3
1  8654  2   0  8654
2  8614  2   0  8614
3  8654  2   0  8654
4  8654  2   1  8653
5  8654  2   0  8654
6  8632  3   1  0  8631
7  8654  2   0  8654
8  8632  2   0  8632
9  8654  3   0  0  8654
10  8192  2   0  8192
11  8640  4   0  0  0  8640
12  8626  4   0  1  0  8625
13  8622  3   0  1  8621
14  8654  3   0  0  8654
15  8626  3   9  0  8617
16  8654  3   0  0  8654
17  8594  2   0  8594
18  8654  3   0  0  8654
19  8628  2   0  8628
20  8642  2   0  8642
21  8654  3   0  0  8654
22  8626  3   0  1  8625
23  8626  3   0  0  8626
24  8654  3   0  0  8654
25  8494  2   0  8494
26  8620  2   0  8620
27  8654  2   0  8654
28  8646  2   4  8642
29  8654  3   0  0  8654
30  8620  2   5464  3156
31  8622  2   0  8622
32  8626  4   0  0  0  8626
33  8598  2   0  8598
34  6912  2   0  6912
35  8648  2   0  8648
36  8617  4   0  0  1  8616
37  8161  4   0  0  0  8161
38  8610  2   0  8610
39  8654  2   0  8654
40  8654  2   0  8654
41  8650  2   8  8642
42  8614  2   0  8614
43  8650  3   0  0  8650
44  8622  2   0  8622
45  7716  2   0  7716
46  8646  2   0  8646
47  8624  3   0  0  8624
48  8654  2   0  8654
49  8602  3   0  0  8602
50  8070  2   0  8070
51  8598  3   67  0  8531
52  8654  2   0  8654
53  8552  2   0  8552
54  8644  3   0  0  8644
55  8654  3   0  0  8654
56  8654  2   0  8654
57  8616  2   0  8616
58  8652  2   0  8652
59  8580  2   1  8579
60  8654  2   0  8654
61  8654  2   0  8654
62  8610  3   0  0  8610
63  8618  2   0  8618
64  8638  2   0  8638
65  8624  2   0  8624
66  8626  2   0  8626
67  8618  2   0  8618
68  8634  3   0  0  8634
69  8634  2   5079  3555
70  8650  3   1  0  8649
71  8632  4   0  0  0  8632
72  8620  3   0  0  8620
73  8650  3   0  1  8649
74  7820  2   0  7820
75  8550  2   5  8545
76  8650  3   0  0  8650
77  8605  4   0  8  0  8597
78  7890  2   0  7890
79  8626  3   0  0  8626
80  8639  3   1  1  8637
81  8534  2   0  8534
82  8590  2   0  8590
83  8601  4   0  0  0  8601
84  8645  4   1  0  0  8644
85  8626  2   0  8626
86  8644  2   0  8644
87  8652  2   0  8652
88  8644  5   0  1  0  1  8642
89  8598  3   0  0  8598
90  8628  3   0  1  8627
91  8604  2   0  8604
92  8604  2   0  8604
93  8644  3   0  0  8644
94  8592  3   0  0  8592
95  8640  3   0  0  8640
96  8644  2   0  8644
97  8396  2   0  8396
98  8644  3   0  0  8644
99  8614  3   0  0  8614
100  8625  3   0  0  8625
101  8652  2   0  8652
102  8652  2   0  8652
103  8646  4   0  0  0  8646
104  8652  2   0  8652
105  1614  2   0  1614
106  8626  2   0  8626
107  1808  4   0  0  0  1808
108  8626  3   0  0  8626
109  8626  2   0  8626
110  8652  4   0  0  0  8652
111  8624  2   0  8624
112  8588  3   0  1  8587
113  8654  2   0  8654
114  8648  3   0  0  8648
115  8625  3   5  0  8620
116  8654  3   0  0  8654
117  8582  2   0  8582
118  8628  2   0  8628
119  8652  3   0  0  8652
120  8652  2   0  8652
121  8654  2   7  8647
122  8648  2   0  8648
123  8654  3   0  0  8654
124  2691  3   0  0  2691
125  8634  3   0  0  8634
126  8654  3   0  0  8654
127  2752  2   0  2752
128  8652  3   0  1  8651
129  8648  3   0  0  8648
130  8654  3   0  0  8654
131  8654  2   0  8654
132  8614  3   0  0  8614
133  4771  3   0  0  4771
134  8630  3   1  0  8629
135  8626  2   0  8626
136  8654  3   0  1  8653
137  8628  2   0  8628
138  8638  2   0  8638
139  8590  2   4  8586
140  8654  3   0  0  8654
141  4982  2   0  4982
142  8654  3   1  1  8652
143  8650  2   1  8649
144  8615  4   0  0  11  8604
145  8654  2   0  8654
146  8650  2   0  8650
147  8618  4   0  0  0  8618
148  8652  3   0  1  8651
149  8654  2   0  8654
150  8650  2   0  8650
151  8641  3   0  0  8641
152  8626  2   0  8626
153  8636  3   0  0  8636
154  8618  2   0  8618
155  8654  3   0  0  8654
156  8650  2   4  8646
157  8640  2   0  8640
158  8622  2   1  8621
159  8654  2   0  8654
160  8626  2   3  8623
161  8654  3   0  0  8654
162  8618  3   0  1  8617
163  8622  2   0  8622
164  6842  2   0  6842
165  8648  2   0  8648
166  8652  2   0  8652
167  8624  2   0  8624
168  6916  4   0  0  0  6916
169  8654  3   0  1  8653
170  8644  2   0  8644
171  8622  3   0  0  8622
172  8650  3   1  0  8649
173  8652  2   0  8652
174  8622  2   0  8622
175  8638  3   0  0  8638
176  7135  3   3  0  7132
177  8622  2   0  8622
178  8622  3   0  2  8620
179  8650  3   0  0  8650
180  8584  2   0  8584
181  7278  2   0  7278
182  8654  3   1  2  8651
183  8654  4   0  0  0  8654
184  8626  2   0  8626
185  8624  4   0  1  0  8623
186  8644  2   2  8642
187  8644  2   0  8644
188  8652  3   0  0  8652
189  8654  2   0  8654
190  8654  2   0  8654
191  8624  2   2  8622
192  8604  3   0  0  8604
193  8626  3   0  0  8626
194  8642  2   0  8642
195  8650  2   0  8650
196  8638  4   0  0  0  8638
197  8624  2   0  8624
198  8622  2   0  8622
199  8650  2   7  8643
200  8654  3   5  0  8649
201  8626  2   0  8626
202  8616  2   1  8615
203  8650  3   0  0  8650
204  8654  3   0  0  8654
205  8654  2   0  8654
206  8640  4   0  0  0  8640
207  8654  3   1  0  8653
208  8654  2   0  8654
209  8654  3   0  0  8654
210  8638  2   0  8638
211  8626  3   0  0  8626
212  8642  2   0  8642
213  8654  2   0  8654
214  8624  3   0  0  8624
215  8644  2   0  8644
216  8626  3   0  0  8626
217  8624  2   0  8624
218  8620  3   0  0  8620
219  8606  3   0  0  8606
220  8650  2   0  8650
221  8632  2   0  8632
222  8642  3   1  0  8641
223  8650  2   0  8650
224  8626  3   0  0  8626
225  8602  2   0  8602
226  8624  2   0  8624
227  8588  2   0  8588
228  7580  2   0  7580
229  8652  2   0  8652
230  8652  2   0  8652
231  8550  2   0  8550
232  8598  2   0  8598
233  8590  2   4067  4523
234  7533  3   0  0  7533
235  8654  3   0  2  8652
236  8578  2   0  8578
237  8654  2   0  8654
238  8638  2   0  8638
239  8654  2   0  8654
240  8622  5   0  0  0  18  8604
241  8654  3   0  0  8654
242  8608  2   0  8608
243  8538  2   5  8533
244  8638  2   0  8638
245  8650  2   0  8650
246  8624  2   0  8624
247  8612  3   0  0  8612
248  8644  2   0  8644
249  8638  2   244  8394
250  4942  3   0  0  4942
251  8572  2   6  8566
252  8654  2   0  8654
253  8619  3   0  0  8619
254  8654  2   0  8654
255  8654  2   0  8654
256  8654  2   0  8654
257  8580  2   0  8580
258  8616  2   0  8616
259  8599  3   0  3  8596
260  8582  2   2  8580
261  8580  3   0  0  8580
262  8654  3   0  0  8654
263  8634  2   0  8634
264  8589  3   0  0  8589
265  8604  2   0  8604
266  8654  2   0  8654
267  8654  2   0  8654
268  8654  3   0  0  8654
269  8630  2   0  8630
270  8604  2   0  8604
271  8648  2   0  8648
272  8572  2   0  8572
273  8654  2   0  8654
274  8622  2   0  8622
275  8620  2   0  8620
276  8642  3   0  2  8640
277  8622  2   7  8615
278  8636  2   0  8636
279  8623  4   0  5  0  8618
280  8620  2   4  8616
281  8654  2   0  8654
282  8640  2   0  8640
283  8626  2   1  8625
284  8636  2   23  8613
285  8622  2   0  8622
286  8626  2   14  8612
287  8650  3   0  0  8650
288  8626  2   0  8626
289  8632  2   0  8632
290  8641  4   0  0  0  8641
291  4454  2   0  4454
292  8652  2   0  8652
293  8654  2   0  8654
294  8650  2   0  8650
295  8524  2   0  8524
296  8632  2   0  8632
297  8654  3   0  0  8654
298  4338  2   0  4338
299  8650  2   1  8649
300  8622  2   0  8622
301  8654  2   4  8650
302  8652  3   0  0  8652
303  8625  3   0  1  8624
304  8632  2   1  8631
305  8654  2   3  8651
306  8632  2   0  8632
307  8630  2   0  8630
308  8626  3   0  0  8626
309  8626  2   0  8626
310  8652  2   0  8652
311  8626  2   14  8612
312  8630  3   0  0  8630
313  8624  2   0  8624
314  8654  2   0  8654
315  8654  2   0  8654
316  8652  3   0  1  8651
317  8634  2   0  8634
318  8636  2   0  8636
319  8652  3   0  0  8652
320  8640  3   0  0  8640
321  8652  2   1  8651
322  3890  2   0  3890
323  8654  2   0  8654
324  8648  2   0  8648
325  8654  3   0  0  8654
326  8645  3   0  0  8645
327  8470  3   0  2  8468
328  8643  4   0  11  0  8632
329  8644  3   0  0  8644
330  8652  2   0  8652
331  8644  3   0  0  8644
332  8643  4   1  0  0  8642
333  8654  3   6  0  8648
334  8511  3   0  1  8510
335  3438  2   0  3438
336  8654  3   0  1  8653
337  8652  3   0  0  8652
338  8654  3   0  4  8650
339  8626  2   0  8626
340  8646  2   18  8628
341  3402  2   0  3402
342  8654  2   1  8653
343  8610  2   0  8610
344  3272  2   4  3268
345  8654  2   0  8654
346  8598  2   3  8595
347  8544  3   0  0  8544
348  8653  4   0  0  0  8653
349  8600  2   3  8597
350  8652  2   0  8652
351  8544  2   0  8544
352  8652  2   0  8652
353  8617  3   0  0  8617
354  8654  2   0  8654
355  8654  2   9  8645
356  8654  3   0  0  8654
357  8622  4   1  0  0  8621
358  8654  3   0  0  8654
359  8622  2   0  8622
360  8596  2   0  8596
361  8622  3   0  0  8622
362  8540  2   0  8540
363  8622  2   0  8622
364  8651  4   0  260  0  8391
365  8610  2   0  8610
366  8606  2   0  8606
367  8566  2   0  8566
368  8610  2   0  8610
369  8614  2   0  8614
370  8622  2   0  8622
371  8506  2   0  8506
372  8620  4   0  0  0  8620
373  8654  2   0  8654
374  8471  3   0  2  8469
375  8427  3   0  1  8426
376  8654  2   0  8654
377  8606  2   0  8606
378  8654  2   0  8654
379  8522  2   0  8522
380  8654  2   0  8654
381  8384  2   0  8384
382  8606  3   0  0  8606
383  8654  4   0  0  2  8652
384  8626  2   0  8626
385  2994  3   0  0  2994
386  8654  3   0  0  8654
387  8654  2   0  8654
388  8314  2   0  8314
389  8654  2   0  8654
390  8602  2   0  8602
391  8654  3   0  0  8654
392  8650  3   0  0  8650
393  2980  2   6  2974
394  8650  2   0  8650
395  8648  2   3032  5616
396  8652  2   0  8652
397  8600  3   0  0  8600
398  8654  3   0  0  8654
399  8652  2   0  8652
400  8654  3   2  0  8652
401  8600  2   0  8600
402  8654  2   1  8653
403  8640  3   4034  0  4606
404  8599  4   0  0  0  8599
405  8645  5   0  0  0  0  8645
406  2829  4   0  0  0  2829
407  8618  2   2  8616
408  8654  3   0  0  8654
409  8620  2   0  8620
410  2802  2   0  2802
411  8645  4   0  5407  0  3238
412  8584  2   0  8584
413  8654  3   0  0  8654
414  8618  3   0  0  8618
415  8618  2   0  8618
416  8588  2   8  8580
417  8645  3   0  0  8645
418  8654  2   0  8654
419  8654  2   0  8654
420  8608  2   0  8608
421  8652  3   1  0  8651
422  8626  3   3  0  8623
423  8654  4   0  0  0  8654
424  8652  2   0  8652
425  8646  2   0  8646
426  8598  2   0  8598
427  8622  2   0  8622
428  8614  2   0  8614
429  8626  2   0  8626
430  8652  2   0  8652
431  8654  3   0  0  8654
432  8635  4   0  4887  3  3745
433  8650  2   1  8649
434  8654  3   0  0  8654
435  8654  2   0  8654
436  8654  3   0  0  8654
437  8626  2   5  8621
438  8652  4   1  0  0  8651
439  8642  2   0  8642
440  8642  2   0  8642
441  8582  3   0  0  8582
442  8654  3   0  0  8654
443  8652  2   1  8651
444  8654  3   0  0  8654
445  8654  3   9  0  8645
446  8636  2   0  8636
447  8654  3   0  0  8654
448  8612  3   0  0  8612
449  8654  4   1  1  0  8652
450  8646  2   2692  5954
451  8650  2   0  8650
452  8386  2   0  8386
453  8654  2   0  8654
454  2570  2   0  2570
455  8614  2   0  8614
456  8650  2   1  8649
457  8654  2   0  8654
458  8654  3   0  0  8654
459  8650  2   0  8650
460  8644  2   0  8644
461  8464  2   0  8464
462  2358  2   0  2358
463  8654  2   0  8654
464  8650  2   0  8650
465  8626  3   0  0  8626
466  8654  2   0  8654
467  8618  3   0  0  8618
468  8642  2   0  8642
469  8622  3   0  0  8622
470  8654  2   0  8654
471  8654  2   10  8644
472  8580  2   0  8580
473  8626  2   0  8626
474  8654  3   0  0  8654
475  8568  3   0  1  8567
476  8654  3   0  0  8654
477  8569  3   0  1  8568
478  2000  2   0  2000
479  8418  2   0  8418
480  8616  2   1  8615
481  8636  2   0  8636
482  8622  3   0  0  8622
483  8654  2   0  8654
484  8654  2   0  8654
485  8652  2   0  8652
486  8626  3   1  0  8625
487  8654  2   0  8654
488  8616  2   0  8616
489  8616  3   0  0  8616
490  8614  2   0  8614
491  8652  2   0  8652
492  8606  2   0  8606
493  8642  2   2  8640
494  8654  2   0  8654
495  8610  3   0  0  8610
496  1682  2   0  1682
497  8626  3   0  0  8626
498  8308  2   0  8308
499  8458  2   0  8458
500  8654  3   0  0  8654
501  8652  3   0  0  8652
502  8616  2   0  8616
503  8408  2   0  8408
504  8610  4   1  1  0  8608
505  8626  2   0  8626
506  8654  5   0  0  0  0  8654
507  8610  3   0  6  8604
508  8348  2   0  8348
509  8626  3   0  0  8626
510  8562  2   0  8562
511  8618  2   0  8618
512  8646  2   0  8646
513  8654  2   0  8654
514  8654  4   0  1  0  8653
515  8616  3   1  1  8614
516  8184  2   0  8184
517  1194  2   0  1194
518  8648  2   1061  7587
519  8602  2   0  8602
520  8400  2   3  8397
521  1148  2   2  1146
522  8252  2   0  8252
523  8448  2   0  8448
524  8654  2   76  8578

[pop]=4
1  6614  2   0  6614
2  6602  2   0  6602
3  6614  2   0  6614
4  6614  2   0  6614
5  6614  2   0  6614
6  6608  3   0  0  6608
7  6614  2   0  6614
8  6608  2   0  6608
9  6614  3   0  0  6614
10  6270  2   0  6270
11  6612  4   0  1  0  6611
12  6614  4   2  0  0  6612
13  6608  3   0  0  6608
14  6614  3   0  0  6614
15  6614  3   0  0  6614
16  6614  3   0  0  6614
17  6614  2   0  6614
18  6614  3   0  0  6614
19  6602  2   0  6602
20  6612  2   0  6612
21  6614  3   0  0  6614
22  6601  3   0  0  6601
23  6614  3   0  0  6614
24  6614  3   1  0  6613
25  6564  2   0  6564
26  6610  2   0  6610
27  6614  2   0  6614
28  6586  2   0  6586
29  6614  3   0  0  6614
30  6614  2   4495  2119
31  6610  2   0  6610
32  6614  4   0  0  0  6614
33  6614  2   0  6614
34  5444  2   7  5437
35  6594  2   0  6594
36  6600  4   0  0  0  6600
37  6222  4   0  0  0  6222
38  6596  2   0  6596
39  6614  2   0  6614
40  6614  2   0  6614
41  6600  2   0  6600
42  6598  2   0  6598
43  6600  3   0  0  6600
44  6610  2   0  6610
45  5986  2   0  5986
46  6612  2   0  6612
47  6610  3   0  1  6609
48  6614  2   0  6614
49  6586  3   0  0  6586
50  6158  2   0  6158
51  6585  3   0  0  6585
52  6614  2   0  6614
53  6590  2   0  6590
54  6610  3   0  0  6610
55  6613  3   0  0  6613
56  6600  2   0  6600
57  6610  2   0  6610
58  6614  2   0  6614
59  6526  2   64  6462
60  6600  2   0  6600
61  6598  2   0  6598
62  6610  3   0  0  6610
63  6560  2   0  6560
64  6610  2   0  6610
65  6610  2   0  6610
66  6614  2   0  6614
67  6602  2   0  6602
68  6608  3   0  0  6608
69  6610  2   1143  5467
70  6614  3   0  0  6614
71  6580  4   0  0  0  6580
72  6600  3   0  0  6600
73  6612  3   0  0  6612
74  5944  2   0  5944
75  6572  2   0  6572
76  6612  3   0  0  6612
77  6610  4   0  60  0  6550
78  6386  2   0  6386
79  6614  3   0  0  6614
80  6594  3   0  0  6594
81  6570  2   0  6570
82  6598  2   0  6598
83  6610  4   0  0  0  6610
84  6563  4   0  0  0  6563
85  6612  2   1  6611
86  6598  2   0  6598
87  6614  2   0  6614
88  6612  5   0  0  0  0  6612
89  6610  3   0  0  6610
90  6606  3   0  0  6606
91  6574  2   0  6574
92  6602  2   0  6602
93  6598  3   0  0  6598
94  6564  3   0  0  6564
95  6612  3   0  0  6612
96  6598  2   0  6598
97  6590  2   0  6590
98  6614  3   0  0  6614
99  6606  3   0  0  6606
100  6607  3   0  18  6589
101  6610  2   0  6610
102  6612  2   0  6612
103  6614  4   0  0  0  6614
104  6614  2   11  6603
105  880  2   0  880
106  6614  2   0  6614
107  1031  4   0  0  0  1031
108  6606  3   0  0  6606
109  6614  2   0  6614
110  6612  4   0  0  0  6612
111  6608  2   0  6608
112  6603  3   0  0  6603
113  6614  2   0  6614
114  6614  3   0  0  6614
115  6606  3   0  0  6606
116  6614  3   0  0  6614
117  6614  2   0  6614
118  6606  2   0  6606
119  6614  3   0  0  6614
120  6612  2   0  6612
121  6614  2   0  6614
122  6612  2   0  6612
123  6614  3   0  0  6614
124  1661  3   0  0  1661
125  6608  3   1  0  6607
126  6614  3   0  0  6614
127  1708  2   0  1708
128  6614  3   0  0  6614
129  6614  3   0  0  6614
130  6614  3   0  0  6614
131  6612  2   0  6612
132  6610  3   0  0  6610
133  2741  3   0  0  2741
134  6606  3   0  0  6606
135  6614  2   0  6614
136  6611  3   0  0  6611
137  6614  2   0  6614
138  6608  2   0  6608
139  6612  2   0  6612
140  6614  3   0  0  6614
141  2840  2   0  2840
142  6614  3   0  0  6614
143  6614  2   0  6614
144  6614  4   0  0  0  6614
145  6610  2   0  6610
146  6614  2   0  6614
147  6614  4   0  0  0  6614
148  6614  3   0  0  6614
149  6614  2   0  6614
150  6614  2   0  6614
151  6608  3   0  0  6608
152  6614  2   0  6614
153  6608  3   0  0  6608
154  6612  2   0  6612
155  6614  3   0  0  6614
156  6614  2   0  6614
157  6608  2   0  6608
158  6614  2   0  6614
159  6612  2   0  6612
160  6614  2   0  6614
161  6614  3   0  0  6614
162  6614  3   0  0  6614
163  6614  2   0  6614
164  4092  2   0  4092
165  6614  2   0  6614
166  6614  2   0  6614
167  6614  2   0  6614
168  4143  4   0  0  0  4143
169  6614  3   0  0  6614
170  6614  2   0  6614
171  6614  3   0  0  6614
172  6614  3   0  0  6614
173  6610  2   0  6610
174  6614  2   0  6614
175  6608  3   0  0  6608
176  4300  3   0  0  4300
177  6614  2   0  6614
178  6614  3   0  0  6614
179  6614  3   0  0  6614
180  6600  2   0  6600
181  4396  2   0  4396
182  6614  3   0  0  6614
183  6612  4   0  0  0  6612
184  6614  2   0  6614
185  6614  4   0  0  0  6614
186  6608  2   0  6608
187  6614  2   1  6613
188  6610  3   0  0  6610
189  6612  2   0  6612
190  6614  2   0  6614
191  6614  2   0  6614
192  6604  3   0  0  6604
193  6614  3   0  0  6614
194  6614  2   1  6613
195  6614  2   0  6614
196  6614  4   0  0  0  6614
197  6614  2   0  6614
198  6612  2   0  6612
199  6614  2   0  6614
200  6612  3   827  0  5785
201  6614  2   0  6614
202  6612  2   0  6612
203  6614  3   0  101  6513
204  6612  3   0  0  6612
205  6614  2   0  6614
206  6606  4   0  0  0  6606
207  6612  3   0  0  6612
208  6614  2   0  6614
209  6614  3   0  0  6614
210  6604  2   0  6604
211  6614  3   0  0  6614
212  6614  2   0  6614
213  6614  2   0  6614
214  6610  3   1  0  6609
215  6614  2   0  6614
216  6614  3   0  0  6614
217  6610  2   0  6610
218  6610  3   0  0  6610
219  6604  3   1  0  6603
220  6614  2   0  6614
221  6604  2   0  6604
222  6614  3   0  0  6614
223  6614  2   0  6614
224  6614  3   0  0  6614
225  6610  2   0  6610
226  6610  2   0  6610
227  6588  2   0  6588
228  4530  2   0  4530
229  6614  2   0  6614
230  6612  2   0  6612
231  6352  2   0  6352
232  6608  2   0  6608
233  6578  2   2537  4041
234  4484  3   0  0  4484
235  6614  3   0  0  6614
236  6572  2   0  6572
237  6614  2   0  6614
238  6606  2   0  6606
239  6614  2   0  6614
240  6596  5   0  0  0  0  6596
241  6614  3   0  0  6614
242  6612  2   0  6612
243  6600  2   0  6600
244  6606  2   0  6606
245  6612  2   0  6612
246  6614  2   0  6614
247  6612  3   0  0  6612
248  6614  2   0  6614
249  6614  2   302  6312
250  2499  3   0  0  2499
251  6380  2   0  6380
252  6614  2   0  6614
253  6588  3   0  0  6588
254  6614  2   0  6614
255  6614  2   0  6614
256  6614  2   0  6614
257  6402  2   0  6402
258  6612  2   0  6612
259  6606  3   0  0  6606
260  6408  2   0  6408
261  6598  3   0  0  6598
262  6614  3   0  0  6614
263  6610  2   0  6610
264  6541  3   0  0  6541
265  6602  2   0  6602
266  6614  2   0  6614
267  6610  2   0  6610
268  6614  3   0  0  6614
269  6428  2   1  6427
270  6604  2   0  6604
271  6614  2   0  6614
272  6496  2   0  6496
273  6614  2   0  6614
274  6598  2   0  6598
275  6604  2   0  6604
276  6608  3   0  0  6608
277  6598  2   0  6598
278  6428  2   0  6428
279  6614  4   0  0  0  6614
280  6580  2   0  6580
281  6614  2   0  6614
282  6612  2   0  6612
283  6610  2   0  6610
284  6428  2   0  6428
285  6580  2   0  6580
286  6610  2   0  6610
287  6612  3   0  0  6612
288  6610  2   0  6610
289  6420  2   0  6420
290  6612  4   0  0  0  6612
291  1816  2   0  1816
292  6610  2   0  6610
293  6614  2   0  6614
294  6614  2   1  6613
295  6602  2   1  6601
296  6588  2   0  6588
297  6614  3   0  0  6614
298  1740  2   0  1740
299  6612  2   0  6612
300  6614  2   0  6614
301  6614  2   0  6614
302  6612  3   0  0  6612
303  6610  3   0  0  6610
304  6588  2   0  6588
305  6614  2   0  6614
306  6586  2   0  6586
307  6414  2   0  6414
308  6614  3   0  0  6614
309  6614  2   0  6614
310  6612  2   8  6604
311  6606  2   0  6606
312  6414  3   0  0  6414
313  6614  2   0  6614
314  6614  2   0  6614
315  6614  2   0  6614
316  6612  3   0  0  6612
317  6408  2   2  6406
318  6596  2   0  6596
319  6612  3   0  5  6607
320  6598  3   0  0  6598
321  6614  2   0  6614
322  1470  2   0  1470
323  6614  2   0  6614
324  6614  2   0  6614
325  6612  3   0  0  6612
326  6613  3   0  0  6613
327  6586  3   0  0  6586
328  6612  4   0  0  0  6612
329  6602  3   0  0  6602
330  6612  2   0  6612
331  6612  3   0  0  6612
332  6602  4   0  0  0  6602
333  6614  3   0  0  6614
334  6588  3   0  0  6588
335  1222  2   0  1222
336  6612  3   0  0  6612
337  6612  3   0  0  6612
338  6612  3   0  0  6612
339  6614  2   0  6614
340  6612  2   0  6612
341  1184  2   2  1182
342  6612  2   0  6612
343  6312  2   0  6312
344  1116  2   0  1116
345  6612  2   0  6612
346  6290  2   0  6290
347  6606  3   0  0  6606
348  6612  4   0  0  0  6612
349  6282  2   1  6281
350  6612  2   0  6612
351  6606  2   0  6606
352  6612  2   0  6612
353  6614  3   0  0  6614
354  6612  2   0  6612
355  6612  2   0  6612
356  6612  3   0  0  6612
357  6614  4   0  0  0  6614
358  6612  3   0  0  6612
359  6614  2   0  6614
360  6606  2   0  6606
361  6614  3   0  0  6614
362  6610  2   0  6610
363  6612  2   0  6612
364  6614  4   0  0  0  6614
365  6614  2   0  6614
366  6614  2   24  6590
367  6184  2   0  6184
368  6614  2   0  6614
369  6614  2   0  6614
370  6614  2   0  6614
371  6062  2   61  6001
372  6614  4   0  0  0  6614
373  6610  2   1  6609
374  6011  3   4  0  6007
375  5957  3   0  0  5957
376  6614  2   0  6614
377  6614  2   0  6614
378  6614  2   0  6614
379  6606  2   0  6606
380  6612  2   0  6612
381  5880  2   0  5880
382  6614  3   0  0  6614
383  6610  4   0  0  0  6610
384  6614  2   0  6614
385  998  3   0  0  998
386  6610  3   0  0  6610
387  6612  2   0  6612
388  5818  2   3  5815
389  6614  2   0  6614
390  6614  2   0  6614
391  6614  3   0  0  6614
392  6605  3   0  0  6605
393  1008  2   0  1008
394  6604  2   0  6604
395  6614  2   3603  3011
396  6612  2   0  6612
397  6614  3   0  0  6614
398  6614  3   0  0  6614
399  6612  2   0  6612
400  6612  3   0  0  6612
401  6614  2   0  6614
402  6614  2   0  6614
403  6610  3   652  0  5958
404  6614  4   0  0  0  6614
405  6612  5   0  0  0  0  6612
406  957  4   0  0  0  957
407  6612  2   0  6612
408  6607  3   0  0  6607
409  6604  2   0  6604
410  930  2   0  930
411  6609  4   0  3418  0  3191
412  6590  2   0  6590
413  6614  3   0  0  6614
414  6614  3   0  0  6614
415  6602  2   0  6602
416  6614  2   0  6614
417  6612  3   0  0  6612
418  6608  2   0  6608
419  6614  2   0  6614
420  6594  2   0  6594
421  6612  3   0  0  6612
422  6597  3   0  0  6597
423  6608  4   0  0  0  6608
424  6610  2   0  6610
425  6610  2   0  6610
426  6598  2   0  6598
427  6614  2   0  6614
428  6614  2   0  6614
429  6614  2   0  6614
430  6614  2   0  6614
431  6614  3   0  0  6614
432  6604  4   0  1254  116  5234
433  6614  2   0  6614
434  6614  3   0  0  6614
435  6610  2   0  6610
436  6613  3   0  0  6613
437  6614  2   0  6614
438  6614  4   0  0  0  6614
439  6612  2   0  6612
440  6610  2   0  6610
441  6582  3   0  0  6582
442  6610  3   0  0  6610
443  6612  2   0  6612
444  6614  3   0  0  6614
445  6614  3   0  0  6614
446  6608  2   0  6608
447  6614  3   0  0  6614
448  6614  3   0  0  6614
449  6612  4   0  0  0  6612
450  6612  2   3550  3062
451  6612  2   0  6612
452  6416  2   0  6416
453  6612  2   1  6611
454  798  2   0  798
455  6614  2   0  6614
456  6612  2   0  6612
457  6614  2   0  6614
458  6612  3   0  0  6612
459  6612  2   0  6612
460  6610  2   0  6610
461  6490  2   0  6490
462  704  2   0  704
463  6612  2   0  6612
464  6612  2   0  6612
465  6614  3   0  0  6614
466  6614  2   0  6614
467  6614  3   0  0  6614
468  6614  2   0  6614
469  6604  3   0  0  6604
470  6612  2   0  6612
471  6614  2   0  6614
472  6580  2   0  6580
473  6614  2   0  6614
474  6614  3   0  0  6614
475  6587  3   0  0  6587
476  6612  3   0  0  6612
477  6570  3   0  0  6570
478  550  2   0  550
479  6552  2   0  6552
480  6614  2   0  6614
481  6614  2   0  6614
482  6599  3   0  0  6599
483  6614  2   0  6614
484  6614  2   0  6614
485  6590  2   0  6590
486  6614  3   0  0  6614
487  6614  2   0  6614
488  6614  2   0  6614
489  6614  3   0  0  6614
490  6598  2   0  6598
491  6612  2   0  6612
492  6608  2   0  6608
493  6614  2   0  6614
494  6614  2   0  6614
495  6594  3   0  0  6594
496  416  2   0  416
497  6614  3   5  0  6609
498  6362  2   0  6362
499  6480  2   0  6480
500  6614  3   0  0  6614
501  6612  3   0  0  6612
502  6608  2   0  6608
503  6426  2   0  6426
504  6609  4   0  0  0  6609
505  6612  2   0  6612
506  6614  5   0  0  0  0  6614
507  6607  3   0  0  6607
508  6356  2   0  6356
509  6612  3   0  0  6612
510  6554  2   0  6554
511  6580  2   0  6580
512  6612  2   0  6612
513  6596  2   0  6596
514  6614  4   0  0  0  6614
515  6614  3   0  0  6614
516  6228  2   0  6228
517  176  2   0  176
518  6612  2   2149  4463
519  6612  2   0  6612
520  6474  2   0  6474
521  148  2   0  148
522  6392  2   0  6392
523  6550  2   1  6549
524  6614  2   0  6614

[pop]=5
1  66740  2   3  66737
2  65974  2   0  65974
3  66740  2   0  66740
4  66722  2   1  66721
5  66734  2   0  66734
6  66314  3   0  2  66312
7  66736  2   2  66734
8  66320  2   0  66320
9  66701  3   1  1  66699
10  61730  2   0  61730
11  66553  4   1  0  0  66552
12  66737  4   13  1  0  66723
13  66290  3   5  0  66285
14  66734  3   2  1  66731
15  66738  3   1  1  66736
16  66732  3   0  2  66730
17  66270  2   3  66267
18  66736  3   1  1  66734
19  66582  2   0  66582
20  66550  2   3  66547
21  66731  3   0  0  66731
22  66106  3   1  0  66105
23  66733  3   1  1  66731
24  66738  3   1  0  66737
25  65152  2   30  65122
26  66320  2   2  66318
27  66728  2   4  66724
28  66574  2   4  66570
29  66702  3   0  0  66702
30  66726  2   45251  21475
31  66330  2   5  66325
32  66680  4   1  1  4  66674
33  66226  2   0  66226
34  53512  2   11  53501
35  66640  2   0  66640
36  66447  4   1  1  1  66444
37  61090  4   1  0  1  61088
38  66424  2   3  66421
39  66740  2   2  66738
40  66708  2   6  66702
41  66670  2   0  66670
42  66428  2   0  66428
43  66680  3   0  0  66680
44  66648  2   37  66611
45  59636  2   3  59633
46  66730  2   3  66727
47  66306  3   2  0  66304
48  66684  2   10  66674
49  66266  3   0  0  66266
50  60252  2   7  60245
51  66235  3   1  0  66234
52  66740  2   4  66736
53  65888  2   0  65888
54  66598  3   0  3  66595
55  66740  3   1  1  66738
56  66690  2   0  66690
57  66168  2   2  66166
58  66612  2   0  66612
59  66078  2   650  65428
60  66684  2   0  66684
61  66678  2   2  66676
62  66100  3   2  0  66098
63  66394  2   0  66394
64  66672  2   1  66671
65  66692  2   2  66690
66  66736  2   2  66734
67  66570  2   2  66568
68  66661  3   0  0  66661
69  66730  2   13804  52926
70  66704  3   2  2  66700
71  66535  4   1  0  6  66528
72  66548  3   1  1  66546
73  66614  3   1  0  66613
74  58012  2   0  58012
75  65928  2   14  65914
76  66592  3   0  1  66591
77  65997  4   1  139  5  65852
78  60694  2   0  60694
79  66738  3   1  1  66736
80  66583  3   0  0  66583
81  65836  2   0  65836
82  66216  2   3  66213
83  65960  4   0  0  3  65957
84  66511  4   0  0  1  66510
85  66524  2   4  66520
86  66648  2   0  66648
87  66734  2   2  66732
88  66542  5   0  3  2  0  66537
89  65880  3   1  0  65879
90  66587  3   0  0  66587
91  66438  2   0  66438
92  66508  2   0  66508
93  66673  3   0  1  66672
94  66388  3   0  0  66388
95  66638  3   1  0  66637
96  66668  2   0  66668
97  65020  2   0  65020
98  66660  3   0  1  66659
99  66272  3   1  0  66271
100  66703  3   1  22  66680
101  66706  2   2  66704
102  66712  2   2  66710
103  66691  4   0  9  0  66682
104  66678  2   38  66640
105  13554  2   3  13551
106  66738  2   0  66738
107  15101  4   0  0  0  15101
108  66462  3   1  0  66461
109  66738  2   38  66700
110  66729  4   1  0  0  66728
111  66474  2   3  66471
112  66551  3   0  0  66551
113  66720  2   3  66717
114  66706  3   1  3  66702
115  66496  3   0  0  66496
116  66720  3   0  1  66719
117  64574  2   101  64473
118  66534  2   2  66532
119  66696  3   2  0  66694
120  66730  2   2  66728
121  66726  2   0  66726
122  66722  2   2  66720
123  66701  3   1  2  66698
124  21894  3   0  1  21893
125  66487  3   0  0  66487
126  66729  3   1  0  66728
127  22526  2   2  22524
128  66722  3   2  0  66720
129  65799  3   1  0  65798
130  66687  3   1  1  66685
131  66736  2   0  66736
132  66643  3   0  0  66643
133  35959  3   1  0  35958
134  66359  3   0  1  66358
135  66726  2   0  66726
136  66733  3   0  0  66733
137  65754  2   0  65754
138  66662  2   1  66661
139  66012  2   0  66012
140  66679  3   0  2  66677
141  37188  2   0  37188
142  66733  3   0  16  66717
143  66722  2   0  66722
144  65490  4   1  2  3  65484
145  66736  2   1  66735
146  66718  2   0  66718
147  66448  4   5  1  3  66439
148  66668  3   0  3  66665
149  66734  2   3  66731
150  66678  2   0  66678
151  66667  3   1  1  66665
152  66738  2   7  66731
153  66672  3   3  1  66668
154  66036  2   0  66036
155  66736  3   0  0  66736
156  66702  2   2  66700
157  66680  2   2  66678
158  66496  2   1  66495
159  66732  2   10  66722
160  66738  2   0  66738
161  66736  3   1  0  66735
162  66161  3   7  0  66154
163  66522  2   0  66522
164  49776  2   0  49776
165  66680  2   0  66680
166  66724  2   0  66724
167  66536  2   7  66529
168  50114  4   3  0  0  50111
169  66736  3   5  2  66729
170  66682  2   0  66682
171  66540  3   0  1  66539
172  66537  3   0  0  66537
173  66692  2   2  66690
174  66682  2   57  66625
175  66688  3   1  0  66687
176  51372  3   0  0  51372
177  66428  2   1  66427
178  66672  3   0  0  66672
179  66552  3   0  0  66552
180  66190  2   0  66190
181  52232  2   2  52230
182  66736  3   0  0  66736
183  66731  4   1  0  1  66729
184  66736  2   0  66736
185  66463  4   0  0  13  66450
186  66682  2   0  66682
187  66584  2   5  66579
188  66698  3   1  1  66696
189  66730  2   3  66727
190  66734  2   0  66734
191  66460  2   0  66460
192  66387  3   1  1  66385
193  66738  3   0  0  66738
194  66584  2   0  66584
195  66298  2   3  66295
196  66628  4   1  2  0  66625
197  66484  2   1  66483
198  66624  2   2  66622
199  66692  2   0  66692
200  66712  3   7478  3  59231
201  66732  2   2  66730
202  66602  2   1  66601
203  66526  3   0  567  65959
204  66688  3   0  1  66687
205  66736  2   2  66734
206  66639  4   0  0  1  66638
207  66694  3   0  1  66693
208  66736  2   7  66729
209  66736  3   1  0  66735
210  66632  2   4  66628
211  66730  3   1  2  66727
212  66636  2   1  66635
213  66696  2   0  66696
214  66473  3   4  4  66465
215  66686  2   2  66684
216  66729  3   0  6  66723
217  66470  2   1  66469
218  66300  3   1  1  66298
219  66420  3   0  1  66419
220  66360  2   0  66360
221  66592  2   2  66590
222  66628  3   0  1  66627
223  66342  2   0  66342
224  66728  3   1  3  66724
225  66110  2   0  66110
226  66454  2   12  66442
227  66186  2   1  66185
228  53732  2   1  53731
229  66630  2   2  66628
230  66628  2   17  66611
231  64334  2   3  64331
232  66012  2   1  66011
233  66354  2   24512  41842
234  53299  3   1  1  53297
235  66718  3   1  2  66715
236  65856  2   2  65854
237  66716  2   1  66715
238  66642  2   0  66642
239  66656  2   34  66622
240  66226  5   0  1  0  7  66218
241  66740  3   0  0  66740
242  66462  2   1  66461
243  66138  2   0  66138
244  66644  2   149  66495
245  66550  2   2  66548
246  66722  2   0  66722
247  66500  3   2  0  66498
248  66616  2   4  66612
249  65482  2   1906  63576
250  36839  3   0  0  36839
251  64560  2   1  64559
252  66696  2   1  66695
253  65899  3   2  1  65896
254  66696  2   2  66694
255  66684  2   2  66682
256  66722  2   2  66720
257  64906  2   1  64905
258  66604  2   3  66601
259  66516  3   1  0  66515
260  65004  2   0  65004
261  66410  3   1  1  66408
262  66740  3   0  4  66736
263  66604  2   0  66604
264  65221  3   3  1  65217
265  66500  2   0  66500
266  66692  2   0  66692
267  66684  2   0  66684
268  66706  3   0  0  66706
269  65574  2   4  65570
270  66544  2   0  66544
271  66660  2   0  66660
272  64804  2   2  64802
273  66684  2   2  66682
274  66620  2   2  66618
275  66632  2   3  66629
276  66379  3   1  1  66377
277  66590  2   0  66590
278  65914  2   58  65856
279  66725  4   0  3  1  66721
280  66062  2   0  66062
281  66666  2   2  66664
282  66430  2   1  66429
283  66716  2   0  66716
284  65964  2   0  65964
285  66078  2   0  66078
286  66716  2   0  66716
287  66545  3   0  0  66545
288  66716  2   1  66715
289  66092  2   0  66092
290  66708  4   0  0  1  66707
291  33490  2   2  33488
292  66652  2   3  66649
293  66740  2   1  66739
294  66730  2   38  66692
295  66574  2   0  66574
296  66256  2   0  66256
297  66630  3   1  2  66627
298  32926  2   0  32926
299  66596  2   3  66593
300  66642  2   2  66640
301  66738  2   0  66738
302  66654  3   4  1  66649
303  66709  3   0  0  66709
304  66286  2   1  66285
305  66740  2   0  66740
306  66340  2   0  66340
307  66312  2   0  66312
308  66681  3   6  0  66675
309  66738  2   0  66738
310  66682  2   89  66593
311  66702  2   0  66702
312  66344  3   0  1  66343
313  66686  2   0  66686
314  66738  2   2  66736
315  66520  2   0  66520
316  66695  3   1  0  66694
317  66368  2   24  66344
318  66442  2   2  66440
319  66736  3   0  22  66714
320  66509  3   3  0  66506
321  66736  2   3  66733
322  30128  2   41  30087
323  66738  2   5  66733
324  66734  2   2  66732
325  66705  3   0  1  66704
326  66734  3   0  0  66734
327  64973  3   0  0  64973
328  66732  4   4  8  3  66717
329  66602  3   0  2  66600
330  66732  2   2  66730
331  66729  3   0  1  66728
332  66615  4   1  0  0  66614
333  66737  3   0  0  66737
334  65171  3   1  0  65170
335  27666  2   1  27665
336  66594  3   0  2  66592
337  66731  3   4  0  66727
338  66706  3   6  0  66700
339  66728  2   1  66727
340  66730  2   0  66730
341  27388  2   6  27382
342  66708  2   0  66708
343  66150  2   0  66150
344  26308  2   0  26308
345  66630  2   22  66608
346  66034  2   0  66034
347  66623  3   0  1  66622
348  66710  4   0  1  7  66702
349  65988  2   5  65983
350  66704  2   1  66703
351  66626  2   1  66625
352  66710  2   0  66710
353  65792  3   2  1  65789
354  66736  2   0  66736
355  66736  2   0  66736
356  66710  3   1  0  66709
357  66722  4   0  0  2  66720
358  66736  3   1  0  66735
359  66274  2   2  66272
360  65566  2   3  65563
361  66325  3   0  0  66325
362  66624  2   4  66620
363  66382  2   1  66381
364  66736  4   0  50  0  66686
365  66698  2   2  66696
366  65572  2   14  65558
367  65582  2   3  65579
368  66698  2   2  66696
369  65562  2   2  65560
370  66422  2   0  66422
371  65126  2   241  64885
372  65579  4   0  0  1  65578
373  66686  2   14  66672
374  64784  3   6  7  64771
375  64432  3   0  0  64432
376  66736  2   2  66734
377  66668  2   0  66668
378  66730  2   5  66725
379  66582  2   0  66582
380  66680  2   3  66677
381  64022  2   0  64022
382  66662  3   1  0  66661
383  66726  4   0  3  0  66723
384  66740  2   2  66738
385  24780  3   0  0  24780
386  66690  3   1  0  66689
387  66680  2   1  66679
388  63580  2   27  63553
389  66734  2   2  66732
390  66658  2   2  66656
391  66724  3   0  0  66724
392  66679  3   1  1  66677
393  24834  2   0  24834
394  66680  2   0  66680
395  66728  2   34074  32654
396  66732  2   0  66732
397  66635  3   5  1  66629
398  66722  3   2  1  66719
399  66730  2   1  66729
400  66660  3   0  1  66659
401  66634  2   0  66634
402  66712  2   1  66711
403  66720  3   9195  1  57524
404  66615  4   0  1  1  66613
405  66718  5   2  2  0  0  66714
406  23467  4   0  1  1  23465
407  66382  2   0  66382
408  66702  3   1  0  66701
409  65436  2   1  65435
410  23364  2   4  23360
411  66625  4   1  35375  0  31249
412  66540  2   4  66536
413  66738  3   5  0  66733
414  66381  3   1  1  66379
415  65380  2   0  65380
416  66562  2   2  66560
417  66713  3   0  0  66713
418  66704  2   0  66704
419  66738  2   0  66738
420  65264  2   2  65262
421  66727  3   0  0  66727
422  66501  3   0  0  66501
423  66706  4   1  1  1  66703
424  66724  2   2  66722
425  66626  2   2  66624
426  65740  2   3  65737
427  66234  2   0  66234
428  66176  2   1  66175
429  66740  2   0  66740
430  66698  2   2  66696
431  66716  3   2  0  66714
432  66686  4   1  14654  2966  49065
433  66674  2   9  66665
434  66718  3   1  0  66717
435  66728  2   5  66723
436  66717  3   1  0  66716
437  66740  2   0  66740
438  66681  4   0  1  3  66677
439  66700  2   0  66700
440  66702  2   0  66702
441  66532  3   1  1  66530
442  66732  3   1  0  66731
443  66730  2   1  66729
444  66688  3   0  1  66687
445  66672  3   0  3  66669
446  66700  2   1  66699
447  66699  3   0  1  66698
448  66591  3   1  1  66589
449  66740  4   0  3  1  66736
450  66730  2   32858  33872
451  66728  2   0  66728
452  63598  2   0  63598
453  66740  2   9  66731
454  21904  2   2  21902
455  66616  2   1  66615
456  66726  2   2  66724
457  66724  2   0  66724
458  66740  3   1  1  66738
459  66728  2   0  66728
460  66546  2   2  66544
461  64854  2   0  64854
462  20628  2   0  20628
463  66738  2   19  66719
464  66724  2   0  66724
465  66726  3   1  0  66725
466  66730  2   16  66714
467  66638  3   0  0  66638
468  66650  2   4  66646
469  66603  3   2  4  66597
470  66740  2   34  66706
471  66738  2   1  66737
472  65078  2   4  65074
473  66728  2   0  66728
474  66734  3   0  0  66734
475  66052  3   1  1  66050
476  66739  3   0  12  66727
477  64964  3   1  0  64963
478  17620  2   2  17618
479  65380  2   2  65378
480  66636  2   0  66636
481  66614  2   2  66612
482  66574  3   0  0  66574
483  66740  2   6  66734
484  66738  2   0  66738
485  66582  2   2  66580
486  66728  3   5  1  66722
487  66736  2   1  66735
488  66634  2   0  66634
489  66633  3   1  1  66631
490  66536  2   2  66534
491  66652  2   0  66652
492  64552  2   3  64549
493  66544  2   0  66544
494  66738  2   2  66736
495  66494  3   2  9  66483
496  14926  2   0  14926
497  66725  3   0  2  66723
498  62260  2   0  62260
499  64706  2   3  64703
500  66738  3   1  1  66736
501  66525  3   1  1  66523
502  64932  2   0  64932
503  63564  2   3  63561
504  66522  4   0  6  0  66516
505  66706  2   1  66705
506  66733  5   0  2  0  7  66724
507  66485  3   1  0  66484
508  61822  2   1  61821
509  66690  3   2  5  66683
510  65722  2   3  65719
511  66416  2   0  66416
512  66152  2   3  66149
513  66728  2   0  66728
514  66723  4   0  0  0  66723
515  66421  3   0  12  66409
516  58880  2   2  58878
517  10346  2   3  10343
518  66716  2   20274  46442
519  65134  2   0  65134
520  63744  2   0  63744
521  9808  2   10  9798
522  61770  2   8  61762
523  66012  2   0  66012
524  66684  2   6  66678

[pop]=6
1  908  2   0  908
2  902  2   0  902
3  908  2   0  908
4  908  2   0  908
5  908  2   0  908
6  902  3   0  0  902
7  908  2   0  908
8  902  2   0  902
9  908  3   0  0  908
10  790  2   0  790
11  904  4   0  0  0  904
12  900  4   0  0  0  900
13  902  3   0  0  902
14  908  3   0  0  908
15  900  3   0  0  900
16  908  3   0  0  908
17  890  2   0  890
18  906  3   0  0  906
19  902  2   0  902
20  904  2   0  904
21  908  3   0  0  908
22  899  3   0  0  899
23  900  3   0  0  900
24  908  3   0  0  908
25  888  2   0  888
26  902  2   0  902
27  908  2   0  908
28  904  2   0  904
29  908  3   0  0  908
30  900  2   551  349
31  902  2   0  902
32  900  4   0  0  0  900
33  890  2   0  890
34  736  2   0  736
35  906  2   0  906
36  902  4   0  0  0  902
37  780  4   0  0  0  780
38  902  2   0  902
39  908  2   0  908
40  906  2   0  906
41  906  2   0  906
42  902  2   0  902
43  906  3   0  0  906
44  896  2   0  896
45  814  2   0  814
46  906  2   0  906
47  902  3   1  0  901
48  906  2   1  905
49  902  3   0  0  902
50  788  2   0  788
51  900  3   0  0  900
52  908  2   0  908
53  896  2   0  896
54  906  3   0  0  906
55  908  3   0  0  908
56  906  2   0  906
57  898  2   0  898
58  902  2   0  902
59  890  2   3  887
60  906  2   0  906
61  906  2   0  906
62  895  3   0  0  895
63  896  2   0  896
64  906  2   0  906
65  908  2   0  908
66  900  2   0  900
67  894  2   0  894
68  905  3   0  0  905
69  908  2   190  718
70  908  3   0  0  908
71  898  4   0  0  0  898
72  894  3   0  0  894
73  906  3   0  0  906
74  752  2   0  752
75  898  2   4  894
76  906  3   0  0  906
77  892  4   0  7  0  885
78  866  2   0  866
79  900  3   0  0  900
80  902  3   0  0  902
81  896  2   1  895
82  898  2   0  898
83  890  4   0  0  0  890
84  902  4   0  1  0  901
85  908  2   0  908
86  906  2   0  906
87  908  2   0  908
88  906  5   0  0  0  0  906
89  890  3   0  0  890
90  906  3   0  0  906
91  892  2   0  892
92  904  2   0  904
93  906  3   0  0  906
94  892  3   0  0  892
95  908  3   0  0  908
96  906  2   0  906
97  852  2   0  852
98  906  3   0  0  906
99  900  3   0  0  900
100  908  3   0  0  908
101  906  2   0  906
102  904  2   0  904
103  906  4   0  0  0  906
104  908  2   0  908
105  218  2   0  218
106  900  2   0  900
107  223  4   0  0  0  223
108  902  3   0  0  902
109  900  2   0  900
110  906  4   0  0  0  906
111  900  2   0  900
112  908  3   0  0  908
113  908  2   0  908
114  906  3   0  0  906
115  900  3   1  0  899
116  908  3   0  0  908
117  804  2   2  802
118  900  2   0  900
119  908  3   0  0  908
120  908  2   1  907
121  908  2   0  908
122  906  2   0  906
123  908  3   0  0  908
124  327  3   0  0  327
125  904  3   0  1  903
126  908  3   0  0  908
127  330  2   0  330
128  906  3   0  0  906
129  864  3   0  0  864
130  908  3   0  0  908
131  908  2   0  908
132  898  3   0  0  898
133  491  3   0  0  491
134  903  3   0  0  903
135  900  2   0  900
136  908  3   0  0  908
137  870  2   0  870
138  904  2   0  904
139  894  2   0  894
140  908  3   0  0  908
141  496  2   0  496
142  908  3   0  2  906
143  906  2   0  906
144  853  4   0  0  1  852
145  908  2   0  908
146  906  2   0  906
147  906  4   0  0  0  906
148  908  3   0  0  908
149  908  2   0  908
150  904  2   0  904
151  904  3   0  0  904
152  900  2   0  900
153  904  3   0  0  904
154  880  2   0  880
155  908  3   0  0  908
156  906  2   0  906
157  904  2   0  904
158  906  2   0  906
159  908  2   0  908
160  900  2   0  900
161  908  3   0  0  908
162  884  3   1  0  883
163  908  2   0  908
164  642  2   0  642
165  906  2   0  906
166  908  2   0  908
167  908  2   0  908
168  652  4   0  0  0  652
169  908  3   0  0  908
170  908  2   0  908
171  908  3   0  0  908
172  904  3   0  0  904
173  908  2   0  908
174  898  2   0  898
175  905  3   0  0  905
176  684  3   0  0  684
177  890  2   0  890
178  898  3   0  0  898
179  906  3   0  1  905
180  900  2   0  900
181  688  2   0  688
182  908  3   0  0  908
183  907  4   0  0  0  907
184  900  2   0  900
185  888  4   0  0  1  887
186  904  2   0  904
187  908  2   0  908
188  908  3   0  0  908
189  908  2   0  908
190  908  2   0  908
191  888  2   0  888
192  904  3   0  0  904
193  900  3   0  0  900
194  908  2   0  908
195  890  2   0  890
196  906  4   0  0  0  906
197  892  2   0  892
198  894  2   0  894
199  908  2   0  908
200  908  3   87  0  821
201  900  2   0  900
202  896  2   0  896
203  906  3   0  6  900
204  908  3   0  0  908
205  908  2   0  908
206  902  4   0  0  0  902
207  906  3   0  0  906
208  908  2   0  908
209  908  3   0  0  908
210  902  2   0  902
211  900  3   0  0  900
212  908  2   0  908
213  906  2   0  906
214  892  3   0  0  892
215  906  2   0  906
216  900  3   0  0  900
217  892  2   0  892
218  908  3   0  0  908
219  891  3   0  0  891
220  900  2   0  900
221  902  2   0  902
222  908  3   0  0  908
223  900  2   0  900
224  900  3   0  0  900
225  908  2   0  908
226  892  2   0  892
227  876  2   0  876
228  700  2   0  700
229  906  2   0  906
230  906  2   0  906
231  788  2   0  788
232  908  2   0  908
233  902  2   335  567
234  700  3   0  0  700
235  908  3   0  0  908
236  876  2   0  876
237  908  2   0  908
238  906  2   1  905
239  908  2   0  908
240  888  5   0  0  0  0  888
241  908  3   0  0  908
242  894  2   0  894
243  894  2   0  894
244  906  2   1  905
245  902  2   0  902
246  898  2   0  898
247  894  3   0  0  894
248  906  2   0  906
249  858  2   31  827
250  517  3   0  0  517
251  796  2   0  796
252  908  2   0  908
253  880  3   0  0  880
254  908  2   0  908
255  908  2   0  908
256  908  2   0  908
257  820  2   0  820
258  896  2   0  896
259  904  3   0  0  904
260  820  2   0  820
261  902  3   0  0  902
262  908  3   0  0  908
263  908  2   0  908
264  885  3   0  0  885
265  902  2   0  902
266  908  2   0  908
267  908  2   1  907
268  906  3   0  0  906
269  846  2   0  846
270  904  2   0  904
271  908  2   0  908
272  830  2   0  830
273  908  2   0  908
274  906  2   0  906
275  906  2   0  906
276  905  3   0  0  905
277  906  2   0  906
278  858  2   1  857
279  898  4   0  1  0  897
280  892  2   0  892
281  908  2   0  908
282  904  2   0  904
283  900  2   0  900
284  860  2   0  860
285  894  2   0  894
286  900  2   1  899
287  908  3   0  0  908
288  900  2   0  900
289  874  2   0  874
290  908  4   0  0  0  908
291  460  2   0  460
292  908  2   0  908
293  908  2   0  908
294  908  2   0  908
295  904  2   0  904
296  894  2   0  894
297  906  3   0  0  906
298  458  2   0  458
299  906  2   0  906
300  896  2   0  896
301  908  2   0  908
302  908  3   0  0  908
303  900  3   0  0  900
304  894  2   0  894
305  908  2   0  908
306  898  2   0  898
307  872  2   0  872
308  897  3   0  0  897
309  898  2   1  897
310  908  2   2  906
311  900  2   0  900
312  873  3   0  0  873
313  898  2   0  898
314  908  2   0  908
315  900  2   0  900
316  908  3   0  0  908
317  884  2   0  884
318  898  2   0  898
319  908  3   0  0  908
320  898  3   0  0  898
321  908  2   0  908
322  412  2   0  412
323  908  2   0  908
324  908  2   0  908
325  908  3   0  0  908
326  908  3   0  0  908
327  880  3   0  0  880
328  908  4   2  0  0  906
329  899  3   0  0  899
330  908  2   0  908
331  908  3   0  0  908
332  900  4   0  0  0  900
333  908  3   0  0  908
334  885  3   0  0  885
335  380  2   0  380
336  905  3   0  0  905
337  908  3   0  0  908
338  908  3   0  0  908
339  898  2   0  898
340  908  2   0  908
341  380  2   0  380
342  908  2   0  908
343  878  2   0  878
344  358  2   0  358
345  906  2   0  906
346  872  2   0  872
347  906  3   0  0  906
348  908  4   0  0  1  907
349  872  2   0  872
350  908  2   0  908
351  906  2   0  906
352  908  2   0  908
353  875  3   0  0  875
354  906  2   0  906
355  906  2   0  906
356  908  3   0  0  908
357  900  4   0  0  0  900
358  906  3   0  0  906
359  890  2   0  890
360  892  2   0  892
361  893  3   0  0  893
362  906  2   0  906
363  894  2   0  894
364  906  4   0  7  0  899
365  898  2   0  898
366  892  2   0  892
367  866  2   0  866
368  898  2   0  898
369  892  2   0  892
370  894  2   0  894
371  862  2   2  860
372  892  4   0  0  0  892
373  908  2   0  908
374  856  3   0  0  856
375  853  3   0  0  853
376  906  2   0  906
377  898  2   0  898
378  908  2   0  908
379  906  2   0  906
380  908  2   0  908
381  848  2   1  847
382  898  3   0  0  898
383  908  4   0  0  0  908
384  898  2   0  898
385  346  3   0  0  346
386  908  3   0  0  908
387  908  2   0  908
388  844  2   0  844
389  906  2   0  906
390  898  2   0  898
391  908  3   0  0  908
392  900  3   0  0  900
393  344  2   0  344
394  900  2   0  900
395  908  2   499  409
396  908  2   0  908
397  896  3   0  0  896
398  908  3   0  0  908
399  908  2   0  908
400  908  3   0  0  908
401  896  2   0  896
402  908  2   0  908
403  908  3   157  0  751
404  896  4   0  0  1  895
405  908  5   0  0  0  0  908
406  327  4   0  0  0  327
407  888  2   0  888
408  902  3   0  0  902
409  886  2   0  886
410  332  2   0  332
411  905  4   0  497  0  408
412  904  2   0  904
413  908  3   0  0  908
414  890  3   0  0  890
415  884  2   0  884
416  896  2   0  896
417  908  3   0  0  908
418  900  2   0  900
419  908  2   0  908
420  886  2   0  886
421  908  3   0  0  908
422  901  3   0  0  901
423  900  4   0  0  0  900
424  908  2   0  908
425  902  2   0  902
426  880  2   0  880
427  884  2   0  884
428  884  2   0  884
429  898  2   0  898
430  902  2   0  902
431  908  3   0  0  908
432  903  4   0  224  37  642
433  906  2   0  906
434  908  3   0  0  908
435  904  2   0  904
436  908  3   0  0  908
437  898  2   0  898
438  908  4   0  0  0  908
439  908  2   0  908
440  908  2   0  908
441  902  3   0  0  902
442  906  3   0  0  906
443  908  2   0  908
444  908  3   0  0  908
445  906  3   0  0  906
446  908  2   0  908
447  908  3   0  0  908
448  892  3   0  0  892
449  908  4   0  0  0  908
450  908  2   461  447
451  908  2   0  908
452  862  2   0  862
453  908  2   0  908
454  312  2   0  312
455  894  2   0  894
456  908  2   0  908
457  908  2   0  908
458  908  3   0  0  908
459  908  2   0  908
460  900  2   0  900
461  870  2   0  870
462  300  2   0  300
463  908  2   0  908
464  908  2   0  908
465  900  3   0  1  899
466  908  2   0  908
467  896  3   0  0  896
468  906  2   0  906
469  906  3   0  1  905
470  908  2   0  908
471  908  2   0  908
472  884  2   0  884
473  900  2   0  900
474  908  3   0  0  908
475  891  3   0  0  891
476  908  3   0  1  907
477  883  3   0  0  883
478  274  2   0  274
479  882  2   0  882
480  896  2   0  896
481  906  2   0  906
482  906  3   0  0  906
483  908  2   0  908
484  908  2   0  908
485  904  2   0  904
486  900  3   0  0  900
487  908  2   0  908
488  896  2   0  896
489  896  3   0  0  896
490  906  2   0  906
491  908  2   0  908
492  880  2   0  880
493  902  2   0  902
494  908  2   0  908
495  904  3   0  1  903
496  242  2   0  242
497  900  3   1  0  899
498  852  2   0  852
499  868  2   0  868
500  908  3   0  0  908
501  905  3   0  0  905
502  886  2   0  886
503  860  2   0  860
504  894  4   0  0  0  894
505  896  2   0  896
506  908  5   0  0  0  0  908
507  894  3   0  0  894
508  840  2   0  840
509  898  3   0  0  898
510  888  2   1  887
511  902  2   0  902
512  896  2   0  896
513  908  2   0  908
514  908  4   0  0  0  908
515  893  3   0  0  893
516  814  2   0  814
517  206  2   0  206
518  906  2   233  673
519  854  2   0  854
520  864  2   0  864
521  202  2   0  202
522  844  2   0  844
523  900  2   0  900
524  906  2   4  902

[pop]=7
1  16512  2   0  16512
2  16472  2   0  16472
3  16512  2   0  16512
4  16510  2   0  16510
5  16512  2   2  16510
6  16464  3   0  0  16464
7  16512  2   0  16512
8  16462  2   2  16460
9  16499  3   0  0  16499
10  14288  2   0  14288
11  16469  4   0  0  0  16469
12  16507  4   0  1  2  16504
13  16510  3   1  0  16509
14  16512  3   0  0  16512
15  16508  3   0  0  16508
16  16511  3   1  0  16510
17  16506  2   1  16505
18  16512  3   0  0  16512
19  16466  2   0  16466
20  16470  2   0  16470
21  16510  3   1  1  16508
22  16421  3   0  0  16421
23  16504  3   0  0  16504
24  16512  3   1  0  16511
25  16170  2   0  16170
26  16510  2   32  16478
27  16510  2   0  16510
28  16432  2   1  16431
29  16506  3   0  0  16506
30  16500  2   8577  7923
31  16510  2   0  16510
32  16481  4   0  2  0  16479
33  16436  2   2  16434
34  14168  2   0  14168
35  16458  2   2  16456
36  16437  4   0  0  0  16437
37  14150  4   0  1  10  14139
38  16428  2   0  16428
39  16512  2   0  16512
40  16510  2   0  16510
41  16468  2   0  16468
42  16428  2   5  16423
43  16478  3   1  0  16477
44  16500  2   90  16410
45  15082  2   0  15082
46  16510  2   0  16510
47  16509  3   0  0  16509
48  16510  2   1  16509
49  16384  3   0  1  16383
50  13998  2   0  13998
51  16375  3   0  0  16375
52  16512  2   0  16512
53  16326  2   2  16324
54  16478  3   0  0  16478
55  16512  3   0  0  16512
56  16478  2   2  16476
57  16510  2   1  16509
58  16422  2   0  16422
59  16346  2   22  16324
60  16478  2   0  16478
61  16476  2   0  16476
62  16500  3   2  1  16497
63  16414  2   5  16409
64  16508  2   0  16508
65  16508  2   0  16508
66  16512  2   0  16512
67  16492  2   0  16492
68  16501  3   1  0  16500
69  16510  2   2485  14025
70  16506  3   0  0  16506
71  16456  4   0  0  1  16455
72  16489  3   0  0  16489
73  16414  3   0  0  16414
74  13642  2   0  13642
75  16274  2   2  16272
76  16404  3   1  0  16403
77  16461  4   0  1  0  16460
78  14814  2   3  14811
79  16512  3   0  0  16512
80  16471  3   0  0  16471
81  16240  2   0  16240
82  16382  2   0  16382
83  16443  4   0  1  0  16442
84  16379  4   0  15  0  16364
85  16494  2   0  16494
86  16484  2   0  16484
87  16512  2   0  16512
88  16346  5   1  1  0  0  16344
89  16368  3   0  1  16367
90  16491  3   1  0  16490
91  16468  2   5  16463
92  16444  2   0  16444
93  16490  3   1  0  16489
94  16454  3   1  3  16450
95  16503  3   0  1  16502
96  16490  2   3  16487
97  14136  2   0  14136
98  16495  3   1  0  16494
99  16484  3   0  0  16484
100  16508  3   0  0  16508
101  16502  2   0  16502
102  16502  2   0  16502
103  16501  4   0  0  1  16500
104  16504  2   0  16504
105  6094  2   0  6094
106  16512  2   2  16510
107  6603  4   1  0  0  6602
108  16464  3   0  1  16463
109  16512  2   1  16511
110  16504  4   0  1  0  16503
111  16492  2   0  16492
112  16484  3   0  0  16484
113  16510  2   0  16510
114  16507  3   0  0  16507
115  16496  3   0  1  16495
116  16510  3   0  0  16510
117  10846  2   23  10823
118  16496  2   0  16496
119  16510  3   0  1  16509
120  16506  2   3  16503
121  16512  2   0  16512
122  16508  2   0  16508
123  16510  3   0  0  16510
124  8906  3   0  0  8906
125  16463  3   1  0  16462
126  16512  3   0  1  16511
127  9124  2   0  9124
128  16511  3   0  0  16511
129  14082  3   0  1  14081
130  16505  3   0  0  16505
131  16512  2   0  16512
132  16495  3   0  1  16494
133  12064  3   0  0  12064
134  16445  3   0  0  16445
135  16510  2   2  16508
136  16512  3   1  1  16510
137  14946  2   0  14946
138  16504  2   1  16503
139  15838  2   0  15838
140  16502  3   0  0  16502
141  12286  2   10  12276
142  16512  3   0  2  16510
143  16510  2   0  16510
144  13377  4   0  1  0  13376
145  16512  2   1  16511
146  16510  2   0  16510
147  16495  4   1  0  0  16494
148  16497  3   1  0  16496
149  16512  2   0  16512
150  16508  2   0  16508
151  16504  3   0  0  16504
152  16512  2   0  16512
153  16506  3   0  0  16506
154  14912  2   94  14818
155  16512  3   0  0  16512
156  16510  2   0  16510
157  16508  2   0  16508
158  16510  2   0  16510
159  16512  2   0  16512
160  16512  2   0  16512
161  16512  3   0  0  16512
162  15257  3   1  0  15256
163  16510  2   0  16510
164  14034  2   0  14034
165  16510  2   2  16508
166  16512  2   0  16512
167  16512  2   0  16512
168  14099  4   0  0  0  14099
169  16512  3   0  0  16512
170  16510  2   4  16506
171  16512  3   0  0  16512
172  16046  3   1  0  16045
173  16490  2   0  16490
174  16484  2   0  16484
175  16500  3   0  0  16500
176  14289  3   0  0  14289
177  15892  2   1  15891
178  16479  3   0  1  16478
179  16099  3   0  0  16099
180  15940  2   2  15938
181  14440  2   0  14440
182  16512  3   0  0  16512
183  16512  4   0  1  0  16511
184  16512  2   0  16512
185  16035  4   0  0  0  16035
186  16496  2   0  16496
187  16512  2   2  16510
188  16486  3   0  0  16486
189  16512  2   0  16512
190  16512  2   54  16458
191  16056  2   0  16056
192  16308  3   0  0  16308
193  16512  3   2  1  16509
194  16512  2   0  16512
195  15598  2   0  15598
196  16506  4   0  0  1  16505
197  16134  2   0  16134
198  16384  2   0  16384
199  16510  2   0  16510
200  16506  3   967  0  15539
201  16512  2   0  16512
202  16338  2   0  16338
203  16008  3   0  20  15988
204  16470  3   6  0  16464
205  16512  2   0  16512
206  16483  4   0  0  2  16481
207  16506  3   0  0  16506
208  16512  2   0  16512
209  16512  3   0  0  16512
210  16478  2   0  16478
211  16512  3   0  0  16512
212  16512  2   2  16510
213  16504  2   0  16504
214  16132  3   0  0  16132
215  16510  2   0  16510
216  16512  3   0  3  16509
217  16106  2   0  16106
218  16504  3   0  1  16503
219  15998  3   0  0  15998
220  15534  2   0  15534
221  16466  2   0  16466
222  16512  3   0  0  16512
223  15492  2   0  15492
224  16512  3   0  0  16512
225  16502  2   0  16502
226  16094  2   0  16094
227  15568  2   0  15568
228  14766  2   1  14765
229  16478  2   0  16478
230  16366  2   0  16366
231  11696  2   0  11696
232  16498  2   0  16498
233  16430  2   5260  11170
234  14699  3   0  0  14699
235  16512  3   0  0  16512
236  15152  2   0  15152
237  16512  2   0  16512
238  16482  2   0  16482
239  16504  2   1  16503
240  15661  5   0  0  0  0  15661
241  16512  3   0  0  16512
242  16390  2   0  16390
243  15602  2   0  15602
244  16482  2   79  16403
245  15992  2   0  15992
246  16512  2   0  16512
247  16438  3   0  0  16438
248  16512  2   1  16511
249  13086  2   653  12433
250  12077  3   2  0  12075
251  12100  2   0  12100
252  16512  2   4  16508
253  14906  3   0  0  14906
254  16510  2   0  16510
255  16508  2   0  16508
256  16510  2   0  16510
257  12846  2   0  12846
258  16484  2   0  16484
259  16341  3   0  0  16341
260  13066  2   0  13066
261  16490  3   0  0  16490
262  16512  3   0  1  16511
263  16440  2   0  16440
264  16160  3   0  0  16160
265  16494  2   2  16492
266  16510  2   0  16510
267  16510  2   85  16425
268  16508  3   0  1  16507
269  14256  2   0  14256
270  16498  2   2  16496
271  16490  2   5  16485
272  12668  2   0  12668
273  16496  2   0  16496
274  16478  2   0  16478
275  16500  2   0  16500
276  16021  3   0  0  16021
277  16470  2   1  16469
278  15184  2   1  15183
279  16510  4   0  0  3  16507
280  16486  2   0  16486
281  16502  2   1  16501
282  16246  2   3  16243
283  16506  2   0  16506
284  15330  2   0  15330
285  16490  2   5  16485
286  16506  2   0  16506
287  16274  3   0  0  16274
288  16506  2   0  16506
289  15612  2   0  15612
290  16505  4   2  0  0  16503
291  11482  2   0  11482
292  16504  2   0  16504
293  16512  2   3  16509
294  16508  2   0  16508
295  16492  2   1  16491
296  16506  2   0  16506
297  16458  3   0  0  16458
298  11402  2   0  11402
299  16404  2   2  16402
300  16506  2   0  16506
301  16512  2   0  16512
302  16454  3   0  0  16454
303  16506  3   1  0  16505
304  16506  2   0  16506
305  16512  2   0  16512
306  16508  2   1  16507
307  16112  2   3  16109
308  16512  3   0  0  16512
309  16510  2   0  16510
310  16464  2   20  16444
311  16508  2   1  16507
312  16158  3   1  0  16157
313  16512  2   0  16512
314  16512  2   0  16512
315  16064  2   0  16064
316  16468  3   0  0  16468
317  16288  2   0  16288
318  16508  2   0  16508
319  16512  3   1  0  16511
320  16509  3   0  0  16509
321  16512  2   0  16512
322  10900  2   0  10900
323  16512  2   0  16512
324  16508  2   0  16508
325  16483  3   0  0  16483
326  16509  3   1  0  16508
327  16419  3   0  0  16419
328  16508  4   1  15  0  16492
329  16510  3   0  0  16510
330  16508  2   0  16508
331  16508  3   2  0  16506
332  16510  4   0  0  1  16509
333  16512  3   0  0  16512
334  16458  3   0  0  16458
335  10556  2   1  10555
336  16414  3   1  0  16413
337  16508  3   0  0  16508
338  16502  3   0  0  16502
339  16510  2   0  16510
340  16508  2   0  16508
341  10526  2   0  10526
342  16506  2   3  16503
343  16292  2   0  16292
344  10344  2   1  10343
345  16472  2   0  16472
346  16254  2   0  16254
347  16498  3   0  0  16498
348  16509  4   0  0  1  16508
349  16242  2   1  16241
350  16510  2   1  16509
351  16498  2   0  16498
352  16510  2   0  16510
353  14441  3   0  0  14441
354  16510  2   2  16508
355  16510  2   0  16510
356  16512  3   1  0  16511
357  16512  4   1  3  2  16506
358  16510  3   0  1  16509
359  15746  2   1  15745
360  16484  2   0  16484
361  15829  3   28  3  15798
362  16492  2   0  16492
363  15924  2   0  15924
364  16510  4   1  1280  0  15229
365  16512  2   0  16512
366  16486  2   0  16486
367  16074  2   0  16074
368  16512  2   0  16512
369  16488  2   0  16488
370  15988  2   2  15986
371  15940  2   0  15940
372  16488  4   0  0  0  16488
373  16512  2   0  16512
374  15836  3   0  3  15833
375  15723  3   0  0  15723
376  16510  2   0  16510
377  16512  2   0  16512
378  16512  2   0  16512
379  16492  2   0  16492
380  16506  2   0  16506
381  15610  2   2  15608
382  16512  3   0  1  16511
383  16512  4   0  0  0  16512
384  16510  2   0  16510
385  10082  3   0  4  10078
386  16510  3   0  0  16510
387  16504  2   1  16503
388  15506  2   0  15506
389  16510  2   0  16510
390  16512  2   0  16512
391  16510  3   3  2  16505
392  16510  3   0  1  16509
393  10092  2   0  10092
394  16510  2   0  16510
395  16510  2   9173  7337
396  16508  2   1  16507
397  16508  3   0  0  16508
398  16510  3   0  0  16510
399  16508  2   1  16507
400  16498  3   0  0  16498
401  16508  2   0  16508
402  16512  2   0  16512
403  16509  3   3068  0  13441
404  16508  4   1  0  0  16507
405  16509  5   1  0  1  1  16506
406  9877  4   0  0  0  9877
407  15804  2   0  15804
408  16510  3   0  1  16509
409  16432  2   0  16432
410  9872  2   0  9872
411  16455  4   0  10410  0  6045
412  16498  2   6  16492
413  16512  3   3  0  16509
414  15758  3   0  0  15758
415  16420  2   0  16420
416  16494  2   1  16493
417  16510  3   1  1  16508
418  16510  2   0  16510
419  16512  2   0  16512
420  16396  2   1  16395
421  16508  3   0  0  16508
422  16305  3   0  0  16305
423  16510  4   0  1  0  16509
424  16508  2   1  16507
425  16378  2   0  16378
426  15406  2   0  15406
427  15392  2   2  15390
428  15230  2   2  15228
429  16510  2   2  16508
430  16440  2   2  16438
431  16512  3   0  0  16512
432  16512  4   0  2645  527  13340
433  16434  2   1  16433
434  16512  3   0  1  16511
435  16512  2   0  16512
436  16512  3   0  0  16512
437  16510  2   0  16510
438  16457  4   0  0  1  16456
439  16508  2   1  16507
440  16508  2   0  16508
441  16487  3   0  0  16487
442  16512  3   0  1  16511
443  16508  2   0  16508
444  16476  3   0  0  16476
445  16414  3   1  0  16413
446  16504  2   1  16503
447  16486  3   0  0  16486
448  16512  3   0  0  16512
449  16512  4   0  0  0  16512
450  16510  2   7114  9396
451  16508  2   2  16506
452  15590  2   2  15588
453  16512  2   0  16512
454  9432  2   0  9432
455  16512  2   0  16512
456  16508  2   0  16508
457  16512  2   24  16488
458  16512  3   0  0  16512
459  16508  2   4  16504
460  16310  2   0  16310
461  15888  2   17  15871
462  9174  2   0  9174
463  16512  2   0  16512
464  16508  2   0  16508
465  16512  3   0  0  16512
466  16512  2   1  16511
467  16512  3   0  0  16512
468  16496  2   0  16496
469  16490  3   0  3  16487
470  16512  2   0  16512
471  16512  2   0  16512
472  16356  2   0  16356
473  16512  2   0  16512
474  16512  3   0  0  16512
475  15996  3   0  0  15996
476  16512  3   0  2  16510
477  16329  3   0  0  16329
478  8812  2   0  8812
479  15692  2   0  15692
480  16510  2   0  16510
481  16454  2   0  16454
482  16481  3   0  0  16481
483  16512  2   0  16512
484  16512  2   0  16512
485  16486  2   0  16486
486  16512  3   0  0  16512
487  16512  2   1  16511
488  16512  2   8  16504
489  16512  3   0  0  16512
490  16472  2   0  16472
491  16500  2   0  16500
492  15874  2   0  15874
493  16354  2   0  16354
494  16512  2   0  16512
495  16457  3   2  0  16455
496  8516  2   2  8514
497  16512  3   0  0  16512
498  15918  2   14  15904
499  15888  2   0  15888
500  16512  3   0  0  16512
501  16393  3   0  0  16393
502  16340  2   1  16339
503  15724  2   1  15723
504  16429  4   0  3  1  16425
505  16512  2   0  16512
506  16512  5   2  0  1  0  16509
507  16379  3   3  0  16376
508  15484  2   0  15484
509  16512  3   0  0  16512
510  16010  2   0  16010
511  16446  2   0  16446
512  15500  2   0  15500
513  16510  2   2  16508
514  16512  4   1  0  1  16510
515  15916  3   0  0  15916
516  15138  2   0  15138
517  8058  2   0  8058
518  16512  2   2777  13735
519  13450  2   3  13447
520  14632  2   0  14632
521  7972  2   5  7967
522  13702  2   0  13702
523  16380  2   0  16380
524  16512  2   11  16501

