[loci]=199

[populations]=7

[pop]=1
1  10362  3   0  0  10362
2  10260  2   0  10260
3  2730  2   0  2730
4  186  2   0  186
5  6418  2   0  6418
6  9952  2   46  9906
7  5738  2   0  5738
8  182  2   0  182
9  10385  3   0  1  10384
10  10404  3   1  1  10402
11  6194  2   0  6194
12  6314  2   0  6314
13  9328  2   0  9328
14  10377  3   0  0  10377
15  6202  2   0  6202
16  3830  3   0  0  3830
17  10292  2   1  10291
18  10394  3   0  2293  8101
19  3698  3   0  0  3698
20  10404  2   0  10404
21  10291  3   1  0  10290
22  10287  3   3  1  10283
23  10396  3   0  0  10396
24  10380  3   8  0  10372
25  10402  2   2  10400
26  10278  3   0  0  10278
27  10396  3   0  0  10396
28  10386  2   0  10386
29  10396  2   21  10375
30  10402  2   2  10400
31  2994  2   0  2994
32  10398  3   0  0  10398
33  10404  2   1  10403
34  10110  2   47  10063
35  10307  3   0  0  10307
36  10367  4   0  0  0  10367
37  2470  2   0  2470
38  10332  3   0  0  10332
39  10322  2   0  10322
40  10404  3   0  0  10404
41  10318  2   0  10318
42  4664  4   1  1  0  4662
43  10362  2   0  10362
44  10321  3   0  1  10320
45  10390  4   0  0  0  10390
46  10404  3   0  0  10404
47  10312  2   0  10312
48  10390  3   1  0  10389
49  10326  2   0  10326
50  4152  3   0  0  4152
51  10406  2   0  10406
52  10325  3   0  0  10325
53  876  2   0  876
54  3834  3   1  0  3833
55  9171  3   1  0  9170
56  10398  3   0  0  10398
57  10404  2   0  10404
58  9051  3   2  0  9049
59  3262  2   0  3262
60  10396  2   0  10396
61  6882  3   0  0  6882
62  10336  2   0  10336
63  10398  2   0  10398
64  3378  2   65  3313
65  10220  3   1  0  10219
66  6838  2   0  6838
67  8486  2   3  8483
68  10398  3   0  0  10398
69  6766  2   0  6766
70  10406  2   0  10406
71  10406  3   0  0  10406
72  10370  2   0  10370
73  10182  2   0  10182
74  3364  2   0  3364
75  10268  3   0  2  10266
76  10220  3   0  0  10220
77  10322  3   0  0  10322
78  10406  2   0  10406
79  10406  2   0  10406
80  7702  2   1  7701
81  10329  4   0  3  263  10063
82  10406  2   0  10406
83  10398  2   2  10396
84  10400  4   0  0  0  10400
85  2270  2   3  2267
86  10279  3   1  0  10278
87  10378  3   0  0  10378
88  84  2   0  84
89  10336  4   0  0  0  10336
90  10398  4   0  91  0  10307
91  10398  3   0  0  10398
92  60  2   0  60
93  10406  2   0  10406
94  3148  2   0  3148
95  10100  3   0  0  10100
96  10377  3   0  0  10377
97  10400  3   0  0  10400
98  8182  2   18  8164
99  10304  3   0  0  10304
100  10406  3   0  0  10406
101  10406  5   1  0  18  5  10382
102  9970  2   0  9970
103  10248  3   0  0  10248
104  10398  3   0  0  10398
105  10406  2   3  10403
106  1816  2   0  1816
107  10236  2   8  10228
108  10398  3   0  2  10396
109  10288  2   4  10284
110  10406  3   0  0  10406
111  10233  3   0  0  10233
112  10398  2   0  10398
113  10290  2   0  10290
114  10396  2   0  10396
115  10310  2   3  10307
116  10356  3   4  0  10352
117  10180  2   0  10180
118  8225  4   0  0  0  8225
119  10176  3   0  0  10176
120  10397  3   0  0  10397
121  10332  3   0  0  10332
122  10378  3   0  0  10378
123  10372  2   0  10372
124  10347  3   0  4  10343
125  10382  2   0  10382
126  10406  3   0  0  10406
127  10394  3   0  0  10394
128  10056  2   0  10056
129  1786  2   0  1786
130  10382  2   2365  8017
131  10007  3   0  0  10007
132  10376  5   0  0  0  0  10376
133  10376  3   0  0  10376
134  1768  2   0  1768
135  10398  2   0  10398
136  5662  2   0  5662
137  10386  2   0  10386
138  10381  4   0  0  0  10381
139  10058  2   0  10058
140  10381  4   0  1  0  10380
141  10376  2   2  10374
142  5507  3   1  0  5506
143  10377  4   15  0  0  10362
144  10398  4   0  0  2  10396
145  9234  2   1  9233
146  10406  2   0  10406
147  10376  2   0  10376
148  5180  2   0  5180
149  10406  3   0  50  10356
150  10406  2   0  10406
151  8662  2   0  8662
152  10074  2   5  10069
153  10386  2   0  10386
154  10373  4   0  0  0  10373
155  10362  2   0  10362
156  10396  2   2  10394
157  10343  3   0  0  10343
158  10357  4   0  0  0  10357
159  1550  2   2  1548
160  10378  2   0  10378
161  10354  2   1  10353
162  10329  3   0  0  10329
163  10376  2   1  10375
164  10314  2   1  10313
165  10323  4   0  0  0  10323
166  10406  2   13  10393
167  8738  2   0  8738
168  10366  2   0  10366
169  10322  2   0  10322
170  10377  3   0  1  10376
171  8718  2   2  8716
172  10378  3   0  0  10378
173  8700  2   0  8700
174  10378  2   8620  1758
175  10261  4   0  0  1  10260
176  10318  3   0  0  10318
177  10372  2   0  10372
178  10384  2   1  10383
179  10238  2   0  10238
180  8504  3   0  8  8496
181  10276  2   0  10276
182  10300  2   0  10300
183  10043  3   0  4  10039
184  10154  2   0  10154
185  10252  2   0  10252
186  10222  3   18  2  10202
187  10154  2   0  10154
188  10046  2   4  10042
189  10288  3   0  1  10287
190  3752  2   0  3752
191  10146  2   0  10146
192  10002  3   1  0  10001
193  10406  3   0  0  10406
194  3792  2   0  3792
195  10094  2   0  10094
196  1302  2   0  1302
197  10388  2   0  10388
198  8556  2   0  8556
199  10300  2   0  10300

[pop]=2
1  11559  3   1  0  11558
2  11360  2   0  11360
3  572  2   0  572
4  84  2   0  84
5  7290  2   0  7290
6  11482  2   2  11480
7  3128  2   0  3128
8  82  2   0  82
9  11576  3   0  0  11576
10  11576  3   0  0  11576
11  6662  2   1  6661
12  7980  2   0  7980
13  11064  2   0  11064
14  11570  3   0  0  11570
15  7724  2   0  7724
16  6410  3   0  0  6410
17  11368  2   0  11368
18  11574  3   0  2038  9536
19  6213  3   0  0  6213
20  11576  2   0  11576
21  11369  3   0  0  11369
22  11475  3   0  1  11474
23  11576  3   0  0  11576
24  11573  3   24  0  11549
25  11574  2   0  11574
26  11347  3   1  0  11346
27  11578  3   0  0  11578
28  11572  2   2  11570
29  11578  2   0  11578
30  11574  2   0  11574
31  5006  2   8  4998
32  11578  3   0  0  11578
33  11574  2   0  11574
34  11574  2   4  11570
35  11483  3   0  5  11478
36  11485  4   0  0  0  11485
37  3980  2   0  3980
38  11501  3   0  1  11500
39  11484  2   0  11484
40  11574  3   0  0  11574
41  11486  2   0  11486
42  4133  4   0  0  0  4133
43  11516  2   0  11516
44  11487  3   0  2  11485
45  11576  4   0  1  0  11575
46  11574  3   0  0  11574
47  11490  2   0  11490
48  11576  3   0  0  11576
49  11490  2   1  11489
50  3331  3   0  0  3331
51  11572  2   0  11572
52  11491  3   0  0  11491
53  1118  2   0  1118
54  2704  3   0  0  2704
55  11072  3   0  0  11072
56  11572  3   0  0  11572
57  11574  2   0  11574
58  10981  3   0  0  10981
59  874  2   0  874
60  11576  2   0  11576
61  5188  3   0  0  5188
62  11502  2   0  11502
63  11576  2   0  11576
64  902  2   5  897
65  11555  3   0  0  11555
66  5156  2   0  5156
67  10512  2   0  10512
68  11547  3   0  0  11547
69  5010  2   0  5010
70  11578  2   1  11577
71  11570  3   0  0  11570
72  11524  2   4  11520
73  11570  2   0  11570
74  896  2   0  896
75  11560  3   0  0  11560
76  11568  3   0  0  11568
77  11512  3   0  0  11512
78  11578  2   0  11578
79  11574  2   0  11574
80  7546  2   6  7540
81  11519  4   0  1  16  11502
82  11578  2   0  11578
83  11578  2   2  11576
84  11568  4   0  6  0  11562
85  506  2   2  504
86  11558  3   0  2  11556
87  11569  3   0  0  11569
88  44  2   0  44
89  11529  4   0  0  0  11529
90  11578  4   0  276  0  11302
91  11568  3   8  0  11560
92  30  2   0  30
93  11578  2   0  11578
94  742  2   1  741
95  11561  3   0  0  11561
96  11568  3   0  0  11568
97  11572  3   0  1  11571
98  8848  2   0  8848
99  11503  3   0  1  11502
100  11575  3   0  0  11575
101  11568  5   0  0  1395  9  10164
102  11526  2   0  11526
103  11547  3   0  0  11547
104  11569  3   0  0  11569
105  11576  2   0  11576
106  274  2   0  274
107  11542  2   14  11528
108  11570  3   1  0  11569
109  11516  2   0  11516
110  11577  3   0  0  11577
111  11474  3   0  0  11474
112  11570  2   2  11568
113  11516  2   13  11503
114  11576  2   0  11576
115  11512  2   0  11512
116  11511  3   0  0  11511
117  11528  2   0  11528
118  9059  4   0  1  0  9058
119  11526  3   0  0  11526
120  11568  3   1  0  11567
121  11520  3   1  0  11519
122  11564  3   0  0  11564
123  11534  2   1  11533
124  11530  3   0  1  11529
125  11570  2   0  11570
126  11578  3   0  0  11578
127  11566  3   0  1  11565
128  11500  2   0  11500
129  274  2   0  274
130  11542  2   2038  9504
131  11570  3   0  0  11570
132  11550  5   0  0  1  0  11549
133  11548  3   0  1  11547
134  270  2   0  270
135  11578  2   0  11578
136  6600  2   0  6600
137  11550  2   0  11550
138  11547  4   1  0  0  11546
139  11574  2   0  11574
140  11564  4   0  0  0  11564
141  11542  2   0  11542
142  6329  3   0  4  6325
143  11543  4   1  0  0  11542
144  11578  4   1  0  0  11577
145  11368  2   0  11368
146  11578  2   0  11578
147  11544  2   0  11544
148  5968  2   0  5968
149  11578  3   0  1  11577
150  11574  2   0  11574
151  9884  2   0  9884
152  11574  2   0  11574
153  11554  2   2  11552
154  11550  4   1  1  0  11548
155  11536  2   0  11536
156  11578  2   7  11571
157  11490  3   0  0  11490
158  11533  4   1  0  0  11532
159  240  2   0  240
160  11564  2   0  11564
161  11530  2   1  11529
162  11467  3   0  1  11466
163  11544  2   0  11544
164  11536  2   0  11536
165  11459  4   0  0  0  11459
166  11574  2   48  11526
167  9944  2   0  9944
168  11572  2   9  11563
169  11464  2   0  11464
170  11547  3   0  0  11547
171  9898  2   0  9898
172  11546  3   0  0  11546
173  9844  2   0  9844
174  11536  2   5222  6314
175  11365  4   0  0  0  11365
176  11516  3   0  0  11516
177  11552  2   0  11552
178  11548  2   0  11548
179  11336  2   0  11336
180  9361  3   0  0  9361
181  11460  2   0  11460
182  11510  2   0  11510
183  11572  3   3  2  11567
184  11278  2   0  11278
185  11426  2   0  11426
186  11478  3   23  0  11455
187  11344  2   0  11344
188  11128  2   0  11128
189  11502  3   0  0  11502
190  1316  2   0  1316
191  11416  2   0  11416
192  11085  3   0  0  11085
193  11566  3   0  0  11566
194  1366  2   0  1366
195  11382  2   0  11382
196  330  2   0  330
197  11570  2   0  11570
198  10758  2   34  10724
199  11568  2   0  11568

[pop]=3
1  8644  3   0  0  8644
2  8592  2   0  8592
3  1162  2   3  1159
4  130  2   0  130
5  6334  2   0  6334
6  8460  2   0  8460
7  4384  2   0  4384
8  126  2   0  126
9  8639  3   0  0  8639
10  8654  3   0  0  8654
11  5908  2   0  5908
12  6398  2   0  6398
13  8238  2   0  8238
14  8648  3   0  0  8648
15  6244  2   0  6244
16  5068  3   0  5  5063
17  8622  2   2  8620
18  8644  3   1  438  8205
19  4948  3   0  0  4948
20  8654  2   4  8650
21  8623  3   0  0  8623
22  8617  3   0  1  8616
23  8644  3   0  0  8644
24  8650  3   2  2  8646
25  8654  2   0  8654
26  8613  3   0  0  8613
27  8645  3   3  1  8641
28  8652  2   0  8652
29  8646  2   0  8646
30  8654  2   0  8654
31  4014  2   0  4014
32  8646  3   0  0  8646
33  8654  2   0  8654
34  8648  2   0  8648
35  8617  3   4  0  8613
36  8622  4   0  0  0  8622
37  3280  2   0  3280
38  8618  3   0  0  8618
39  8616  2   0  8616
40  8654  3   0  0  8654
41  8622  2   0  8622
42  4114  4   0  0  0  4114
43  8626  2   0  8626
44  8622  3   0  3  8619
45  8654  4   0  0  0  8654
46  8654  3   0  0  8654
47  8624  2   1  8623
48  8653  3   0  0  8653
49  8624  2   0  8624
50  3481  3   0  0  3481
51  8654  2   2  8652
52  8624  3   0  0  8624
53  1104  2   0  1104
54  3092  3   8  1  3083
55  8318  3   0  1  8317
56  8653  3   3  1  8649
57  8654  2   0  8654
58  8256  3   0  0  8256
59  1698  2   0  1698
60  8652  2   0  8652
61  5395  3   0  0  5395
62  8628  2   0  8628
63  8648  2   2  8646
64  1700  2   0  1700
65  8613  3   0  0  8613
66  5372  2   1  5371
67  7928  2   0  7928
68  8644  3   0  3  8641
69  5306  2   2  5304
70  8654  2   0  8654
71  8654  3   0  0  8654
72  8648  2   0  8648
73  8646  2   0  8646
74  1754  2   0  1754
75  8614  3   0  0  8614
76  8646  3   0  0  8646
77  8626  3   0  0  8626
78  8654  2   0  8654
79  8654  2   0  8654
80  6628  2   0  6628
81  8631  4   1  0  1  8629
82  8654  2   0  8654
83  8650  2   1  8649
84  8654  4   0  1  0  8653
85  924  2   0  924
86  8612  3   0  0  8612
87  8654  3   0  0  8654
88  56  2   0  56
89  8625  4   0  0  0  8625
90  8650  4   0  6  0  8644
91  8654  3   0  0  8654
92  38  2   0  38
93  8654  2   15  8639
94  1528  2   2  1526
95  8642  3   0  4  8638
96  8654  3   0  0  8654
97  8646  3   0  0  8646
98  7328  2   0  7328
99  8627  3   0  0  8627
100  8654  3   3  4  8647
101  8645  5   0  0  388  0  8257
102  8628  2   0  8628
103  8600  3   0  0  8600
104  8646  3   0  0  8646
105  8654  2   0  8654
106  366  2   0  366
107  8600  2   0  8600
108  8646  3   0  0  8646
109  8614  2   0  8614
110  8654  3   0  0  8654
111  8558  3   0  0  8558
112  8646  2   0  8646
113  8612  2   2  8610
114  8650  2   0  8650
115  8628  2   0  8628
116  8642  3   0  0  8642
117  8590  2   0  8590
118  7490  4   2  0  0  7488
119  8586  3   0  0  8586
120  8646  3   0  6  8640
121  8634  3   0  0  8634
122  8644  3   0  1  8643
123  8642  2   0  8642
124  8637  3   1  13  8623
125  8646  2   0  8646
126  8654  3   0  0  8654
127  8642  3   0  0  8642
128  8576  2   0  8576
129  356  2   4  352
130  8632  2   445  8187
131  8640  3   2  0  8638
132  8646  5   0  0  0  0  8646
133  8646  3   0  0  8646
134  352  2   0  352
135  8654  2   0  8654
136  4646  2   0  4646
137  8636  2   0  8636
138  8635  4   0  0  0  8635
139  8642  2   0  8642
140  8648  4   0  0  0  8648
141  8646  2   0  8646
142  4448  3   0  0  4448
143  8631  4   0  0  0  8631
144  8654  4   0  0  0  8654
145  8500  2   0  8500
146  8654  2   0  8654
147  8630  2   0  8630
148  4122  2   0  4122
149  8654  3   0  3  8651
150  8654  2   0  8654
151  7892  2   0  7892
152  8642  2   0  8642
153  8650  2   0  8650
154  8646  4   0  0  0  8646
155  8644  2   1  8643
156  8654  2   0  8654
157  8606  3   0  0  8606
158  8642  4   0  0  0  8642
159  280  2   1  279
160  8648  2   0  8648
161  8642  2   1  8641
162  8588  3   0  0  8588
163  8646  2   0  8646
164  8644  2   0  8644
165  8582  4   0  0  0  8582
166  8654  2   1  8653
167  7918  2   0  7918
168  8646  2   0  8646
169  8578  2   39  8539
170  8646  3   0  0  8646
171  7892  2   0  7892
172  8645  3   0  0  8645
173  7884  2   85  7799
174  8644  2   8223  421
175  8518  4   0  0  0  8518
176  8630  3   0  0  8630
177  8642  2   0  8642
178  8644  2   0  8644
179  8502  2   0  8502
180  7633  3   0  0  7633
181  8620  2   0  8620
182  8614  2   0  8614
183  8639  3   0  0  8639
184  8458  2   0  8458
185  8612  2   0  8612
186  8593  3   0  0  8593
187  8572  2   11  8561
188  8352  2   0  8352
189  8632  3   26  0  8606
190  1792  2   0  1792
191  8552  2   0  8552
192  8300  3   0  1  8299
193  8654  3   0  1  8653
194  1804  2   0  1804
195  8518  2   0  8518
196  570  2   1  569
197  8642  2   0  8642
198  7928  2   0  7928
199  8654  2   1  8653

[pop]=4
1  6614  3   0  0  6614
2  6488  2   0  6488
3  1710  2   0  1710
4  0  2   0  0
5  3152  2   1  3151
6  6598  2   0  6598
7  3876  2   0  3876
8  0  2   0  0
9  6614  3   0  0  6614
10  6614  3   0  0  6614
11  2928  2   0  2928
12  3282  2   0  3282
13  6174  2   0  6174
14  6614  3   0  0  6614
15  3208  2   0  3208
16  2180  3   0  0  2180
17  6498  2   0  6498
18  6614  3   0  390  6224
19  2100  3   0  0  2100
20  6610  2   0  6610
21  6500  3   0  0  6500
22  6546  3   0  0  6546
23  6614  3   0  0  6614
24  6614  3   3  0  6611
25  6614  2   0  6614
26  6490  3   0  0  6490
27  6614  3   0  0  6614
28  6614  2   0  6614
29  6614  2   0  6614
30  6614  2   0  6614
31  1642  2   6  1636
32  6614  3   0  0  6614
33  6610  2   0  6610
34  6610  2   0  6610
35  6552  3   0  0  6552
36  6604  4   0  0  1  6603
37  1326  2   0  1326
38  6587  3   0  0  6587
39  6552  2   0  6552
40  6608  3   0  0  6608
41  6546  2   0  6546
42  1660  4   0  0  0  1660
43  6594  2   0  6594
44  6546  3   0  0  6546
45  6614  4   0  0  0  6614
46  6605  3   0  0  6605
47  6550  2   0  6550
48  6614  3   0  0  6614
49  6558  2   0  6558
50  1232  3   0  0  1232
51  6614  2   0  6614
52  6559  3   0  0  6559
53  354  2   0  354
54  994  3   0  0  994
55  6200  3   0  0  6200
56  6614  3   0  0  6614
57  6604  2   0  6604
58  6150  3   0  1  6149
59  1984  2   0  1984
60  6614  2   0  6614
61  4621  3   0  0  4621
62  6564  2   0  6564
63  6614  2   0  6614
64  1982  2   0  1982
65  6608  3   0  0  6608
66  4574  2   0  4574
67  5868  2   0  5868
68  6612  3   0  0  6612
69  4500  2   0  4500
70  6614  2   0  6614
71  6614  3   0  0  6614
72  6602  2   0  6602
73  6610  2   0  6610
74  1966  2   0  1966
75  6610  3   0  2  6608
76  6606  3   3  0  6603
77  6566  3   0  0  6566
78  6614  2   0  6614
79  6614  2   0  6614
80  5586  2   2  5584
81  6570  4   0  0  0  6570
82  6614  2   0  6614
83  6614  2   0  6614
84  6614  4   0  0  0  6614
85  192  2   2  190
86  6608  3   0  0  6608
87  6612  3   0  0  6612
88  6  2   0  6
89  6566  4   0  0  0  6566
90  6614  4   0  249  0  6365
91  6614  3   0  0  6614
92  4  2   0  4
93  6614  2   2  6612
94  1896  2   2  1894
95  6614  3   0  0  6614
96  6612  3   0  0  6612
97  6612  3   0  0  6612
98  5934  2   0  5934
99  6582  3   0  0  6582
100  6614  3   0  0  6614
101  6614  5   0  0  0  1  6613
102  6610  2   0  6610
103  6602  3   1  0  6601
104  6611  3   0  0  6611
105  6614  2   0  6614
106  30  2   0  30
107  6600  2   3  6597
108  6612  3   0  0  6612
109  6560  2   0  6560
110  6614  3   0  0  6614
111  6573  3   1  0  6572
112  6612  2   0  6612
113  6558  2   4  6554
114  6614  2   0  6614
115  6466  2   0  6466
116  6539  3   0  0  6539
117  6594  2   0  6594
118  5977  4   0  0  0  5977
119  6590  3   0  0  6590
120  6609  3   0  0  6609
121  6484  3   0  0  6484
122  6614  3   0  0  6614
123  6568  2   0  6568
124  6503  3   0  0  6503
125  6614  2   0  6614
126  6614  3   0  0  6614
127  6606  3   0  0  6606
128  6562  2   0  6562
129  36  2   0  36
130  6590  2   390  6200
131  6612  3   0  0  6612
132  6588  5   0  0  0  0  6588
133  6590  3   0  0  6590
134  34  2   0  34
135  6614  2   0  6614
136  3876  2   0  3876
137  6580  2   0  6580
138  6578  4   0  0  0  6578
139  6612  2   0  6612
140  6614  4   0  0  1  6613
141  6592  2   0  6592
142  3750  3   0  0  3750
143  6569  4   0  0  34  6535
144  6614  4   0  0  0  6614
145  6344  2   0  6344
146  6614  2   0  6614
147  6564  2   0  6564
148  3570  2   0  3570
149  6614  3   0  0  6614
150  6614  2   0  6614
151  6072  2   5  6067
152  6612  2   0  6612
153  6562  2   0  6562
154  6525  4   0  0  0  6525
155  6580  2   0  6580
156  6614  2   10  6604
157  6518  3   0  0  6518
158  6577  4   0  0  0  6577
159  20  2   0  20
160  6614  2   0  6614
161  6574  2   0  6574
162  6495  3   0  0  6495
163  6520  2   0  6520
164  6606  2   0  6606
165  6487  4   0  0  0  6487
166  6614  2   10  6604
167  6136  2   0  6136
168  6610  2   0  6610
169  6484  2   0  6484
170  6523  3   0  0  6523
171  6130  2   0  6130
172  6518  3   0  0  6518
173  6124  2   0  6124
174  6512  2   2179  4333
175  6397  4   0  0  0  6397
176  6478  3   0  0  6478
177  6612  2   0  6612
178  6580  2   32  6548
179  6364  2   0  6364
180  5943  3   0  0  5943
181  6516  2   0  6516
182  6450  2   0  6450
183  6610  3   0  3  6607
184  6326  2   0  6326
185  6492  2   1  6491
186  6593  3   68  0  6525
187  6434  2   0  6434
188  6202  2   0  6202
189  6552  3   0  0  6552
190  2336  2   0  2336
191  6562  2   0  6562
192  6161  3   0  0  6161
193  6614  3   0  0  6614
194  2372  2   0  2372
195  6552  2   0  6552
196  50  2   1  49
197  6610  2   0  6610
198  5916  2   0  5916
199  6614  2   0  6614

[pop]=5
1  66626  3   0  0  66626
2  66146  2   4  66142
3  11378  2   0  11378
4  2306  2   0  2306
5  46168  2   1  46167
6  64978  2   1  64977
7  30362  2   10  30352
8  2266  2   0  2266
9  66607  3   0  0  66607
10  66619  3   1  0  66618
11  43102  2   52  43050
12  46364  2   3  46361
13  62246  2   0  62246
14  66680  3   0  0  66680
15  45614  2   1  45613
16  33938  3   1  0  33937
17  66204  2   2  66202
18  66660  3   0  4403  62257
19  33010  3   3  1  33006
20  66736  2   0  66736
21  66217  3   0  1  66216
22  66303  3   0  3  66300
23  66660  3   0  1  66659
24  66683  3   152  0  66531
25  66662  2   0  66662
26  66137  3   0  10  66127
27  66671  3   0  0  66671
28  66686  2   0  66686
29  66684  2   0  66684
30  66666  2   0  66666
31  26666  2   45  26621
32  66681  3   0  2  66679
33  66730  2   0  66730
34  66588  2   1  66587
35  65982  3   0  1  65981
36  66336  4   1  1  0  66334
37  21810  2   6  21804
38  66224  3   1  6  66217
39  66024  2   0  66024
40  66720  3   1  1  66718
41  66052  2   5  66047
42  29612  4   3  0  0  29609
43  66332  2   2  66330
44  66065  3   0  2  66063
45  66690  4   1  0  0  66689
46  66722  3   1  0  66721
47  66086  2   1  66085
48  66687  3   5  1  66681
49  66092  2   2  66090
50  25496  3   1  12  25483
51  66732  2   0  66732
52  66122  3   1  0  66121
53  7538  2   2  7536
54  22472  3   0  0  22472
55  61935  3   2  3  61930
56  66667  3   0  0  66667
57  66706  2   3  66703
58  61415  3   0  0  61415
59  14250  2   4  14246
60  66702  2   0  66702
61  39315  3   1  1  39313
62  66160  2   0  66160
63  66702  2   0  66702
64  14350  2   3  14347
65  66022  3   0  1  66021
66  39020  2   1  39019
67  58834  2   0  58834
68  66688  3   1  3  66684
69  38372  2   0  38372
70  66740  2   0  66740
71  66724  3   1  5  66718
72  66436  2   0  66436
73  66638  2   40  66598
74  14506  2   2  14504
75  66026  3   3  1  66022
76  66642  3   28  0  66614
77  66178  3   1  1  66176
78  66740  2   4  66736
79  66730  2   3  66727
80  46290  2   69  46221
81  66197  4   0  0  4  66193
82  66740  2   5  66735
83  66706  2   60  66646
84  66725  4   0  0  2  66723
85  8934  2   86  8848
86  66054  3   0  0  66054
87  66720  3   1  1  66718
88  578  2   7  571
89  66148  4   0  1  4  66143
90  66709  4   1  3276  1  63431
91  66724  3   0  2  66722
92  408  2   0  408
93  66738  2   37  66701
94  13490  2   0  13490
95  66191  3   1  0  66190
96  66717  3   28  1  66688
97  66686  3   0  1  66685
98  51780  2   0  51780
99  65996  3   0  0  65996
100  66737  3   0  0  66737
101  66738  5   0  1  10  113  66614
102  65812  2   3  65809
103  65905  3   0  1  65904
104  66676  3   7  0  66669
105  66740  2   0  66740
106  5212  2   7  5205
107  65870  2   175  65695
108  66684  3   0  0  66684
109  65798  2   1  65797
110  66738  3   1  0  66737
111  65515  3   0  1  65514
112  66684  2   0  66684
113  65816  2   5  65811
114  66616  2   2  66614
115  66130  2   0  66130
116  66238  3   1  0  66237
117  65730  2   3  65727
118  52967  4   0  0  2  52965
119  65694  3   1  1  65692
120  66676  3   0  0  66676
121  66212  3   0  1  66211
122  66604  3   0  1  66603
123  66278  2   0  66278
124  66275  3   0  1  66274
125  66622  2   17  66605
126  66737  3   1  1  66735
127  66654  3   1  1  66652
128  65340  2   0  65340
129  5028  2   0  5028
130  66620  2   4408  62212
131  66592  3   0  1  66591
132  66346  5   1  1  3  1  66340
133  66348  3   1  0  66347
134  4866  2   0  4866
135  66634  2   7  66627
136  38130  2   4  38126
137  66580  2   1  66579
138  66572  4   1  1  0  66570
139  66602  2   2  66600
140  66650  4   11  0  18  66621
141  66348  2   1  66347
142  36870  3   0  10  36860
143  66525  4   0  0  14  66511
144  66621  4   0  4  0  66617
145  63744  2   1  63743
146  66738  2   0  66738
147  66518  2   0  66518
148  34690  2   1  34689
149  66737  3   1  0  66736
150  66734  2   3  66731
151  58384  2   0  58384
152  66598  2   0  66598
153  66524  2   1  66523
154  66367  4   1  1  0  66365
155  66306  2   7  66299
156  66606  2   141  66465
157  66300  3   0  16  66284
158  66296  4   0  0  4  66292
159  4058  2   0  4058
160  66616  2   13  66603
161  66286  2   2  66284
162  66185  3   0  0  66185
163  66364  2   1  66363
164  66358  2   1  66357
165  66153  4   1  0  1  66151
166  66732  2   394  66338
167  58912  2   1  58911
168  66694  2   0  66694
169  66124  2   1  66123
170  66353  3   1  0  66352
171  58724  2   0  58724
172  66345  3   0  3  66342
173  58626  2   1  58625
174  66344  2   22068  44276
175  65693  4   3  0  0  65690
176  66258  3   1  3  66254
177  66572  2   0  66572
178  66466  2   142  66324
179  65542  2   3  65539
180  56305  3   1  0  56304
181  66084  2   0  66084
182  66212  2   3  66209
183  66552  3   0  126  66426
184  65206  2   2  65204
185  66000  2   2  65998
186  65752  3   580  0  65172
187  65698  2   0  65698
188  64372  2   0  64372
189  66084  3   0  0  66084
190  19310  2   2  19308
191  65162  2   2  65160
192  64157  3   4  1  64152
193  66728  3   1  0  66727
194  19604  2   3  19601
195  64660  2   0  64660
196  5168  2   0  5168
197  66698  2   0  66698
198  60328  2   3  60325
199  66656  2   1  66655

[pop]=6
1  906  3   0  0  906
2  906  2   0  906
3  276  2   0  276
4  110  2   0  110
5  564  2   0  564
6  882  2   0  882
7  524  2   0  524
8  108  2   0  108
9  906  3   0  0  906
10  908  3   0  0  908
11  544  2   0  544
12  562  2   0  562
13  828  2   0  828
14  908  3   0  0  908
15  550  2   0  550
16  442  3   0  0  442
17  906  2   0  906
18  906  3   0  63  843
19  424  3   0  0  424
20  908  2   0  908
21  905  3   0  0  905
22  903  3   0  0  903
23  906  3   0  0  906
24  908  3   1  0  907
25  908  2   0  908
26  904  3   0  0  904
27  906  3   0  0  906
28  908  2   0  908
29  906  2   0  906
30  908  2   0  908
31  370  2   0  370
32  906  3   0  0  906
33  908  2   0  908
34  904  2   1  903
35  888  3   0  0  888
36  904  4   0  0  0  904
37  310  2   0  310
38  908  3   0  0  908
39  892  2   0  892
40  908  3   0  0  908
41  892  2   0  892
42  385  4   0  0  0  385
43  908  2   0  908
44  893  3   1  0  892
45  908  4   0  0  0  908
46  908  3   0  0  908
47  894  2   0  894
48  908  3   0  0  908
49  894  2   0  894
50  340  3   0  0  340
51  908  2   0  908
52  898  3   1  0  897
53  178  2   0  178
54  301  3   0  0  301
55  819  3   0  0  819
56  908  3   0  0  908
57  904  2   0  904
58  812  3   0  0  812
59  290  2   0  290
60  908  2   0  908
61  590  3   0  0  590
62  900  2   0  900
63  908  2   0  908
64  294  2   0  294
65  900  3   0  0  900
66  588  2   0  588
67  780  2   0  780
68  906  3   0  0  906
69  582  2   0  582
70  908  2   0  908
71  908  3   0  0  908
72  908  2   0  908
73  908  2   1  907
74  298  2   0  298
75  900  3   0  0  900
76  908  3   0  0  908
77  902  3   0  0  902
78  908  2   0  908
79  908  2   0  908
80  682  2   1  681
81  900  4   0  0  2  898
82  908  2   0  908
83  908  2   2  906
84  908  4   0  0  0  908
85  190  2   2  188
86  901  3   0  0  901
87  906  3   0  0  906
88  38  2   1  37
89  900  4   0  0  0  900
90  908  4   0  44  0  864
91  908  3   0  0  908
92  26  2   0  26
93  908  2   0  908
94  296  2   0  296
95  884  3   0  0  884
96  906  3   2  0  904
97  908  3   0  0  908
98  756  2   0  756
99  904  3   0  0  904
100  908  3   0  0  908
101  908  5   0  0  4  1  903
102  874  2   0  874
103  898  3   0  0  898
104  908  3   0  0  908
105  908  2   0  908
106  60  2   0  60
107  898  2   0  898
108  908  3   0  0  908
109  880  2   1  879
110  908  3   0  0  908
111  902  3   0  0  902
112  908  2   0  908
113  878  2   0  878
114  908  2   0  908
115  896  2   0  896
116  902  3   0  0  902
117  896  2   0  896
118  777  4   0  0  0  777
119  898  3   0  0  898
120  907  3   0  0  907
121  898  3   0  0  898
122  902  3   0  0  902
123  902  2   1  901
124  900  3   1  1  898
125  902  2   0  902
126  908  3   0  0  908
127  906  3   0  0  906
128  892  2   0  892
129  64  2   1  63
130  906  2   63  843
131  904  3   0  0  904
132  902  5   0  0  0  0  902
133  902  3   0  0  902
134  64  2   0  64
135  908  2   0  908
136  570  2   0  570
137  902  2   2  900
138  904  4   0  0  0  904
139  904  2   0  904
140  902  4   0  0  0  902
141  900  2   0  900
142  557  3   0  0  557
143  902  4   0  0  0  902
144  908  4   0  0  0  908
145  866  2   0  866
146  908  2   0  908
147  902  2   0  902
148  538  2   0  538
149  908  3   0  0  908
150  908  2   0  908
151  806  2   0  806
152  904  2   0  904
153  904  2   0  904
154  902  4   0  0  0  902
155  900  2   0  900
156  908  2   1  907
157  896  3   0  1  895
158  900  4   0  0  0  900
159  54  2   0  54
160  906  2   0  906
161  900  2   0  900
162  893  3   0  0  893
163  902  2   0  902
164  902  2   0  902
165  891  4   0  0  0  891
166  908  2   5  903
167  812  2   0  812
168  906  2   0  906
169  892  2   0  892
170  902  3   0  0  902
171  802  2   0  802
172  902  3   0  0  902
173  802  2   0  802
174  906  2   372  534
175  884  4   0  0  0  884
176  900  3   0  0  900
177  902  2   0  902
178  908  2   2  906
179  878  2   0  878
180  778  3   0  0  778
181  892  2   0  892
182  900  2   0  900
183  903  3   1  0  902
184  870  2   0  870
185  886  2   0  886
186  889  3   5  0  884
187  876  2   0  876
188  858  2   0  858
189  896  3   0  0  896
190  340  2   0  340
191  878  2   0  878
192  852  3   0  0  852
193  908  3   0  0  908
194  340  2   0  340
195  872  2   0  872
196  130  2   0  130
197  906  2   0  906
198  812  2   0  812
199  908  2   0  908

[pop]=7
1  16498  3   0  19  16479
2  16230  2   0  16230
3  7876  2   1  7875
4  6732  2   5  6727
5  12324  2   4  12320
6  16482  2   0  16482
7  10120  2   1  10119
8  6620  2   2  6618
9  16512  3   2  1  16509
10  16400  3   0  0  16400
11  12020  2   13  12007
12  12514  2   0  12514
13  15986  2   4  15982
14  16502  3   1  4  16497
15  12376  2   1  12375
16  11606  3   0  0  11606
17  16196  2   0  16196
18  16512  3   0  1692  14820
19  11470  3   9  0  11461
20  16512  2   0  16512
21  16198  3   0  0  16198
22  16305  3   4  0  16301
23  16512  3   1  0  16511
24  16506  3   37  0  16469
25  16500  2   0  16500
26  16169  3   0  0  16169
27  16512  3   0  0  16512
28  16508  2   0  16508
29  16512  2   0  16512
30  16502  2   0  16502
31  10682  2   3  10679
32  16512  3   1  0  16511
33  16512  2   1  16511
34  16402  2   1  16401
35  16104  3   0  1  16103
36  16411  4   0  0  0  16411
37  10012  2   0  10012
38  16420  3   17  0  16403
39  16192  2   2  16190
40  16512  3   0  0  16512
41  16266  2   1  16265
42  10409  4   6  0  1  10402
43  16454  2   0  16454
44  16310  3   0  28  16282
45  16510  4   0  1  1  16508
46  16512  3   0  1  16511
47  16338  2   0  16338
48  16510  3   4  1  16505
49  16370  2   0  16370
50  9940  3   0  1  9939
51  16498  2   0  16498
52  16396  3   0  1  16395
53  7816  2   0  7816
54  9596  3   3  1  9592
55  13486  3   0  0  13486
56  16500  3   1  1  16498
57  16512  2   0  16512
58  13247  3   0  0  13247
59  8244  2   0  8244
60  16510  2   2  16508
61  11205  3   0  0  11205
62  16456  2   4  16452
63  16510  2   2  16508
64  8244  2   0  8244
65  16508  3   0  0  16508
66  11172  2   0  11172
67  12184  2   0  12184
68  16484  3   0  0  16484
69  11074  2   0  11074
70  16512  2   1  16511
71  16508  3   0  0  16508
72  16484  2   0  16484
73  16512  2   0  16512
74  8246  2   0  8246
75  16506  3   0  1  16505
76  16511  3   0  2  16509
77  16458  3   0  0  16458
78  16512  2   0  16512
79  16510  2   0  16510
80  12938  2   23  12915
81  16459  4   0  1  0  16458
82  16512  2   0  16512
83  16512  2   212  16300
84  16507  4   16  0  0  16491
85  7950  2   9  7941
86  16506  3   0  0  16506
87  16506  3   0  0  16506
88  2218  2   6  2212
89  16384  4   5  0  0  16379
90  16512  4   0  218  0  16294
91  16510  3   0  0  16510
92  1864  2   2  1862
93  16512  2   0  16512
94  8156  2   0  8156
95  15577  3   0  0  15577
96  16506  3   0  0  16506
97  16512  3   1  0  16511
98  13960  2   0  13960
99  16402  3   1  0  16401
100  16512  3   0  0  16512
101  16512  5   0  0  19  0  16493
102  15076  2   0  15076
103  16500  3   0  0  16500
104  16512  3   0  1  16511
105  16512  2   0  16512
106  394  2   0  394
107  16500  2   1  16499
108  16512  3   0  0  16512
109  15710  2   0  15710
110  16512  3   0  1  16511
111  16259  3   0  0  16259
112  16512  2   0  16512
113  15734  2   1  15733
114  16434  2   0  16434
115  16350  2   0  16350
116  16461  3   0  1  16460
117  16500  2   0  16500
118  14281  4   0  0  1  14280
119  16498  3   0  0  16498
120  16512  3   0  0  16512
121  16410  3   0  0  16410
122  16423  3   1  1  16421
123  16476  2   50  16426
124  16441  3   2  0  16439
125  16454  2   0  16454
126  16512  3   0  0  16512
127  16510  3   3  0  16507
128  16494  2   18  16476
129  390  2   0  390
130  16504  2   1693  14811
131  16495  3   0  0  16495
132  16489  5   0  0  1  0  16488
133  16490  3   0  0  16490
134  384  2   2  382
135  16452  2   0  16452
136  11316  2   0  11316
137  16496  2   36  16460
138  16491  4   0  0  2  16489
139  16496  2   0  16496
140  16480  4   0  0  0  16480
141  16482  2   0  16482
142  11115  3   0  0  11115
143  16487  4   0  3  0  16484
144  16411  4   0  0  0  16411
145  16432  2   0  16432
146  16512  2   2  16510
147  16486  2   2  16484
148  10800  2   1  10799
149  16512  3   0  1  16511
150  16512  2   0  16512
151  14288  2   0  14288
152  16494  2   0  16494
153  16472  2   0  16472
154  16485  4   2  0  2  16481
155  16464  2   0  16464
156  16264  2   0  16264
157  16455  3   1  2  16452
158  16456  4   0  1  0  16455
159  372  2   0  372
160  16482  2   0  16482
161  16446  2   0  16446
162  16436  3   1  0  16435
163  16484  2   0  16484
164  16356  2   0  16356
165  16425  4   0  1  0  16424
166  16512  2   181  16331
167  14396  2   1  14395
168  16504  2   0  16504
169  16422  2   3  16419
170  16484  3   0  0  16484
171  14358  2   0  14358
172  16478  3   5  0  16473
173  14312  2   0  14312
174  16484  2   9160  7324
175  16345  4   0  3  0  16342
176  16412  3   0  0  16412
177  16446  2   2  16444
178  16476  2   0  16476
179  16308  2   0  16308
180  13898  3   0  0  13898
181  16374  2   4  16370
182  16374  2   0  16374
183  16487  3   0  0  16487
184  16220  2   0  16220
185  16332  2   0  16332
186  15887  3   49  0  15838
187  16224  2   0  16224
188  16074  2   0  16074
189  16494  3   0  0  16494
190  8456  2   0  8456
191  15454  2   0  15454
192  16013  3   4  0  16009
193  16512  3   0  0  16512
194  8512  2   0  8512
195  15136  2   2  15134
196  5872  2   0  5872
197  16502  2   3  16499
198  15870  2   0  15870
199  16512  2   0  16512

