[loci]=121

[populations]=7

[pop]=1
1  9773  3   0  0  9773
2  9798  4   0  0  4  9794
3  10358  3   3  10  10345
4  9823  4   0  0  0  9823
5  10268  4   0  0  0  10268
6  10387  3   1  0  10386
7  10398  4   0  0  1  10397
8  10306  3   1  0  10305
9  9858  2   326  9532
10  10270  3   0  1  10269
11  10394  3   0  0  10394
12  10358  2   0  10358
13  9858  2   2  9856
14  5759  2   0  5759
15  9906  2   3  9903
16  10263  3   0  1  10262
17  10244  2   0  10244
18  10404  4   0  0  0  10404
19  10242  2   0  10242
20  10402  2   102  10300
21  10115  3   0  0  10115
22  10358  3   0  0  10358
23  10232  3   0  157  10075
24  10298  2   0  10298
25  10214  3   0  0  10214
26  10358  2   0  10358
27  10024  2   5  10019
28  10402  2   1  10401
29  10312  2   2648  7664
30  10184  2   2  10182
31  10354  2   2  10352
32  10079  4   0  0  0  10079
33  10136  2   23  10113
34  10208  2   1  10207
35  10354  2   3  10351
36  10132  2   0  10132
37  10404  2   0  10404
38  10248  3   0  0  10248
39  10123  3   0  0  10123
40  10174  2   1  10173
41  10104  2   57  10047
42  10406  2   1  10405
43  10406  2   0  10406
44  10168  2   0  10168
45  10404  3   0  0  10404
46  8479  2   0  8479
47  10406  2   0  10406
48  10406  2   39  10367
49  10406  2   93  10313
50  10372  2   0  10372
51  9842  3   0  0  9842
52  10406  2   3  10403
53  10256  2   8  10248
54  10406  2   0  10406
55  10318  5   1  3  0  0  10314
56  9807  3   0  0  9807
57  10406  2   107  10299
58  10379  3   1  0  10378
59  10278  2   0  10278
60  10282  2   0  10282
61  5760  2   3  5757
62  10406  4   1  0  0  10405
63  10404  2   1  10403
64  10288  2   0  10288
65  10404  2   0  10404
66  10404  2   2  10402
67  10392  2   7  10385
68  10294  2   1  10293
69  9678  2   0  9678
70  10383  4   0  1  0  10382
71  10318  2   0  10318
72  10382  3   0  0  10382
73  10318  3   0  1  10317
74  9992  2   360  9632
75  10382  2   0  10382
76  10324  2   0  10324
77  10404  2   0  10404
78  10336  2   2  10334
79  10257  4   0  0  0  10257
80  10352  2   18  10334
81  9352  3   0  0  9352
82  10245  4   0  0  0  10245
83  10350  3   0  0  10350
84  9379  3   0  1  9378
85  10404  3   0  0  10404
86  8502  2   27  8475
87  10357  3   0  0  10357
88  9255  3   0  0  9255
89  10226  3   0  1  10225
90  9138  2   1  9137
91  10406  2   0  10406
92  10406  3   0  0  10406
93  10406  2   4  10402
94  10208  3   0  0  10208
95  9135  3   0  0  9135
96  10406  2   1  10405
97  9133  3   0  1  9132
98  10164  3   0  0  10164
99  9108  3   0  0  9108
100  10404  2   0  10404
101  10136  3   0  0  10136
102  10366  4   0  0  4  10362
103  9000  3   0  0  9000
104  10385  4   0  2  0  10383
105  10080  2   0  10080
106  10360  3   0  1  10359
107  10406  2   0  10406
108  8836  3   0  0  8836
109  7751  2   0  7751
110  10406  3   0  1  10405
111  10404  3   0  2  10402
112  10216  2   196  10020
113  8670  2   15  8655
114  8585  3   0  3  8582
115  10406  2   0  10406
116  10382  3   0  0  10382
117  10349  3   0  0  10349
118  8546  2   0  8546
119  10404  3   0  0  10404
120  10406  2   0  10406
121  10382  4   0  0  4  10378

[pop]=2
1  11421  3   0  0  11421
2  11442  4   0  0  0  11442
3  11560  3   0  2  11558
4  11451  4   0  0  1  11450
5  11534  4   1  0  0  11533
6  11563  3   0  0  11563
7  11572  4   0  0  1  11571
8  11546  3   0  0  11546
9  11456  2   12  11444
10  11534  3   0  1  11533
11  11564  3   1  1  11562
12  11562  2   0  11562
13  11458  2   0  11458
14  4916  2   0  4916
15  11468  2   0  11468
16  11532  3   0  2  11530
17  11530  2   0  11530
18  11576  4   0  0  0  11576
19  11530  2   0  11530
20  11576  2   4  11572
21  11398  3   0  0  11398
22  11560  3   0  0  11560
23  11526  3   0  24  11502
24  11558  2   0  11558
25  11525  3   1  0  11524
26  11558  2   0  11558
27  11510  2   0  11510
28  11544  2   0  11544
29  11560  2   112  11448
30  11518  2   0  11518
31  11560  2   1  11559
32  11529  4   0  0  1  11528
33  11500  2   5  11495
34  11550  2   2  11548
35  11560  2   1  11559
36  11534  2   2  11532
37  11550  2   0  11550
38  11553  3   6  0  11547
39  11496  3   0  0  11496
40  11542  2   0  11542
41  11490  2   94  11396
42  11578  2   0  11578
43  11548  2   0  11548
44  11542  2   0  11542
45  11562  3   0  0  11562
46  9235  2   0  9235
47  11578  2   0  11578
48  11578  2   1  11577
49  11540  2   79  11461
50  11558  2   1  11557
51  11461  3   0  0  11461
52  11568  2   0  11568
53  11558  2   0  11558
54  11578  2   0  11578
55  11548  5   0  0  0  0  11548
56  11470  3   0  0  11470
57  11566  2   3  11563
58  11564  3   0  0  11564
59  11562  2   0  11562
60  11564  2   2  11562
61  5331  2   0  5331
62  11578  4   0  0  0  11578
63  11542  2   0  11542
64  11564  2   0  11564
65  11562  2   0  11562
66  11554  2   1  11553
67  11556  2   3  11553
68  11578  2   0  11578
69  11406  2   1  11405
70  11560  4   0  0  0  11560
71  11564  2   4  11560
72  11558  3   0  1  11557
73  11565  3   1  0  11564
74  10948  2   227  10721
75  11562  2   0  11562
76  11564  2   0  11564
77  11562  2   1  11561
78  11566  2   0  11566
79  11526  4   0  1  0  11525
80  11572  2   2  11570
81  11331  3   0  0  11331
82  11523  4   0  0  1  11522
83  11572  3   0  0  11572
84  11340  3   0  0  11340
85  11547  3   0  1  11546
86  9291  2   0  9291
87  11574  3   1  0  11573
88  11313  3   0  0  11313
89  11522  3   0  1  11521
90  11278  2   0  11278
91  11578  2   0  11578
92  11574  3   3  0  11571
93  11548  2   15  11533
94  11518  3   0  0  11518
95  11277  3   0  0  11277
96  11552  2   0  11552
97  11282  3   0  0  11282
98  11504  3   0  1  11503
99  11278  3   0  0  11278
100  11578  2   1  11577
101  11499  3   0  1  11498
102  11571  4   0  0  0  11571
103  11254  3   0  0  11254
104  11566  4   0  0  0  11566
105  11472  2   0  11472
106  11571  3   0  0  11571
107  11576  2   0  11576
108  11205  3   0  0  11205
109  8472  2   0  8472
110  11578  3   0  0  11578
111  11578  3   0  0  11578
112  11376  2   106  11270
113  11136  2   0  11136
114  11087  3   0  0  11087
115  11576  2   0  11576
116  11567  3   0  0  11567
117  11564  3   0  0  11564
118  11054  2   0  11054
119  11576  3   0  1  11575
120  11576  2   0  11576
121  11565  4   1  0  0  11564

[pop]=3
1  8548  3   0  0  8548
2  8553  4   0  0  0  8553
3  8642  3   0  1  8641
4  8556  4   1  0  0  8555
5  8576  4   0  0  0  8576
6  8650  3   0  0  8650
7  8650  4   0  0  2  8648
8  8612  3   0  0  8612
9  8558  2   0  8558
10  8574  3   0  0  8574
11  8651  3   0  1  8650
12  8642  2   0  8642
13  8558  2   5  8553
14  3827  2   0  3827
15  8566  2   0  8566
16  8574  3   0  0  8574
17  8574  2   0  8574
18  8653  4   0  0  0  8653
19  8574  2   0  8574
20  8654  2   0  8654
21  8612  3   0  0  8612
22  8644  3   0  1  8643
23  8564  3   0  1  8563
24  8622  2   4  8618
25  8562  3   0  1  8561
26  8644  2   0  8644
27  8592  2   0  8592
28  8644  2   0  8644
29  8620  2   0  8620
30  8544  2   0  8544
31  8646  2   0  8646
32  8601  4   0  0  0  8601
33  8538  2   0  8538
34  8616  2   0  8616
35  8644  2   0  8644
36  8600  2   0  8600
37  8646  2   0  8646
38  8615  3   0  0  8615
39  8526  3   0  0  8526
40  8604  2   0  8604
41  8518  2   1  8517
42  8654  2   0  8654
43  8648  2   6  8642
44  8606  2   0  8606
45  8650  3   0  0  8650
46  6622  2   2  6620
47  8654  2   2  8652
48  8654  2   0  8654
49  8648  2   1  8647
50  8624  2   6  8618
51  8497  3   3  0  8494
52  8650  2   0  8650
53  8610  2   0  8610
54  8654  2   27  8627
55  8638  5   0  0  0  0  8638
56  8495  3   0  0  8495
57  8652  2   0  8652
58  8632  3   0  0  8632
59  8612  2   0  8612
60  8614  2   0  8614
61  4165  2   0  4165
62  8654  4   0  0  0  8654
63  8652  2   0  8652
64  8614  2   0  8614
65  8652  2   0  8652
66  8646  2   178  8468
67  8646  2   1  8645
68  8652  2   0  8652
69  8450  2   0  8450
70  8634  4   1  0  0  8633
71  8616  2   0  8616
72  8634  3   0  0  8634
73  8615  3   0  0  8615
74  8192  2   226  7966
75  8634  2   2  8632
76  8616  2   1  8615
77  8654  2   0  8654
78  8620  2   0  8620
79  8627  4   0  0  0  8627
80  8626  2   1  8625
81  8379  3   1  1  8377
82  8628  4   0  0  0  8628
83  8626  3   9  0  8617
84  8370  3   0  0  8370
85  8654  3   0  1  8653
86  6589  2   0  6589
87  8629  3   0  0  8629
88  8353  3   0  0  8353
89  8620  3   0  0  8620
90  8344  2   0  8344
91  8654  2   5  8649
92  8654  3   0  0  8654
93  8654  2   0  8654
94  8614  3   0  0  8614
95  8342  3   0  0  8342
96  8654  2   1  8653
97  8348  3   0  0  8348
98  8607  3   0  0  8607
99  8344  3   0  0  8344
100  8654  2   0  8654
101  8602  3   0  0  8602
102  8626  4   5  0  0  8621
103  8326  3   0  0  8326
104  8635  4   1  0  0  8634
105  8594  2   0  8594
106  8624  3   0  0  8624
107  8654  2   0  8654
108  8286  3   1  1  8284
109  6088  2   0  6088
110  8654  3   0  0  8654
111  8654  3   0  0  8654
112  8452  2   132  8320
113  8236  2   1  8235
114  8200  3   0  0  8200
115  8654  2   0  8654
116  8634  3   0  0  8634
117  8622  3   0  0  8622
118  8172  2   0  8172
119  8654  3   0  0  8654
120  8654  2   1  8653
121  8633  4   0  1  0  8632

[pop]=4
1  6274  3   0  1  6273
2  6340  4   0  0  0  6340
3  6614  3   0  0  6614
4  6368  4   0  0  0  6368
5  6588  4   0  0  0  6588
6  6612  3   0  0  6612
7  6613  4   0  0  0  6613
8  6590  3   0  0  6590
9  6388  2   0  6388
10  6590  3   0  0  6590
11  6614  3   0  2  6612
12  6614  2   0  6614
13  6414  2   0  6414
14  2003  2   0  2003
15  6428  2   0  6428
16  6592  3   0  0  6592
17  6594  2   0  6594
18  6614  4   0  0  0  6614
19  6594  2   0  6594
20  6614  2   0  6614
21  6583  3   0  0  6583
22  6614  3   0  0  6614
23  6594  3   0  0  6594
24  6608  2   0  6608
25  6591  3   0  0  6591
26  6614  2   0  6614
27  6508  2   0  6508
28  6614  2   0  6614
29  6610  2   0  6610
30  6590  2   0  6590
31  6614  2   0  6614
32  6536  4   0  0  0  6536
33  6582  2   0  6582
34  6584  2   0  6584
35  6614  2   0  6614
36  6544  2   0  6544
37  6614  2   0  6614
38  6548  3   0  0  6548
39  6582  3   0  0  6582
40  6560  2   0  6560
41  6562  2   326  6236
42  6614  2   0  6614
43  6614  2   0  6614
44  6560  2   1  6559
45  6614  3   0  0  6614
46  4523  2   0  4523
47  6614  2   0  6614
48  6614  2   0  6614
49  6612  2   39  6573
50  6590  2   0  6590
51  6167  3   0  0  6167
52  6614  2   1  6613
53  6590  2   0  6590
54  6614  2   0  6614
55  6614  5   0  0  0  0  6614
56  6585  3   0  0  6585
57  6614  2   0  6614
58  6608  3   0  0  6608
59  6598  2   0  6598
60  6598  2   0  6598
61  1563  2   0  1563
62  6614  4   0  0  0  6614
63  6614  2   0  6614
64  6598  2   1  6597
65  6614  2   0  6614
66  6614  2   0  6614
67  6612  2   0  6612
68  6612  2   0  6612
69  6564  2   0  6564
70  6608  4   0  0  0  6608
71  6602  2   0  6602
72  6608  3   0  0  6608
73  6602  3   0  0  6602
74  6404  2   88  6316
75  6606  2   0  6606
76  6602  2   0  6602
77  6614  2   0  6614
78  6604  2   0  6604
79  6612  4   0  0  0  6612
80  6604  2   0  6604
81  6473  3   0  0  6473
82  6611  4   0  0  0  6611
83  6610  3   0  0  6610
84  6500  3   0  0  6500
85  6614  3   0  0  6614
86  4526  2   0  4526
87  6609  3   0  0  6609
88  6479  3   0  1  6478
89  6610  3   0  0  6610
90  6448  2   0  6448
91  6614  2   0  6614
92  6614  3   0  0  6614
93  6614  2   55  6559
94  6610  3   0  1  6609
95  6445  3   0  0  6445
96  6612  2   0  6612
97  6346  3   0  0  6346
98  6608  3   2  0  6606
99  6336  3   0  0  6336
100  6614  2   0  6614
101  6604  3   0  0  6604
102  6612  4   0  0  0  6612
103  6282  3   0  0  6282
104  6606  4   0  0  0  6606
105  6596  2   1  6595
106  6612  3   0  0  6612
107  6614  2   0  6614
108  6124  3   0  0  6124
109  2889  2   0  2889
110  6614  3   0  0  6614
111  6614  3   0  0  6614
112  6512  2   75  6437
113  5990  2   0  5990
114  5927  3   0  0  5927
115  6614  2   0  6614
116  6602  3   0  0  6602
117  6612  3   2  0  6610
118  5884  2   0  5884
119  6614  3   0  0  6614
120  6614  2   0  6614
121  6600  4   0  0  0  6600

[pop]=5
1  64748  3   1  1  64746
2  64901  4   0  1  1  64899
3  66524  3   55  1  66468
4  64941  4   0  2  7  64932
5  65795  4   2  0  1  65792
6  66379  3   0  3  66376
7  66502  4   0  1  3  66498
8  66114  3   1  1  66112
9  64992  2   10  64982
10  65762  3   2  4  65756
11  66360  3   0  10  66350
12  66524  2   2  66522
13  65014  2   1  65013
14  27741  2   7  27734
15  65150  2   0  65150
16  65722  3   1  0  65721
17  65700  2   2  65698
18  66645  4   0  1  1  66643
19  65690  2   2  65688
20  66734  2   0  66734
21  66067  3   1  1  66065
22  66523  3   1  0  66522
23  65618  3   0  26  65592
24  66162  2   0  66162
25  65583  3   0  0  65583
26  66518  2   2  66516
27  65542  2   4  65538
28  66674  2   0  66674
29  66058  2   31  66027
30  65444  2   0  65444
31  66508  2   2  66506
32  65663  4   21  1  1  65640
33  65310  2   2  65308
34  65884  2   1  65883
35  66510  2   1  66509
36  65732  2   0  65732
37  66666  2   2  66664
38  65963  3   7  2  65954
39  65203  3   0  0  65203
40  65852  2   12  65840
41  65144  2   1958  63186
42  66674  2   1  66673
43  66662  2   0  66662
44  65848  2   2  65846
45  66312  3   1  1  66310
46  47864  2   0  47864
47  66674  2   0  66674
48  66672  2   0  66672
49  66620  2   1265  65355
50  66352  2   0  66352
51  64348  3   5  1  64342
52  66326  2   4  66322
53  66090  2   0  66090
54  66662  2   0  66662
55  66384  5   0  2  1  5  66376
56  64633  3   0  1  64632
57  66404  2   1  66403
58  66427  3   0  1  66426
59  66172  2   0  66172
60  66196  2   0  66196
61  26578  2   0  26578
62  66660  4   0  1  1  66658
63  66634  2   1  66633
64  66208  2   11  66197
65  66412  2   2  66410
66  66496  2   0  66496
67  66464  2   15  66449
68  66710  2   1  66709
69  64152  2   2  64150
70  66461  4   0  0  1  66460
71  66266  2   18  66248
72  66480  3   1  2  66477
73  66277  3   4  2  66271
74  63128  2   2272  60856
75  66488  2   0  66488
76  66296  2   1  66295
77  66490  2   2  66488
78  66326  2   0  66326
79  66171  4   1  1  0  66169
80  66376  2   0  66376
81  63238  3   0  0  63238
82  66145  4   2  1  0  66142
83  66374  3   0  3  66371
84  63271  3   1  0  63270
85  66707  3   1  0  66706
86  47923  2   1  47922
87  66399  3   0  1  66398
88  62888  3   1  2  62885
89  66028  3   1  4  66023
90  62508  2   8  62500
91  66658  2   0  66658
92  66702  3   1  1  66700
93  66710  2   142  66568
94  65964  3   1  0  65963
95  62457  3   0  1  62456
96  66708  2   1  66707
97  62437  3   1  1  62435
98  65799  3   3  0  65796
99  62370  3   0  1  62369
100  66654  2   3  66651
101  65694  3   2  0  65692
102  66435  4   1  1  5  66428
103  61946  3   1  2  61943
104  66493  4   0  1  0  66492
105  65452  2   0  65452
106  66426  3   1  0  66425
107  66708  2   3  66705
108  60959  3   0  0  60959
109  41911  2   24  41887
110  66712  3   1  0  66711
111  66671  3   2  1  66668
112  65228  2   1226  64002
113  60288  2   1  60287
114  59824  3   7  0  59817
115  66702  2   1  66701
116  66479  3   1  1  66477
117  66423  3   2  2  66419
118  59516  2   2  59514
119  66681  3   1  3  66677
120  66704  2   0  66704
121  66461  4   1  1  0  66459

[pop]=6
1  861  3   0  0  861
2  869  4   0  0  0  869
3  906  3   1  1  904
4  870  4   0  0  0  870
5  892  4   0  0  0  892
6  898  3   0  0  898
7  901  4   0  0  0  901
8  898  3   0  0  898
9  874  2   0  874
10  894  3   0  0  894
11  895  3   0  0  895
12  906  2   0  906
13  876  2   0  876
14  386  2   0  386
15  878  2   0  878
16  892  3   0  0  892
17  892  2   0  892
18  908  4   0  0  0  908
19  892  2   0  892
20  908  2   0  908
21  892  3   0  0  892
22  906  3   0  0  906
23  892  3   0  2  890
24  902  2   0  902
25  892  3   0  0  892
26  906  2   0  906
27  884  2   0  884
28  908  2   0  908
29  902  2   11  891
30  890  2   0  890
31  906  2   0  906
32  890  4   1  0  0  889
33  884  2   1  883
34  898  2   0  898
35  904  2   0  904
36  888  2   1  887
37  908  2   0  908
38  897  3   0  0  897
39  885  3   0  0  885
40  888  2   5  883
41  882  2   31  851
42  908  2   0  908
43  908  2   0  908
44  890  2   1  889
45  898  3   0  0  898
46  632  2   0  632
47  908  2   0  908
48  908  2   0  908
49  906  2   12  894
50  898  2   0  898
51  864  3   0  0  864
52  894  2   0  894
53  898  2   0  898
54  908  2   0  908
55  906  5   0  0  0  0  906
56  882  3   0  0  882
57  896  2   1  895
58  904  3   0  0  904
59  898  2   0  898
60  898  2   0  898
61  357  2   0  357
62  908  4   0  0  0  908
63  906  2   0  906
64  898  2   0  898
65  896  2   0  896
66  904  2   2  902
67  904  2   0  904
68  904  2   0  904
69  876  2   0  876
70  906  4   0  0  0  906
71  898  2   0  898
72  906  3   0  0  906
73  898  3   0  0  898
74  866  2   47  819
75  906  2   0  906
76  898  2   0  898
77  898  2   0  898
78  898  2   0  898
79  904  4   0  0  0  904
80  898  2   0  898
81  858  3   0  0  858
82  903  4   0  0  0  903
83  898  3   0  0  898
84  857  3   0  0  857
85  908  3   0  0  908
86  631  2   0  631
87  900  3   0  0  900
88  848  3   0  0  848
89  902  3   0  0  902
90  844  2   0  844
91  908  2   0  908
92  908  3   0  0  908
93  908  2   8  900
94  900  3   0  0  900
95  845  3   0  0  845
96  908  2   0  908
97  838  3   0  0  838
98  894  3   0  0  894
99  838  3   0  0  838
100  908  2   0  908
101  894  3   0  0  894
102  902  4   0  0  0  902
103  826  3   0  0  826
104  901  4   0  0  0  901
105  892  2   1  891
106  902  3   0  0  902
107  908  2   0  908
108  809  3   0  0  809
109  503  2   0  503
110  908  3   0  0  908
111  908  3   0  0  908
112  882  2   20  862
113  794  2   0  794
114  786  3   0  0  786
115  908  2   0  908
116  902  3   0  0  902
117  902  3   0  0  902
118  782  2   0  782
119  907  3   0  0  907
120  908  2   1  907
121  902  4   0  0  0  902

[pop]=7
1  16193  3   0  0  16193
2  16331  4   1  0  0  16330
3  16504  3   1  2  16501
4  16380  4   0  0  2  16378
5  16458  4   0  1  0  16457
6  15809  3   0  0  15809
7  16014  4   1  0  2  16011
8  16494  3   0  0  16494
9  16398  2   2  16396
10  16468  3   0  1  16467
11  15761  3   0  5  15756
12  16502  2   0  16502
13  16418  2   0  16418
14  6881  2   0  6881
15  16454  2   0  16454
16  16476  3   0  0  16476
17  16476  2   1  16475
18  16400  4   1  0  0  16399
19  16478  2   0  16478
20  16512  2   0  16512
21  16345  3   0  0  16345
22  16501  3   0  0  16501
23  16479  3   1  1  16477
24  16506  2   0  16506
25  16483  3   1  0  16482
26  16504  2   0  16504
27  16496  2   0  16496
28  16506  2   2  16504
29  16508  2   8  16500
30  16488  2   0  16488
31  16502  2   1  16501
32  16501  4   0  1  3  16497
33  16480  2   0  16480
34  16508  2   2  16506
35  16498  2   3  16495
36  16506  2   1  16505
37  16504  2   0  16504
38  16508  3   0  0  16508
39  16478  3   1  1  16476
40  16504  2   78  16426
41  16480  2   549  15931
42  16498  2   2  16496
43  16498  2   0  16498
44  16506  2   0  16506
45  15718  3   0  0  15718
46  10097  2   0  10097
47  16498  2   0  16498
48  16498  2   0  16498
49  16440  2   167  16273
50  16508  2   1  16507
51  16458  3   0  0  16458
52  15780  2   0  15780
53  16510  2   0  16510
54  16490  2   0  16490
55  16484  5   0  4  34  0  16446
56  16452  3   1  0  16451
57  15926  2   0  15926
58  16512  3   0  0  16512
59  16510  2   2  16508
60  16510  2   0  16510
61  6577  2   0  6577
62  16477  4   0  0  0  16477
63  16402  2   0  16402
64  16510  2   6  16504
65  15964  2   0  15964
66  16100  2   6  16094
67  15978  2   47  15931
68  16504  2   1  16503
69  16384  2   0  16384
70  16510  4   0  0  0  16510
71  16510  2   0  16510
72  16510  3   0  1  16509
73  16510  3   0  0  16510
74  14596  2   2074  12522
75  16510  2   0  16510
76  16510  2   0  16510
77  16110  2   0  16110
78  16510  2   0  16510
79  16465  4   0  0  5  16460
80  16508  2   1  16507
81  16305  3   0  0  16305
82  16458  4   0  1  0  16457
83  16510  3   0  0  16510
84  16298  3   0  0  16298
85  16510  3   0  367  16143
86  10098  2   0  10098
87  16510  3   0  0  16510
88  16230  3   0  0  16230
89  16444  3   0  2  16442
90  16198  2   0  16198
91  16452  2   0  16452
92  16506  3   0  0  16506
93  16510  2   54  16456
94  16431  3   0  0  16431
95  16178  3   2  0  16176
96  16506  2   1  16505
97  16112  3   0  0  16112
98  16390  3   0  0  16390
99  16088  3   1  0  16087
100  16464  2   0  16464
101  16359  3   0  0  16359
102  16510  4   2  0  1  16507
103  15766  3   0  0  15766
104  16510  4   1  0  1  16508
105  16278  2   0  16278
106  16510  3   14  0  16496
107  16506  2   0  16506
108  15143  3   0  0  15143
109  8404  2   0  8404
110  16502  3   0  0  16502
111  16477  3   0  0  16477
112  15552  2   958  14594
113  14622  2   1  14621
114  14403  3   0  0  14403
115  16488  2   1  16487
116  16501  3   0  0  16501
117  16509  3   0  0  16509
118  14252  2   0  14252
119  16483  3   0  0  16483
120  16486  2   0  16486
121  16506  4   0  1  0  16505

