[loci]=227

[populations]=7

[pop]=1
1  10378  2   3  10375
2  10400  2   0  10400
3  10406  3   0  0  10406
4  10314  2   0  10314
5  10400  3   0  0  10400
6  10348  2   0  10348
7  10406  2   0  10406
8  10350  2   87  10263
9  10406  2   0  10406
10  10354  3   0  0  10354
11  10404  3   1  4  10399
12  10406  2   2  10404
13  10404  2   0  10404
14  10384  2   1  10383
15  9844  3   0  0  9844
16  10388  2   0  10388
17  10352  3   0  0  10352
18  10406  3   0  0  10406
19  10348  2   0  10348
20  10368  2   0  10368
21  10404  2   0  10404
22  10344  3   0  0  10344
23  10404  3   0  13  10391
24  10354  2   2  10352
25  10406  2   0  10406
26  10324  2   1  10323
27  10396  3   0  0  10396
28  10367  3   0  0  10367
29  10256  3   0  0  10256
30  10384  2   0  10384
31  10398  2   1  10397
32  10364  3   0  0  10364
33  10406  2   0  10406
34  10348  2   0  10348
35  10402  3   1  0  10401
36  10392  3   0  0  10392
37  10406  2   0  10406
38  10296  3   1  1  10294
39  10290  2   0  10290
40  10386  2   0  10386
41  10380  2   0  10380
42  10338  2   0  10338
43  10402  2   7  10395
44  10406  3   0  1  10405
45  10248  2   0  10248
46  10093  4   0  0  0  10093
47  10398  2   2  10396
48  10406  2   0  10406
49  10230  2   0  10230
50  10382  2   0  10382
51  10320  2   2  10318
52  10315  3   0  0  10315
53  10406  2   2  10404
54  10190  4   0  1  0  10189
55  10380  3   4  0  10376
56  10140  2   73  10067
57  10392  2   9  10383
58  10284  3   0  22  10262
59  10325  4   0  0  0  10325
60  10311  3   0  6  10305
61  10330  2   0  10330
62  10328  2   9  10319
63  10406  3   1  0  10405
64  10390  2   0  10390
65  10318  5   0  0  1  0  10317
66  10406  4   0  0  0  10406
67  10312  2   0  10312
68  10298  2   0  10298
69  10352  2   2  10350
70  10404  2   0  10404
71  10144  3   1  0  10143
72  10404  2   0  10404
73  10406  4   0  0  2  10404
74  10404  4   0  0  0  10404
75  10056  2   1  10055
76  10250  3   0  0  10250
77  10386  3   0  0  10386
78  10406  3   0  0  10406
79  10248  3   0  0  10248
80  9992  2   0  9992
81  10406  3   0  0  10406
82  10402  3   0  0  10402
83  10395  3   0  0  10395
84  10396  3   0  1  10395
85  10406  4   0  0  8  10398
86  10248  2   0  10248
87  10260  2   0  10260
88  10398  3   0  0  10398
89  10392  2   0  10392
90  10400  3   1  0  10399
91  10241  4   0  0  0  10241
92  10232  3   0  0  10232
93  10404  3   0  3  10401
94  10214  3   0  0  10214
95  10390  3   1  1  10388
96  10404  2   0  10404
97  10406  2   0  10406
98  10230  2   76  10154
99  10378  2   0  10378
100  10388  3   0  0  10388
101  10406  2   0  10406
102  10220  2   0  10220
103  3084  2   0  3084
104  10230  2   0  10230
105  10392  4   0  0  0  10392
106  10228  4   0  1  0  10227
107  10168  2   0  10168
108  10344  3   0  0  10344
109  10406  2   4  10402
110  10402  2   0  10402
111  10406  2   0  10406
112  10214  2   0  10214
113  10402  2   0  10402
114  10404  3   0  0  10404
115  10384  2   0  10384
116  10406  2   0  10406
117  10070  2   3  10067
118  10198  3   0  0  10198
119  10064  2   0  10064
120  10404  2   12  10392
121  10182  2   0  10182
122  10042  2   0  10042
123  10394  3   1  0  10393
124  10404  3   0  0  10404
125  10398  2   0  10398
126  10276  2   0  10276
127  9816  2   0  9816
128  10394  2   2  10392
129  9986  2   0  9986
130  10392  4   0  0  0  10392
131  10394  2   0  10394
132  9978  2   0  9978
133  10390  3   2  0  10388
134  10398  4   0  0  0  10398
135  10400  2   0  10400
136  10404  2   0  10404
137  9499  4   0  0  0  9499
138  10392  3   0  0  10392
139  10404  2   0  10404
140  10388  3   0  3  10385
141  10398  3   0  0  10398
142  10256  3   0  0  10256
143  10404  2   0  10404
144  9886  2   0  9886
145  10406  4   0  0  0  10406
146  10398  2   0  10398
147  10406  2   2  10404
148  10402  2   0  10402
149  10406  3   0  9  10397
150  10232  2   30  10202
151  9175  3   0  0  9175
152  10400  2   2  10398
153  10396  2   0  10396
154  10390  2   0  10390
155  10404  2   1  10403
156  10212  2   0  10212
157  9100  2   1  9099
158  10394  2   0  10394
159  10392  2   1  10391
160  10404  2   0  10404
161  10382  2   0  10382
162  10340  2   0  10340
163  10404  2   0  10404
164  10201  4   0  0  0  10201
165  10402  3   0  0  10402
166  8912  2   1  8911
167  8892  2   0  8892
168  9941  3   0  0  9941
169  10004  2   0  10004
170  10266  2   0  10266
171  8843  3   0  0  8843
172  10132  3   0  0  10132
173  10056  2   2  10054
174  10402  2   0  10402
175  10152  2   0  10152
176  10370  3   0  0  10370
177  10394  2   1  10393
178  10394  2   0  10394
179  10280  2   0  10280
180  10128  2   6  10122
181  10386  2   0  10386
182  10272  3   0  0  10272
183  10144  3   7  0  10137
184  10367  3   2  1  10364
185  10406  2   0  10406
186  8666  2   0  8666
187  10406  2   0  10406
188  10404  2   0  10404
189  10392  3   0  0  10392
190  10298  2   2  10296
191  10160  2   0  10160
192  10404  3   0  0  10404
193  10389  3   0  0  10389
194  10406  3   1  0  10405
195  10404  2   0  10404
196  10210  2   125  10085
197  10020  2   0  10020
198  8576  3   0  1  8575
199  10398  2   1  10397
200  10322  2   2  10320
201  10406  2   3  10403
202  10404  2   0  10404
203  10388  2   1  10387
204  10220  2   0  10220
205  10228  2   0  10228
206  10406  3   0  0  10406
207  10405  3   0  0  10405
208  10396  2   0  10396
209  10222  3   0  0  10222
210  10270  2   1  10269
211  10281  3   0  0  10281
212  10228  2   0  10228
213  10404  2   0  10404
214  10304  2   0  10304
215  10406  4   1  0  2  10403
216  10406  3   0  1  10405
217  10340  2   0  10340
218  10405  3   0  0  10405
219  10394  2   0  10394
220  10320  2   0  10320
221  10398  3   0  0  10398
222  9596  2   0  9596
223  10400  2   0  10400
224  10398  2   2  10396
225  10346  3   0  0  10346
226  10362  2   0  10362
227  9756  2   2  9754

[pop]=2
1  11568  2   0  11568
2  11576  2   0  11576
3  11576  3   0  0  11576
4  11478  2   0  11478
5  11576  3   0  0  11576
6  11564  2   1  11563
7  11576  2   0  11576
8  11564  2   4  11560
9  11578  2   2  11576
10  11514  3   0  0  11514
11  11578  3   0  0  11578
12  11576  2   0  11576
13  11578  2   0  11578
14  11570  2   0  11570
15  11286  3   0  0  11286
16  11576  2   0  11576
17  11562  3   0  0  11562
18  11576  3   0  0  11576
19  11508  2   0  11508
20  11554  2   0  11554
21  11578  2   0  11578
22  11507  3   0  0  11507
23  11578  3   1  20  11557
24  11562  2   0  11562
25  11578  2   0  11578
26  11492  2   3  11489
27  11576  3   0  0  11576
28  11551  3   0  0  11551
29  11535  3   0  0  11535
30  11568  2   0  11568
31  11578  2   0  11578
32  11548  3   1  0  11547
33  11578  2   0  11578
34  11562  2   0  11562
35  11575  3   0  0  11575
36  11574  3   0  2  11572
37  11578  2   0  11578
38  11544  3   0  0  11544
39  11450  2   1  11449
40  11570  2   0  11570
41  11566  2   1  11565
42  11520  2   2  11518
43  11576  2   0  11576
44  11578  3   1  1  11576
45  11424  2   0  11424
46  11477  4   0  0  0  11477
47  11570  2   0  11570
48  11578  2   0  11578
49  11404  2   0  11404
50  11566  2   16  11550
51  11504  2   7  11497
52  11503  3   0  0  11503
53  11578  2   0  11578
54  11525  4   20  0  0  11505
55  11565  3   0  0  11565
56  11490  2   7  11483
57  11570  2   0  11570
58  11478  3   0  0  11478
59  11558  4   0  0  0  11558
60  11558  3   0  0  11558
61  11552  2   0  11552
62  11552  2   0  11552
63  11576  3   0  0  11576
64  11550  2   0  11550
65  11558  5   0  0  0  0  11558
66  11578  4   0  0  0  11578
67  11558  2   2  11556
68  11534  2   0  11534
69  11538  2   0  11538
70  11578  2   0  11578
71  11293  3   0  0  11293
72  11578  2   0  11578
73  11578  4   0  0  0  11578
74  11576  4   2  0  0  11574
75  11194  2   1  11193
76  11526  3   0  0  11526
77  11567  3   0  0  11567
78  11578  3   1  0  11577
79  11526  3   0  0  11526
80  11102  2   0  11102
81  11578  3   0  1  11577
82  11576  3   0  0  11576
83  11574  3   0  0  11574
84  11552  3   0  0  11552
85  11578  4   3  0  0  11575
86  11528  2   1  11527
87  11552  2   0  11552
88  11570  3   0  0  11570
89  11548  2   0  11548
90  11570  3   0  0  11570
91  11528  4   0  0  0  11528
92  11576  3   2  0  11574
93  11578  3   0  0  11578
94  11534  3   0  0  11534
95  11576  3   0  0  11576
96  11578  2   0  11578
97  11578  2   0  11578
98  11534  2   4  11530
99  11522  2   0  11522
100  11572  3   0  0  11572
101  11578  2   0  11578
102  11528  2   1  11527
103  1468  2   0  1468
104  11526  2   0  11526
105  11573  4   0  0  0  11573
106  11528  4   0  0  0  11528
107  11502  2   2  11500
108  11491  3   2  1  11488
109  11578  2   0  11578
110  11578  2   0  11578
111  11578  2   0  11578
112  11528  2   0  11528
113  11576  2   0  11576
114  11578  3   1  0  11577
115  11546  2   0  11546
116  11578  2   0  11578
117  11576  2   0  11576
118  11524  3   0  0  11524
119  11576  2   4  11572
120  11578  2   0  11578
121  11522  2   0  11522
122  11574  2   0  11574
123  11568  3   0  0  11568
124  11578  3   0  0  11578
125  11564  2   0  11564
126  11528  2   0  11528
127  11050  2   1  11049
128  11568  2   0  11568
129  11570  2   0  11570
130  11567  4   0  0  0  11567
131  11568  2   0  11568
132  11570  2   0  11570
133  11568  3   0  3  11565
134  11557  4   0  1  0  11556
135  11570  2   0  11570
136  11574  2   0  11574
137  10673  4   0  0  0  10673
138  11572  3   0  0  11572
139  11576  2   0  11576
140  11556  3   1  0  11555
141  11561  3   1  0  11560
142  11527  3   0  0  11527
143  11578  2   0  11578
144  11556  2   0  11556
145  11578  4   0  0  1  11577
146  11560  2   2  11558
147  11578  2   0  11578
148  11572  2   0  11572
149  11578  3   0  0  11578
150  11522  2   4  11518
151  10216  3   0  1  10215
152  11578  2   0  11578
153  11568  2   0  11568
154  11560  2   0  11560
155  11578  2   0  11578
156  11514  2   0  11514
157  10078  2   0  10078
158  11576  2   1  11575
159  11570  2   2  11568
160  11578  2   0  11578
161  11568  2   2  11566
162  11550  2   1  11549
163  11578  2   0  11578
164  11532  4   0  0  0  11532
165  11566  3   0  0  11566
166  9740  2   1  9739
167  9692  2   0  9692
168  11480  3   0  4  11476
169  11484  2   0  11484
170  11520  2   0  11520
171  9658  3   0  0  9658
172  11490  3   0  0  11490
173  11494  2   8  11486
174  11566  2   3  11563
175  11404  2   4  11400
176  11474  3   0  0  11474
177  11578  2   1  11577
178  11568  2   0  11568
179  11570  2   0  11570
180  11504  2   15  11489
181  11558  2   1  11557
182  11550  3   1  0  11549
183  11509  3   16  0  11493
184  11469  3   0  0  11469
185  11576  2   0  11576
186  9516  2   2  9514
187  11576  2   1  11575
188  11564  2   3  11561
189  11545  3   0  0  11545
190  11558  2   1  11557
191  11508  2   0  11508
192  11565  3   0  0  11565
193  11575  3   0  0  11575
194  11576  3   0  0  11576
195  11566  2   0  11566
196  11518  2   0  11518
197  11352  2   0  11352
198  9469  3   0  0  9469
199  11566  2   0  11566
200  11568  2   0  11568
201  11578  2   0  11578
202  11570  2   0  11570
203  11574  2   0  11574
204  11506  2   0  11506
205  11450  2   0  11450
206  11576  3   0  0  11576
207  11570  3   0  0  11570
208  11578  2   0  11578
209  11510  3   0  0  11510
210  11494  2   0  11494
211  11505  3   0  0  11505
212  11442  2   0  11442
213  11558  2   0  11558
214  11514  2   1  11513
215  11578  4   0  0  0  11578
216  11576  3   0  0  11576
217  11502  2   0  11502
218  11576  3   0  0  11576
219  11576  2   0  11576
220  11528  2   0  11528
221  11576  3   0  0  11576
222  11094  2   2  11092
223  11578  2   0  11578
224  11578  2   1  11577
225  11541  3   0  0  11541
226  11546  2   0  11546
227  11190  2   3  11187

[pop]=3
1  8646  2   0  8646
2  8654  2   0  8654
3  8654  3   0  0  8654
4  8638  2   0  8638
5  8654  3   3  0  8651
6  8642  2   39  8603
7  8654  2   0  8654
8  8642  2   0  8642
9  8654  2   0  8654
10  8628  3   0  0  8628
11  8654  3   0  0  8654
12  8654  2   2  8652
13  8652  2   0  8652
14  8644  2   0  8644
15  8262  3   0  0  8262
16  8650  2   0  8650
17  8649  3   0  0  8649
18  8654  3   0  2  8652
19  8624  2   0  8624
20  8648  2   1  8647
21  8654  2   0  8654
22  8624  3   0  0  8624
23  8654  3   0  0  8654
24  8642  2   0  8642
25  8654  2   0  8654
26  8612  2   0  8612
27  8640  3   1  0  8639
28  8650  3   0  0  8650
29  8640  3   0  0  8640
30  8646  2   0  8646
31  8640  2   1  8639
32  8650  3   0  0  8650
33  8654  2   0  8654
34  8638  2   1  8637
35  8654  3   0  0  8654
36  8636  3   0  16  8620
37  8654  2   0  8654
38  8649  3   0  0  8649
39  8594  2   0  8594
40  8630  2   0  8630
41  8640  2   0  8640
42  8648  2   0  8648
43  8654  2   0  8654
44  8654  3   0  0  8654
45  8570  2   0  8570
46  8600  4   1  0  0  8599
47  8642  2   0  8642
48  8654  2   0  8654
49  8550  2   34  8516
50  8624  2   0  8624
51  8648  2   0  8648
52  8642  3   0  0  8642
53  8654  2   0  8654
54  8613  4   0  0  0  8613
55  8644  3   0  0  8644
56  8602  2   0  8602
57  8646  2   0  8646
58  8633  3   1  0  8632
59  8640  4   0  0  1  8639
60  8638  3   0  0  8638
61  8652  2   0  8652
62  8652  2   0  8652
63  8654  3   0  0  8654
64  8652  2   0  8652
65  8646  5   0  0  0  0  8646
66  8654  4   0  0  0  8654
67  8644  2   0  8644
68  8620  2   0  8620
69  8594  2   0  8594
70  8654  2   0  8654
71  8478  3   0  0  8478
72  8654  2   0  8654
73  8654  4   0  0  2  8652
74  8652  4   0  0  0  8652
75  8366  2   0  8366
76  8636  3   1  0  8635
77  8648  3   0  0  8648
78  8654  3   1  0  8653
79  8636  3   0  0  8636
80  8268  2   0  8268
81  8654  3   0  0  8654
82  8652  3   0  0  8652
83  8648  3   0  0  8648
84  8646  3   0  0  8646
85  8654  4   0  0  0  8654
86  8634  2   0  8634
87  8636  2   0  8636
88  8653  3   1  0  8652
89  8646  2   0  8646
90  8654  3   0  0  8654
91  8634  4   0  0  0  8634
92  8652  3   0  0  8652
93  8654  3   0  0  8654
94  8614  3   0  0  8614
95  8646  3   0  0  8646
96  8654  2   0  8654
97  8654  2   2  8652
98  8632  2   0  8632
99  8640  2   6  8634
100  8646  3   0  0  8646
101  8654  2   0  8654
102  8630  2   0  8630
103  1134  2   2  1132
104  8628  2   0  8628
105  8640  4   0  0  0  8640
106  8627  4   2  0  0  8625
107  8614  2   0  8614
108  8626  3   0  9  8617
109  8654  2   0  8654
110  8654  2   0  8654
111  8654  2   6  8648
112  8624  2   0  8624
113  8654  2   2  8652
114  8654  3   0  1  8653
115  8654  2   0  8654
116  8654  2   0  8654
117  8648  2   0  8648
118  8602  3   0  0  8602
119  8648  2   0  8648
120  8654  2   0  8654
121  8600  2   0  8600
122  8646  2   0  8646
123  8651  3   0  0  8651
124  8654  3   1  0  8653
125  8650  2   0  8650
126  8632  2   3  8629
127  8446  2   4  8442
128  8650  2   0  8650
129  8644  2   0  8644
130  8652  4   1  0  0  8651
131  8652  2   0  8652
132  8642  2   0  8642
133  8652  3   1  0  8651
134  8654  4   0  0  0  8654
135  8650  2   0  8650
136  8654  2   0  8654
137  8253  4   2  1  0  8250
138  8651  3   0  0  8651
139  8652  2   0  8652
140  8646  3   0  0  8646
141  8654  3   0  0  8654
142  8627  3   1  0  8626
143  8654  2   4  8650
144  8634  2   11  8623
145  8654  4   0  0  0  8654
146  8652  2   0  8652
147  8654  2   0  8654
148  8652  2   0  8652
149  8654  3   0  0  8654
150  8614  2   0  8614
151  8019  3   0  0  8019
152  8654  2   0  8654
153  8646  2   0  8646
154  8654  2   0  8654
155  8654  2   0  8654
156  8602  2   0  8602
157  7962  2   1  7961
158  8650  2   0  8650
159  8646  2   0  8646
160  8654  2   0  8654
161  8646  2   0  8646
162  8620  2   1  8619
163  8654  2   0  8654
164  8634  4   0  0  0  8634
165  8654  3   0  0  8654
166  7842  2   0  7842
167  7744  2   208  7536
168  8628  3   0  0  8628
169  8632  2   0  8632
170  8640  2   0  8640
171  7712  3   0  0  7712
172  8564  3   0  0  8564
173  8636  2   0  8636
174  8654  2   0  8654
175  8578  2   0  8578
176  8638  3   0  1  8637
177  8654  2   0  8654
178  8646  2   9  8637
179  8630  2   3  8627
180  8642  2   2  8640
181  8648  2   0  8648
182  8636  3   0  0  8636
183  8643  3   0  0  8643
184  8638  3   0  0  8638
185  8654  2   0  8654
186  7640  2   0  7640
187  8654  2   0  8654
188  8654  2   0  8654
189  8630  3   0  0  8630
190  8638  2   0  8638
191  8644  2   1  8643
192  8654  3   0  0  8654
193  8650  3   1  0  8649
194  8654  3   0  0  8654
195  8654  2   0  8654
196  8648  2   0  8648
197  8446  2   0  8446
198  7574  3   0  0  7574
199  8652  2   0  8652
200  8650  2   0  8650
201  8654  2   0  8654
202  8654  2   2  8652
203  8654  2   0  8654
204  8648  2   0  8648
205  8610  2   0  8610
206  8654  3   0  0  8654
207  8654  3   0  0  8654
208  8648  2   14  8634
209  8648  3   0  0  8648
210  8608  2   0  8608
211  8609  3   0  2  8607
212  8608  2   0  8608
213  8646  2   2  8644
214  8616  2   0  8616
215  8654  4   0  0  0  8654
216  8654  3   0  0  8654
217  8644  2   0  8644
218  8654  3   0  0  8654
219  8654  2   1  8653
220  8634  2   0  8634
221  8654  3   0  1  8653
222  8374  2   0  8374
223  8650  2   0  8650
224  8654  2   0  8654
225  8632  3   0  0  8632
226  8648  2   0  8648
227  8450  2   0  8450

[pop]=4
1  6614  2   0  6614
2  6614  2   0  6614
3  6614  3   1  0  6613
4  6572  2   0  6572
5  6614  3   0  0  6614
6  6614  2   0  6614
7  6614  2   0  6614
8  6614  2   0  6614
9  6614  2   0  6614
10  6608  3   1  0  6607
11  6614  3   0  0  6614
12  6614  2   0  6614
13  6614  2   0  6614
14  6614  2   0  6614
15  6477  3   4  0  6473
16  6612  2   12  6600
17  6614  3   0  0  6614
18  6614  3   0  0  6614
19  6600  2   0  6600
20  6614  2   0  6614
21  6614  2   0  6614
22  6599  3   0  0  6599
23  6614  3   0  4  6610
24  6614  2   0  6614
25  6614  2   0  6614
26  6594  2   0  6594
27  6614  3   0  0  6614
28  6529  3   0  0  6529
29  6598  3   0  1  6597
30  6614  2   0  6614
31  6614  2   0  6614
32  6514  3   0  0  6514
33  6614  2   0  6614
34  6614  2   0  6614
35  6614  3   0  0  6614
36  6614  3   0  2  6612
37  6614  2   0  6614
38  6602  3   0  0  6602
39  6588  2   1  6587
40  6612  2   1  6611
41  6614  2   0  6614
42  6442  2   0  6442
43  6614  2   0  6614
44  6614  3   0  0  6614
45  6570  2   0  6570
46  6587  4   0  0  0  6587
47  6612  2   0  6612
48  6614  2   0  6614
49  6566  2   0  6566
50  6612  2   0  6612
51  6356  2   0  6356
52  6357  3   0  0  6357
53  6614  2   0  6614
54  6600  4   0  0  0  6600
55  6614  3   0  0  6614
56  6592  2   0  6592
57  6614  2   0  6614
58  6322  3   0  0  6322
59  6614  4   0  0  0  6614
60  6614  3   0  0  6614
61  6606  2   0  6606
62  6608  2   0  6608
63  6614  3   0  0  6614
64  6608  2   0  6608
65  6610  5   0  0  0  0  6610
66  6614  4   0  0  0  6614
67  6610  2   0  6610
68  6614  2   0  6614
69  6600  2   0  6600
70  6614  2   0  6614
71  6040  3   0  0  6040
72  6614  2   0  6614
73  6614  4   0  0  0  6614
74  6613  4   0  0  0  6613
75  5954  2   0  5954
76  6571  3   0  0  6571
77  6614  3   0  0  6614
78  6614  3   0  0  6614
79  6571  3   0  0  6571
80  5896  2   0  5896
81  6614  3   0  0  6614
82  6614  3   0  0  6614
83  6614  3   0  0  6614
84  6612  3   0  0  6612
85  6614  4   0  0  0  6614
86  6552  2   0  6552
87  6610  2   12  6598
88  6614  3   0  0  6614
89  6608  2   0  6608
90  6614  3   0  0  6614
91  6545  4   0  0  0  6545
92  6614  3   0  0  6614
93  6614  3   0  0  6614
94  6610  3   0  0  6610
95  6614  3   0  0  6614
96  6614  2   3  6611
97  6614  2   0  6614
98  6602  2   0  6602
99  6606  2   0  6606
100  6614  3   0  0  6614
101  6614  2   0  6614
102  6600  2   0  6600
103  1040  2   0  1040
104  6512  2   0  6512
105  6606  4   0  0  0  6606
106  6500  4   1  0  0  6499
107  6588  2   0  6588
108  6598  3   0  0  6598
109  6614  2   0  6614
110  6614  2   0  6614
111  6614  2   0  6614
112  6464  2   0  6464
113  6614  2   0  6614
114  6614  3   0  0  6614
115  6598  2   0  6598
116  6614  2   0  6614
117  6614  2   0  6614
118  6608  3   0  0  6608
119  6614  2   0  6614
120  6614  2   0  6614
121  6608  2   0  6608
122  6614  2   0  6614
123  6614  3   0  0  6614
124  6614  3   0  0  6614
125  6604  2   0  6604
126  6602  2   0  6602
127  5774  2   1  5773
128  6614  2   0  6614
129  6614  2   0  6614
130  6614  4   0  0  0  6614
131  6614  2   0  6614
132  6614  2   75  6539
133  6614  3   0  0  6614
134  6610  4   0  0  0  6610
135  6606  2   0  6606
136  6614  2   0  6614
137  5431  4   0  0  0  5431
138  6614  3   0  0  6614
139  6614  2   0  6614
140  6612  3   0  0  6612
141  6611  3   0  0  6611
142  6608  3   0  0  6608
143  6614  2   0  6614
144  6614  2   0  6614
145  6614  4   0  0  0  6614
146  6612  2   0  6612
147  6614  2   0  6614
148  6614  2   0  6614
149  6614  3   0  0  6614
150  6610  2   0  6610
151  5026  3   0  0  5026
152  6614  2   0  6614
153  6608  2   0  6608
154  6614  2   0  6614
155  6614  2   0  6614
156  6608  2   14  6594
157  4906  2   0  4906
158  6614  2   0  6614
159  6608  2   4  6604
160  6614  2   0  6614
161  6614  2   0  6614
162  6600  2   0  6600
163  6614  2   0  6614
164  6607  4   0  0  0  6607
165  6614  3   0  0  6614
166  4708  2   0  4708
167  4600  2   0  4600
168  6603  3   0  0  6603
169  6604  2   0  6604
170  6596  2   0  6596
171  4556  3   0  0  4556
172  6573  3   0  0  6573
173  6606  2   0  6606
174  6614  2   0  6614
175  6576  2   0  6576
176  6600  3   0  0  6600
177  6614  2   0  6614
178  6604  2   0  6604
179  6610  2   0  6610
180  6606  2   0  6606
181  6614  2   0  6614
182  6606  3   0  0  6606
183  6606  3   7  0  6599
184  6600  3   0  0  6600
185  6614  2   0  6614
186  4414  2   0  4414
187  6614  2   0  6614
188  6606  2   0  6606
189  6606  3   0  0  6606
190  6610  2   0  6610
191  6606  2   0  6606
192  6608  3   0  0  6608
193  6614  3   0  0  6614
194  6614  3   0  0  6614
195  6614  2   0  6614
196  6606  2   0  6606
197  6590  2   0  6590
198  4393  3   5  0  4388
199  6604  2   0  6604
200  6612  2   0  6612
201  6614  2   0  6614
202  6614  2   0  6614
203  6612  2   0  6612
204  6602  2   0  6602
205  6584  2   0  6584
206  6611  3   0  0  6611
207  6614  3   0  0  6614
208  6614  2   0  6614
209  6602  3   0  0  6602
210  6606  2   0  6606
211  6609  3   0  0  6609
212  6582  2   0  6582
213  6606  2   0  6606
214  6610  2   0  6610
215  6614  4   0  0  0  6614
216  6608  3   0  0  6608
217  6610  2   0  6610
218  6608  3   0  0  6608
219  6612  2   1  6611
220  6610  2   0  6610
221  6612  3   0  0  6612
222  5570  2   0  5570
223  6614  2   0  6614
224  6614  2   0  6614
225  6604  3   0  0  6604
226  6612  2   0  6612
227  5766  2   4  5762

[pop]=5
1  66688  2   2  66686
2  66586  2   2  66584
3  66736  3   0  1  66735
4  65932  2   2  65930
5  66568  3   2  1  66565
6  66248  2   0  66248
7  66736  2   2  66734
8  66246  2   5  66241
9  66738  2   1  66737
10  66150  3   0  1  66149
11  66740  3   0  1  66739
12  66718  2   1  66717
13  66602  2   4  66598
14  66692  2   2  66690
15  62888  3   0  1  62887
16  66714  2   38  66676
17  65919  3   1  1  65917
18  66738  3   1  0  66737
19  65984  2   2  65982
20  66032  2   0  66032
21  66740  2   0  66740
22  65945  3   1  1  65943
23  66665  3   0  302  66363
24  66246  2   1  66245
25  66666  2   2  66664
26  65718  2   13  65705
27  66690  3   0  1  66689
28  66623  3   1  2  66620
29  66305  3   1  0  66304
30  66706  2   2  66704
31  66690  2   7  66683
32  66616  3   0  5  66611
33  66740  2   2  66738
34  66220  2   2  66218
35  66736  3   0  1  66735
36  66666  3   1  15  66650
37  66740  2   4  66736
38  66491  3   0  1  66490
39  65400  2   38  65362
40  66650  2   3  66647
41  66702  2   1  66701
42  66544  2   0  66544
43  66734  2   0  66734
44  66740  3   0  0  66740
45  65168  2   0  65168
46  65951  4   0  1  1  65949
47  66574  2   0  66574
48  66740  2   2  66738
49  65022  2   0  65022
50  66626  2   0  66626
51  66436  2   0  66436
52  66418  3   1  0  66417
53  66740  2   0  66740
54  65898  4   4  1  1  65892
55  66685  3   0  0  66685
56  66042  2   0  66042
57  66622  2   0  66622
58  66313  3   1  1  66311
59  66111  4   1  1  3  66106
60  66072  3   1  0  66071
61  66632  2   2  66630
62  66640  2   1  66639
63  66579  3   0  4  66575
64  66668  2   0  66668
65  66650  5   1  1  3  1  66644
66  66648  4   1  2  1  66644
67  66646  2   0  66646
68  65094  2   2  65092
69  66516  2   1  66515
70  66734  2   1  66733
71  65482  3   11  1  65470
72  66736  2   12  66724
73  66740  4   2  0  1  66737
74  66724  4   4  0  2  66718
75  64988  2   1  64987
76  65689  3   0  2  65687
77  66559  3   1  1  66557
78  66680  3   0  2  66678
79  65681  3   1  0  65680
80  64526  2   0  64526
81  66740  3   0  2  66738
82  66728  3   4  1  66723
83  66641  3   0  1  66640
84  66679  3   1  0  66678
85  66740  4   0  0  0  66740
86  65644  2   2  65642
87  66572  2   6  66566
88  66631  3   0  1  66630
89  66664  2   3  66661
90  66635  3   0  1  66634
91  65630  4   1  2  1  65626
92  66612  3   2  1  66609
93  66733  3   1  0  66732
94  66358  3   1  1  66356
95  66657  3   0  0  66657
96  66736  2   1  66735
97  66740  2   0  66740
98  66218  2   0  66218
99  66592  2   0  66592
100  66660  3   2  1  66657
101  66706  2   0  66706
102  66150  2   2  66148
103  12618  2   0  12618
104  65552  2   3  65549
105  66689  4   1  2  0  66686
106  65539  4   0  0  0  65539
107  65784  2   0  65784
108  66484  3   0  6  66478
109  66670  2   0  66670
110  66736  2   5  66731
111  66684  2   0  66684
112  65508  2   0  65508
113  66732  2   0  66732
114  66694  3   0  0  66694
115  66430  2   0  66430
116  66674  2   3  66671
117  66602  2   0  66602
118  66300  3   1  2  66297
119  66602  2   0  66602
120  66672  2   0  66672
121  66274  2   3  66271
122  66594  2   0  66594
123  66693  3   0  0  66693
124  66665  3   0  0  66665
125  66610  2   5  66605
126  66310  2   0  66310
127  62838  2   3  62835
128  66690  2   0  66690
129  66544  2   1  66543
130  66695  4   0  1  2  66692
131  66700  2   61  66639
132  66542  2   20  66522
133  66702  3   0  0  66702
134  66687  4   1  0  1  66685
135  66628  2   0  66628
136  66738  2   4  66734
137  60877  4   0  2  0  60875
138  66722  3   3  0  66719
139  66504  2   2  66502
140  66507  3   0  0  66507
141  66703  3   1  0  66702
142  66360  3   0  0  66360
143  66692  2   0  66692
144  66412  2   0  66412
145  66740  4   3  1  0  66736
146  66704  2   0  66704
147  66740  2   0  66740
148  66390  2   0  66390
149  66740  3   0  0  66740
150  66298  2   1  66297
151  58818  3   1  0  58817
152  66672  2   0  66672
153  66522  2   2  66520
154  66680  2   6  66674
155  66740  2   2  66738
156  66250  2   5  66245
157  58138  2   0  58138
158  66722  2   1  66721
159  66478  2   59  66419
160  66740  2   0  66740
161  65988  2   1  65987
162  66606  2   0  66606
163  66636  2   0  66636
164  65915  4   1  1  1  65912
165  66726  3   2  2  66722
166  56948  2   1  56947
167  56736  2   0  56736
168  66252  3   1  0  66251
169  66324  2   2  66322
170  66474  2   2  66472
171  56495  3   2  0  56493
172  65917  3   1  1  65915
173  66404  2   45  66359
174  66720  2   0  66720
175  65924  2   0  65924
176  66590  3   1  0  66589
177  66736  2   0  66736
178  66688  2   0  66688
179  66664  2   0  66664
180  66470  2   219  66251
181  66472  2   5  66467
182  66624  3   0  1  66623
183  66482  3   103  2  66377
184  66580  3   0  3  66577
185  66736  2   10  66726
186  55756  2   0  55756
187  66736  2   0  66736
188  66692  2   7  66685
189  66585  3   1  0  66584
190  66644  2   0  66644
191  66502  2   0  66502
192  66695  3   1  4  66690
193  66707  3   0  12  66695
194  66734  3   1  1  66732
195  66700  2   0  66700
196  66532  2   0  66532
197  64232  2   2  64230
198  55369  3   20  3  55346
199  66676  2   7  66669
200  66674  2   0  66674
201  66700  2   0  66700
202  66716  2   0  66716
203  66722  2   1  66721
204  66536  2   5  66531
205  66252  2   0  66252
206  66730  3   0  1  66729
207  66722  3   2  0  66720
208  66714  2   0  66714
209  66534  3   3  1  66530
210  65502  2   2  65500
211  65540  3   3  0  65537
212  66192  2   0  66192
213  66678  2   0  66678
214  65640  2   1  65639
215  66700  4   0  2  0  66698
216  66728  3   2  0  66726
217  66604  2   4  66600
218  66728  3   1  1  66726
219  66724  2   1  66723
220  65816  2   0  65816
221  66724  3   1  0  66723
222  62962  2   1  62961
223  66720  2   2  66718
224  66740  2   11  66729
225  66574  3   1  0  66573
226  66150  2   2  66148
227  63676  2   26  63650

[pop]=6
1  908  2   0  908
2  902  2   0  902
3  908  3   0  0  908
4  900  2   0  900
5  902  3   0  0  902
6  898  2   0  898
7  908  2   0  908
8  898  2   0  898
9  908  2   0  908
10  902  3   0  0  902
11  908  3   0  0  908
12  908  2   0  908
13  906  2   0  906
14  908  2   0  908
15  876  3   0  0  876
16  904  2   0  904
17  876  3   0  0  876
18  908  3   0  0  908
19  902  2   0  902
20  876  2   0  876
21  908  2   0  908
22  902  3   0  0  902
23  908  3   0  3  905
24  896  2   0  896
25  908  2   0  908
26  902  2   1  901
27  906  3   0  0  906
28  906  3   0  0  906
29  906  3   0  0  906
30  908  2   0  908
31  906  2   0  906
32  906  3   0  0  906
33  908  2   0  908
34  898  2   0  898
35  908  3   0  0  908
36  906  3   0  1  905
37  908  2   0  908
38  906  3   0  0  906
39  900  2   0  900
40  904  2   0  904
41  908  2   0  908
42  906  2   0  906
43  906  2   0  906
44  908  3   0  0  908
45  898  2   0  898
46  892  4   0  0  0  892
47  900  2   0  900
48  908  2   0  908
49  896  2   0  896
50  904  2   0  904
51  904  2   0  904
52  902  3   0  0  902
53  908  2   0  908
54  886  4   0  0  0  886
55  906  3   0  0  906
56  892  2   1  891
57  904  2   0  904
58  895  3   0  0  895
59  900  4   0  0  0  900
60  898  3   0  0  898
61  908  2   0  908
62  908  2   0  908
63  904  3   0  0  904
64  904  2   0  904
65  908  5   0  0  0  0  908
66  908  4   0  0  0  908
67  908  2   0  908
68  850  2   0  850
69  902  2   0  902
70  906  2   0  906
71  876  3   0  0  876
72  906  2   0  906
73  908  4   0  0  0  908
74  908  4   0  0  0  908
75  864  2   0  864
76  892  3   0  0  892
77  901  3   0  0  901
78  908  3   0  0  908
79  892  3   0  0  892
80  856  2   0  856
81  908  3   0  0  908
82  908  3   0  0  908
83  904  3   0  0  904
84  904  3   0  0  904
85  908  4   0  0  0  908
86  892  2   0  892
87  904  2   2  902
88  905  3   0  0  905
89  902  2   0  902
90  905  3   0  0  905
91  892  4   0  0  0  892
92  908  3   0  0  908
93  906  3   0  0  906
94  904  3   0  0  904
95  902  3   0  0  902
96  906  2   0  906
97  908  2   0  908
98  892  2   0  892
99  900  2   0  900
100  902  3   0  0  902
101  908  2   0  908
102  892  2   0  892
103  286  2   0  286
104  892  2   0  892
105  908  4   0  0  0  908
106  892  4   0  0  0  892
107  888  2   0  888
108  900  3   0  0  900
109  908  2   0  908
110  908  2   0  908
111  906  2   0  906
112  886  2   0  886
113  906  2   0  906
114  908  3   0  0  908
115  900  2   1  899
116  906  2   0  906
117  908  2   0  908
118  904  3   0  0  904
119  908  2   0  908
120  908  2   0  908
121  904  2   0  904
122  908  2   0  908
123  906  3   0  0  906
124  908  3   0  0  908
125  904  2   0  904
126  902  2   0  902
127  810  2   0  810
128  904  2   0  904
129  908  2   0  908
130  906  4   0  0  0  906
131  904  2   0  904
132  908  2   1  907
133  904  3   0  0  904
134  906  4   0  0  0  906
135  908  2   0  908
136  906  2   0  906
137  771  4   0  0  0  771
138  904  3   0  0  904
139  902  2   0  902
140  908  3   0  0  908
141  906  3   0  0  906
142  903  3   0  0  903
143  908  2   0  908
144  906  2   0  906
145  908  4   0  0  0  908
146  906  2   0  906
147  908  2   0  908
148  898  2   0  898
149  908  3   0  1  907
150  904  2   1  903
151  718  3   0  0  718
152  908  2   0  908
153  906  2   0  906
154  906  2   0  906
155  908  2   0  908
156  904  2   0  904
157  686  2   0  686
158  904  2   0  904
159  906  2   0  906
160  908  2   0  908
161  882  2   0  882
162  908  2   0  908
163  908  2   0  908
164  883  4   0  0  0  883
165  908  3   1  0  907
166  660  2   0  660
167  652  2   0  652
168  904  3   0  0  904
169  904  2   0  904
170  902  2   1  901
171  649  3   0  0  649
172  898  3   0  0  898
173  904  2   0  904
174  908  2   0  908
175  900  2   0  900
176  908  3   0  0  908
177  908  2   0  908
178  908  2   0  908
179  908  2   0  908
180  904  2   0  904
181  904  2   0  904
182  906  3   0  0  906
183  904  3   3  0  901
184  908  3   0  0  908
185  908  2   0  908
186  632  2   0  632
187  908  2   0  908
188  908  2   0  908
189  900  3   0  0  900
190  908  2   0  908
191  904  2   0  904
192  908  3   0  0  908
193  905  3   0  0  905
194  908  3   0  0  908
195  908  2   0  908
196  904  2   0  904
197  828  2   0  828
198  633  3   0  0  633
199  908  2   0  908
200  908  2   0  908
201  908  2   0  908
202  908  2   0  908
203  906  2   0  906
204  906  2   0  906
205  898  2   1  897
206  908  3   0  0  908
207  908  3   0  0  908
208  908  2   0  908
209  906  3   0  0  906
210  866  2   0  866
211  866  3   0  0  866
212  898  2   0  898
213  904  2   0  904
214  872  2   0  872
215  908  4   0  0  0  908
216  908  3   0  0  908
217  904  2   0  904
218  908  3   0  0  908
219  904  2   1  903
220  872  2   0  872
221  906  3   0  0  906
222  826  2   0  826
223  908  2   0  908
224  908  2   0  908
225  906  3   0  0  906
226  882  2   0  882
227  834  2   1  833

[pop]=7
1  16492  2   0  16492
2  16186  2   0  16186
3  16512  3   0  0  16512
4  16240  2   0  16240
5  16160  3   0  0  16160
6  16496  2   0  16496
7  16512  2   0  16512
8  16498  2   0  16498
9  16508  2   0  16508
10  16444  3   1  0  16443
11  16512  3   0  0  16512
12  16510  2   10  16500
13  16328  2   0  16328
14  16496  2   0  16496
15  16071  3   0  0  16071
16  16508  2   0  16508
17  14408  3   0  0  14408
18  16512  3   0  0  16512
19  16400  2   0  16400
20  14650  2   1  14649
21  16512  2   2  16510
22  16393  3   0  0  16393
23  16450  3   0  0  16450
24  16508  2   3  16505
25  16462  2   0  16462
26  16330  2   0  16330
27  16508  3   0  0  16508
28  16511  3   0  0  16511
29  16396  3   0  0  16396
30  16494  2   0  16494
31  16508  2   0  16508
32  16510  3   0  0  16510
33  16512  2   0  16512
34  16508  2   0  16508
35  16504  3   0  0  16504
36  16508  3   0  3  16505
37  16512  2   0  16512
38  16457  3   0  1  16456
39  16250  2   2  16248
40  16506  2   0  16506
41  16488  2   0  16488
42  16502  2   1  16501
43  16512  2   0  16512
44  16512  3   0  0  16512
45  16182  2   2  16180
46  16361  4   0  0  0  16361
47  16372  2   0  16372
48  16512  2   0  16512
49  16124  2   0  16124
50  16504  2   0  16504
51  16486  2   0  16486
52  16485  3   0  1  16484
53  16512  2   0  16512
54  15349  4   0  3  0  15346
55  16480  3   0  1  16479
56  16380  2   0  16380
57  16468  2   0  16468
58  16475  3   0  0  16475
59  16508  4   0  0  0  16508
60  16508  3   0  0  16508
61  16496  2   0  16496
62  16498  2   0  16498
63  16303  3   0  0  16303
64  16500  2   4  16496
65  16502  5   0  0  0  0  16502
66  16455  4   0  0  0  16455
67  16502  2   0  16502
68  11906  2   0  11906
69  16490  2   0  16490
70  16512  2   1  16511
71  16273  3   0  1  16272
72  16512  2   0  16512
73  16512  4   0  1  0  16511
74  16510  4   1  1  0  16508
75  16166  2   0  16166
76  16500  3   0  0  16500
77  16354  3   0  0  16354
78  16497  3   0  0  16497
79  16502  3   0  1  16501
80  16054  2   3  16051
81  16510  3   2  0  16508
82  16510  3   0  0  16510
83  16492  3   6  0  16486
84  16452  3   0  0  16452
85  16512  4   0  1  0  16511
86  16500  2   0  16500
87  16462  2   0  16462
88  16473  3   0  0  16473
89  16448  2   0  16448
90  16484  3   0  0  16484
91  16499  4   0  0  0  16499
92  16474  3   0  0  16474
93  16512  3   0  0  16512
94  16448  3   0  0  16448
95  16506  3   0  0  16506
96  16512  2   0  16512
97  16512  2   0  16512
98  16026  2   0  16026
99  16392  2   0  16392
100  16504  3   0  0  16504
101  16508  2   6  16502
102  15896  2   0  15896
103  7998  2   0  7998
104  16500  2   0  16500
105  16506  4   0  0  1  16505
106  16500  4   0  0  1  16499
107  15602  2   0  15602
108  16343  3   0  0  16343
109  16474  2   0  16474
110  16510  2   0  16510
111  16492  2   0  16492
112  16500  2   23  16477
113  16512  2   0  16512
114  16504  3   0  0  16504
115  15808  2   2  15806
116  16486  2   0  16486
117  16508  2   0  16508
118  16444  3   0  0  16444
119  16508  2   0  16508
120  16498  2   1  16497
121  16444  2   0  16444
122  16506  2   5  16501
123  16502  3   0  1  16501
124  16490  3   0  2  16488
125  16466  2   0  16466
126  16456  2   0  16456
127  13490  2   1  13489
128  16502  2   0  16502
129  16504  2   1  16503
130  16501  4   0  0  0  16501
131  16504  2   2  16502
132  16504  2   2  16502
133  16504  3   0  0  16504
134  16494  4   0  0  0  16494
135  16458  2   3  16455
136  16512  2   0  16512
137  12518  4   0  1  1  12516
138  16504  3   0  2  16502
139  16192  2   0  16192
140  16472  3   0  0  16472
141  16501  3   0  1  16500
142  16456  3   0  1  16455
143  16494  2   0  16494
144  16498  2   0  16498
145  16512  4   0  0  0  16512
146  16504  2   2  16502
147  16512  2   0  16512
148  15948  2   2  15946
149  16512  3   2  2  16508
150  16446  2   0  16446
151  11471  3   0  0  11471
152  16484  2   0  16484
153  16188  2   0  16188
154  16500  2   0  16500
155  16512  2   8  16504
156  16438  2   0  16438
157  11192  2   0  11192
158  16506  2   0  16506
159  16072  2   0  16072
160  16512  2   30  16482
161  15088  2   1  15087
162  16504  2   0  16504
163  16324  2   2  16322
164  15145  4   0  0  0  15145
165  16504  3   0  0  16504
166  10558  2   0  10558
167  10492  2   5  10487
168  16392  3   1  0  16391
169  16420  2   0  16420
170  16478  2   0  16478
171  10353  3   0  1  10352
172  16416  3   0  0  16416
173  16440  2   0  16440
174  16508  2   0  16508
175  16344  2   21  16323
176  16490  3   0  0  16490
177  16512  2   0  16512
178  16510  2   0  16510
179  16494  2   0  16494
180  16454  2   9  16445
181  16140  2   0  16140
182  16500  3   0  0  16500
183  16458  3   0  1  16457
184  16488  3   0  39  16449
185  16512  2   0  16512
186  9972  2   0  9972
187  16512  2   1  16511
188  16484  2   0  16484
189  16373  3   0  1  16372
190  16502  2   0  16502
191  16466  2   1  16465
192  16491  3   0  0  16491
193  16506  3   0  0  16506
194  16512  3   0  0  16512
195  16502  2   2  16500
196  16480  2   0  16480
197  11556  2   0  11556
198  9977  3   0  0  9977
199  16508  2   0  16508
200  16508  2   0  16508
201  16482  2   0  16482
202  16510  2   0  16510
203  16508  2   2  16506
204  16480  2   0  16480
205  16404  2   8  16396
206  16512  3   3  0  16509
207  16510  3   0  1  16509
208  16506  2   9  16497
209  16476  3   0  0  16476
210  13332  2   1  13331
211  13425  3   0  0  13425
212  16392  2   8  16384
213  16496  2   0  16496
214  13696  2   0  13696
215  16471  4   0  0  0  16471
216  16512  3   0  0  16512
217  16456  2   0  16456
218  16512  3   0  0  16512
219  16508  2   0  16508
220  14078  2   11  14067
221  16510  3   0  0  16510
222  16006  2   14  15992
223  16508  2   0  16508
224  16510  2   29  16481
225  16486  3   0  1  16485
226  14896  2   0  14896
227  16134  2   1  16133

