[loci]=74

[populations]=7

[pop]=1
1  10406  2   2  10404
2  4341  3   0  0  4341
3  10384  3   0  0  10384
4  10400  2   9  10391
5  10402  2   0  10402
6  10404  2   0  10404
7  10064  2   0  10064
8  10404  2   4  10400
9  10406  2   0  10406
10  10392  3   0  0  10392
11  10396  2   0  10396
12  9762  2   0  9762
13  10406  2   0  10406
14  10400  4   0  0  0  10400
15  9936  2   0  9936
16  6560  2   0  6560
17  10396  3   20  0  10376
18  6274  2   0  6274
19  10398  3   0  0  10398
20  10076  2   0  10076
21  10404  2   2  10402
22  9920  2   0  9920
23  10405  3   33  0  10372
24  10393  3   0  0  10393
25  5676  2   0  5676
26  10406  3   0  1  10405
27  10394  2   2  10392
28  10392  3   0  0  10392
29  8143  2   2  8141
30  10406  3   0  0  10406
31  10392  2   0  10392
32  10390  3   0  1  10389
33  10010  2   10010  0
34  10058  2   0  10058
35  10098  2   0  10098
36  10046  2   0  10046
37  10396  2   9  10387
38  10398  3   0  0  10398
39  10406  2   2  10404
40  9760  2   0  9760
41  10348  2   0  10348
42  10324  2   0  10324
43  4599  3   1  0  4598
44  10020  3   1  0  10019
45  10330  3   0  0  10330
46  10406  4   0  5  0  10401
47  10406  2   3  10403
48  10402  3   1  0  10401
49  10382  2   0  10382
50  10402  3   0  0  10402
51  7812  2   0  7812
52  10404  2   1  10403
53  9932  2   0  9932
54  7816  2   0  7816
55  9760  3   0  0  9760
56  10406  4   0  0  0  10406
57  9760  2   0  9760
58  3542  2   67  3475
59  9796  2   1  9795
60  10340  3   0  0  10340
61  10406  2   0  10406
62  10388  2   2  10386
63  10405  4   0  0  0  10405
64  10402  3   4185  0  6217
65  10406  2   0  10406
66  10406  3   0  7  10399
67  10346  2   0  10346
68  3573  3   0  0  3573
69  10388  3   1  3  10384
70  10338  3   0  401  9937
71  10392  3   0  0  10392
72  10406  3   0  0  10406
73  7694  2   0  7694
74  3528  2   16  3512

[pop]=2
1  11578  2   0  11578
2  1885  3   0  0  1885
3  11573  3   0  0  11573
4  11570  2   3  11567
5  11578  2   0  11578
6  11578  2   0  11578
7  11244  2   1  11243
8  11578  2   8  11570
9  11578  2   0  11578
10  11574  3   1  1  11572
11  11576  2   0  11576
12  11564  2   0  11564
13  11578  2   0  11578
14  11578  4   0  0  0  11578
15  11376  2   0  11376
16  6888  2   0  6888
17  11572  3   0  0  11572
18  6458  2   1  6457
19  11578  3   0  0  11578
20  11278  2   0  11278
21  11558  2   0  11558
22  11378  2   3  11375
23  11578  3   3  0  11575
24  11578  3   0  0  11578
25  5708  2   0  5708
26  11578  3   0  1  11577
27  11570  2   0  11570
28  11578  3   2  0  11576
29  8731  2   0  8731
30  11578  3   1  1  11576
31  11570  2   1  11569
32  11571  3   0  0  11571
33  11412  2   11412  0
34  11286  2   1  11285
35  11424  2   0  11424
36  11280  2   0  11280
37  11576  2   0  11576
38  11576  3   0  0  11576
39  11578  2   0  11578
40  11558  2   0  11558
41  11506  2   1  11505
42  11536  2   0  11536
43  2618  3   0  0  2618
44  11320  3   0  0  11320
45  11543  3   0  0  11543
46  11578  4   0  3  0  11575
47  11578  2   1  11577
48  11563  3   0  0  11563
49  11576  2   0  11576
50  11563  3   0  0  11563
51  8309  2   0  8309
52  11572  2   0  11572
53  11352  2   0  11352
54  8300  2   0  8300
55  11556  3   0  0  11556
56  11578  4   0  0  1  11577
57  11558  2   0  11558
58  1178  2   102  1076
59  11352  2   0  11352
60  11542  3   0  0  11542
61  11578  2   0  11578
62  11554  2   0  11554
63  11572  4   0  0  0  11572
64  11574  3   2256  0  9318
65  11578  2   0  11578
66  11572  3   0  4  11568
67  11538  2   0  11538
68  1158  3   7  0  1151
69  11574  3   0  0  11574
70  11540  3   0  18  11522
71  11571  3   0  0  11571
72  11570  3   0  0  11570
73  8072  2   0  8072
74  1042  2   0  1042

[pop]=3
1  8654  2   0  8654
2  2883  3   0  0  2883
3  8646  3   0  0  8646
4  8652  2   0  8652
5  8654  2   0  8654
6  8650  2   0  8650
7  8544  2   0  8544
8  8654  2   0  8654
9  8654  2   1  8653
10  8650  3   0  0  8650
11  8648  2   0  8648
12  8608  2   0  8608
13  8654  2   0  8654
14  8646  4   0  0  0  8646
15  8444  2   0  8444
16  5088  2   0  5088
17  8648  3   9  0  8639
18  4782  2   0  4782
19  8648  3   0  0  8648
20  8548  2   0  8548
21  8650  2   0  8650
22  8438  2   1  8437
23  8654  3   0  0  8654
24  8643  3   0  0  8643
25  4188  2   0  4188
26  8654  3   0  0  8654
27  8652  2   0  8652
28  8640  3   0  4  8636
29  6322  2   0  6322
30  8654  3   0  0  8654
31  8652  2   2  8650
32  8636  3   0  0  8636
33  8448  2   8448  0
34  8548  2   0  8548
35  8548  2   0  8548
36  8540  2   0  8540
37  8648  2   0  8648
38  8648  3   0  0  8648
39  8654  2   0  8654
40  8602  2   0  8602
41  8608  2   0  8608
42  8624  2   0  8624
43  3346  3   0  0  3346
44  8528  3   0  0  8528
45  8628  3   0  0  8628
46  8654  4   0  0  0  8654
47  8654  2   0  8654
48  8614  3   0  0  8614
49  8646  2   0  8646
50  8615  3   0  0  8615
51  6153  2   0  6153
52  8654  2   0  8654
53  8510  2   0  8510
54  6151  2   0  6151
55  8590  3   0  2  8588
56  8654  4   0  1  0  8653
57  8590  2   0  8590
58  1818  2   2  1816
59  8496  2   0  8496
60  8638  3   0  0  8638
61  8654  2   0  8654
62  8620  2   0  8620
63  8627  4   0  1  0  8626
64  8648  3   383  0  8265
65  8654  2   0  8654
66  8628  3   0  0  8628
67  8646  2   0  8646
68  1930  3   0  0  1930
69  8645  3   0  0  8645
70  8644  3   2  0  8642
71  8644  3   0  2  8642
72  8629  3   1  0  8628
73  6027  2   0  6027
74  1714  2   0  1714

[pop]=4
1  6614  2   0  6614
2  2489  3   0  0  2489
3  6611  3   0  0  6611
4  6596  2   0  6596
5  6614  2   0  6614
6  6612  2   0  6612
7  6106  2   0  6106
8  6614  2   0  6614
9  6614  2   0  6614
10  6614  3   0  0  6614
11  6614  2   0  6614
12  6608  2   0  6608
13  6614  2   0  6614
14  6612  4   0  0  0  6612
15  5944  2   0  5944
16  3264  2   0  3264
17  6614  3   0  0  6614
18  3032  2   0  3032
19  6612  3   0  0  6612
20  6158  2   0  6158
21  6612  2   0  6612
22  5962  2   0  5962
23  6614  3   0  0  6614
24  6611  3   0  0  6611
25  2566  2   0  2566
26  6614  3   0  0  6614
27  6612  2   0  6612
28  6608  3   0  0  6608
29  4063  2   0  4063
30  6614  3   0  0  6614
31  6612  2   0  6612
32  6606  3   0  0  6606
33  6256  2   6256  0
34  6202  2   0  6202
35  6470  2   0  6470
36  6188  2   0  6188
37  6614  2   0  6614
38  6614  3   0  0  6614
39  6614  2   0  6614
40  6608  2   1  6607
41  6586  2   0  6586
42  6612  2   0  6612
43  1382  3   0  0  1382
44  6251  3   0  1  6250
45  6612  3   0  0  6612
46  6614  4   0  33  0  6581
47  6614  2   0  6614
48  6603  3   0  0  6603
49  6614  2   0  6614
50  6604  3   0  0  6604
51  3449  2   0  3449
52  6614  2   0  6614
53  6310  2   0  6310
54  3427  2   0  3427
55  6607  3   0  0  6607
56  6614  4   0  0  0  6614
57  6606  2   0  6606
58  316  2   37  279
59  6310  2   0  6310
60  6591  3   0  0  6591
61  6614  2   0  6614
62  6602  2   0  6602
63  6608  4   0  0  0  6608
64  6614  3   2168  0  4446
65  6614  2   0  6614
66  6608  3   0  0  6608
67  6588  2   0  6588
68  303  3   0  0  303
69  6614  3   0  0  6614
70  6585  3   0  0  6585
71  6611  3   0  0  6611
72  6608  3   0  0  6608
73  3197  2   0  3197
74  252  2   0  252

[pop]=5
1  66740  2   0  66740
2  20280  3   1  0  20279
3  66671  3   0  1  66670
4  66598  2   0  66598
5  66740  2   2  66738
6  66720  2   3  66717
7  65110  2   2  65108
8  66740  2   91  66649
9  66740  2   2  66738
10  66692  3   0  0  66692
11  66650  2   2  66648
12  66638  2   0  66638
13  66738  2   2  66736
14  66703  4   1  1  1  66700
15  64346  2   2  64344
16  40820  2   0  40820
17  66634  3   3  1  66630
18  38728  2   3  38725
19  66674  3   1  1  66672
20  65096  2   3  65093
21  66708  2   0  66708
22  64314  2   0  64314
23  66740  3   1  1  66738
24  66647  3   1  0  66646
25  34572  2   2  34570
26  66740  3   1  1  66738
27  66602  2   14  66588
28  66636  3   0  6  66630
29  44554  2   0  44554
30  66738  3   3  1  66734
31  66604  2   1  66603
32  66617  3   2  0  66615
33  64646  2   64646  0
34  64800  2   1  64799
35  65202  2   2  65200
36  64772  2   2  64770
37  66694  2   0  66694
38  66694  3   1  2  66691
39  66732  2   0  66732
40  66624  2   1  66623
41  66220  2   1  66219
42  65204  2   3  65201
43  25403  3   0  1  25402
44  64542  3   0  29  64513
45  65371  3   1  0  65370
46  66740  4   1  171  1  66567
47  66732  2   22  66710
48  66653  3   0  2  66651
49  66640  2   0  66640
50  66669  3   1  3  66665
51  40962  2   1  40961
52  66702  2   4  66698
53  64342  2   2  64340
54  40967  2   2  40965
55  66615  3   0  0  66615
56  66740  4   0  0  0  66740
57  66614  2   2  66612
58  15706  2   2065  13641
59  64066  2   2  64064
60  66365  3   1  0  66364
61  66724  2   4  66720
62  66532  2   0  66532
63  66703  4   0  0  0  66703
64  66720  3   24362  1  42357
65  66724  2   4  66720
66  66707  3   2  13  66692
67  66402  2   2  66400
68  14362  3   0  2  14360
69  66666  3   0  0  66666
70  66407  3   1  15  66391
71  66479  3   0  2  66477
72  66703  3   0  1  66702
73  40129  2   0  40129
74  13574  2   4  13570

[pop]=6
1  908  2   0  908
2  397  3   0  0  397
3  904  3   0  0  904
4  906  2   0  906
5  908  2   0  908
6  908  2   0  908
7  862  2   0  862
8  908  2   0  908
9  908  2   0  908
10  906  3   0  0  906
11  906  2   0  906
12  900  2   0  900
13  908  2   0  908
14  908  4   0  0  0  908
15  842  2   0  842
16  582  2   0  582
17  906  3   0  0  906
18  560  2   0  560
19  908  3   0  0  908
20  862  2   0  862
21  908  2   0  908
22  842  2   0  842
23  908  3   0  0  908
24  906  3   0  0  906
25  492  2   0  492
26  908  3   0  0  908
27  904  2   0  904
28  906  3   0  0  906
29  559  2   0  559
30  908  3   0  0  908
31  904  2   0  904
32  904  3   0  0  904
33  858  2   858  0
34  866  2   0  866
35  890  2   0  890
36  868  2   0  868
37  906  2   0  906
38  906  3   0  0  906
39  908  2   0  908
40  900  2   0  900
41  892  2   0  892
42  850  2   0  850
43  366  3   0  0  366
44  864  3   0  0  864
45  860  3   0  0  860
46  908  4   0  1  0  907
47  908  2   0  908
48  906  3   0  0  906
49  904  2   0  904
50  906  3   0  0  906
51  480  2   0  480
52  908  2   0  908
53  862  2   0  862
54  486  2   0  486
55  900  3   1  0  899
56  908  4   0  0  0  908
57  900  2   0  900
58  238  2   17  221
59  864  2   0  864
60  902  3   0  0  902
61  908  2   0  908
62  904  2   0  904
63  908  4   0  0  0  908
64  908  3   303  0  605
65  908  2   0  908
66  908  3   0  0  908
67  902  2   0  902
68  226  3   0  0  226
69  906  3   0  0  906
70  902  3   0  1  901
71  900  3   0  0  900
72  908  3   1  0  907
73  499  2   0  499
74  224  2   0  224

[pop]=7
1  16512  2   0  16512
2  8782  3   8  1  8773
3  16508  3   1  0  16507
4  16442  2   0  16442
5  16512  2   0  16512
6  16506  2   0  16506
7  16306  2   0  16306
8  16512  2   9  16503
9  16512  2   0  16512
10  16508  3   0  1  16507
11  16494  2   1  16493
12  16502  2   2  16500
13  16512  2   0  16512
14  16503  4   0  0  0  16503
15  16412  2   0  16412
16  12498  2   2  12496
17  16468  3   1  0  16467
18  12166  2   1  12165
19  16482  3   0  0  16482
20  16238  2   0  16238
21  16498  2   0  16498
22  16410  2   0  16410
23  16512  3   0  0  16512
24  16408  3   0  1  16407
25  11456  2   0  11456
26  16512  3   0  0  16512
27  16348  2   0  16348
28  16394  3   0  0  16394
29  8314  2   0  8314
30  16512  3   0  0  16512
31  16368  2   0  16368
32  16345  3   0  0  16345
33  16438  2   16438  0
34  16102  2   0  16102
35  16434  2   0  16434
36  16070  2   0  16070
37  16512  2   0  16512
38  16512  3   0  0  16512
39  16512  2   0  16512
40  16500  2   0  16500
41  15786  2   1  15785
42  12930  2   0  12930
43  9794  3   1  0  9793
44  15959  3   0  0  15959
45  13315  3   0  2  13313
46  16512  4   0  40  0  16472
47  16512  2   2  16510
48  16510  3   0  0  16510
49  16484  2   16  16468
50  16510  3   0  0  16510
51  5534  2   2  5532
52  16508  2   0  16508
53  15898  2   0  15898
54  5637  2   0  5637
55  16498  3   0  0  16498
56  16512  4   1  0  0  16511
57  16502  2   0  16502
58  8292  2   254  8038
59  15854  2   0  15854
60  16376  3   0  1  16375
61  16512  2   0  16512
62  16262  2   0  16262
63  16510  4   1  0  2  16507
64  16512  3   4192  0  12320
65  16510  2   0  16510
66  16510  3   0  0  16510
67  16412  2   0  16412
68  8322  3   0  1  8321
69  16512  3   0  0  16512
70  16400  3   0  0  16400
71  16238  3   1  1  16236
72  16510  3   0  0  16510
73  7148  2   2  7146
74  8284  2   0  8284

