[loci]=283

[populations]=7

[pop]=1
1  9786  2   0  9786
2  10252  3   0  0  10252
3  10394  2   0  10394
4  8380  2   0  8380
5  10404  2   0  10404
6  10328  2   0  10328
7  10174  2   0  10174
8  10161  3   0  0  10161
9  8040  2   1  8039
10  10394  3   1  0  10393
11  10404  2   0  10404
12  9787  3   0  0  9787
13  9902  2   1  9901
14  10240  2   0  10240
15  10276  2   2626  7650
16  10112  2   0  10112
17  10186  3   0  0  10186
18  10394  2   0  10394
19  5162  3   0  0  5162
20  10404  2   0  10404
21  9908  6   1  0  0  0  0  9907
22  10404  3   0  0  10404
23  10282  3   0  0  10282
24  10340  2   0  10340
25  10138  3   1  0  10137
26  5240  2   0  5240
27  9902  2   0  9902
28  10396  2   0  10396
29  10345  3   0  0  10345
30  10332  2   1  10331
31  9714  2   0  9714
32  10394  2   0  10394
33  10394  2   0  10394
34  5318  3   0  0  5318
35  9714  3   2  0  9712
36  10201  3   0  0  10201
37  10396  2   0  10396
38  5420  2   1  5419
39  10404  4   0  1  0  10403
40  10404  4   1  0  0  10403
41  10281  4   3  0  0  10278
42  9710  2   1  9709
43  5572  2   341  5231
44  10396  3   74  0  10322
45  10370  2   0  10370
46  10406  3   0  0  10406
47  10241  3   0  0  10241
48  9858  2   0  9858
49  10404  2   0  10404
50  10404  2   0  10404
51  10372  3   0  1  10371
52  10371  4   0  0  0  10371
53  10398  2   1  10397
54  10406  2   0  10406
55  10404  2   14  10390
56  10384  2   0  10384
57  10356  2   0  10356
58  10398  2   0  10398
59  10324  3   0  1  10323
60  10404  3   0  1  10403
61  10116  2   0  10116
62  10396  2   2  10394
63  10316  3   0  0  10316
64  10406  3   0  3  10403
65  10406  2   0  10406
66  10404  2   0  10404
67  10398  2   2  10396
68  10310  2   0  10310
69  10318  2   0  10318
70  9684  2   0  9684
71  8409  2   154  8255
72  10404  3   0  0  10404
73  10404  3   0  0  10404
74  10404  2   6  10398
75  10156  2   1  10155
76  9793  3   1  1  9791
77  10404  3   0  0  10404
78  10320  2   0  10320
79  10398  3   0  0  10398
80  10307  3   0  0  10307
81  10294  2   4  10290
82  10406  4   1  0  0  10405
83  10294  2   0  10294
84  9442  2   1  9441
85  9395  3   0  34  9361
86  10402  2   0  10402
87  9883  3   0  0  9883
88  10404  2   2  10402
89  10302  2   0  10302
90  9662  4   0  0  1  9661
91  10402  2   0  10402
92  10400  2   0  10400
93  10404  3   0  0  10404
94  9770  2   1  9769
95  10398  3   0  1  10397
96  10394  2   0  10394
97  10406  2   0  10406
98  9316  3   1  0  9315
99  10284  3   0  0  10284
100  9658  4   0  0  0  9658
101  10296  3   0  3  10293
102  9651  4   0  0  0  9651
103  10406  2   0  10406
104  10298  2   0  10298
105  10164  2   0  10164
106  10406  3   0  1  10405
107  10274  2   1  10273
108  9396  2   0  9396
109  10404  2   1035  9369
110  9646  3   0  0  9646
111  8368  2   0  8368
112  9396  3   0  1  9395
113  10404  3   0  0  10404
114  10404  2   1  10403
115  9644  2   2  9642
116  10362  2   0  10362
117  4968  3   0  0  4968
118  10180  4   1  0  0  10179
119  10238  2   0  10238
120  2798  2   0  2798
121  10406  3   196  1  10209
122  4888  3   0  0  4888
123  10184  2   0  10184
124  10306  2   37  10269
125  10332  2   0  10332
126  9396  2   0  9396
127  10404  2   0  10404
128  10404  3   0  0  10404
129  10404  3   0  0  10404
130  10406  2   0  10406
131  10406  2   5  10401
132  10402  2   19  10383
133  8167  2   0  8167
134  9396  2   0  9396
135  10398  4   1  0  2  10395
136  10400  2   0  10400
137  10406  2   0  10406
138  10404  2   0  10404
139  10332  2   0  10332
140  4512  4   0  0  0  4512
141  8200  2   0  8200
142  10404  2   0  10404
143  10406  3   0  1  10405
144  9596  3   0  0  9596
145  10406  2   0  10406
146  10370  3   0  0  10370
147  4530  2   0  4530
148  9791  3   0  1  9790
149  9392  2   1  9391
150  9974  2   2  9972
151  10406  3   0  0  10406
152  10216  2   24  10192
153  2809  3   2  0  2807
154  10396  2   3  10393
155  10396  2   0  10396
156  10274  2   0  10274
157  10308  3   0  0  10308
158  4239  4   0  0  0  4239
159  10406  2   3  10403
160  9865  3   0  0  9865
161  10406  3   0  0  10406
162  9790  3   0  0  9790
163  9466  2   0  9466
164  10376  2   0  10376
165  9390  3   0  0  9390
166  10404  2   0  10404
167  10393  3   0  1  10392
168  10402  3   0  0  10402
169  10402  2   12  10390
170  8312  3   0  0  8312
171  4158  2   0  4158
172  9784  3   0  0  9784
173  10242  2   2  10240
174  10394  3   0  0  10394
175  10396  2   2  10394
176  9784  3   0  0  9784
177  10396  2   0  10396
178  9548  2   0  9548
179  10148  2   0  10148
180  8520  2   12  8508
181  3866  2   3  3863
182  10406  2   0  10406
183  10278  4   0  0  0  10278
184  10406  2   1  10405
185  10395  4   0  0  0  10395
186  10396  4   0  0  3  10393
187  10200  2   0  10200
188  10164  2   6  10158
189  10406  4   1  3  1  10401
190  3720  2   461  3259
191  9782  3   1  0  9781
192  10398  2   0  10398
193  10273  3   0  0  10273
194  10406  2   0  10406
195  10404  2   0  10404
196  10404  2   0  10404
197  10187  3   0  0  10187
198  10192  3   0  0  10192
199  9510  2   1  9509
200  10406  3   0  1  10405
201  10404  2   121  10283
202  8628  2   0  8628
203  10398  3   0  0  10398
204  10274  3   0  2  10272
205  10404  2   1  10403
206  10177  3   0  61  10116
207  9504  2   0  9504
208  10402  3   0  0  10402
209  10406  3   0  0  10406
210  10390  2   0  10390
211  10404  2   0  10404
212  8654  3   79  0  8575
213  3184  4   0  0  33  3151
214  10219  3   0  0  10219
215  10400  2   445  9955
216  10404  3   0  1  10403
217  10404  3   1  0  10403
218  10404  3   1  0  10403
219  10148  3   0  0  10148
220  2828  2   0  2828
221  10403  3   0  0  10403
222  8664  2   0  8664
223  3029  4   0  4  0  3025
224  9770  2   0  9770
225  9618  3   0  2  9616
226  10130  2   0  10130
227  10406  2   0  10406
228  8681  4   0  0  1  8680
229  10400  2   0  10400
230  10398  2   2  10396
231  10126  2   0  10126
232  10406  2   0  10406
233  10402  3   0  0  10402
234  10406  3   0  0  10406
235  10095  3   1  0  10094
236  10390  2   2  10388
237  10400  2   8  10392
238  10398  2   0  10398
239  10404  2   0  10404
240  10404  2   0  10404
241  10112  2   0  10112
242  10098  2   0  10098
243  10406  2   2  10404
244  10388  2   0  10388
245  2783  3   0  0  2783
246  10406  3   0  0  10406
247  9768  3   0  0  9768
248  10394  2   2  10392
249  10404  2   0  10404
250  10400  2   0  10400
251  10398  2   0  10398
252  2810  3   0  0  2810
253  9332  3   0  0  9332
254  10398  5   0  0  1  0  10397
255  10390  2   0  10390
256  10404  2   4  10400
257  10402  2   0  10402
258  9620  2   1  9619
259  10266  3   1  0  10265
260  9366  2   0  9366
261  10404  2   1  10403
262  10404  2   0  10404
263  10404  2   0  10404
264  10055  3   0  0  10055
265  10404  3   0  0  10404
266  10406  2   0  10406
267  10152  2   2  10150
268  8416  2   0  8416
269  9762  2   0  9762
270  9364  2   0  9364
271  7428  2   0  7428
272  10222  2   0  10222
273  9990  2   1  9989
274  8632  2   7  8625
275  10378  2   137  10241
276  10404  3   0  184  10220
277  9970  3   0  0  9970
278  2789  4   0  1  0  2788
279  10228  2   1  10227
280  9358  2   0  9358
281  10404  2   0  10404
282  7360  2   0  7360
283  2032  2   3  2029

[pop]=2
1  11452  2   2  11450
2  11538  3   0  0  11538
3  11568  2   0  11568
4  9276  2   0  9276
5  11576  2   0  11576
6  11556  2   0  11556
7  11568  2   2  11566
8  11402  3   1  0  11401
9  11320  2   0  11320
10  11560  3   1  1  11558
11  11576  2   0  11576
12  11461  3   0  0  11461
13  11286  2   0  11286
14  11392  2   0  11392
15  11542  2   4708  6834
16  11528  2   0  11528
17  11425  3   0  0  11425
18  11558  2   1  11557
19  8142  3   0  0  8142
20  11576  2   0  11576
21  11282  6   0  0  0  0  0  11282
22  11576  3   10  0  11566
23  11552  3   0  0  11552
24  11552  2   0  11552
25  11530  3   0  0  11530
26  8298  2   0  8298
27  11274  2   1  11273
28  11576  2   0  11576
29  11557  3   0  0  11557
30  11556  2   1  11555
31  11546  2   14  11532
32  11578  2   0  11578
33  11556  2   0  11556
34  8500  3   1  0  8499
35  11544  3   0  0  11544
36  11538  3   0  1  11537
37  11578  2   1  11577
38  8646  2   4  8642
39  11578  4   0  6  0  11572
40  11578  4   6  0  0  11572
41  11553  4   1  0  0  11552
42  11544  2   0  11544
43  9302  2   2552  6750
44  11577  3   5  0  11572
45  11558  2   0  11558
46  11578  3   0  0  11578
47  11542  3   0  0  11542
48  11208  2   0  11208
49  11578  2   0  11578
50  11578  2   0  11578
51  11558  3   0  0  11558
52  11486  4   0  0  0  11486
53  11570  2   1  11569
54  11578  2   0  11578
55  11576  2   126  11450
56  11488  2   1  11487
57  11568  2   0  11568
58  11562  2   0  11562
59  11558  3   0  1  11557
60  11570  3   0  1  11569
61  11286  2   17  11269
62  11578  2   0  11578
63  11547  3   0  0  11547
64  11578  3   0  1  11577
65  11574  2   0  11574
66  11570  2   0  11570
67  11578  2   0  11578
68  11548  2   0  11548
69  11558  2   0  11558
70  11542  2   0  11542
71  9264  2   7  9257
72  11578  3   0  0  11578
73  11578  3   0  0  11578
74  11578  2   0  11578
75  11560  2   1  11559
76  11478  3   1  0  11477
77  11570  3   0  0  11570
78  11528  2   0  11528
79  11578  3   0  0  11578
80  11553  3   0  0  11553
81  11554  2   0  11554
82  11572  4   0  0  0  11572
83  11516  2   0  11516
84  10682  2   0  10682
85  11472  3   0  4  11468
86  11572  2   0  11572
87  11107  3   1  0  11106
88  11574  2   0  11574
89  11554  2   0  11554
90  11535  4   1  0  0  11534
91  11576  2   0  11576
92  11514  2   0  11514
93  11570  3   0  0  11570
94  11016  2   0  11016
95  11578  3   0  0  11578
96  11572  2   0  11572
97  11578  2   0  11578
98  10462  3   9  0  10453
99  11508  3   0  0  11508
100  10891  4   1  0  0  10890
101  11544  3   0  0  11544
102  11532  4   2  0  1  11529
103  11570  2   11  11559
104  11512  2   0  11512
105  11558  2   0  11558
106  11578  3   0  0  11578
107  11572  2   0  11572
108  11472  2   0  11472
109  11574  2   65  11509
110  11528  3   0  0  11528
111  9210  2   0  9210
112  11472  3   0  0  11472
113  11574  3   0  0  11574
114  11578  2   0  11578
115  11524  2   1  11523
116  11532  2   0  11532
117  7892  3   0  0  7892
118  11560  4   0  0  0  11560
119  11476  2   0  11476
120  424  2   0  424
121  11578  3   5  0  11573
122  7761  3   0  0  7761
123  11558  2   1  11557
124  11560  2   0  11560
125  11470  2   1  11469
126  11470  2   0  11470
127  11574  2   0  11574
128  11578  3   0  0  11578
129  11578  3   0  0  11578
130  11578  2   0  11578
131  11578  2   27  11551
132  11538  2   0  11538
133  9155  2   0  9155
134  11470  2   0  11470
135  11578  4   0  0  0  11578
136  11578  2   0  11578
137  11578  2   0  11578
138  11572  2   0  11572
139  11544  2   4  11540
140  7193  4   0  1  0  7192
141  9161  2   0  9161
142  11574  2   2  11572
143  11578  3   0  0  11578
144  11510  3   0  0  11510
145  11578  2   0  11578
146  11560  3   0  0  11560
147  7196  2   0  7196
148  11489  3   0  0  11489
149  11470  2   1  11469
150  11324  2   0  11324
151  11578  3   12  0  11566
152  11526  2   13  11513
153  450  3   0  0  450
154  11578  2   0  11578
155  11578  2   3  11575
156  11488  2   1  11487
157  11473  3   0  0  11473
158  6670  4   0  1  0  6669
159  11578  2   0  11578
160  11281  3   0  0  11281
161  11578  3   0  0  11578
162  11494  3   0  0  11494
163  10234  2   2  10232
164  11520  2   0  11520
165  11470  3   0  0  11470
166  11574  2   0  11574
167  11572  3   0  0  11572
168  11578  3   0  0  11578
169  11576  2   0  11576
170  9628  3   0  0  9628
171  6520  2   0  6520
172  11484  3   1  0  11483
173  11556  2   0  11556
174  11570  3   0  1  11569
175  11578  2   1  11577
176  11485  3   0  0  11485
177  11576  2   0  11576
178  11484  2   0  11484
179  11576  2   0  11576
180  10044  2   0  10044
181  6026  2   0  6026
182  11578  2   2  11576
183  11566  4   0  0  0  11566
184  11578  2   0  11578
185  11573  4   1  1  0  11571
186  11578  4   0  0  8  11570
187  11518  2   0  11518
188  11576  2   1  11575
189  11578  4   0  39  0  11539
190  5744  2   1067  4677
191  11476  3   2  0  11474
192  11546  2   0  11546
193  11566  3   1  0  11565
194  11578  2   0  11578
195  11578  2   0  11578
196  11578  2   0  11578
197  11535  3   2  0  11533
198  11520  3   0  0  11520
199  11454  2   0  11454
200  11578  3   0  0  11578
201  11568  2   6  11562
202  10282  2   0  10282
203  11546  3   0  1  11545
204  11566  3   0  0  11566
205  11578  2   2  11576
206  11519  3   0  3  11516
207  11448  2   0  11448
208  11576  3   0  0  11576
209  11578  3   0  0  11578
210  11564  2   0  11564
211  11566  2   0  11566
212  10324  3   0  1  10323
213  4475  4   0  0  2  4473
214  11560  3   0  0  11560
215  11576  2   619  10957
216  11578  3   0  0  11578
217  11578  3   0  0  11578
218  11578  3   0  0  11578
219  11518  3   0  0  11518
220  454  2   0  454
221  11576  3   3  3  11570
222  10352  2   0  10352
223  4191  4   0  0  0  4191
224  11476  2   0  11476
225  10596  3   0  0  10596
226  11514  2   0  11514
227  11578  2   1  11577
228  10377  4   0  0  0  10377
229  11576  2   0  11576
230  11578  2   0  11578
231  11512  2   0  11512
232  11578  2   0  11578
233  11564  3   0  0  11564
234  11566  3   0  0  11566
235  11446  3   0  0  11446
236  11540  2   0  11540
237  11576  2   5  11571
238  11578  2   0  11578
239  11578  2   0  11578
240  11578  2   0  11578
241  11474  2   1  11473
242  11510  2   0  11510
243  11578  2   0  11578
244  11564  2   0  11564
245  3769  3   0  0  3769
246  11578  3   0  0  11578
247  11468  3   0  1  11467
248  11544  2   0  11544
249  11578  2   0  11578
250  11576  2   0  11576
251  11578  2   0  11578
252  447  3   0  0  447
253  11266  3   2  0  11264
254  11570  5   0  0  1  0  11569
255  11564  2   0  11564
256  11576  2   0  11576
257  11554  2   0  11554
258  10582  2   0  10582
259  11562  3   0  0  11562
260  11468  2   0  11468
261  11576  2   0  11576
262  11578  2   0  11578
263  11578  2   0  11578
264  11447  3   0  1  11446
265  11578  3   0  1  11577
266  11578  2   0  11578
267  11480  2   0  11480
268  9208  2   0  9208
269  11456  2   0  11456
270  11466  2   0  11466
271  8908  2   0  8908
272  11564  2   0  11564
273  11396  2   0  11396
274  10376  2   0  10376
275  11528  2   0  11528
276  11577  3   0  149  11428
277  11372  3   0  0  11372
278  421  4   1  0  0  420
279  11560  2   0  11560
280  11460  2   0  11460
281  11576  2   0  11576
282  8886  2   0  8886
283  2472  2   0  2472

[pop]=3
1  8588  2   0  8588
2  8628  3   0  0  8628
3  8646  2   0  8646
4  6583  2   0  6583
5  8652  2   0  8652
6  8636  2   2  8634
7  8610  2   0  8610
8  8557  3   0  0  8557
9  8028  2   0  8028
10  8649  3   0  0  8649
11  8650  2   0  8650
12  8592  3   0  0  8592
13  8466  2   0  8466
14  8608  2   0  8608
15  8612  2   3615  4997
16  8594  2   0  8594
17  8571  3   0  2  8569
18  8650  2   12  8638
19  6611  3   1  0  6610
20  8650  2   2  8648
21  8469  6   0  0  1  0  2  8466
22  8652  3   0  0  8652
23  8628  3   1  0  8627
24  8638  2   0  8638
25  8598  3   1  1  8596
26  6718  2   0  6718
27  8464  2   0  8464
28  8652  2   1  8651
29  8607  3   0  0  8607
30  8638  2   0  8638
31  8598  2   0  8598
32  8654  2   1  8653
33  8648  2   0  8648
34  6866  3   0  0  6866
35  8598  3   0  0  8598
36  8608  3   0  0  8608
37  8652  2   0  8652
38  6982  2   0  6982
39  8654  4   0  0  0  8654
40  8654  4   0  0  0  8654
41  8627  4   0  0  0  8627
42  8598  2   0  8598
43  8018  2   6587  1431
44  8652  3   0  0  8652
45  8646  2   0  8646
46  8654  3   0  1  8653
47  8619  3   0  0  8619
48  8420  2   0  8420
49  8654  2   0  8654
50  8654  2   0  8654
51  8648  3   0  0  8648
52  8547  4   0  2  0  8545
53  8638  2   3  8635
54  8654  2   1  8653
55  8654  2   0  8654
56  8572  2   1  8571
57  8644  2   25  8619
58  8650  2   0  8650
59  8631  3   0  0  8631
60  8650  3   1  0  8649
61  8576  2   0  8576
62  8652  2   0  8652
63  8604  3   1  2  8601
64  8654  3   0  25  8629
65  8652  2   0  8652
66  8650  2   0  8650
67  8652  2   0  8652
68  8602  2   0  8602
69  8632  2   3  8629
70  8584  2   4  8580
71  6569  2   0  6569
72  8654  3   0  0  8654
73  8654  3   0  0  8654
74  8654  2   0  8654
75  8612  2   627  7985
76  8604  3   0  0  8604
77  8650  3   0  0  8650
78  8644  2   0  8644
79  8652  3   0  0  8652
80  8632  3   0  1  8631
81  8630  2   0  8630
82  8651  4   0  0  0  8651
83  8634  2   1  8633
84  8086  2   0  8086
85  8338  3   1  0  8337
86  8650  2   0  8650
87  8474  3   1  0  8473
88  8642  2   4  8638
89  8632  2   0  8632
90  8588  4   0  0  0  8588
91  8654  2   0  8654
92  8606  2   2  8604
93  8650  3   1  1  8648
94  8432  2   1  8431
95  8652  3   10  0  8642
96  8650  2   1  8649
97  8654  2   0  8654
98  7886  3   0  0  7886
99  8631  3   0  0  8631
100  8372  4   0  0  0  8372
101  8604  3   0  1  8603
102  8584  4   0  0  0  8584
103  8652  2   0  8652
104  8636  2   0  8636
105  8608  2   6  8602
106  8652  3   0  0  8652
107  8638  2   0  8638
108  8338  2   0  8338
109  8652  2   0  8652
110  8584  3   1  0  8583
111  6522  2   0  6522
112  8338  3   0  0  8338
113  8651  3   0  1  8650
114  8642  2   9  8633
115  8584  2   0  8584
116  8646  2   0  8646
117  6236  3   0  0  6236
118  8607  4   0  0  0  8607
119  8616  2   0  8616
120  728  2   0  728
121  8654  3   0  0  8654
122  6084  3   1  0  6083
123  8606  2   0  8606
124  8628  2   0  8628
125  8578  2   0  8578
126  8338  2   19  8319
127  8654  2   0  8654
128  8654  3   0  0  8654
129  8654  3   0  0  8654
130  8648  2   0  8648
131  8654  2   2  8652
132  8626  2   0  8626
133  6489  2   2  6487
134  8338  2   0  8338
135  8652  4   0  4  0  8648
136  8652  2   0  8652
137  8654  2   0  8654
138  8646  2   0  8646
139  8646  2   0  8646
140  5537  4   0  8  0  5529
141  6503  2   0  6503
142  8654  2   0  8654
143  8651  3   1  5  8645
144  8584  3   0  0  8584
145  8654  2   0  8654
146  8642  3   1  1  8640
147  5530  2   0  5530
148  8606  3   0  0  8606
149  8338  2   1  8337
150  8482  2   1  8481
151  8652  3   0  0  8652
152  8624  2   0  8624
153  720  3   0  0  720
154  8654  2   0  8654
155  8654  2   0  8654
156  8630  2   0  8630
157  8641  3   0  0  8641
158  5013  4   0  0  0  5013
159  8654  2   0  8654
160  8461  3   0  0  8461
161  8654  3   0  0  8654
162  8604  3   1  0  8603
163  7988  2   0  7988
164  8624  2   0  8624
165  8338  3   0  0  8338
166  8654  2   0  8654
167  8648  3   0  0  8648
168  8654  3   0  0  8654
169  8652  2   0  8652
170  7524  3   4  0  7520
171  4860  2   0  4860
172  8604  3   0  0  8604
173  8628  2   0  8628
174  8648  3   3  0  8645
175  8652  2   0  8652
176  8605  3   4  0  8601
177  8652  2   0  8652
178  8572  2   0  8572
179  8648  2   0  8648
180  7750  2   0  7750
181  4448  2   0  4448
182  8654  2   0  8654
183  8630  4   0  1  0  8629
184  8654  2   7  8647
185  8649  4   0  0  0  8649
186  8652  4   0  0  0  8652
187  8622  2   0  8622
188  8646  2   0  8646
189  8654  4   0  0  0  8654
190  4248  2   28  4220
191  8600  3   0  0  8600
192  8650  2   0  8650
193  8630  3   0  1  8629
194  8654  2   0  8654
195  8654  2   1  8653
196  8654  2   1  8653
197  8615  3   0  0  8615
198  8616  3   0  1  8615
199  8548  2   1  8547
200  8654  3   1  0  8653
201  8648  2   0  8648
202  7896  2   0  7896
203  8650  3   0  0  8650
204  8630  3   0  0  8630
205  8654  2   0  8654
206  8615  3   3  0  8612
207  8544  2   0  8544
208  8652  3   0  0  8652
209  8654  3   0  1  8653
210  8650  2   5  8645
211  8648  2   0  8648
212  7932  3   0  0  7932
213  3900  4   0  0  0  3900
214  8606  3   0  0  8606
215  8634  2   880  7754
216  8654  3   0  0  8654
217  8654  3   1  0  8653
218  8654  3   1  0  8653
219  8615  3   0  0  8615
220  710  2   0  710
221  8652  3   0  0  8652
222  7950  2   0  7950
223  3703  4   1  0  0  3702
224  8598  2   0  8598
225  8160  3   0  0  8160
226  8608  2   0  8608
227  8654  2   1  8653
228  7958  4   0  1  1  7956
229  8650  2   0  8650
230  8652  2   0  8652
231  8604  2   0  8604
232  8654  2   0  8654
233  8648  3   0  0  8648
234  8640  3   0  0  8640
235  8540  3   0  0  8540
236  8650  2   0  8650
237  8650  2   0  8650
238  8652  2   0  8652
239  8654  2   0  8654
240  8654  2   0  8654
241  8620  2   1  8619
242  8602  2   0  8602
243  8654  2   0  8654
244  8650  2   0  8650
245  3390  3   0  0  3390
246  8654  3   0  0  8654
247  8598  3   0  0  8598
248  8650  2   0  8650
249  8654  2   0  8654
250  8650  2   0  8650
251  8652  2   0  8652
252  694  3   0  0  694
253  8434  3   0  0  8434
254  8651  5   0  0  0  0  8651
255  8650  2   0  8650
256  8654  2   0  8654
257  8642  2   0  8642
258  8176  2   0  8176
259  8626  3   0  0  8626
260  8336  2   0  8336
261  8654  2   0  8654
262  8654  2   0  8654
263  8654  2   0  8654
264  8606  3   0  1  8605
265  8652  3   0  0  8652
266  8654  2   0  8654
267  8554  2   0  8554
268  6552  2   0  6552
269  8592  2   0  8592
270  8336  2   0  8336
271  6602  2   0  6602
272  8608  2   0  8608
273  8592  2   0  8592
274  7950  2   0  7950
275  8644  2   0  8644
276  8650  3   0  2927  5723
277  8575  3   0  0  8575
278  656  4   0  0  0  656
279  8618  2   0  8618
280  8334  2   4  8330
281  8654  2   0  8654
282  6658  2   0  6658
283  2346  2   0  2346

[pop]=4
1  6572  2   0  6572
2  6614  3   0  0  6614
3  6614  2   11  6603
4  4498  2   0  4498
5  6614  2   0  6614
6  6612  2   0  6612
7  6608  2   0  6608
8  6248  3   0  0  6248
9  6540  2   0  6540
10  6574  3   0  0  6574
11  6614  2   0  6614
12  6574  3   0  0  6574
13  6404  2   0  6404
14  6214  2   0  6214
15  6610  2   2293  4317
16  6610  2   0  6610
17  6291  3   0  1  6290
18  6570  2   0  6570
19  2787  3   0  0  2787
20  6614  2   0  6614
21  6408  6   0  0  0  0  0  6408
22  6614  3   0  0  6614
23  6614  3   0  0  6614
24  6614  2   0  6614
25  6610  3   0  0  6610
26  2872  2   0  2872
27  6404  2   0  6404
28  6610  2   0  6610
29  6604  3   0  0  6604
30  6612  2   0  6612
31  6606  2   0  6606
32  6614  2   0  6614
33  6570  2   0  6570
34  2958  3   0  0  2958
35  6600  3   0  0  6600
36  6610  3   0  0  6610
37  6614  2   0  6614
38  3034  2   1  3033
39  6614  4   0  1  0  6613
40  6614  4   1  0  0  6613
41  6614  4   0  0  0  6614
42  6600  2   0  6600
43  3268  2   361  2907
44  6612  3   0  0  6612
45  6614  2   2  6612
46  6614  3   0  0  6614
47  6610  3   0  0  6610
48  6356  2   0  6356
49  6614  2   0  6614
50  6614  2   0  6614
51  6614  3   0  0  6614
52  6585  4   1  0  0  6584
53  6614  2   0  6614
54  6614  2   0  6614
55  6614  2   0  6614
56  6588  2   0  6588
57  6614  2   0  6614
58  6608  2   0  6608
59  6611  3   0  0  6611
60  6610  3   0  0  6610
61  6108  2   0  6108
62  6612  2   0  6612
63  6596  3   0  0  6596
64  6614  3   0  120  6494
65  6614  2   0  6614
66  6610  2   0  6610
67  6612  2   0  6612
68  6592  2   0  6592
69  6612  2   0  6612
70  6576  2   0  6576
71  4485  2   0  4485
72  6614  3   0  0  6614
73  6614  3   0  0  6614
74  6614  2   0  6614
75  6614  2   0  6614
76  6596  3   0  0  6596
77  6610  3   0  0  6610
78  6612  2   0  6612
79  6612  3   0  0  6612
80  6609  3   0  0  6609
81  6614  2   0  6614
82  6614  4   0  0  0  6614
83  6512  2   1  6511
84  6038  2   0  6038
85  6586  3   0  0  6586
86  6612  2   0  6612
87  5892  3   0  0  5892
88  6614  2   0  6614
89  6610  2   0  6610
90  6554  4   0  0  0  6554
91  6614  2   0  6614
92  6600  2   0  6600
93  6608  3   0  0  6608
94  5808  2   0  5808
95  6612  3   0  0  6612
96  6614  2   0  6614
97  6614  2   0  6614
98  5936  3   21  0  5915
99  6612  3   1  0  6611
100  5723  4   0  0  0  5723
101  6573  3   0  0  6573
102  6528  4   0  0  0  6528
103  6612  2   0  6612
104  6514  2   0  6514
105  6614  2   0  6614
106  6614  3   0  0  6614
107  6614  2   0  6614
108  6586  2   0  6586
109  6614  2   0  6614
110  6524  3   0  0  6524
111  4455  2   0  4455
112  6586  3   0  0  6586
113  6614  3   0  0  6614
114  6614  2   0  6614
115  6524  2   0  6524
116  6444  2   0  6444
117  2946  3   0  0  2946
118  6614  4   0  0  0  6614
119  6604  2   0  6604
120  52  2   0  52
121  6614  3   0  0  6614
122  2895  3   0  0  2895
123  6614  2   0  6614
124  6612  2   0  6612
125  6574  2   0  6574
126  6586  2   0  6586
127  6614  2   0  6614
128  6614  3   0  0  6614
129  6614  3   0  0  6614
130  6614  2   0  6614
131  6614  2   0  6614
132  6610  2   0  6610
133  4449  2   0  4449
134  6586  2   0  6586
135  6614  4   0  0  0  6614
136  6614  2   0  6614
137  6614  2   0  6614
138  6612  2   0  6612
139  6604  2   0  6604
140  2725  4   0  0  0  2725
141  4455  2   0  4455
142  6614  2   0  6614
143  6614  3   0  0  6614
144  6456  3   0  0  6456
145  6614  2   0  6614
146  6612  3   0  0  6612
147  2760  2   0  2760
148  6606  3   3  0  6603
149  6586  2   0  6586
150  6550  2   0  6550
151  6614  3   0  0  6614
152  6596  2   0  6596
153  49  3   0  0  49
154  6614  2   0  6614
155  6614  2   0  6614
156  6492  2   0  6492
157  6303  3   0  0  6303
158  2551  4   0  0  0  2551
159  6614  2   0  6614
160  6084  3   0  0  6084
161  6614  3   0  0  6614
162  6602  3   0  0  6602
163  5574  2   0  5574
164  6582  2   0  6582
165  6586  3   0  0  6586
166  6614  2   0  6614
167  6612  3   0  0  6612
168  6614  3   0  0  6614
169  6614  2   0  6614
170  3996  3   0  0  3996
171  2502  2   0  2502
172  6600  3   0  0  6600
173  6612  2   0  6612
174  6612  3   0  0  6612
175  6614  2   0  6614
176  6599  3   0  0  6599
177  6614  2   0  6614
178  6378  2   0  6378
179  6614  2   0  6614
180  4166  2   0  4166
181  2326  2   0  2326
182  6614  2   0  6614
183  6610  4   0  0  0  6610
184  6614  2   0  6614
185  6614  4   0  1  0  6613
186  6614  4   0  0  0  6614
187  6596  2   0  6596
188  6614  2   0  6614
189  6614  4   0  0  0  6614
190  2406  2   772  1634
191  6598  3   0  0  6598
192  6614  2   0  6614
193  6610  3   0  0  6610
194  6614  2   0  6614
195  6614  2   0  6614
196  6614  2   0  6614
197  6404  3   0  0  6404
198  6594  3   0  0  6594
199  6334  2   0  6334
200  6614  3   0  0  6614
201  6612  2   0  6612
202  4282  2   0  4282
203  6614  3   0  0  6614
204  6609  3   0  0  6609
205  6614  2   0  6614
206  6590  3   0  0  6590
207  6318  2   0  6318
208  6614  3   2  0  6612
209  6614  3   0  0  6614
210  6612  2   0  6612
211  6610  2   0  6610
212  4338  3   0  0  4338
213  1623  4   0  0  0  1623
214  6614  3   0  1  6613
215  6614  2   0  6614
216  6614  3   0  0  6614
217  6614  3   0  0  6614
218  6614  3   0  0  6614
219  6353  3   0  0  6353
220  58  2   0  58
221  6614  3   0  0  6614
222  4360  2   0  4360
223  1525  4   0  0  0  1525
224  6596  2   0  6596
225  5744  3   0  0  5744
226  6590  2   0  6590
227  6614  2   0  6614
228  4363  4   0  0  0  4363
229  6614  2   0  6614
230  6614  2   0  6614
231  6590  2   0  6590
232  6614  2   2  6612
233  6608  3   0  0  6608
234  6612  3   0  0  6612
235  6314  3   0  0  6314
236  6612  2   5  6607
237  6614  2   2  6612
238  6614  2   0  6614
239  6614  2   0  6614
240  6614  2   0  6614
241  6220  2   0  6220
242  6592  2   20  6572
243  6614  2   0  6614
244  6612  2   0  6612
245  1313  3   0  0  1313
246  6614  3   0  0  6614
247  6592  3   0  0  6592
248  6608  2   0  6608
249  6614  2   0  6614
250  6614  2   0  6614
251  6614  2   2  6612
252  65  3   0  0  65
253  6110  3   0  0  6110
254  6614  5   0  0  0  0  6614
255  6612  2   0  6612
256  6614  2   0  6614
257  6606  2   0  6606
258  5746  2   0  5746
259  6604  3   0  0  6604
260  6586  2   0  6586
261  6614  2   3  6611
262  6614  2   0  6614
263  6614  2   0  6614
264  6078  3   0  0  6078
265  6614  3   0  0  6614
266  6614  2   0  6614
267  6390  2   0  6390
268  4493  2   0  4493
269  6590  2   0  6590
270  6586  2   0  6586
271  4180  2   0  4180
272  6614  2   0  6614
273  5962  2   0  5962
274  4346  2   0  4346
275  6612  2   0  6612
276  6614  3   0  241  6373
277  5928  3   0  0  5928
278  57  4   0  0  0  57
279  6586  2   0  6586
280  6586  2   0  6586
281  6614  2   0  6614
282  4136  2   0  4136
283  784  2   0  784

[pop]=5
1  66488  2   0  66488
2  65792  3   1  0  65791
3  66318  2   4  66314
4  47460  2   4  47456
5  66724  2   2  66722
6  66366  2   0  66366
7  66620  2   0  66620
8  65485  3   0  0  65485
9  60052  2   1  60051
10  66563  3   0  0  66563
11  66510  2   0  66510
12  66521  3   2  0  66519
13  64520  2   6  64514
14  65946  2   0  65946
15  65872  2   7351  58521
16  66350  2   0  66350
17  65610  3   1  0  65609
18  66550  2   0  66550
19  44240  3   1  0  44239
20  66520  2   0  66520
21  64530  6   0  1  0  0  0  64529
22  66720  3   0  1  66719
23  65890  3   0  1  65889
24  65688  2   2  65686
25  66376  3   1  0  66375
26  44912  2   1  44911
27  64518  2   2  64516
28  66526  2   1  66525
29  66262  3   0  1  66261
30  66376  2   8  66368
31  66108  2   4  66104
32  66718  2   1  66717
33  66540  2   2  66538
34  45696  3   0  0  45696
35  66066  3   0  0  66066
36  66421  3   0  0  66421
37  66716  2   15  66701
38  46462  2   19  46443
39  66663  4   1  95  1  66566
40  66663  4   95  1  1  66566
41  65908  4   48  1  0  65859
42  66086  2   5  66081
43  48414  2   5654  42760
44  66569  3   1  1  66567
45  66008  2   4  66004
46  66729  3   1  0  66728
47  66450  3   1  1  66448
48  64254  2   2  64252
49  66670  2   3  66667
50  66670  2   3  66667
51  66038  3   4  0  66034
52  66441  4   0  1  0  66440
53  66636  2   12  66624
54  66730  2   3  66727
55  66718  2   1  66717
56  66488  2   1  66487
57  66598  2   0  66598
58  66696  2   2  66694
59  66310  3   1  1  66308
60  66702  3   0  7  66695
61  65426  2   1  65425
62  66660  2   0  66660
63  66118  3   0  4  66114
64  66734  3   1  227  66506
65  66734  2   0  66734
66  66702  2   1  66701
67  66662  2   0  66662
68  66076  2   2  66074
69  66294  2   0  66294
70  65926  2   2  65924
71  47226  2   3  47223
72  66692  3   1  3  66688
73  66692  3   1  3  66688
74  66734  2   0  66734
75  65486  2   4  65482
76  66617  3   0  0  66617
77  66688  3   0  1  66687
78  65880  2   0  65880
79  66674  3   1  0  66673
80  66258  3   0  0  66258
81  65902  2   0  65902
82  66736  4   0  0  1  66735
83  66190  2   6  66184
84  61892  2   0  61892
85  64829  3   0  0  64829
86  66724  2   2  66722
87  64334  3   8  3  64323
88  66700  2   3  66697
89  66248  2   2  66246
90  65788  4   11  0  10  65767
91  66706  2   3  66703
92  66632  2   0  66632
93  66672  3   0  0  66672
94  63742  2   8  63734
95  66689  3   0  0  66689
96  66450  2   2  66448
97  66740  2   3  66737
98  60852  3   143  7  60702
99  65575  3   4  0  65571
100  63061  4   0  2  7  63052
101  65950  3   18  0  65932
102  65731  4   3  0  1  65727
103  66732  2   0  66732
104  66194  2   2  66192
105  65534  2   0  65534
106  66720  3   0  0  66720
107  66422  2   43  66379
108  64842  2   1  64841
109  66732  2   35  66697
110  65704  3   1  1  65702
111  46643  2   4  46639
112  64843  3   0  0  64843
113  66732  3   1  9  66722
114  66724  2   1  66723
115  65706  2   1  65705
116  66346  2   0  66346
117  45100  3   1  0  45099
118  65597  4   0  1  0  65596
119  65274  2   2  65272
120  8514  2   0  8514
121  66740  3   1  0  66739
122  44585  3   0  0  44585
123  65634  2   0  65634
124  66092  2   0  66092
125  65606  2   0  65606
126  64840  2   0  64840
127  66736  2   3  66733
128  66723  3   1  0  66722
129  66723  3   1  0  66722
130  66734  2   9  66725
131  66740  2   119  66621
132  66692  2   1  66691
133  45859  2   0  45859
134  64842  2   10  64832
135  66712  4   0  0  1  66711
136  66530  2   2  66528
137  66740  2   3  66737
138  66712  2   5  66707
139  66582  2   0  66582
140  42425  4   3  0  0  42422
141  46048  2   11  46037
142  66736  2   2  66734
143  66736  3   0  9  66727
144  65543  3   2  0  65541
145  66740  2   2  66738
146  66645  3   1  0  66644
147  42632  2   2  42630
148  66656  3   0  0  66656
149  64838  2   2  64836
150  63546  2   3  63543
151  66738  3   5  0  66733
152  65936  2   271  65665
153  8650  3   1  0  8649
154  66692  2   0  66692
155  66724  2   0  66724
156  66102  2   1  66101
157  66073  3   1  2  66070
158  40551  4   2  0  1  40548
159  66740  2   0  66740
160  64510  3   0  1  64509
161  66738  3   1  1  66736
162  66662  3   0  2  66660
163  61952  2   0  61952
164  66056  2   2  66054
165  64836  3   13  1  64822
166  66736  2   2  66734
167  66627  3   1  0  66626
168  66729  3   0  3  66726
169  66520  2   0  66520
170  56346  3   0  1  56345
171  39822  2   2  39820
172  66654  3   0  1  66653
173  65940  2   0  65940
174  66640  3   3  0  66637
175  66716  2   0  66716
176  66654  3   0  2  66652
177  66720  2   4  66716
178  65278  2   0  65278
179  66698  2   2  66696
180  58384  2   2  58382
181  37940  2   0  37940
182  66738  2   2  66736
183  66285  4   1  0  0  66284
184  66736  2   5  66731
185  66666  4   0  3  0  66663
186  66719  4   1  1  0  66717
187  65880  2   2  65878
188  66696  2   0  66696
189  66739  4   0  141  0  66598
190  37720  2   13649  24071
191  66632  3   6  1  66625
192  66680  2   0  66680
193  66289  3   0  0  66289
194  66736  2   1  66735
195  66734  2   1  66733
196  66734  2   1  66733
197  65658  3   2  1  65655
198  65826  3   2  4  65820
199  65054  2   1  65053
200  66740  3   0  0  66740
201  66706  2   0  66706
202  59616  2   0  59616
203  66686  3   1  0  66685
204  66297  3   4  0  66293
205  66738  2   0  66738
206  65728  3   0  0  65728
207  65014  2   2  65012
208  66425  3   3  0  66422
209  66740  3   1  1  66738
210  66684  2   0  66684
211  66702  2   4  66698
212  59814  3   2  0  59812
213  26868  4   0  0  3  26865
214  65760  3   0  2  65758
215  66698  2   29  66669
216  66738  3   1  0  66737
217  66733  3   11  1  66721
218  66733  3   11  1  66721
219  65557  3   1  5  65551
220  8738  2   6  8732
221  66398  3   0  0  66398
222  59918  2   3  59915
223  25552  4   2  0  1  25549
224  66616  2   2  66614
225  63154  3   1  1  63152
226  65632  2   2  65630
227  66740  2   0  66740
228  60064  4   2  0  3  60059
229  66710  2   2  66708
230  66712  2   0  66712
231  65556  2   4  65552
232  66740  2   0  66740
233  66692  3   1  1  66690
234  66724  3   1  0  66723
235  65471  3   10  1  65460
236  66660  2   6  66654
237  66712  2   281  66431
238  66690  2   0  66690
239  66732  2   0  66732
240  66732  2   0  66732
241  65310  2   2  65308
242  65514  2   31  65483
243  66740  2   6  66734
244  66686  2   2  66684
245  23412  3   2  1  23409
246  66721  3   1  1  66719
247  66578  3   1  0  66577
248  66672  2   0  66672
249  66738  2   2  66736
250  66716  2   5  66711
251  66686  2   0  66686
252  8693  3   0  4  8689
253  63826  3   5  1  63820
254  66134  5   0  2  0  2  66130
255  66686  2   5  66681
256  66740  2   0  66740
257  66640  2   2  66638
258  63102  2   1  63101
259  66282  3   1  1  66280
260  64794  2   2  64792
261  66738  2   3  66735
262  66726  2   2  66724
263  66726  2   2  66724
264  64989  3   1  0  64988
265  66740  3   6  0  66734
266  66740  2   3  66737
267  65636  2   0  65636
268  46840  2   6  46834
269  66556  2   0  66556
270  64790  2   0  64790
271  52758  2   1  52757
272  65790  2   2  65788
273  64656  2   1  64655
274  59950  2   0  59950
275  66612  2   0  66612
276  66739  3   1  2753  63985
277  64519  3   1  40  64478
278  8601  4   0  0  0  8601
279  66178  2   0  66178
280  64778  2   0  64778
281  66740  2   0  66740
282  52604  2   2  52602
283  16696  2   0  16696

[pop]=6
1  898  2   0  898
2  892  3   0  0  892
3  902  2   0  902
4  625  2   0  625
5  908  2   0  908
6  902  2   0  902
7  908  2   0  908
8  882  3   0  0  882
9  838  2   0  838
10  906  3   0  0  906
11  908  2   0  908
12  898  3   0  0  898
13  874  2   0  874
14  870  2   0  870
15  894  2   161  733
16  902  2   0  902
17  885  3   0  0  885
18  906  2   0  906
19  553  3   0  0  553
20  908  2   0  908
21  874  6   0  0  0  0  0  874
22  908  3   0  0  908
23  898  3   0  0  898
24  860  2   0  860
25  902  3   0  0  902
26  560  2   0  560
27  872  2   0  872
28  902  2   0  902
29  900  3   0  0  900
30  902  2   0  902
31  898  2   1  897
32  906  2   0  906
33  906  2   0  906
34  570  3   0  0  570
35  898  3   0  0  898
36  902  3   0  0  902
37  906  2   0  906
38  574  2   0  574
39  908  4   0  0  0  908
40  908  4   0  0  0  908
41  898  4   0  0  0  898
42  898  2   0  898
43  604  2   104  500
44  904  3   1  0  903
45  878  2   0  878
46  908  3   0  0  908
47  904  3   0  0  904
48  864  2   0  864
49  908  2   0  908
50  908  2   0  908
51  880  3   0  0  880
52  904  4   0  0  0  904
53  908  2   0  908
54  908  2   0  908
55  906  2   0  906
56  904  2   0  904
57  900  2   0  900
58  906  2   0  906
59  902  3   0  0  902
60  906  3   0  0  906
61  864  2   0  864
62  906  2   0  906
63  896  3   0  0  896
64  908  3   0  5  903
65  908  2   0  908
66  906  2   0  906
67  904  2   0  904
68  894  2   0  894
69  902  2   0  902
70  892  2   0  892
71  624  2   0  624
72  908  3   0  0  908
73  908  3   0  0  908
74  908  2   0  908
75  896  2   2  894
76  898  3   0  0  898
77  906  3   0  0  906
78  878  2   0  878
79  906  3   0  0  906
80  902  3   0  0  902
81  894  2   0  894
82  908  4   0  0  0  908
83  898  2   0  898
84  838  2   0  838
85  878  3   0  0  878
86  906  2   0  906
87  836  3   0  0  836
88  908  2   0  908
89  902  2   0  902
90  892  4   1  0  0  891
91  904  2   0  904
92  904  2   0  904
93  906  3   0  0  906
94  828  2   0  828
95  906  3   0  0  906
96  892  2   0  892
97  908  2   0  908
98  824  3   2  0  822
99  868  3   0  0  868
100  813  4   0  0  0  813
101  896  3   0  0  896
102  892  4   0  1  0  891
103  908  2   0  908
104  898  2   0  898
105  896  2   0  896
106  908  3   0  0  908
107  894  2   0  894
108  878  2   0  878
109  906  2   9  897
110  892  3   0  0  892
111  617  2   0  617
112  878  3   0  0  878
113  906  3   0  2  904
114  908  2   0  908
115  890  2   0  890
116  896  2   0  896
117  550  3   0  0  550
118  896  4   0  0  0  896
119  862  2   0  862
120  188  2   0  188
121  908  3   1  0  907
122  543  3   0  0  543
123  896  2   0  896
124  896  2   0  896
125  890  2   0  890
126  878  2   0  878
127  906  2   0  906
128  906  3   0  0  906
129  906  3   0  0  906
130  908  2   0  908
131  908  2   1  907
132  906  2   0  906
133  601  2   0  601
134  878  2   0  878
135  906  4   0  0  0  906
136  896  2   0  896
137  908  2   0  908
138  908  2   0  908
139  900  2   0  900
140  515  4   0  0  0  515
141  604  2   0  604
142  906  2   0  906
143  908  3   0  0  908
144  887  3   0  0  887
145  908  2   0  908
146  908  3   0  0  908
147  516  2   0  516
148  898  3   0  0  898
149  878  2   0  878
150  840  2   0  840
151  908  3   0  0  908
152  900  2   8  892
153  188  3   0  0  188
154  904  2   0  904
155  908  2   0  908
156  894  2   0  894
157  891  3   0  0  891
158  485  4   0  0  0  485
159  908  2   0  908
160  860  3   0  0  860
161  908  3   0  0  908
162  898  3   0  0  898
163  800  2   0  800
164  898  2   0  898
165  877  3   0  0  877
166  906  2   0  906
167  906  3   0  0  906
168  908  3   0  0  908
169  896  2   0  896
170  698  3   0  0  698
171  468  2   0  468
172  898  3   0  0  898
173  890  2   0  890
174  906  3   0  0  906
175  906  2   0  906
176  898  3   0  1  897
177  906  2   0  906
178  876  2   0  876
179  908  2   0  908
180  730  2   0  730
181  450  2   0  450
182  908  2   0  908
183  901  4   0  0  0  901
184  906  2   0  906
185  905  4   0  0  0  905
186  906  4   0  1  1  904
187  898  2   0  898
188  908  2   0  908
189  908  4   0  2  0  906
190  446  2   133  313
191  898  3   1  0  897
192  906  2   0  906
193  902  3   0  0  902
194  906  2   0  906
195  906  2   0  906
196  906  2   0  906
197  894  3   0  0  894
198  898  3   0  0  898
199  868  2   0  868
200  908  3   0  0  908
201  908  2   0  908
202  728  2   0  728
203  906  3   0  0  906
204  902  3   0  0  902
205  908  2   1  907
206  898  3   0  0  898
207  868  2   0  868
208  896  3   0  0  896
209  908  3   0  0  908
210  908  2   0  908
211  908  2   0  908
212  730  3   1  0  729
213  358  4   0  0  0  358
214  898  3   0  0  898
215  908  2   14  894
216  908  3   0  0  908
217  906  3   0  0  906
218  906  3   0  0  906
219  889  3   0  0  889
220  190  2   0  190
221  896  3   0  0  896
222  734  2   0  734
223  340  4   0  0  0  340
224  898  2   0  898
225  818  3   0  0  818
226  898  2   0  898
227  908  2   0  908
228  735  4   0  0  0  735
229  908  2   0  908
230  906  2   0  906
231  898  2   0  898
232  908  2   0  908
233  906  3   0  0  906
234  906  3   0  0  906
235  871  3   0  0  871
236  906  2   0  906
237  908  2   1  907
238  904  2   0  904
239  906  2   0  906
240  906  2   0  906
241  884  2   0  884
242  898  2   1  897
243  908  2   0  908
244  906  2   0  906
245  302  3   0  0  302
246  908  3   0  0  908
247  898  3   0  0  898
248  906  2   0  906
249  908  2   0  908
250  908  2   0  908
251  904  2   0  904
252  190  3   0  0  190
253  858  3   2  0  856
254  886  5   0  0  0  0  886
255  906  2   0  906
256  908  2   0  908
257  904  2   0  904
258  830  2   0  830
259  900  3   0  0  900
260  876  2   0  876
261  908  2   0  908
262  906  2   0  906
263  906  2   0  906
264  876  3   0  0  876
265  908  3   0  0  908
266  908  2   0  908
267  878  2   0  878
268  617  2   0  617
269  898  2   0  898
270  876  2   0  876
271  664  2   0  664
272  898  2   0  898
273  870  2   0  870
274  720  2   0  720
275  904  2   0  904
276  908  3   0  50  858
277  868  3   0  0  868
278  190  4   0  0  0  190
279  900  2   0  900
280  876  2   0  876
281  908  2   0  908
282  654  2   0  654
283  226  2   0  226

[pop]=7
1  16492  2   1  16491
2  16502  3   0  1  16501
3  15694  2   0  15694
4  9954  2   0  9954
5  16512  2   0  16512
6  16502  2   0  16502
7  16498  2   0  16498
8  16235  3   0  4  16231
9  15888  2   0  15888
10  16512  3   1  0  16511
11  16192  2   2  16190
12  16496  3   0  1  16495
13  15958  2   0  15958
14  16112  2   3  16109
15  16500  2   2317  14183
16  16458  2   9  16449
17  16271  3   0  0  16271
18  16512  2   0  16512
19  13040  3   0  3  13037
20  16218  2   0  16218
21  15960  6   0  1  0  1  0  15958
22  16512  3   0  0  16512
23  16502  3   0  0  16502
24  13854  2   0  13854
25  16460  3   0  0  16460
26  13140  2   2  13138
27  15960  2   12  15948
28  16210  2   0  16210
29  16502  3   7  0  16495
30  16504  2   0  16504
31  16508  2   0  16508
32  16508  2   0  16508
33  16510  2   1  16509
34  13306  3   0  1  13305
35  16508  3   0  1  16507
36  16468  3   1  0  16467
37  16508  2   0  16508
38  13406  2   0  13406
39  16476  4   0  0  0  16476
40  16476  4   0  0  0  16476
41  16502  4   0  0  1  16501
42  16510  2   0  16510
43  14110  2   2878  11232
44  16292  3   1  0  16291
45  14608  2   0  14608
46  16511  3   0  1  16510
47  16475  3   0  0  16475
48  15900  2   0  15900
49  16494  2   0  16494
50  16494  2   0  16494
51  14692  3   0  0  14692
52  16440  4   0  0  1  16439
53  16434  2   0  16434
54  16512  2   1  16511
55  16512  2   1  16511
56  16460  2   0  16460
57  16454  2   0  16454
58  16502  2   0  16502
59  16504  3   0  0  16504
60  16512  3   0  0  16512
61  15936  2   0  15936
62  16438  2   0  16438
63  16499  3   0  0  16499
64  16512  3   0  8  16504
65  16512  2   12  16500
66  16510  2   1  16509
67  16442  2   0  16442
68  16500  2   0  16500
69  16500  2   0  16500
70  16508  2   0  16508
71  9884  2   0  9884
72  16508  3   0  0  16508
73  16508  3   0  0  16508
74  16512  2   0  16512
75  16510  2   12  16498
76  16499  3   0  0  16499
77  16508  3   1  1  16506
78  14616  2   2  14614
79  16466  3   0  1  16465
80  16500  3   1  0  16499
81  16498  2   0  16498
82  16510  4   0  1  0  16509
83  16438  2   0  16438
84  15298  2   1  15297
85  16466  3   1  0  16465
86  16512  2   1  16511
87  15535  3   0  0  15535
88  16496  2   1  16495
89  16500  2   1  16499
90  16507  4   6  1  0  16500
91  16510  2   0  16510
92  16492  2   0  16492
93  16505  3   0  1  16504
94  15384  2   1  15383
95  16493  3   0  0  16493
96  15684  2   0  15684
97  16512  2   0  16512
98  15148  3   10  0  15138
99  14120  3   0  1  14119
100  15239  4   0  3  3  15233
101  16496  3   2  0  16494
102  16507  4   1  0  0  16506
103  16510  2   0  16510
104  16446  2   0  16446
105  16510  2   0  16510
106  16510  3   2  0  16508
107  15818  2   3  15815
108  16466  2   5  16461
109  16512  2   0  16512
110  16507  3   0  0  16507
111  9740  2   0  9740
112  16466  3   2  0  16464
113  16512  3   1  0  16511
114  16512  2   1  16511
115  16506  2   2  16504
116  16498  2   4  16494
117  13100  3   0  1  13099
118  16510  4   0  0  1  16509
119  13580  2   0  13580
120  7394  2   5  7389
121  16512  3   0  0  16512
122  12991  3   0  1  12990
123  16508  2   1  16507
124  15890  2   0  15890
125  15386  2   1  15385
126  16466  2   0  16466
127  16512  2   0  16512
128  16510  3   0  35  16475
129  16510  3   0  35  16475
130  16512  2   0  16512
131  16512  2   15  16497
132  16504  2   0  16504
133  8562  2   0  8562
134  16466  2   0  16466
135  16509  4   0  0  0  16509
136  15934  2   0  15934
137  16512  2   0  16512
138  16506  2   1  16505
139  16482  2   0  16482
140  12509  4   0  0  2  12507
141  8712  2   0  8712
142  16512  2   1  16511
143  16512  3   0  6  16506
144  16493  3   0  1  16492
145  16512  2   0  16512
146  16502  3   1  0  16501
147  12510  2   0  12510
148  16496  3   0  0  16496
149  16466  2   0  16466
150  12148  2   0  12148
151  16512  3   1  1  16510
152  16438  2   4  16434
153  7585  3   0  2  7583
154  16500  2   1  16499
155  16508  2   0  16508
156  16438  2   0  16438
157  16471  3   0  1  16470
158  12041  4   0  0  0  12041
159  16512  2   0  16512
160  16126  3   2  0  16124
161  16512  3   0  0  16512
162  16498  3   0  0  16498
163  15212  2   0  15212
164  15854  2   0  15854
165  16465  3   1  0  16464
166  16512  2   0  16512
167  16509  3   0  0  16509
168  16512  3   1  0  16511
169  15926  2   0  15926
170  13792  3   0  0  13792
171  11880  2   1  11879
172  16492  3   0  0  16492
173  16042  2   0  16042
174  16510  3   2  0  16508
175  16510  2   4  16506
176  16493  3   0  2  16491
177  16510  2   2  16508
178  16464  2   12  16452
179  16508  2   1  16507
180  14144  2   0  14144
181  11438  2   0  11438
182  16510  2   0  16510
183  16323  4   0  0  2  16321
184  16512  2   7  16505
185  16510  4   0  0  2  16508
186  16510  4   0  0  0  16510
187  16432  2   0  16432
188  16508  2   0  16508
189  16512  4   0  4  0  16508
190  11458  2   2340  9118
191  16494  3   0  0  16494
192  16412  2   2  16410
193  16348  3   0  0  16348
194  16512  2   1  16511
195  16510  2   0  16510
196  16510  2   0  16510
197  16498  3   1  0  16497
198  16428  3   0  0  16428
199  16428  2   0  16428
200  16512  3   0  0  16512
201  16504  2   0  16504
202  14340  2   2  14338
203  16420  3   0  0  16420
204  16375  3   0  0  16375
205  16512  2   19  16493
206  16425  3   0  0  16425
207  16410  2   0  16410
208  15636  3   1  2  15633
209  16512  3   0  2  16510
210  16504  2   1  16503
211  16504  2   0  16504
212  14388  3   0  0  14388
213  9811  4   1  0  0  9810
214  16510  3   1  0  16509
215  16512  2   692  15820
216  16512  3   0  0  16512
217  16510  3   1  0  16509
218  16510  3   1  0  16509
219  16494  3   1  0  16493
220  7788  2   0  7788
221  15569  3   0  0  15569
222  14390  2   0  14390
223  9478  4   0  0  0  9478
224  16490  2   0  16490
225  15428  3   0  0  15428
226  16404  2   0  16404
227  16512  2   0  16512
228  14430  4   0  0  1  14429
229  16512  2   0  16512
230  16496  2   0  16496
231  16406  2   0  16406
232  16512  2   0  16512
233  16500  3   0  0  16500
234  16504  3   0  5  16499
235  16341  3   1  1  16339
236  16398  2   0  16398
237  16512  2   20  16492
238  16486  2   9  16477
239  16510  2   3  16507
240  16510  2   3  16507
241  16490  2   1  16489
242  16388  2   0  16388
243  16512  2   0  16512
244  16504  2   0  16504
245  8848  3   2  0  8846
246  16512  3   1  0  16511
247  16482  3   0  0  16482
248  16402  2   0  16402
249  16512  2   0  16512
250  16512  2   0  16512
251  16474  2   0  16474
252  7828  3   1  0  7827
253  16176  3   0  0  16176
254  14932  5   1  0  0  0  14931
255  16504  2   0  16504
256  16512  2   0  16512
257  16488  2   0  16488
258  15368  2   1  15367
259  16478  3   0  0  16478
260  16464  2   0  16464
261  16510  2   0  16510
262  16510  2   1  16509
263  16510  2   1  16509
264  16464  3   1  1  16462
265  16512  3   0  0  16512
266  16512  2   0  16512
267  16356  2   0  16356
268  9617  2   0  9617
269  16478  2   3  16475
270  16464  2   2  16462
271  14322  2   1  14321
272  16510  2   0  16510
273  16406  2   0  16406
274  14424  2   0  14424
275  16352  2   0  16352
276  16512  3   0  2339  14173
277  16377  3   0  0  16377
278  7870  4   0  0  0  7870
279  16478  2   1  16477
280  16460  2   0  16460
281  16512  2   2  16510
282  14288  2   1  14287
283  6296  2   0  6296

