[loci]=102

[populations]=7

[pop]=1
1  10342  2   0  10342
2  10370  2   1  10369
3  10360  3   0  0  10360
4  7934  2   4  7930
5  10312  2   0  10312
6  10351  3   0  0  10351
7  10384  2   447  9937
8  10370  3   15  0  10355
9  10392  2   0  10392
10  10298  2   0  10298
11  10360  3   0  0  10360
12  10402  3   1  0  10401
13  8060  2   0  8060
14  10373  4   0  1  0  10372
15  10392  2   0  10392
16  10402  3   0  0  10402
17  8122  2   0  8122
18  10386  2   0  10386
19  10380  3   0  0  10380
20  10291  3   2  4  10285
21  10402  4   0  7  0  10395
22  8266  2   0  8266
23  10331  4   0  0  0  10331
24  2516  2   7  2509
25  10404  2   0  10404
26  10394  2   0  10394
27  10396  2   0  10396
28  10364  3   0  0  10364
29  10404  4   2  0  1  10401
30  8418  3   0  0  8418
31  9800  2   0  9800
32  10396  3   0  0  10396
33  10400  2   0  10400
34  9804  3   1  7  9796
35  8530  2   0  8530
36  2592  4   0  0  0  2592
37  10394  3   0  0  10394
38  10404  3   0  1  10403
39  8608  3   0  13  8595
40  10374  2   0  10374
41  8581  3   0  0  8581
42  10406  2   0  10406
43  10392  4   482  0  0  9910
44  10402  2   11  10391
45  8576  2   0  8576
46  10406  3   0  0  10406
47  10398  2   0  10398
48  8622  2   0  8622
49  8566  2   1  8565
50  10388  2   0  10388
51  10372  2   2  10370
52  10404  3   0  12  10392
53  8570  3   0  0  8570
54  9482  2   0  9482
55  10384  3   0  0  10384
56  10358  3   0  1  10357
57  10402  2   2  10400
58  10404  3   0  0  10404
59  9403  3   0  0  9403
60  10403  4   0  0  1  10402
61  10396  4   0  0  282  10114
62  10382  2   0  10382
63  8513  3   1  1  8511
64  9794  3   0  0  9794
65  10406  2   0  10406
66  8478  2   2  8476
67  10404  2   845  9559
68  10406  2   43  10363
69  9337  3   0  0  9337
70  10376  2   0  10376
71  10402  2   0  10402
72  9779  4   0  0  0  9779
73  10378  3   0  0  10378
74  2671  4   0  0  0  2671
75  10404  4   0  0  1  10403
76  10398  3   0  1  10397
77  9774  2   0  9774
78  10406  2   0  10406
79  9300  2   0  9300
80  10398  2   0  10398
81  10396  3   0  0  10396
82  10378  3   0  0  10378
83  10404  2   0  10404
84  9767  3   0  0  9767
85  10376  3   1  5  10370
86  8166  3   12  0  8154
87  8186  3   0  0  8186
88  10402  3   0  0  10402
89  10274  2   0  10274
90  8092  4   0  4  0  8088
91  9738  3   0  0  9738
92  10406  2   0  10406
93  10375  3   0  2  10373
94  10402  2   0  10402
95  8002  3   0  0  8002
96  10398  2   1  10397
97  10376  4   1  0  1  10374
98  7834  2   0  7834
99  10180  3   0  0  10180
100  10404  3   0  0  10404
101  7934  2   0  7934
102  9272  2   9272  0

[pop]=2
1  11536  2   1  11535
2  11544  2   0  11544
3  11533  3   0  0  11533
4  9036  2   0  9036
5  11316  2   0  11316
6  11540  3   0  3  11537
7  11552  2   1961  9591
8  11535  3   15  0  11520
9  11572  2   3  11569
10  11292  2   0  11292
11  11546  3   0  0  11546
12  11576  3   0  0  11576
13  10082  2   0  10082
14  11539  4   0  0  0  11539
15  11572  2   0  11572
16  11576  3   0  0  11576
17  10196  2   0  10196
18  11550  2   0  11550
19  11539  3   0  1  11538
20  11309  3   11  4  11294
21  11576  4   2  9  0  11565
22  9924  2   0  9924
23  11367  4   0  0  0  11367
24  520  2   0  520
25  11576  2   0  11576
26  11554  2   0  11554
27  11414  2   2  11412
28  11405  3   1  0  11404
29  11576  4   0  0  0  11576
30  10535  3   0  0  10535
31  11572  2   2  11570
32  11553  3   0  0  11553
33  11572  2   1  11571
34  11572  3   0  0  11572
35  10348  2   0  10348
36  565  4   0  0  0  565
37  11413  3   11  1  11401
38  11576  3   0  0  11576
39  10508  3   2  70  10436
40  11412  2   0  11412
41  10812  3   0  0  10812
42  11562  2   0  11562
43  11570  4   23  0  0  11547
44  11574  2   0  11574
45  10834  2   0  10834
46  11562  3   0  0  11562
47  11552  2   4  11548
48  10476  2   0  10476
49  10840  2   1  10839
50  11570  2   0  11570
51  11414  2   0  11414
52  11576  3   0  0  11576
53  10840  3   0  0  10840
54  10964  2   0  10964
55  11570  3   0  0  11570
56  11412  3   0  0  11412
57  11574  2   1  11573
58  11576  3   0  0  11576
59  10910  3   0  0  10910
60  11575  4   1  0  0  11574
61  11551  4   0  0  13  11538
62  11568  2   0  11568
63  10193  3   0  0  10193
64  11548  3   0  0  11548
65  11558  2   1  11557
66  10088  2   1  10087
67  11576  2   46  11530
68  11558  2   1  11557
69  10835  3   0  0  10835
70  11566  2   0  11566
71  11572  2   0  11572
72  11545  4   1  0  0  11544
73  11566  3   1  0  11565
74  617  4   0  0  0  617
75  11578  4   0  0  0  11578
76  11546  3   0  0  11546
77  11538  2   2  11536
78  11556  2   0  11556
79  10814  2   0  10814
80  11572  2   0  11572
81  11546  3   1  0  11545
82  11566  3   0  0  11566
83  11578  2   0  11578
84  11533  3   0  0  11533
85  11564  3   4  5  11555
86  9263  3   0  1  9262
87  10438  3   0  0  10438
88  11576  3   0  0  11576
89  11208  2   0  11208
90  10313  4   0  9  0  10304
91  11504  3   0  0  11504
92  11552  2   0  11552
93  11564  3   0  0  11564
94  11578  2   0  11578
95  10186  3   0  0  10186
96  11544  2   0  11544
97  11563  4   0  0  0  11563
98  8326  2   0  8326
99  11233  3   15  0  11218
100  11578  3   0  0  11578
101  10100  2   0  10100
102  10816  2   10816  0

[pop]=3
1  8646  2   0  8646
2  8646  2   0  8646
3  8611  3   0  0  8611
4  7578  2   0  7578
5  8490  2   0  8490
6  8646  3   0  0  8646
7  8650  2   449  8201
8  8616  3   0  0  8616
9  8654  2   0  8654
10  8454  2   0  8454
11  8648  3   0  1  8647
12  8654  3   0  1  8653
13  7774  2   0  7774
14  8623  4   0  0  0  8623
15  8654  2   0  8654
16  8654  3   0  0  8654
17  7866  2   0  7866
18  8650  2   0  8650
19  8627  3   3  177  8447
20  8385  3   1  1  8383
21  8654  4   5  0  0  8649
22  8004  2   0  8004
23  8451  4   0  0  0  8451
24  768  2   0  768
25  8654  2   0  8654
26  8650  2   0  8650
27  8638  2   0  8638
28  8486  3   0  0  8486
29  8654  4   1  0  0  8653
30  8095  3   0  0  8095
31  8626  2   0  8626
32  8630  3   0  0  8630
33  8652  2   0  8652
34  8626  3   0  0  8626
35  8198  2   0  8198
36  835  4   1  1  0  833
37  8640  3   0  0  8640
38  8654  3   1  0  8653
39  8256  3   0  1  8255
40  8508  2   0  8508
41  8246  3   0  1  8245
42  8632  2   0  8632
43  8654  4   0  0  0  8654
44  8654  2   0  8654
45  8254  2   0  8254
46  8632  3   0  1  8631
47  8652  2   0  8652
48  8242  2   0  8242
49  8246  2   0  8246
50  8652  2   0  8652
51  8506  2   0  8506
52  8652  3   0  0  8652
53  8258  3   0  0  8258
54  8282  2   7  8275
55  8652  3   0  0  8652
56  8502  3   0  0  8502
57  8654  2   0  8654
58  8652  3   1  0  8651
59  8246  3   0  0  8246
60  8652  4   0  0  0  8652
61  8650  4   0  1  0  8649
62  8652  2   0  8652
63  8099  3   0  2  8097
64  8624  3   0  0  8624
65  8628  2   5  8623
66  8032  2   1  8031
67  8652  2   0  8652
68  8628  2   0  8628
69  8171  3   0  0  8171
70  8650  2   0  8650
71  8652  2   0  8652
72  8624  4   0  0  9  8615
73  8650  3   0  0  8650
74  843  4   0  0  0  843
75  8652  4   0  0  0  8652
76  8649  3   1  0  8648
77  8622  2   1  8621
78  8626  2   0  8626
79  8154  2   0  8154
80  8652  2   0  8652
81  8648  3   0  0  8648
82  8650  3   0  0  8650
83  8650  2   0  8650
84  8619  3   0  0  8619
85  8650  3   0  0  8650
86  7603  3   0  0  7603
87  7980  3   0  0  7980
88  8652  3   0  0  8652
89  8428  2   31  8397
90  7879  4   0  1  0  7878
91  8617  3   0  0  8617
92  8622  2   5  8617
93  8649  3   0  0  8649
94  8652  2   0  8652
95  7786  3   0  0  7786
96  8642  2   2  8640
97  8649  4   0  1  0  8648
98  7166  2   0  7166
99  8296  3   0  0  8296
100  8650  3   0  0  8650
101  7718  2   0  7718
102  8064  2   8063  1

[pop]=4
1  6614  2   0  6614
2  6612  2   0  6612
3  6610  3   0  0  6610
4  5348  2   0  5348
5  6582  2   0  6582
6  6614  3   0  0  6614
7  6612  2   1690  4922
8  6610  3   138  0  6472
9  6614  2   0  6614
10  6582  2   0  6582
11  6614  3   0  0  6614
12  6612  3   0  0  6612
13  5762  2   1  5761
14  6611  4   0  0  0  6611
15  6614  2   1  6613
16  6612  3   0  0  6612
17  5826  2   0  5826
18  6614  2   0  6614
19  6612  3   0  0  6612
20  6551  3   0  0  6551
21  6613  4   0  0  0  6613
22  5720  2   0  5720
23  6565  4   0  0  0  6565
24  1726  2   0  1726
25  6614  2   0  6614
26  6614  2   0  6614
27  6586  2   0  6586
28  6572  3   0  0  6572
29  6614  4   0  0  0  6614
30  5976  3   0  0  5976
31  6614  2   0  6614
32  6612  3   0  0  6612
33  6614  2   0  6614
34  6614  3   0  0  6614
35  5956  2   0  5956
36  1770  4   0  0  0  1770
37  6584  3   1  0  6583
38  6614  3   0  0  6614
39  6052  3   1  43  6008
40  6584  2   0  6584
41  6161  3   0  0  6161
42  6614  2   0  6614
43  6614  4   0  0  0  6614
44  6614  2   0  6614
45  6154  2   0  6154
46  6614  3   0  0  6614
47  6612  2   42  6570
48  6068  2   7  6061
49  6124  2   0  6124
50  6614  2   0  6614
51  6586  2   0  6586
52  6614  3   0  0  6614
53  6128  3   0  0  6128
54  5940  2   0  5940
55  6614  3   0  0  6614
56  6584  3   0  0  6584
57  6614  2   0  6614
58  6614  3   0  0  6614
59  5894  3   0  0  5894
60  6614  4   0  0  0  6614
61  6611  4   0  1  0  6610
62  6612  2   0  6612
63  5927  3   0  0  5927
64  6614  3   0  0  6614
65  6614  2   0  6614
66  5886  2   0  5886
67  6614  2   0  6614
68  6614  2   1  6613
69  5872  3   0  0  5872
70  6612  2   0  6612
71  6614  2   0  6614
72  6611  4   0  0  0  6611
73  6612  3   0  20  6592
74  1798  4   0  0  0  1798
75  6614  4   0  1  0  6613
76  6610  3   0  0  6610
77  6608  2   0  6608
78  6614  2   0  6614
79  5870  2   0  5870
80  6614  2   0  6614
81  6610  3   0  0  6610
82  6612  3   0  0  6612
83  6614  2   0  6614
84  6599  3   0  0  6599
85  6612  3   0  1  6611
86  5545  3   0  0  5545
87  5807  3   1  0  5806
88  6614  3   0  0  6614
89  6518  2   0  6518
90  5733  4   0  41  0  5692
91  6587  3   0  0  6587
92  6614  2   0  6614
93  6610  3   0  0  6610
94  6614  2   0  6614
95  5671  3   0  0  5671
96  6610  2   0  6610
97  6610  4   0  0  0  6610
98  5142  2   0  5142
99  6508  3   0  0  6508
100  6614  3   0  0  6614
101  5628  2   0  5628
102  5890  2   5890  0

[pop]=5
1  65582  2   3  65579
2  66124  2   3  66121
3  66554  3   0  2  66552
4  52686  2   0  52686
5  65870  2   0  65870
6  65734  3   1  8  65725
7  66402  2   18344  48058
8  66585  3   425  2  66158
9  66716  2   0  66716
10  65752  2   0  65752
11  65866  3   1  0  65865
12  66734  3   2  5  66727
13  59436  2   5  59431
14  66632  4   4  0  4  66624
15  66710  2   10  66700
16  66734  3   0  1  66733
17  59850  2   8  59842
18  66474  2   3  66471
19  66653  3   0  1  66652
20  65790  3   6  5  65779
21  66738  4   2  0  4  66732
22  56992  2   3  56989
23  66069  4   1  1  1  66066
24  11730  2   0  11730
25  66738  2   0  66738
26  66578  2   2  66576
27  66564  2   1  66563
28  66255  3   0  1  66254
29  66737  4   0  1  11  66725
30  61413  3   0  1  61412
31  66734  2   6  66728
32  66701  3   1  1  66699
33  66486  2   11  66475
34  66734  3   0  0  66734
35  59636  2   6  59630
36  12309  4   0  0  0  12309
37  66565  3   0  0  66565
38  66738  3   1  7  66730
39  60566  3   34  400  60132
40  66370  2   3  66367
41  62465  3   1  0  62464
42  66730  2   2  66728
43  66694  4   13  3  0  66678
44  66538  2   0  66538
45  62470  2   5  62465
46  66731  3   0  0  66731
47  66646  2   31  66615
48  60508  2   1  60507
49  62410  2   2  62408
50  66686  2   9  66677
51  66350  2   2  66348
52  66738  3   1  0  66737
53  62418  3   2  2  62414
54  62922  2   0  62922
55  66672  3   1  10  66661
56  66324  3   8  0  66316
57  66534  2   0  66534
58  66737  3   0  1  66736
59  62469  3   4  0  62465
60  66735  4   0  20  0  66715
61  66659  4   0  1  4  66654
62  66672  2   0  66672
63  58937  3   0  2  58935
64  66690  3   3  1  66686
65  66738  2   6  66732
66  58396  2   1  58395
67  66734  2   35  66699
68  66738  2   0  66738
69  62104  3   1  0  62103
70  66656  2   2  66654
71  66458  2   4  66454
72  66659  4   0  44  0  66615
73  66651  3   2  22  66627
74  12757  4   0  1  0  12756
75  66727  4   2  0  0  66725
76  66652  3   0  0  66652
77  66648  2   0  66648
78  66734  2   2  66732
79  61990  2   0  61990
80  66324  2   4  66320
81  66648  3   0  1  66647
82  66632  3   2  0  66630
83  66724  2   10  66714
84  66597  3   1  1  66595
85  66629  3   17  68  66544
86  54427  3   1  0  54426
87  60251  3   0  1  60250
88  66702  3   11  1  66690
89  65670  2   1  65669
90  59665  4   1  320  2  59342
91  66524  3   1  0  66523
92  66728  2   0  66728
93  66611  3   0  2  66609
94  66720  2   4  66716
95  59092  3   1  2  59089
96  66606  2   32  66574
97  66602  4   0  0  11  66591
98  50700  2   1  50699
99  65157  3   1  1  65155
100  66714  3   1  1  66712
101  58724  2   0  58724
102  61526  2   61516  10

[pop]=6
1  854  2   0  854
2  886  2   0  886
3  906  3   0  0  906
4  692  2   0  692
5  890  2   0  890
6  863  3   0  0  863
7  896  2   216  680
8  906  3   5  0  901
9  906  2   0  906
10  888  2   1  887
11  870  3   0  0  870
12  908  3   0  1  907
13  776  2   0  776
14  906  4   0  0  0  906
15  904  2   0  904
16  908  3   0  0  908
17  778  2   1  777
18  902  2   0  902
19  906  3   0  0  906
20  891  3   0  0  891
21  908  4   0  1  0  907
22  748  2   0  748
23  895  4   0  0  0  895
24  264  2   0  264
25  908  2   0  908
26  904  2   0  904
27  906  2   0  906
28  898  3   0  0  898
29  908  4   0  0  0  908
30  802  3   0  0  802
31  900  2   0  900
32  908  3   0  0  908
33  904  2   0  904
34  900  3   0  0  900
35  782  2   0  782
36  272  4   0  0  0  272
37  905  3   0  0  905
38  908  3   0  0  908
39  806  3   0  4  802
40  898  2   0  898
41  823  3   0  1  822
42  908  2   0  908
43  906  4   1  0  0  905
44  906  2   0  906
45  816  2   0  816
46  908  3   0  0  908
47  908  2   4  904
48  800  2   0  800
49  816  2   0  816
50  906  2   0  906
51  900  2   0  900
52  908  3   0  0  908
53  814  3   0  0  814
54  848  2   0  848
55  906  3   0  0  906
56  900  3   0  0  900
57  906  2   0  906
58  908  3   0  0  908
59  840  3   0  0  840
60  908  4   0  0  0  908
61  908  4   0  0  1  907
62  906  2   0  906
63  795  3   0  0  795
64  900  3   0  0  900
65  908  2   0  908
66  786  2   0  786
67  908  2   4  904
68  908  2   0  908
69  833  3   0  0  833
70  906  2   0  906
71  904  2   0  904
72  900  4   0  0  0  900
73  906  3   0  1  905
74  282  4   0  0  0  282
75  908  4   0  0  0  908
76  908  3   0  0  908
77  900  2   0  900
78  908  2   0  908
79  832  2   0  832
80  900  2   0  900
81  906  3   0  0  906
82  906  3   0  0  906
83  908  2   0  908
84  900  3   0  0  900
85  906  3   3  1  902
86  742  3   0  0  742
87  776  3   1  0  775
88  908  3   0  0  908
89  884  2   0  884
90  771  4   0  3  0  768
91  900  3   0  0  900
92  908  2   0  908
93  906  3   0  0  906
94  908  2   0  908
95  769  3   0  0  769
96  906  2   0  906
97  906  4   0  0  0  906
98  714  2   0  714
99  892  3   0  0  892
100  908  3   0  0  908
101  762  2   0  762
102  830  2   830  0

[pop]=7
1  13534  2   15  13519
2  14782  2   0  14782
3  16504  3   2  1  16501
4  13068  2   0  13068
5  15906  2   2  15904
6  13941  3   0  0  13941
7  15588  2   3686  11902
8  16506  3   158  0  16348
9  16510  2   0  16510
10  15844  2   15  15829
11  14272  3   0  0  14272
12  16510  3   1  0  16509
13  14676  2   0  14676
14  16508  4   0  0  0  16508
15  16512  2   0  16512
16  16510  3   1  0  16509
17  14782  2   0  14782
18  15788  2   0  15788
19  16507  3   0  8  16499
20  16122  3   0  1  16121
21  16510  4   11  3  0  16496
22  13648  2   0  13648
23  16244  4   0  0  0  16244
24  7962  2   0  7962
25  16510  2   2  16508
26  16200  2   0  16200
27  16502  2   0  16502
28  16300  3   0  0  16300
29  16510  4   2  0  1  16507
30  15130  3   1  0  15129
31  16512  2   0  16512
32  16512  3   0  0  16512
33  16022  2   0  16022
34  16512  3   0  0  16512
35  14070  2   0  14070
36  7971  4   0  0  1  7970
37  16507  3   0  0  16507
38  16510  3   0  0  16510
39  14238  3   0  31  14207
40  16370  2   0  16370
41  15363  3   0  0  15363
42  16512  2   0  16512
43  16512  4   0  3  1  16508
44  16172  2   0  16172
45  15364  2   0  15364
46  16512  3   1  0  16511
47  16422  2   2  16420
48  14204  2   0  14204
49  15362  2   0  15362
50  16512  2   0  16512
51  16354  2   0  16354
52  16512  3   0  0  16512
53  15370  3   0  0  15370
54  15774  2   1  15773
55  16512  3   0  0  16512
56  16352  3   0  0  16352
57  16156  2   0  16156
58  16512  3   0  0  16512
59  15690  3   0  6  15684
60  16512  4   0  0  0  16512
61  16429  4   1  0  0  16428
62  16512  2   3  16509
63  14028  3   0  1  14027
64  16504  3   0  0  16504
65  16512  2   1  16511
66  13944  2   1  13943
67  16512  2   1  16511
68  16512  2   0  16512
69  15583  3   0  8  15575
70  16512  2   0  16512
71  15972  2   0  15972
72  16500  4   0  0  0  16500
73  16512  3   0  0  16512
74  7877  4   1  0  26  7850
75  16512  4   0  0  0  16512
76  16429  3   0  0  16429
77  16500  2   0  16500
78  16512  2   0  16512
79  15578  2   7  15571
80  15684  2   0  15684
81  16414  3   0  0  16414
82  16512  3   0  1  16511
83  16512  2   0  16512
84  16484  3   0  0  16484
85  16512  3   161  61  16290
86  13435  3   0  0  13435
87  14842  3   0  0  14842
88  16504  3   0  0  16504
89  16288  2   1  16287
90  14701  4   0  22  2  14677
91  16472  3   0  1  16471
92  16512  2   0  16512
93  16511  3   1  0  16510
94  16512  2   0  16512
95  14585  3   0  0  14585
96  16354  2   0  16354
97  16512  4   0  0  0  16512
98  12960  2   3  12957
99  15983  3   0  0  15983
100  16512  3   0  0  16512
101  14486  2   2  14484
102  15660  2   15659  1

