[loci]=316

[populations]=7

[pop]=1
1  10406  2   0  10406
2  9394  2   0  9394
3  10406  2   0  10406
4  9567  3   0  1  9566
5  10404  2   0  10404
6  3626  3   0  1  3625
7  10404  6   0  1  0  0  0  10403
8  9504  2   0  9504
9  10366  2   2  10364
10  10404  2   0  10404
11  10406  3   0  1  10405
12  9376  2   0  9376
13  10404  3   0  0  10404
14  3754  2   2  3752
15  10348  2   377  9971
16  9366  3   2  0  9364
17  7536  2   0  7536
18  9260  2   0  9260
19  9546  3   0  4  9542
20  7299  3   0  0  7299
21  10406  3   0  0  10406
22  10404  3   1  0  10403
23  9574  3   0  0  9574
24  519  3   0  0  519
25  10100  2   0  10100
26  6472  2   2  6470
27  10160  2   0  10160
28  9596  2   1  9595
29  618  2   0  618
30  9602  2   0  9602
31  644  2   0  644
32  10404  2   1  10403
33  10393  4   0  3  0  10390
34  9611  4   0  0  0  9611
35  10298  2   1  10297
36  5704  2   0  5704
37  10404  2   0  10404
38  9798  2   0  9798
39  10404  2   0  10404
40  10392  2   0  10392
41  4044  2   0  4044
42  5500  3   0  0  5500
43  10404  2   1  10403
44  4066  4   1  0  0  4065
45  9798  2   33  9765
46  10348  2   0  10348
47  9808  2   2  9806
48  9613  3   0  2  9611
49  10404  2   8  10396
50  4200  2   0  4200
51  10389  3   0  0  10389
52  9808  3   0  0  9808
53  4230  2   0  4230
54  10403  3   0  0  10403
55  9808  2   0  9808
56  10390  4   1  0  0  10389
57  9808  2   1  9807
58  9796  2   0  9796
59  10390  2   0  10390
60  4260  3   0  0  4260
61  9796  2   0  9796
62  10338  2   45  10293
63  6195  3   1  0  6194
64  1364  2   0  1364
65  10340  2   0  10340
66  9800  2   0  9800
67  10375  4   1  0  101  10273
68  2979  3   1  0  2978
69  9810  3   0  134  9676
70  9800  2   1  9799
71  6420  2   0  6420
72  10330  3   0  0  10330
73  10400  2   0  10400
74  10404  2   0  10404
75  9810  2   0  9810
76  10332  2   0  10332
77  9808  3   3  0  9805
78  10402  3   0  0  10402
79  2918  2   0  2918
80  10330  2   88  10242
81  10402  2   0  10402
82  10384  3   1  0  10383
83  6788  3   40  0  6748
84  10402  2   0  10402
85  10382  2   0  10382
86  1660  2   0  1660
87  1540  2   5  1535
88  10331  3   0  0  10331
89  10402  3   0  1  10401
90  10334  2   5  10329
91  10402  3   6  1  10395
92  6964  2   0  6964
93  10386  2   0  10386
94  1546  2   0  1546
95  10332  2   0  10332
96  9800  2   0  9800
97  7034  3   0  0  7034
98  10385  4   0  0  2  10383
99  9808  2   0  9808
100  7115  3   1  0  7114
101  10386  3   1  1  10384
102  7128  2   0  7128
103  10386  3   0  0  10386
104  10393  3   0  0  10393
105  10388  3   0  0  10388
106  1528  2   0  1528
107  10402  2   0  10402
108  10394  2   0  10394
109  7348  3   0  0  7348
110  9808  2   0  9808
111  10336  2   315  10021
112  10400  2   12  10388
113  10402  3   15  0  10387
114  2074  2   0  2074
115  10402  2   0  10402
116  9810  2   0  9810
117  10386  2   0  10386
118  10382  2   2  10380
119  10404  3   0  0  10404
120  9812  2   0  9812
121  7952  2   0  7952
122  10383  3   0  0  10383
123  8034  3   0  7  8027
124  9802  3   0  0  9802
125  2195  3   0  1  2194
126  10217  3   0  2  10215
127  10220  3   0  0  10220
128  8167  3   0  0  8167
129  10346  2   0  10346
130  9796  3   0  0  9796
131  10342  3   0  0  10342
132  10382  2   0  10382
133  10320  2   1  10319
134  10368  2   0  10368
135  2078  3   1  0  2077
136  2088  2   0  2088
137  10352  2   0  10352
138  10080  4   0  0  0  10080
139  10367  3   1  0  10366
140  9782  2   0  9782
141  10366  2   22  10344
142  10294  2   0  10294
143  8608  3   0  0  8608
144  9782  3   0  0  9782
145  8672  3   0  0  8672
146  9802  4   0  1  0  9801
147  10350  2   0  10350
148  10022  3   2  2  10018
149  9777  4   0  0  0  9777
150  10400  2   0  10400
151  1932  2   0  1932
152  9776  2   0  9776
153  9936  2   0  9936
154  10338  3   1  1  10336
155  10160  3   0  0  10160
156  9802  2   0  9802
157  10252  3   0  75  10177
158  9691  4   1  0  1  9689
159  8826  2   0  8826
160  10370  3   0  0  10370
161  10396  2   7139  3257
162  8843  3   0  0  8843
163  10305  3   0  0  10305
164  9694  3   0  0  9694
165  9547  3   0  0  9547
166  10374  2   0  10374
167  10238  3   0  1  10237
168  7460  3   0  0  7460
169  10381  4   1  0  0  10380
170  10376  3   0  0  10376
171  10302  2   2  10300
172  9774  2   1  9773
173  8212  2   2  8210
174  9694  2   0  9694
175  10376  3   2  0  10374
176  9774  3   0  0  9774
177  10278  2   0  10278
178  10388  2   0  10388
179  9696  3   0  0  9696
180  10306  3   0  0  10306
181  9774  3   0  1  9773
182  8626  3   0  0  8626
183  10400  3   0  0  10400
184  9696  3   0  0  9696
185  10342  2   0  10342
186  10382  2   11  10371
187  10400  2   0  10400
188  10374  2   0  10374
189  10374  3   1  0  10373
190  10385  3   0  0  10385
191  9818  2   0  9818
192  10388  2   0  10388
193  9698  4   0  0  0  9698
194  10374  2   10  10364
195  10398  2   0  10398
196  10374  2   2  10372
197  10404  3   0  0  10404
198  9698  2   0  9698
199  10404  2   370  10034
200  9701  3   0  0  9701
201  10368  2   0  10368
202  9803  3   0  0  9803
203  10370  4   0  0  0  10370
204  10292  2   0  10292
205  9802  2   0  9802
206  9802  3   0  0  9802
207  10370  2   0  10370
208  10396  2   0  10396
209  9703  3   0  0  9703
210  10367  4   0  0  0  10367
211  10404  2   0  10404
212  10354  2   0  10354
213  10390  5   0  0  0  0  10390
214  10398  3   114  0  10284
215  10404  2   1  10403
216  9802  4   0  0  297  9505
217  9392  2   1  9391
218  10392  2   0  10392
219  9802  3   1  1  9800
220  10388  2   0  10388
221  9699  3   1  0  9698
222  10370  2   2  10368
223  9802  2   2  9800
224  10372  2   0  10372
225  10388  2   0  10388
226  9802  2   0  9802
227  10404  3   1  0  10403
228  10368  2   7  10361
229  10354  3   0  1  10353
230  9802  2   0  9802
231  9696  3   1  0  9695
232  9695  3   0  0  9695
233  2930  3   0  0  2930
234  10354  2   0  10354
235  10384  3   0  0  10384
236  9678  2   0  9678
237  3320  2   0  3320
238  8830  3   0  0  8830
239  9544  2   0  9544
240  10404  2   0  10404
241  10346  3   0  0  10346
242  10386  3   0  1  10385
243  9678  3   0  0  9678
244  8897  4   0  0  0  8897
245  10366  4   0  0  0  10366
246  9769  3   2  0  9767
247  9618  2   3  9615
248  4048  2   0  4048
249  9000  4   0  0  114  8886
250  10358  2   0  10358
251  9785  4   0  0  2  9783
252  9642  2   0  9642
253  9664  3   1  0  9663
254  9962  3   0  1  9961
255  10404  2   0  10404
256  9145  3   0  0  9145
257  10394  3   0  0  10394
258  9987  3   0  0  9987
259  9246  2   0  9246
260  10354  2   0  10354
261  10052  3   0  0  10052
262  10350  2   1  10349
263  4242  2   0  4242
264  9274  2   0  9274
265  10355  3   0  52  10303
266  10329  3   0  0  10329
267  4340  3   0  0  4340
268  9696  3   3  0  9693
269  10155  3   0  0  10155
270  10354  3   2  0  10352
271  4660  3   0  0  4660
272  10184  3   0  0  10184
273  10404  2   616  9788
274  9524  2   0  9524
275  9758  3   13  0  9745
276  4671  4   0  0  0  4671
277  10270  2   1288  8982
278  10404  4   0  0  0  10404
279  10350  2   0  10350
280  10404  2   0  10404
281  10006  2   0  10006
282  10404  3   2  5  10397
283  9724  2   17  9707
284  4554  2   1  4553
285  10358  2   0  10358
286  10068  2   0  10068
287  10335  4   1  0  0  10334
288  10404  2   0  10404
289  9800  2   0  9800
290  4538  2   0  4538
291  10360  2   0  10360
292  10382  2   0  10382
293  9734  2   5  9729
294  10406  5   0  1  0  1  10404
295  10155  3   0  0  10155
296  10356  2   0  10356
297  9800  2   0  9800
298  10382  2   0  10382
299  10350  2   2  10348
300  10196  2   11  10185
301  9802  2   0  9802
302  10404  3   0  0  10404
303  10382  2   0  10382
304  10222  2   0  10222
305  10355  4   0  0  0  10355
306  10406  2   0  10406
307  9626  4   0  0  0  9626
308  10257  3   1  16  10240
309  4258  3   0  0  4258
310  10354  4   1282  0  0  9072
311  9802  2   0  9802
312  10311  3   0  0  10311
313  10394  2   0  10394
314  10406  3   0  1  10405
315  10329  3   0  0  10329
316  10362  2   0  10362

[pop]=2
1  11566  2   0  11566
2  11392  2   0  11392
3  11566  2   1  11565
4  11368  3   0  0  11368
5  11578  2   0  11578
6  3072  3   0  0  3072
7  11578  6   0  0  0  0  0  11578
8  11512  2   0  11512
9  11502  2   1  11501
10  11578  2   0  11578
11  11562  3   0  0  11562
12  11278  2   1  11277
13  11578  3   0  0  11578
14  3208  2   0  3208
15  11476  2   816  10660
16  11364  3   0  0  11364
17  7898  2   1  7897
18  11212  2   0  11212
19  11520  3   1  0  11519
20  7440  3   0  0  7440
21  11556  3   1  0  11555
22  11578  3   0  0  11578
23  11520  3   0  0  11520
24  179  3   0  0  179
25  11510  2   0  11510
26  6142  2   0  6142
27  11512  2   0  11512
28  11518  2   0  11518
29  188  2   0  188
30  11524  2   1  11523
31  202  2   0  202
32  11578  2   0  11578
33  11531  4   0  0  0  11531
34  11527  4   0  0  0  11527
35  11348  2   0  11348
36  5012  2   0  5012
37  11578  2   0  11578
38  11572  2   0  11572
39  11578  2   0  11578
40  11522  2   0  11522
41  3640  2   0  3640
42  4689  3   0  0  4689
43  11578  2   0  11578
44  3666  4   0  0  0  3666
45  11576  2   0  11576
46  11560  2   0  11560
47  11570  2   4  11566
48  11526  3   0  0  11526
49  11578  2   1  11577
50  4004  2   2  4002
51  11573  3   0  0  11573
52  11570  3   0  0  11570
53  4138  2   0  4138
54  11574  3   0  0  11574
55  11570  2   0  11570
56  11575  4   0  0  0  11575
57  11570  2   1  11569
58  11576  2   0  11576
59  11576  2   0  11576
60  4322  3   0  0  4322
61  11576  2   0  11576
62  11556  2   1  11555
63  9179  3   0  0  9179
64  648  2   0  648
65  11558  2   0  11558
66  11576  2   0  11576
67  11539  4   0  0  5  11534
68  1676  3   0  0  1676
69  11570  3   0  13  11557
70  11576  2   0  11576
71  9424  2   0  9424
72  11557  3   2  0  11555
73  11578  2   0  11578
74  11574  2   0  11574
75  11570  2   0  11570
76  11556  2   0  11556
77  11570  3   2  0  11568
78  11576  3   0  0  11576
79  1542  2   0  1542
80  11558  2   6  11552
81  11576  2   0  11576
82  11536  3   0  0  11536
83  9728  3   177  0  9551
84  11576  2   0  11576
85  11536  2   2  11534
86  494  2   1  493
87  646  2   1  645
88  11558  3   0  0  11558
89  11576  3   0  0  11576
90  11556  2   5  11551
91  11576  3   2  0  11574
92  9838  2   0  9838
93  11572  2   0  11572
94  622  2   1  621
95  11556  2   3  11553
96  11576  2   0  11576
97  9886  3   1  0  9885
98  11572  4   1  0  0  11571
99  11570  2   0  11570
100  9960  3   0  0  9960
101  11534  3   0  0  11534
102  9956  2   0  9956
103  11572  3   0  5  11567
104  11574  3   3  0  11571
105  11576  3   0  0  11576
106  596  2   0  596
107  11576  2   0  11576
108  11574  2   14  11560
109  10151  3   0  0  10151
110  11568  2   0  11568
111  11552  2   11  11541
112  11578  2   1559  10019
113  11576  3   5  0  11571
114  688  2   0  688
115  11578  2   0  11578
116  11568  2   2  11566
117  11536  2   0  11536
118  11572  2   1  11571
119  11578  3   1  0  11577
120  11568  2   0  11568
121  10662  2   0  10662
122  11535  3   0  0  11535
123  10716  3   0  0  10716
124  11566  3   0  0  11566
125  888  3   2  0  886
126  11528  3   0  0  11528
127  11525  3   0  0  11525
128  10805  3   0  0  10805
129  11574  2   0  11574
130  11566  3   0  0  11566
131  11574  3   0  0  11574
132  11566  2   0  11566
133  11574  2   0  11574
134  11562  2   1  11561
135  855  3   0  0  855
136  710  2   0  710
137  11526  2   1  11525
138  11463  4   2  0  0  11461
139  11559  3   0  0  11559
140  11570  2   0  11570
141  11558  2   2  11556
142  11514  2   0  11514
143  11054  3   0  0  11054
144  11570  3   0  0  11570
145  11083  3   0  0  11083
146  11576  4   0  0  0  11576
147  11550  2   0  11550
148  11471  3   0  0  11471
149  11570  4   0  0  0  11570
150  11570  2   1  11569
151  830  2   0  830
152  11570  2   0  11570
153  11400  2   20  11380
154  11543  3   0  2  11541
155  11494  3   1  0  11493
156  11576  2   0  11576
157  11502  3   0  3  11499
158  11541  4   0  0  0  11541
159  11150  2   0  11150
160  11562  3   0  4  11558
161  11562  2   5437  6125
162  11162  3   0  0  11162
163  11515  3   0  0  11515
164  11543  3   1  0  11542
165  11519  3   0  0  11519
166  11562  2   0  11562
167  11416  3   0  0  11416
168  6784  3   0  0  6784
169  11566  4   1  0  0  11565
170  11565  3   0  0  11565
171  11464  2   1  11463
172  11570  2   2  11568
173  8184  2   0  8184
174  11544  2   0  11544
175  11565  3   0  0  11565
176  11569  3   0  0  11569
177  11418  2   0  11418
178  11572  2   0  11572
179  11544  3   0  0  11544
180  11470  3   0  0  11470
181  11566  3   0  0  11566
182  8936  3   0  0  8936
183  11566  3   0  5  11561
184  11545  3   0  0  11545
185  11496  2   0  11496
186  11512  2   2  11510
187  11568  2   0  11568
188  11568  2   0  11568
189  11568  3   0  0  11568
190  11521  3   1  6  11514
191  10936  2   0  10936
192  11524  2   2  11522
193  11550  4   0  0  0  11550
194  11568  2   0  11568
195  11560  2   2  11558
196  11568  2   0  11568
197  11578  3   1  0  11577
198  11552  2   0  11552
199  11578  2   21  11557
200  11550  3   0  0  11550
201  11566  2   59  11507
202  11575  3   0  0  11575
203  11568  4   1  0  0  11567
204  11448  2   0  11448
205  11576  2   2  11574
206  11576  3   2  0  11574
207  11568  2   0  11568
208  11542  2   4  11538
209  11549  3   1  26  11522
210  11567  4   0  0  0  11567
211  11572  2   0  11572
212  11502  2   1  11501
213  11532  5   0  0  0  0  11532
214  11576  3   4  0  11572
215  11572  2   0  11572
216  11575  4   2  0  8  11565
217  11468  2   0  11468
218  11534  2   0  11534
219  11576  3   0  0  11576
220  11554  2   0  11554
221  11547  3   0  0  11547
222  11566  2   0  11566
223  11570  2   0  11570
224  11546  2   1  11545
225  11554  2   1  11553
226  11570  2   0  11570
227  11576  3   1  0  11575
228  11548  2   0  11548
229  11563  3   1  0  11562
230  11570  2   0  11570
231  11546  3   0  0  11546
232  11548  3   0  0  11548
233  3272  3   0  0  3272
234  11564  2   0  11564
235  11554  3   1  0  11553
236  11546  2   0  11546
237  4024  2   0  4024
238  11463  3   0  1  11462
239  11454  2   0  11454
240  11576  2   0  11576
241  11564  3   0  0  11564
242  11568  3   0  0  11568
243  11538  3   0  1  11537
244  11473  4   0  1  0  11472
245  11553  4   0  0  0  11553
246  11534  3   0  0  11534
247  11468  2   0  11468
248  5250  2   0  5250
249  11476  4   0  0  2  11474
250  11556  2   0  11556
251  11547  4   1  0  0  11546
252  11474  2   0  11474
253  11528  3   0  0  11528
254  11059  3   0  0  11059
255  11576  2   0  11576
256  11482  3   0  0  11482
257  11572  3   0  0  11572
258  11097  3   0  0  11097
259  11486  2   0  11486
260  11562  2   0  11562
261  11176  3   0  0  11176
262  11564  2   1  11563
263  5604  2   1  5603
264  10566  2   0  10566
265  11563  3   0  233  11330
266  11417  3   0  0  11417
267  5736  3   0  0  5736
268  11552  3   0  0  11552
269  11306  3   0  0  11306
270  11562  3   0  0  11562
271  6212  3   1  0  6211
272  11332  3   0  0  11332
273  11576  2   40  11536
274  11522  2   0  11522
275  11053  3   18  0  11035
276  6233  4   0  0  0  6233
277  11400  2   1707  9693
278  11576  4   0  0  0  11576
279  11560  2   0  11560
280  11576  2   0  11576
281  11270  2   0  11270
282  11578  3   0  5  11573
283  11564  2   0  11564
284  5996  2   0  5996
285  11560  2   0  11560
286  11528  2   3  11525
287  11491  4   1  0  0  11490
288  11578  2   2  11576
289  11574  2   0  11574
290  5968  2   0  5968
291  11560  2   1  11559
292  11452  2   0  11452
293  11562  2   0  11562
294  11578  5   0  0  0  0  11578
295  11423  3   3  0  11420
296  11560  2   0  11560
297  11576  2   0  11576
298  11452  2   2  11450
299  11496  2   0  11496
300  11542  2   1  11541
301  11576  2   0  11576
302  11574  3   0  0  11574
303  11452  2   2  11450
304  11548  2   8  11540
305  11501  4   0  0  0  11501
306  11578  2   2  11576
307  11535  4   28  0  2  11505
308  11552  3   0  0  11552
309  5700  3   1  0  5699
310  11500  4   73  0  0  11427
311  11576  2   2  11574
312  11562  3   0  0  11562
313  11462  2   0  11462
314  11578  3   0  0  11578
315  11498  3   0  0  11498
316  11570  2   0  11570

[pop]=3
1  8654  2   0  8654
2  8474  2   0  8474
3  8654  2   0  8654
4  8520  3   0  0  8520
5  8654  2   4  8650
6  2868  3   0  4  2864
7  8654  6   0  0  0  1  0  8653
8  8564  2   0  8564
9  8648  2   0  8648
10  8654  2   0  8654
11  8654  3   1  0  8653
12  8448  2   0  8448
13  8654  3   0  0  8654
14  2974  2   0  2974
15  8642  2   540  8102
16  8452  3   0  0  8452
17  5862  2   0  5862
18  8356  2   0  8356
19  8568  3   0  0  8568
20  5596  3   0  0  5596
21  8652  3   0  0  8652
22  8654  3   0  0  8654
23  8568  3   0  0  8568
24  314  3   0  3  311
25  8634  2   0  8634
26  4682  2   0  4682
27  8638  2   0  8638
28  8574  2   0  8574
29  374  2   0  374
30  8576  2   0  8576
31  388  2   0  388
32  8654  2   0  8654
33  8648  4   1  0  0  8647
34  8573  4   103  0  0  8470
35  8622  2   0  8622
36  3834  2   0  3834
37  8654  2   2  8652
38  8620  2   0  8620
39  8654  2   2  8652
40  8646  2   1  8645
41  3274  2   1  3273
42  3588  3   0  0  3588
43  8654  2   0  8654
44  3334  4   1  0  0  3333
45  8622  2   0  8622
46  8634  2   0  8634
47  8620  2   0  8620
48  8581  3   0  0  8581
49  8654  2   0  8654
50  3538  2   0  3538
51  8651  3   0  0  8651
52  8620  3   2  0  8618
53  3614  2   0  3614
54  8654  3   0  1  8653
55  8620  2   0  8620
56  8654  4   0  1  0  8653
57  8620  2   0  8620
58  8626  2   0  8626
59  8654  2   2  8652
60  3722  3   0  0  3722
61  8626  2   2  8624
62  8616  2   0  8616
63  6774  3   0  0  6774
64  972  2   0  972
65  8616  2   0  8616
66  8626  2   0  8626
67  8650  4   0  1  0  8649
68  2182  3   0  0  2182
69  8624  3   0  0  8624
70  8626  2   0  8626
71  6956  2   3  6953
72  8614  3   0  1  8613
73  8654  2   0  8654
74  8654  2   0  8654
75  8624  2   1  8623
76  8608  2   0  8608
77  8624  3   0  0  8624
78  8652  3   1  0  8651
79  1964  2   2  1962
80  8598  2   0  8598
81  8652  2   0  8652
82  8652  3   0  0  8652
83  7228  3   145  0  7083
84  8652  2   0  8652
85  8652  2   0  8652
86  998  2   0  998
87  982  2   0  982
88  8598  3   0  1  8597
89  8652  3   4  0  8648
90  8598  2   0  8598
91  8652  3   0  0  8652
92  7308  2   0  7308
93  8652  2   0  8652
94  958  2   0  958
95  8598  2   0  8598
96  8626  2   0  8626
97  7349  3   0  0  7349
98  8651  4   0  0  0  8651
99  8624  2   0  8624
100  7388  3   0  0  7388
101  8650  3   0  0  8650
102  7408  2   2  7406
103  8652  3   0  0  8652
104  8652  3   0  0  8652
105  8652  3   0  0  8652
106  870  2   5  865
107  8652  2   7  8645
108  8652  2   0  8652
109  7540  3   0  0  7540
110  8622  2   65  8557
111  8586  2   0  8586
112  8652  2   307  8345
113  8652  3   0  1  8651
114  1370  2   0  1370
115  8652  2   0  8652
116  8624  2   0  8624
117  8652  2   0  8652
118  8652  2   0  8652
119  8652  3   0  0  8652
120  8624  2   0  8624
121  7880  2   2  7878
122  8652  3   0  0  8652
123  7945  3   0  0  7945
124  8618  3   0  0  8618
125  1153  3   0  0  1153
126  8554  3   0  0  8554
127  8548  3   0  0  8548
128  8013  3   0  0  8013
129  8654  2   0  8654
130  8616  3   0  0  8616
131  8654  3   0  0  8654
132  8652  2   0  8652
133  8654  2   1  8653
134  8646  2   0  8646
135  1148  3   0  1  1147
136  1438  2   1  1437
137  8640  2   0  8640
138  8494  4   0  0  0  8494
139  8650  3   0  0  8650
140  8614  2   0  8614
141  8650  2   0  8650
142  8632  2   0  8632
143  8246  3   0  0  8246
144  8614  3   0  1  8613
145  8269  3   2  0  8267
146  8626  4   0  0  0  8626
147  8648  2   1  8647
148  8602  3   0  0  8602
149  8614  4   0  1  0  8613
150  8652  2   0  8652
151  1066  2   0  1066
152  8614  2   0  8614
153  8468  2   0  8468
154  8643  3   0  1  8642
155  8624  3   1  0  8623
156  8626  2   0  8626
157  8632  3   0  0  8632
158  8610  4   0  0  0  8610
159  8310  2   3  8307
160  8650  3   0  3  8647
161  8638  2   3319  5319
162  8319  3   1  2  8316
163  8639  3   1  0  8638
164  8610  3   0  7  8603
165  8554  3   0  0  8554
166  8654  2   0  8654
167  8606  3   0  0  8606
168  5845  3   0  0  5845
169  8650  4   0  0  0  8650
170  8654  3   0  0  8654
171  8622  2   0  8622
172  8614  2   0  8614
173  6684  2   1  6683
174  8610  2   0  8610
175  8653  3   0  0  8653
176  8614  3   0  0  8614
177  8626  2   0  8626
178  8648  2   0  8648
179  8610  3   0  0  8610
180  8622  3   2  1  8619
181  8612  3   0  0  8612
182  7116  3   0  0  7116
183  8650  3   0  0  8650
184  8612  3   0  1  8611
185  8636  2   0  8636
186  8650  2   0  8650
187  8650  2   0  8650
188  8652  2   0  8652
189  8652  3   0  0  8652
190  8650  3   0  0  8650
191  8482  2   2  8480
192  8650  2   0  8650
193  8612  4   1  0  0  8611
194  8652  2   0  8652
195  8650  2   0  8650
196  8652  2   0  8652
197  8652  3   0  0  8652
198  8612  2   0  8612
199  8652  2   0  8652
200  8612  3   0  0  8612
201  8652  2   0  8652
202  8626  3   2  8  8616
203  8652  4   0  0  0  8652
204  8628  2   0  8628
205  8626  2   0  8626
206  8624  3   0  0  8624
207  8652  2   0  8652
208  8638  2   0  8638
209  8612  3   0  0  8612
210  8652  4   0  0  0  8652
211  8652  2   0  8652
212  8642  2   0  8642
213  8647  5   0  2  2  0  8643
214  8650  3   0  0  8650
215  8652  2   0  8652
216  8624  4   11  0  19  8594
217  8524  2   0  8524
218  8648  2   0  8648
219  8624  3   0  0  8624
220  8648  2   0  8648
221  8612  3   0  0  8612
222  8648  2   0  8648
223  8624  2   0  8624
224  8618  2   0  8618
225  8648  2   0  8648
226  8624  2   0  8624
227  8654  3   0  3  8651
228  8644  2   0  8644
229  8635  3   0  0  8635
230  8624  2   0  8624
231  8612  3   0  0  8612
232  8612  3   5  0  8607
233  3010  3   0  0  3010
234  8634  2   0  8634
235  8638  3   0  0  8638
236  8612  2   2  8610
237  3532  2   0  3532
238  8505  3   0  0  8505
239  8438  2   2  8436
240  8654  2   0  8654
241  8634  3   1  0  8633
242  8640  3   0  3  8637
243  8612  3   0  4  8608
244  8508  4   0  0  1  8507
245  8641  4   0  0  0  8641
246  8613  3   0  2  8611
247  8468  2   0  8468
248  4520  2   0  4520
249  8516  4   1  0  0  8515
250  8636  2   0  8636
251  8620  4   0  0  0  8620
252  8482  2   0  8482
253  8607  3   0  0  8607
254  8541  3   0  0  8541
255  8654  2   2  8652
256  8521  3   1  0  8520
257  8642  3   0  4  8638
258  8559  3   0  0  8559
259  8520  2   0  8520
260  8632  2   0  8632
261  8578  3   2  0  8576
262  8632  2   0  8632
263  4812  2   0  4812
264  8090  2   0  8090
265  8632  3   1  37  8594
266  8640  3   1  0  8639
267  4915  3   0  0  4915
268  8600  3   0  1  8599
269  8612  3   0  0  8612
270  8632  3   0  0  8632
271  5316  3   0  0  5316
272  8617  3   1  0  8616
273  8654  2   0  8654
274  8552  2   0  8552
275  8431  3   2  0  8429
276  5347  4   0  0  0  5347
277  8600  2   349  8251
278  8654  4   0  0  0  8654
279  8632  2   0  8632
280  8654  2   0  8654
281  8524  2   0  8524
282  8654  3   1  0  8653
283  8612  2   0  8612
284  5140  2   0  5140
285  8628  2   0  8628
286  8616  2   0  8616
287  8640  4   0  6  0  8634
288  8654  2   0  8654
289  8626  2   3  8623
290  5128  2   1  5127
291  8626  2   0  8626
292  8646  2   0  8646
293  8614  2   0  8614
294  8654  5   0  0  0  0  8654
295  8594  3   0  0  8594
296  8626  2   3  8623
297  8626  2   0  8626
298  8646  2   0  8646
299  8640  2   0  8640
300  8624  2   0  8624
301  8626  2   3  8623
302  8643  3   0  0  8643
303  8646  2   0  8646
304  8626  2   0  8626
305  8644  4   1  0  0  8643
306  8654  2   0  8654
307  8578  4   0  0  0  8578
308  8627  3   0  0  8627
309  4848  3   0  0  4848
310  8643  4   0  0  3  8640
311  8626  2   0  8626
312  8628  3   1  0  8627
313  8642  2   0  8642
314  8654  3   0  0  8654
315  8633  3   0  0  8633
316  8628  2   0  8628

[pop]=4
1  6614  2   0  6614
2  6358  2   0  6358
3  6614  2   0  6614
4  6578  3   0  0  6578
5  6614  2   0  6614
6  852  3   0  0  852
7  6614  6   0  0  0  0  0  6614
8  6556  2   0  6556
9  6564  2   0  6564
10  6614  2   0  6614
11  6614  3   0  0  6614
12  6564  2   0  6564
13  6614  3   0  0  6614
14  776  2   0  776
15  6566  2   1137  5429
16  6322  3   0  0  6322
17  4162  2   0  4162
18  6548  2   0  6548
19  6558  3   0  0  6558
20  3949  3   0  7  3942
21  6612  3   0  0  6612
22  6614  3   0  0  6614
23  6558  3   0  0  6558
24  32  3   0  0  32
25  6586  2   0  6586
26  3306  2   0  3306
27  6588  2   1  6587
28  6556  2   0  6556
29  58  2   0  58
30  6560  2   0  6560
31  58  2   0  58
32  6614  2   1  6613
33  6603  4   0  0  0  6603
34  6561  4   0  0  0  6561
35  6524  2   0  6524
36  2756  2   0  2756
37  6614  2   0  6614
38  6612  2   0  6612
39  6614  2   0  6614
40  6604  2   0  6604
41  978  2   1  977
42  2543  3   0  0  2543
43  6614  2   0  6614
44  992  4   0  0  0  992
45  6612  2   0  6612
46  6612  2   0  6612
47  6614  2   0  6614
48  6554  3   0  0  6554
49  6614  2   0  6614
50  1130  2   0  1130
51  6614  3   8  0  6606
52  6614  3   0  0  6614
53  1190  2   0  1190
54  6614  3   0  4  6610
55  6614  2   0  6614
56  6614  4   0  0  0  6614
57  6614  2   0  6614
58  6614  2   0  6614
59  6614  2   0  6614
60  1200  3   0  0  1200
61  6614  2   0  6614
62  6610  2   0  6610
63  3553  3   0  0  3553
64  126  2   0  126
65  6610  2   0  6610
66  6614  2   0  6614
67  6604  4   0  0  0  6604
68  488  3   0  0  488
69  6614  3   0  0  6614
70  6614  2   0  6614
71  3678  2   0  3678
72  6610  3   0  0  6610
73  6614  2   0  6614
74  6614  2   0  6614
75  6614  2   1  6613
76  6604  2   1  6603
77  6614  3   0  0  6614
78  6614  3   0  0  6614
79  422  2   0  422
80  6608  2   0  6608
81  6614  2   0  6614
82  6608  3   0  0  6608
83  3932  3   136  0  3796
84  6614  2   0  6614
85  6608  2   0  6608
86  146  2   0  146
87  156  2   0  156
88  6608  3   0  0  6608
89  6614  3   0  0  6614
90  6606  2   22  6584
91  6614  3   0  0  6614
92  4018  2   0  4018
93  6608  2   0  6608
94  146  2   0  146
95  6606  2   0  6606
96  6614  2   1  6613
97  4046  3   0  0  4046
98  6609  4   0  0  2  6607
99  6614  2   0  6614
100  4104  3   0  0  4104
101  6610  3   0  0  6610
102  4128  2   0  4128
103  6610  3   0  0  6610
104  6614  3   0  0  6614
105  6610  3   0  0  6610
106  170  2   0  170
107  6614  2   0  6614
108  6614  2   0  6614
109  4284  3   0  0  4284
110  6614  2   0  6614
111  6602  2   0  6602
112  6614  2   0  6614
113  6614  3   0  0  6614
114  250  2   0  250
115  6614  2   0  6614
116  6614  2   0  6614
117  6612  2   0  6612
118  6610  2   0  6610
119  6614  3   0  4  6610
120  6614  2   0  6614
121  4782  2   0  4782
122  6612  3   0  0  6612
123  4855  3   0  0  4855
124  6612  3   0  0  6612
125  162  3   0  0  162
126  6573  3   0  0  6573
127  6564  3   1  0  6563
128  4992  3   0  0  4992
129  6614  2   0  6614
130  6612  3   0  0  6612
131  6614  3   0  0  6614
132  6614  2   0  6614
133  6614  2   0  6614
134  6614  2   0  6614
135  152  3   0  0  152
136  226  2   0  226
137  6608  2   0  6608
138  6458  4   0  0  0  6458
139  6612  3   0  0  6612
140  6614  2   0  6614
141  6612  2   0  6612
142  6608  2   0  6608
143  5512  3   0  0  5512
144  6614  3   0  0  6614
145  5608  3   0  2  5606
146  6614  4   0  0  0  6614
147  6612  2   0  6612
148  6573  3   0  0  6573
149  6614  4   0  0  0  6614
150  6614  2   0  6614
151  130  2   0  130
152  6614  2   1  6613
153  6372  2   0  6372
154  6612  3   0  0  6612
155  6580  3   0  0  6580
156  6614  2   0  6614
157  6589  3   0  0  6589
158  6553  4   0  0  0  6553
159  5796  2   0  5796
160  6614  3   0  0  6614
161  6612  2   3713  2899
162  5830  3   0  0  5830
163  6590  3   0  0  6590
164  6570  3   0  0  6570
165  6560  3   0  0  6560
166  6606  2   0  6606
167  6394  3   0  0  6394
168  3920  3   0  0  3920
169  6614  4   0  0  0  6614
170  6609  3   0  0  6609
171  6438  2   0  6438
172  6614  2   0  6614
173  4532  2   0  4532
174  6576  2   1  6575
175  6609  3   0  0  6609
176  6614  3   0  0  6614
177  6076  2   0  6076
178  6614  2   0  6614
179  6582  3   0  1  6581
180  6432  3   0  0  6432
181  6614  3   0  0  6614
182  4845  3   0  0  4845
183  6612  3   0  0  6612
184  6583  3   0  0  6583
185  6484  2   0  6484
186  6430  2   0  6430
187  6612  2   0  6612
188  6614  2   0  6614
189  6613  3   0  0  6613
190  6440  3   0  0  6440
191  5986  2   1  5985
192  6456  2   0  6456
193  6588  4   0  0  0  6588
194  6614  2   0  6614
195  6576  2   0  6576
196  6614  2   0  6614
197  6614  3   0  0  6614
198  6588  2   0  6588
199  6614  2   0  6614
200  6588  3   0  0  6588
201  6614  2   0  6614
202  6614  3   0  0  6614
203  6614  4   0  0  0  6614
204  6402  2   0  6402
205  6614  2   0  6614
206  6614  3   0  0  6614
207  6614  2   0  6614
208  6612  2   0  6612
209  6580  3   0  0  6580
210  6614  4   0  0  0  6614
211  6608  2   0  6608
212  6472  2   0  6472
213  6480  5   0  0  0  0  6480
214  6614  3   0  0  6614
215  6608  2   0  6608
216  6614  4   0  0  0  6614
217  6592  2   0  6592
218  6492  2   0  6492
219  6614  3   0  0  6614
220  6612  2   0  6612
221  6567  3   0  0  6567
222  6614  2   0  6614
223  6614  2   0  6614
224  6610  2   0  6610
225  6612  2   0  6612
226  6614  2   2  6612
227  6612  3   0  0  6612
228  6556  2   0  6556
229  6604  3   0  0  6604
230  6614  2   0  6614
231  6554  3   0  0  6554
232  6548  3   0  0  6548
233  1016  3   0  0  1016
234  6606  2   0  6606
235  6614  3   0  0  6614
236  6508  2   0  6508
237  1256  2   0  1256
238  6544  3   1  0  6543
239  6610  2   0  6610
240  6614  2   0  6614
241  6606  3   0  0  6606
242  6614  3   0  0  6614
243  6491  3   0  0  6491
244  6569  4   0  0  0  6569
245  6583  4   0  0  0  6583
246  6614  3   0  0  6614
247  6614  2   0  6614
248  1658  2   0  1658
249  6575  4   1  0  0  6574
250  6592  2   0  6592
251  6614  4   0  0  0  6614
252  6614  2   0  6614
253  6457  3   0  0  6457
254  5983  3   0  0  5983
255  6614  2   0  6614
256  6580  3   0  0  6580
257  6614  3   0  0  6614
258  6020  3   0  0  6020
259  6594  2   0  6594
260  6608  2   0  6608
261  6066  3   0  0  6066
262  6610  2   0  6610
263  1752  2   0  1752
264  5728  2   0  5728
265  6610  3   0  48  6562
266  6592  3   0  1  6591
267  1807  3   0  0  1807
268  6610  3   0  0  6610
269  6142  3   0  0  6142
270  6610  3   0  0  6610
271  1976  3   0  0  1976
272  6176  3   0  0  6176
273  6614  2   0  6614
274  6608  2   0  6608
275  6221  3   15  0  6206
276  1960  4   0  0  0  1960
277  6284  2   1055  5229
278  6614  4   0  0  0  6614
279  6610  2   0  6610
280  6614  2   0  6614
281  6438  2   0  6438
282  6614  3   0  0  6614
283  6614  2   0  6614
284  1914  2   0  1914
285  6612  2   0  6612
286  6614  2   0  6614
287  6372  4   0  0  0  6372
288  6614  2   0  6614
289  6614  2   0  6614
290  1928  2   0  1928
291  6614  2   0  6614
292  6600  2   0  6600
293  6614  2   0  6614
294  6614  5   0  0  0  0  6614
295  6534  3   0  0  6534
296  6614  2   0  6614
297  6614  2   0  6614
298  6600  2   2  6598
299  6390  2   0  6390
300  6614  2   0  6614
301  6614  2   0  6614
302  6614  3   0  0  6614
303  6600  2   0  6600
304  6614  2   0  6614
305  6415  4   0  0  1  6414
306  6614  2   0  6614
307  6614  4   0  0  0  6614
308  6614  3   0  0  6614
309  1662  3   0  0  1662
310  6421  4   0  0  0  6421
311  6614  2   0  6614
312  6614  3   0  0  6614
313  6600  2   0  6600
314  6614  3   1  0  6613
315  6409  3   0  0  6409
316  6614  2   0  6614

[pop]=5
1  66680  2   2  66678
2  63044  2   2  63042
3  66680  2   1  66679
4  64858  3   1  0  64857
5  66732  2   0  66732
6  19480  3   0  33  19447
7  66732  6   2  2  1  0  1  66726
8  64864  2   2  64862
9  66510  2   0  66510
10  66732  2   1  66731
11  66645  3   0  0  66645
12  63794  2   0  63794
13  66733  3   0  0  66733
14  19224  2   0  19224
15  66446  2   9502  56944
16  62770  3   0  2  62768
17  46574  2   1  46573
18  63022  2   3  63019
19  65066  3   0  0  65066
20  44562  3   0  3  44559
21  66584  3   0  1  66583
22  66734  3   0  0  66734
23  65160  3   1  0  65159
24  3977  3   0  0  3977
25  65762  2   0  65762
26  38570  2   0  38570
27  65902  2   1  65901
28  65234  2   3  65231
29  4306  2   0  4306
30  65260  2   6  65254
31  4414  2   0  4414
32  66732  2   3  66729
33  66457  4   0  0  1  66456
34  65272  4   1  0  2  65269
35  66056  2   1  66055
36  33084  2   0  33084
37  66732  2   0  66732
38  66690  2   2  66688
39  66646  2   0  66646
40  66406  2   0  66406
41  21130  2   0  21130
42  31438  3   1  3  31434
43  66730  2   1  66729
44  21362  4   0  2  1  21359
45  66702  2   0  66702
46  66596  2   2  66594
47  66678  2   21  66657
48  65269  3   0  0  65269
49  66670  2   0  66670
50  22546  2   0  22546
51  66705  3   73  6  66626
52  66688  3   1  4  66683
53  23090  2   2  23088
54  66655  3   0  2  66653
55  66694  2   1  66693
56  66707  4   0  0  1  66706
57  66692  2   7  66685
58  66726  2   1  66725
59  66708  2   0  66708
60  23724  3   0  3  23721
61  66726  2   2  66724
62  66280  2   0  66280
63  48675  3   0  1  48674
64  7662  2   3  7659
65  66310  2   1  66309
66  66730  2   0  66730
67  66597  4   0  0  1  66596
68  15517  3   2  0  15515
69  66720  3   1  3  66716
70  66732  2   3  66729
71  50218  2   0  50218
72  66277  3   0  0  66277
73  66724  2   25  66699
74  66652  2   0  66652
75  66712  2   5  66707
76  66234  2   15  66219
77  66714  3   0  7  66707
78  66728  3   1  1  66726
79  14712  2   0  14712
80  66292  2   6  66286
81  66730  2   2  66728
82  66623  3   0  2  66621
83  52608  3   1997  15  50596
84  66728  2   3  66725
85  66632  2   4  66628
86  7690  2   1  7689
87  7980  2   0  7980
88  66324  3   1  0  66323
89  66729  3   0  1  66728
90  66326  2   90  66236
91  66731  3   13  0  66718
92  53364  2   2  53362
93  66686  2   1  66685
94  7924  2   2  7922
95  66338  2   4  66334
96  66738  2   2  66736
97  53668  3   1  1  53666
98  66682  4   0  2  17  66663
99  66710  2   4  66706
100  54084  3   0  1  54083
101  66644  3   0  9  66635
102  54250  2   0  54250
103  66678  3   0  10  66668
104  66691  3   0  1  66690
105  66686  3   1  11  66674
106  7752  2   0  7752
107  66726  2   0  66726
108  66694  2   0  66694
109  55383  3   3  3  55377
110  66702  2   3  66699
111  66370  2   3  66367
112  66712  2   43  66669
113  66726  3   3  0  66723
114  9066  2   3  9063
115  66726  2   4  66722
116  66690  2   0  66690
117  66616  2   0  66616
118  66686  2   5  66681
119  66726  3   0  1  66725
120  66684  2   1  66683
121  58374  2   0  58374
122  66606  3   0  1  66605
123  58836  3   1  0  58835
124  66591  3   0  0  66591
125  9978  3   0  3  9975
126  66177  3   3  11  66163
127  66147  3   0  1  66146
128  59441  3   2  0  59439
129  66630  2   8  66622
130  66538  3   1  2  66535
131  66631  3   7  0  66624
132  66686  2   2  66684
133  66580  2   3  66577
134  66668  2   9  66659
135  9501  3   0  0  9501
136  9324  2   1  9323
137  66480  2   13  66467
138  65577  4   0  0  0  65577
139  66617  3   0  5  66612
140  66556  2   2  66554
141  66598  2   0  66598
142  66350  2   0  66350
143  61464  3   2  0  61462
144  66552  3   0  0  66552
145  61736  3   0  3  61733
146  66679  4   1  1  0  66677
147  66504  2   6  66498
148  66106  3   0  0  66106
149  66554  4   1  0  1  66552
150  66712  2   3  66709
151  8464  2   1  8463
152  66552  2   5  66547
153  64860  2   0  64860
154  66423  3   2  3  66418
155  66326  3   2  2  66322
156  66694  2   3  66691
157  66412  3   1  8  66403
158  65713  4   0  0  0  65713
159  62276  2   0  62276
160  66043  3   0  15  66028
161  66706  2   28828  37878
162  62339  3   1  1  62337
163  66495  3   0  1  66494
164  65771  3   6  0  65765
165  65116  3   0  1  65115
166  66566  2   2  66564
167  65940  3   1  0  65939
168  46849  3   5  1  46843
169  66205  4   5  0  6  66194
170  66584  3   1  1  66582
171  66186  2   1  66185
172  66538  2   0  66538
173  52446  2   0  52446
174  65808  2   12  65796
175  66599  3   7  2  66590
176  66527  3   1  1  66525
177  66216  2   8  66208
178  66396  2   2  66394
179  65834  3   1  0  65833
180  66198  3   0  0  66198
181  66526  3   33  0  66493
182  55225  3   0  0  55225
183  66684  3   0  7  66677
184  65850  3   6  3  65841
185  66422  2   2  66420
186  66618  2   0  66618
187  66682  2   4  66678
188  66656  2   0  66656
189  66656  3   5  1  66650
190  66625  3   0  2  66623
191  63736  2   2  63734
192  66636  2   0  66636
193  65901  4   0  1  1  65899
194  66652  2   0  66652
195  66668  2   0  66668
196  66652  2   5  66647
197  66629  3   0  1  66628
198  65908  2   11  65897
199  66612  2   5  66607
200  65912  3   1  1  65910
201  66640  2   0  66640
202  66719  3   0  1  66718
203  66632  4   0  0  5  66627
204  65834  2   0  65834
205  66722  2   7  66715
206  66712  3   1  2  66709
207  66624  2   3  66621
208  66574  2   0  66574
209  65883  3   7  4  65872
210  66614  4   1  1  1  66611
211  66720  2   5  66715
212  66122  2   4  66118
213  66610  5   2  0  0  1  66607
214  66507  3   0  0  66507
215  66724  2   0  66724
216  66691  4   2  1  8  66680
217  64504  2   2  64502
218  66598  2   6  66592
219  66693  3   0  0  66693
220  66612  2   0  66612
221  65855  3   0  0  65855
222  66588  2   1  66587
223  66664  2   1  66663
224  66564  2   1  66563
225  66568  2   1  66567
226  66666  2   1  66665
227  66734  3   0  0  66734
228  66246  2   0  66246
229  66308  3   0  0  66308
230  66656  2   2  66654
231  65788  3   0  0  65788
232  65780  3   0  0  65780
233  21488  3   3  0  21485
234  66306  2   1  66305
235  66618  3   0  1  66617
236  65662  2   0  65662
237  25344  2   0  25344
238  63098  3   0  0  63098
239  63234  2   0  63234
240  66736  2   7  66729
241  66317  3   0  4  66313
242  66649  3   0  4  66645
243  65617  3   0  0  65617
244  63380  4   1  0  1  63378
245  65887  4   1  1  1  65884
246  66096  3   0  1  66095
247  63530  2   0  63530
248  31648  2   0  31648
249  63681  4   0  0  0  63681
250  65796  2   2  65794
251  66341  4   0  29  0  66312
252  63590  2   2  63588
253  65511  3   3  1  65507
254  64783  3   0  0  64783
255  66738  2   0  66738
256  63969  3   1  2  63966
257  66704  3   1  0  66703
258  64906  3   1  1  64904
259  64288  2   2  64286
260  66326  2   0  66326
261  65196  3   0  1  65195
262  66330  2   3  66327
263  33756  2   0  33756
264  60968  2   4  60964
265  66307  3   3  949  65355
266  65896  3   0  0  65896
267  34517  3   0  1  34516
268  65884  3   1  0  65883
269  65697  3   1  1  65695
270  66318  3   0  1  66317
271  37488  3   0  0  37488
272  65837  3   9  1  65827
273  66740  2   3  66737
274  65158  2   0  65158
275  63721  3   288  6  63427
276  37575  4   1  1  1  37572
277  66056  2   10977  55079
278  66740  4   2  1  2  66735
279  66356  2   0  66356
280  66740  2   4  66736
281  64900  2   2  64898
282  66740  3   0  1  66739
283  66064  2   6  66058
284  36860  2   1  36859
285  66332  2   2  66330
286  65154  2   3  65151
287  66316  4   2  18  1  66295
288  66740  2   0  66740
289  66712  2   0  66712
290  36970  2   1  36969
291  66328  2   0  66328
292  66496  2   0  66496
293  66122  2   0  66122
294  66740  5   0  0  1  2  66737
295  65630  3   0  2  65628
296  66336  2   0  66336
297  66724  2   2  66722
298  66538  2   142  66396
299  66338  2   4  66334
300  65502  2   0  65502
301  66728  2   0  66728
302  66733  3   0  0  66733
303  66564  2   0  66564
304  65710  2   0  65710
305  66305  4   0  1  0  66304
306  66740  2   0  66740
307  65584  4   8  1  0  65575
308  65849  3   6  6  65837
309  35166  3   0  1  35165
310  66281  4   42  1  0  66238
311  66732  2   1  66731
312  66056  3   1  1  66054
313  66610  2   2  66608
314  66740  3   0  1  66739
315  66063  3   1  1  66061
316  66210  2   1  66209

[pop]=6
1  908  2   0  908
2  762  2   0  762
3  908  2   0  908
4  879  3   0  0  879
5  906  2   0  906
6  286  3   0  0  286
7  906  6   0  0  0  0  0  906
8  866  2   0  866
9  898  2   0  898
10  906  2   0  906
11  908  3   0  0  908
12  864  2   0  864
13  906  3   0  0  906
14  258  2   0  258
15  898  2   129  769
16  751  3   0  0  751
17  664  2   0  664
18  846  2   0  846
19  870  3   0  0  870
20  626  3   0  1  625
21  904  3   0  0  904
22  906  3   0  0  906
23  874  3   0  0  874
24  136  3   1  0  135
25  884  2   0  884
26  560  2   0  560
27  888  2   0  888
28  874  2   0  874
29  142  2   0  142
30  874  2   0  874
31  140  2   0  140
32  906  2   0  906
33  900  4   0  0  0  900
34  874  4   0  0  0  874
35  896  2   0  896
36  496  2   0  496
37  906  2   0  906
38  900  2   0  900
39  908  2   0  908
40  898  2   0  898
41  274  2   0  274
42  479  3   0  0  479
43  906  2   0  906
44  276  4   0  0  0  276
45  900  2   0  900
46  906  2   0  906
47  898  2   0  898
48  870  3   0  0  870
49  908  2   0  908
50  274  2   0  274
51  906  3   1  0  905
52  898  3   0  0  898
53  270  2   0  270
54  906  3   0  0  906
55  898  2   0  898
56  908  4   0  0  0  908
57  898  2   0  898
58  900  2   0  900
59  908  2   0  908
60  266  3   0  0  266
61  900  2   0  900
62  898  2   0  898
63  556  3   0  0  556
64  182  2   0  182
65  898  2   0  898
66  900  2   0  900
67  904  4   0  0  0  904
68  238  3   0  0  238
69  898  3   0  1  897
70  900  2   0  900
71  588  2   0  588
72  900  3   0  0  900
73  908  2   0  908
74  904  2   0  904
75  898  2   0  898
76  900  2   0  900
77  898  3   0  0  898
78  908  3   0  0  908
79  224  2   0  224
80  900  2   1  899
81  908  2   0  908
82  906  3   0  0  906
83  636  3   18  0  618
84  908  2   0  908
85  906  2   0  906
86  174  2   0  174
87  192  2   0  192
88  900  3   0  0  900
89  908  3   0  0  908
90  898  2   0  898
91  908  3   0  0  908
92  648  2   0  648
93  906  2   0  906
94  192  2   0  192
95  898  2   0  898
96  900  2   0  900
97  656  3   0  0  656
98  906  4   0  0  0  906
99  898  2   0  898
100  657  3   0  0  657
101  906  3   0  0  906
102  664  2   0  664
103  906  3   0  0  906
104  906  3   0  0  906
105  906  3   0  0  906
106  182  2   0  182
107  908  2   0  908
108  906  2   0  906
109  679  3   0  0  679
110  898  2   0  898
111  896  2   0  896
112  906  2   6  900
113  908  3   0  0  908
114  188  2   0  188
115  908  2   0  908
116  898  2   0  898
117  906  2   0  906
118  906  2   0  906
119  908  3   0  0  908
120  898  2   0  898
121  730  2   0  730
122  904  3   0  0  904
123  737  3   0  1  736
124  896  3   0  0  896
125  184  3   0  0  184
126  892  3   0  0  892
127  892  3   0  0  892
128  750  3   0  0  750
129  908  2   0  908
130  896  3   0  0  896
131  908  3   0  0  908
132  908  2   0  908
133  908  2   0  908
134  906  2   2  904
135  174  3   0  0  174
136  200  2   0  200
137  902  2   0  902
138  882  4   0  0  0  882
139  906  3   0  0  906
140  898  2   0  898
141  904  2   0  904
142  900  2   0  900
143  793  3   0  0  793
144  898  3   1  0  897
145  797  3   0  0  797
146  900  4   0  0  0  900
147  900  2   0  900
148  905  3   1  0  904
149  894  4   0  0  0  894
150  908  2   0  908
151  148  2   0  148
152  894  2   0  894
153  868  2   0  868
154  896  3   0  0  896
155  906  3   0  0  906
156  900  2   0  900
157  906  3   0  0  906
158  887  4   0  0  0  887
159  810  2   0  810
160  881  3   0  1  880
161  908  2   405  503
162  813  3   0  0  813
163  906  3   0  0  906
164  888  3   0  0  888
165  870  3   0  0  870
166  906  2   0  906
167  882  3   0  0  882
168  629  3   0  0  629
169  894  4   0  0  0  894
170  906  3   0  0  906
171  884  2   0  884
172  894  2   0  894
173  700  2   0  700
174  888  2   0  888
175  905  3   0  0  905
176  894  3   0  0  894
177  880  2   0  880
178  900  2   0  900
179  889  3   0  0  889
180  884  3   0  0  884
181  894  3   0  0  894
182  732  3   0  0  732
183  906  3   0  0  906
184  889  3   0  0  889
185  888  2   0  888
186  900  2   0  900
187  906  2   0  906
188  906  2   0  906
189  906  3   0  0  906
190  900  3   0  0  900
191  858  2   0  858
192  900  2   0  900
193  888  4   0  0  0  888
194  906  2   1  905
195  906  2   0  906
196  906  2   0  906
197  904  3   0  0  904
198  888  2   0  888
199  904  2   0  904
200  888  3   0  0  888
201  906  2   0  906
202  900  3   0  0  900
203  906  4   0  0  0  906
204  896  2   0  896
205  900  2   0  900
206  900  3   0  0  900
207  906  2   0  906
208  904  2   0  904
209  888  3   0  2  886
210  903  4   0  0  0  903
211  908  2   0  908
212  900  2   0  900
213  900  5   0  0  0  0  900
214  902  3   0  0  902
215  908  2   0  908
216  898  4   0  0  1  897
217  862  2   0  862
218  900  2   0  900
219  898  3   0  0  898
220  908  2   0  908
221  886  3   0  0  886
222  904  2   0  904
223  898  2   0  898
224  902  2   0  902
225  908  2   0  908
226  898  2   1  897
227  908  3   0  0  908
228  904  2   0  904
229  892  3   0  0  892
230  898  2   0  898
231  886  3   0  0  886
232  886  3   0  0  886
233  224  3   0  0  224
234  894  2   0  894
235  908  3   0  0  908
236  884  2   0  884
237  256  2   0  256
238  860  3   0  0  860
239  782  2   0  782
240  908  2   0  908
241  893  3   0  0  893
242  908  3   0  0  908
243  882  3   0  0  882
244  865  4   0  0  0  865
245  882  4   0  0  0  882
246  878  3   0  0  878
247  782  2   0  782
248  344  2   0  344
249  868  4   0  0  0  868
250  878  2   0  878
251  882  4   0  0  0  882
252  786  2   0  786
253  880  3   0  0  880
254  869  3   0  0  869
255  908  2   0  908
256  870  3   0  0  870
257  908  3   0  0  908
258  872  3   0  0  872
259  870  2   0  870
260  896  2   0  896
261  880  3   0  0  880
262  896  2   0  896
263  370  2   0  370
264  806  2   0  806
265  895  3   0  6  889
266  884  3   0  0  884
267  383  3   0  0  383
268  886  3   0  0  886
269  883  3   0  0  883
270  894  3   0  0  894
271  434  3   0  0  434
272  887  3   0  0  887
273  908  2   0  908
274  876  2   0  876
275  850  3   1  0  849
276  431  4   0  0  0  431
277  892  2   139  753
278  908  4   0  0  0  908
279  896  2   0  896
280  908  2   1  907
281  882  2   0  882
282  908  3   0  0  908
283  886  2   0  886
284  454  2   0  454
285  902  2   0  902
286  862  2   2  860
287  893  4   0  0  0  893
288  908  2   0  908
289  898  2   0  898
290  462  2   0  462
291  900  2   1  899
292  904  2   0  904
293  886  2   0  886
294  908  5   0  0  0  0  908
295  888  3   0  0  888
296  900  2   0  900
297  898  2   0  898
298  906  2   2  904
299  890  2   0  890
300  868  2   0  868
301  898  2   0  898
302  908  3   0  0  908
303  906  2   0  906
304  884  2   0  884
305  891  4   0  0  0  891
306  908  2   0  908
307  883  4   0  0  0  883
308  891  3   0  0  891
309  418  3   0  0  418
310  892  4   4  0  0  888
311  898  2   0  898
312  895  3   0  0  895
313  908  2   0  908
314  908  3   0  0  908
315  881  3   0  0  881
316  898  2   0  898

[pop]=7
1  16490  2   0  16490
2  9592  2   0  9592
3  16490  2   4  16486
4  15682  3   0  0  15682
5  16510  2   0  16510
6  6854  3   1  0  6853
7  16510  6   0  1  0  0  0  16509
8  16406  2   0  16406
9  16428  2   0  16428
10  16510  2   1  16509
11  16474  3   0  0  16474
12  14680  2   1  14679
13  16510  3   2  1  16507
14  6188  2   0  6188
15  16426  2   955  15471
16  9104  3   0  0  9104
17  12992  2   1  12991
18  14036  2   0  14036
19  16410  3   0  0  16410
20  12718  3   3  5  12710
21  16392  3   0  0  16392
22  16510  3   1  1  16508
23  16408  3   0  1  16407
24  7495  3   13  0  7482
25  14442  2   4  14438
26  11904  2   0  11904
27  14824  2   0  14824
28  16396  2   0  16396
29  7540  2   2  7538
30  16390  2   0  16390
31  7554  2   2  7552
32  16510  2   0  16510
33  16085  4   0  0  0  16085
34  16381  4   0  1  0  16380
35  16318  2   0  16318
36  11152  2   2  11150
37  16510  2   0  16510
38  16510  2   0  16510
39  16382  2   0  16382
40  16010  2   1  16009
41  4874  2   0  4874
42  10925  3   1  0  10924
43  16510  2   1  16509
44  4920  4   0  0  0  4920
45  16510  2   0  16510
46  16498  2   0  16498
47  16510  2   0  16510
48  16223  3   1  0  16222
49  16492  2   0  16492
50  4114  2   0  4114
51  16506  3   0  0  16506
52  16510  3   0  0  16510
53  3748  2   0  3748
54  16412  3   1  0  16411
55  16512  2   3  16509
56  16506  4   0  0  0  16506
57  16512  2   1  16511
58  16510  2   2  16508
59  16506  2   0  16506
60  3540  3   1  0  3539
61  16510  2   0  16510
62  16106  2   0  16106
63  10389  3   0  2  10387
64  7566  2   0  7566
65  16168  2   1  16167
66  16510  2   2  16508
67  16426  4   0  0  0  16426
68  8431  3   0  1  8430
69  16512  3   0  0  16512
70  16510  2   0  16510
71  11880  2   0  11880
72  16262  3   0  1  16261
73  16512  2   0  16512
74  16448  2   3  16445
75  16512  2   0  16512
76  16312  2   1  16311
77  16512  3   0  0  16512
78  16512  3   0  0  16512
79  8320  2   1  8319
80  16396  2   1  16395
81  16512  2   0  16512
82  16474  3   0  0  16474
83  13676  3   732  0  12944
84  16512  2   0  16512
85  16474  2   0  16474
86  7914  2   0  7914
87  7796  2   0  7796
88  16450  3   0  4  16446
89  16512  3   0  0  16512
90  16476  2   3  16473
91  16512  3   0  1  16511
92  14072  2   0  14072
93  16506  2   1  16505
94  7798  2   0  7798
95  16482  2   1  16481
96  16512  2   0  16512
97  14222  3   1  0  14221
98  16505  4   1  0  3  16501
99  16512  2   0  16512
100  14341  3   0  0  14341
101  16482  3   0  0  16482
102  14402  2   0  14402
103  16504  3   1  0  16503
104  16512  3   0  0  16512
105  16504  3   0  2  16502
106  7772  2   0  7772
107  16512  2   0  16512
108  16512  2   0  16512
109  14670  3   0  0  14670
110  16512  2   0  16512
111  16502  2   2  16500
112  16512  2   28  16484
113  16512  3   0  0  16512
114  8142  2   0  8142
115  16512  2   0  16512
116  16512  2   0  16512
117  16462  2   2  16460
118  16504  2   0  16504
119  16512  3   0  0  16512
120  16512  2   2  16510
121  15286  2   0  15286
122  16442  3   1  0  16441
123  15336  3   0  0  15336
124  16506  3   1  1  16504
125  7523  3   0  3  7520
126  16492  3   1  1  16490
127  16490  3   0  0  16490
128  15463  3   0  1  15462
129  16482  2   1  16481
130  16490  3   0  0  16490
131  16486  3   0  1  16485
132  16490  2   0  16490
133  16476  2   0  16476
134  16488  2   0  16488
135  6919  3   0  0  6919
136  8156  2   0  8156
137  16258  2   1  16257
138  16340  4   0  2  4  16334
139  16389  3   0  1  16388
140  16510  2   0  16510
141  16352  2   0  16352
142  16008  2   5  16003
143  15820  3   0  12  15808
144  16508  3   0  0  16508
145  15893  3   0  0  15893
146  16472  4   1  0  1  16470
147  16216  2   3  16213
148  16483  3   0  0  16483
149  16512  4   0  0  0  16512
150  16504  2   0  16504
151  4632  2   2  4630
152  16512  2   0  16512
153  15976  2   0  15976
154  16061  3   0  0  16061
155  16498  3   0  0  16498
156  16506  2   0  16506
157  16504  3   0  0  16504
158  16439  4   0  1  0  16438
159  15958  2   0  15958
160  14886  3   1  0  14885
161  16496  2   5699  10797
162  16004  3   1  0  16003
163  16504  3   0  0  16504
164  16471  3   1  3  16467
165  16487  3   2  0  16485
166  16500  2   0  16500
167  15762  3   0  0  15762
168  12837  3   0  0  12837
169  15432  4   1  5  0  15426
170  16501  3   0  1  16500
171  16032  2   9  16023
172  16512  2   0  16512
173  13752  2   0  13752
174  16498  2   0  16498
175  16501  3   0  0  16501
176  16512  3   0  0  16512
177  16236  2   0  16236
178  16018  2   0  16018
179  16504  3   0  0  16504
180  16028  3   0  0  16028
181  16512  3   3  0  16509
182  14205  3   1  1  14203
183  16502  3   3  0  16499
184  16507  3   0  1  16506
185  16216  2   0  16216
186  16458  2   0  16458
187  16502  2   0  16502
188  16500  2   4  16496
189  16500  3   0  0  16500
190  16467  3   0  3  16464
191  15806  2   0  15806
192  16472  2   0  16472
193  16508  4   0  0  0  16508
194  16500  2   0  16500
195  16484  2   0  16484
196  16502  2   0  16502
197  16402  3   0  0  16402
198  16508  2   0  16508
199  16378  2   1  16377
200  16506  3   3  0  16503
201  16494  2   0  16494
202  16508  3   4  0  16504
203  16483  4   0  1  0  16482
204  16332  2   2  16330
205  16508  2   1  16507
206  16508  3   0  0  16508
207  16474  2   0  16474
208  16322  2   0  16322
209  16502  3   16  0  16486
210  16461  4   0  0  0  16461
211  16512  2   0  16512
212  16386  2   1  16385
213  16488  5   0  0  0  2  16486
214  16053  3   0  1  16052
215  16512  2   1  16511
216  16485  4   5  0  4  16476
217  16378  2   0  16378
218  16492  2   0  16492
219  16479  3   0  0  16479
220  16482  2   2  16480
221  16502  3   0  11  16491
222  16414  2   0  16414
223  16444  2   0  16444
224  16390  2   0  16390
225  16416  2   1  16415
226  16450  2   0  16450
227  16512  3   0  0  16512
228  16200  2   0  16200
229  16093  3   0  0  16093
230  16436  2   0  16436
231  16502  3   0  1  16501
232  16502  3   0  1  16501
233  4218  3   0  1  4217
234  16104  2   2  16102
235  16468  3   0  0  16468
236  16494  2   0  16494
237  5132  2   3  5129
238  15828  3   0  0  15828
239  9280  2   0  9280
240  16512  2   0  16512
241  16098  3   0  0  16098
242  16496  3   1  1  16494
243  16488  3   1  2  16485
244  16031  4   0  0  2  16029
245  15326  4   0  0  0  15326
246  15316  3   17  0  15299
247  9476  2   0  9476
248  7270  2   2  7268
249  16164  4   0  1  38  16125
250  15030  2   0  15030
251  15835  4   0  0  0  15835
252  9560  2   0  9560
253  16458  3   0  0  16458
254  16164  3   4  0  16160
255  16512  2   0  16512
256  16277  3   0  0  16277
257  16508  3   4  34  16470
258  16187  3   0  0  16187
259  16350  2   19  16331
260  16130  2   8  16122
261  16226  3   0  0  16226
262  16158  2   0  16158
263  8688  2   3  8685
264  14932  2   0  14932
265  16138  3   0  190  15948
266  15104  3   0  0  15104
267  9208  3   1  3  9204
268  16508  3   0  0  16508
269  16298  3   0  2  16296
270  16220  3   0  0  16220
271  10482  3   0  1  10481
272  16318  3   3  0  16315
273  16512  2   1  16511
274  16452  2   2  16450
275  15723  3   18  0  15705
276  10567  4   1  0  0  10566
277  16386  2   1582  14804
278  16512  4   0  0  0  16512
279  16292  2   3  16289
280  16512  2   0  16512
281  16080  2   0  16080
282  16512  3   0  0  16512
283  16510  2   0  16510
284  11462  2   0  11462
285  16370  2   3  16367
286  12872  2   165  12707
287  16341  4   0  5  1  16335
288  16512  2   1  16511
289  16510  2   0  16510
290  11450  2   0  11450
291  16390  2   8  16382
292  16384  2   2  16382
293  16508  2   0  16508
294  16512  5   6  0  0  0  16506
295  16320  3   0  0  16320
296  16402  2   0  16402
297  16512  2   0  16512
298  16432  2   271  16161
299  16300  2   0  16300
300  13916  2   0  13916
301  16512  2   0  16512
302  16510  3   1  1  16508
303  16466  2   0  16466
304  14410  2   0  14410
305  16215  4   0  0  0  16215
306  16512  2   0  16512
307  16494  4   1  0  1  16492
308  14826  3   1  0  14825
309  11338  3   0  0  11338
310  16138  4   3  0  0  16135
311  16512  2   4  16508
312  15365  3   0  0  15365
313  16500  2   0  16500
314  16512  3   0  0  16512
315  15719  3   0  0  15719
316  15812  2   1  15811

