[loci]=430

[populations]=7

[pop]=1
1  10342  2   0  10342
2  8459  2   0  8459
3  10352  3   0  0  10352
4  10108  3   0  0  10108
5  8491  2   14  8477
6  10134  3   0  0  10134
7  8825  3   0  0  8825
8  10366  2   0  10366
9  10218  3   1  0  10217
10  10139  3   0  0  10139
11  10232  3   0  0  10232
12  8499  2   0  8499
13  10368  2   0  10368
14  10150  2   0  10150
15  10230  2   2868  7362
16  10311  3   0  1  10310
17  8387  3   0  0  8387
18  8505  2   0  8505
19  10382  3   0  0  10382
20  8407  3   0  0  8407
21  10248  2   0  10248
22  10372  2   1  10371
23  10362  2   0  10362
24  10370  3   0  2  10368
25  10368  2   0  10368
26  10386  2   15  10371
27  10392  2   0  10392
28  10294  3   1  0  10293
29  10396  2   0  10396
30  9497  4   0  0  0  9497
31  10370  2   0  10370
32  9552  2   0  9552
33  8458  2   0  8458
34  9558  3   1  0  9557
35  10368  2   0  10368
36  10338  2   0  10338
37  10402  2   0  10402
38  9650  2   1  9649
39  10372  2   0  10372
40  10401  3   0  1  10400
41  9666  5   8  0  17  197  9444
42  8459  2   1  8458
43  10350  4   0  0  0  10350
44  10356  2   0  10356
45  9707  3   1  0  9706
46  8464  3   0  0  8464
47  8461  3   3  0  8458
48  10376  3   0  1  10375
49  9718  2   1  9717
50  8460  2   0  8460
51  10382  3   0  0  10382
52  8460  2   0  8460
53  10398  3   0  0  10398
54  10399  3   0  0  10399
55  8459  2   0  8459
56  10402  3   0  0  10402
57  9747  3   0  0  9747
58  8459  2   0  8459
59  9758  2   1  9757
60  8459  2   1  8458
61  10402  2   248  10154
62  10380  3   11  3  10366
63  10402  3   112  0  10290
64  8458  2   0  8458
65  10402  3   0  0  10402
66  9780  3   241  0  9539
67  10402  2   3  10399
68  10386  2   3  10383
69  9790  2   0  9790
70  10404  3   0  0  10404
71  10386  2   11  10375
72  10388  2   34  10354
73  9790  3   0  0  9790
74  10374  3   0  0  10374
75  10378  3   1  0  10377
76  10404  2   0  10404
77  8455  2   1  8454
78  10390  2   0  10390
79  10390  2   0  10390
80  10404  2   0  10404
81  10374  2   0  10374
82  8489  2   0  8489
83  10400  2   2  10398
84  10392  2   12  10380
85  8461  2   0  8461
86  10390  2   0  10390
87  10402  3   0  0  10402
88  10404  2   2  10402
89  10402  2   0  10402
90  10384  2   2  10382
91  10392  3   0  0  10392
92  10400  2   0  10400
93  10404  2   1  10403
94  10378  2   0  10378
95  9836  3   0  0  9836
96  10386  2   0  10386
97  8465  2   0  8465
98  10380  3   0  0  10380
99  8410  2   0  8410
100  10394  3   0  0  10394
101  10404  2   0  10404
102  9862  2   1  9861
103  10378  2   0  10378
104  10395  3   0  0  10395
105  10400  2   2  10398
106  10378  2   2  10376
107  10392  3   0  0  10392
108  10392  4   4  0  1  10387
109  9888  2   0  9888
110  8287  4   0  0  0  8287
111  8476  3   65  0  8411
112  8290  2   0  8290
113  10396  2   10  10386
114  10400  2   0  10400
115  9924  2   2  9922
116  8477  2   11  8466
117  10392  2   3  10389
118  9930  2   0  9930
119  10355  3   1458  0  8897
120  10380  2   0  10380
121  10399  3   0  0  10399
122  10382  2   0  10382
123  8472  3   1  1  8470
124  9982  3   0  0  9982
125  8473  2   0  8473
126  10377  3   0  0  10377
127  10374  3   0  0  10374
128  10278  2   3590  6688
129  10002  2   0  10002
130  10394  2   0  10394
131  10052  2   0  10052
132  10358  3   0  0  10358
133  10396  2   21  10375
134  8443  2   0  8443
135  10026  2   0  10026
136  8255  2   0  8255
137  9968  2   1  9967
138  8442  2   3  8439
139  10016  2   0  10016
140  9882  2   0  9882
141  9874  2   0  9874
142  10016  2   0  10016
143  10392  3   0  0  10392
144  9872  2   0  9872
145  9992  2   0  9992
146  10388  2   0  10388
147  9846  3   0  0  9846
148  8290  4   4  0  1  8285
149  8427  2   0  8427
150  10396  2   0  10396
151  8304  2   0  8304
152  8424  2   0  8424
153  10396  4   0  0  0  10396
154  9972  2   0  9972
155  10383  3   0  220  10163
156  9946  2   0  9946
157  10337  3   0  0  10337
158  10381  3   0  0  10381
159  9789  3   0  0  9789
160  9746  2   0  9746
161  9927  3   0  0  9927
162  9678  3   0  0  9678
163  8357  3   0  0  8357
164  10366  2   4  10362
165  10340  2   0  10340
166  10363  3   4  0  10359
167  9922  2   0  9922
168  9630  2   2  9628
169  9926  3   0  0  9926
170  10355  3   1  0  10354
171  10331  3   0  0  10331
172  9594  3   0  0  9594
173  9967  4   0  0  1  9966
174  9964  2   3  9961
175  8385  2   0  8385
176  8380  3   0  0  8380
177  9532  2   0  9532
178  9525  3   0  0  9525
179  10162  2   0  10162
180  8384  3   0  0  8384
181  10264  2   4  10260
182  9522  2   0  9522
183  9964  3   0  0  9964
184  10330  2   28  10302
185  10060  3   0  21  10039
186  9506  2   0  9506
187  10250  2   0  10250
188  10045  3   0  0  10045
189  10340  2   0  10340
190  10025  3   0  0  10025
191  8388  2   0  8388
192  10344  2   0  10344
193  10009  3   0  0  10009
194  10228  2   0  10228
195  9630  2   0  9630
196  10086  2   0  10086
197  9750  2   0  9750
198  8453  2   0  8453
199  10128  2   10  10118
200  10358  3   0  1  10357
201  9930  3   0  0  9930
202  8456  3   0  0  8456
203  10156  2   24  10132
204  8458  2   0  8458
205  9922  2   0  9922
206  10365  4   0  0  0  10365
207  10174  2   0  10174
208  10368  3   0  0  10368
209  9940  2   0  9940
210  8437  2   0  8437
211  8461  2   0  8461
212  10172  2   2  10170
213  10178  2   0  10178
214  10173  4   2  0  0  10171
215  10204  2   0  10204
216  8460  3   0  0  8460
217  10378  3   0  0  10378
218  9928  2   4  9924
219  10384  2   0  10384
220  8463  2   0  8463
221  8459  2   2  8457
222  10170  2   0  10170
223  8458  2   0  8458
224  10396  2   0  10396
225  10010  2   0  10010
226  10016  2   0  10016
227  10024  2   0  10024
228  8466  2   0  8466
229  10048  2   0  10048
230  10017  3   0  1  10016
231  10048  2   0  10048
232  8460  2   5  8455
233  10244  3   0  1  10243
234  10264  2   0  10264
235  8469  2   3  8466
236  10250  2   3  10247
237  10065  3   0  0  10065
238  8466  3   0  0  8466
239  10254  3   0  0  10254
240  10292  2   0  10292
241  10255  3   0  0  10255
242  10398  2   0  10398
243  10266  3   0  0  10266
244  10312  2   1129  9183
245  10316  2   1201  9115
246  10124  2   0  10124
247  10328  2   0  10328
248  10301  3   0  0  10301
249  10124  2   0  10124
250  10344  3   45  0  10299
251  10152  2   0  10152
252  10128  2   1  10127
253  10310  2   2  10308
254  10351  4   0  0  0  10351
255  10319  3   0  0  10319
256  10344  2   15  10329
257  10321  3   0  0  10321
258  9936  7   1  0  0  1  0  0  9934
259  8173  3   0  0  8173
260  9952  2   0  9952
261  10281  4   0  6  0  10275
262  9949  4   1  0  0  9948
263  10224  3   1  0  10223
264  10364  2   0  10364
265  8470  2   0  8470
266  9966  3   0  0  9966
267  10236  2   0  10236
268  9971  3   0  0  9971
269  8473  2   0  8473
270  10262  2   0  10262
271  9974  3   0  0  9974
272  10241  3   6  0  10235
273  8444  2   0  8444
274  10326  3   0  0  10326
275  10254  2   34  10220
276  10329  3   0  3  10326
277  9977  3   0  0  9977
278  10372  4   0  0  0  10372
279  10336  3   2  0  10334
280  10008  2   0  10008
281  10300  3   637  0  9663
282  8491  2   2  8489
283  8444  2   0  8444
284  10256  3   0  0  10256
285  10020  2   0  10020
286  10373  3   0  0  10373
287  10139  4   0  0  127  10012
288  10361  5   0  0  0  0  10361
289  10358  2   0  10358
290  10335  3   0  0  10335
291  8437  2   0  8437
292  8507  2   0  8507
293  10360  2   0  10360
294  10168  2   0  10168
295  10358  2   0  10358
296  10369  3   0  0  10369
297  10166  3   0  0  10166
298  10335  3   0  0  10335
299  8440  3   0  1  8439
300  10156  2   0  10156
301  10294  2   0  10294
302  10161  3   0  0  10161
303  10277  3   0  0  10277
304  10366  3   0  0  10366
305  10384  3   0  0  10384
306  10366  3   0  0  10366
307  10366  2   0  10366
308  8442  3   0  3  8439
309  10386  2   0  10386
310  10170  3   0  1  10169
311  8437  2   637  7800
312  8423  2   0  8423
313  8412  2   0  8412
314  10389  3   0  0  10389
315  10048  3   0  0  10048
316  8515  2   0  8515
317  10178  2   0  10178
318  8514  2   0  8514
319  10402  4   0  0  0  10402
320  10201  3   5  0  10196
321  10280  2   0  10280
322  10196  3   0  0  10196
323  9956  3   0  0  9956
324  9973  3   0  4  9969
325  10402  2   0  10402
326  10404  2   0  10404
327  10404  2   0  10404
328  10325  3   0  0  10325
329  10400  3   0  0  10400
330  10404  3   0  0  10404
331  10210  2   0  10210
332  8233  2   0  8233
333  10404  2   0  10404
334  10356  4   0  0  0  10356
335  8516  2   1  8515
336  10234  3   1  0  10233
337  8516  2   0  8516
338  10394  3   0  0  10394
339  10404  2   0  10404
340  10366  3   0  0  10366
341  10240  2   1  10239
342  10373  3   1  0  10372
343  8516  2   0  8516
344  10404  2   4  10400
345  10264  2   0  10264
346  10404  2   0  10404
347  10404  2   0  10404
348  10394  2   0  10394
349  8171  3   0  0  8171
350  10404  2   0  10404
351  10394  3   0  22  10372
352  8097  2   1  8096
353  10390  2   229  10161
354  10404  2   0  10404
355  10388  3   0  0  10388
356  10404  3   0  0  10404
357  10316  3   0  1  10315
358  8514  2   0  8514
359  10387  3   0  1  10386
360  10385  3   0  1  10384
361  10316  2   1  10315
362  10386  2   0  10386
363  10380  2   0  10380
364  10404  2   1  10403
365  10380  2   0  10380
366  8514  2   0  8514
367  8019  2   1  8018
368  10366  3   0  0  10366
369  10375  4   4  0  0  10371
370  10331  3   2  0  10329
371  10280  2   0  10280
372  10374  2   13  10361
373  10194  2   0  10194
374  8509  3   0  0  8509
375  10174  2   1  10173
376  7973  2   0  7973
377  10366  2   1  10365
378  8509  2   0  8509
379  10406  3   0  0  10406
380  10168  3   0  503  9665
381  7938  2   26  7912
382  10406  2   0  10406
383  10158  3   3  0  10155
384  8509  3   0  0  8509
385  10406  3   0  0  10406
386  10148  2   0  10148
387  8509  2   0  8509
388  10406  2   183  10223
389  7884  2   0  7884
390  10128  2   0  10128
391  10356  2   0  10356
392  10406  2   0  10406
393  8506  3   0  0  8506
394  10126  3   1  0  10125
395  10356  2   0  10356
396  10342  2   2  10340
397  10372  3   0  0  10372
398  7803  2   0  7803
399  8503  2   0  8503
400  10142  2   0  10142
401  8500  2   0  8500
402  7803  2   10  7793
403  10284  3   0  0  10284
404  8497  3   0  0  8497
405  7843  2   609  7234
406  10262  2   0  10262
407  544  2   2  542
408  10155  3   0  1  10154
409  8487  3   0  2  8485
410  10406  2   0  10406
411  10146  2   0  10146
412  10142  2   22  10120
413  10140  2   0  10140
414  10059  3   0  0  10059
415  10245  3   0  0  10245
416  10406  2   0  10406
417  8023  3   0  0  8023
418  8063  2   2  8061
419  8072  3   0  0  8072
420  10406  3   0  0  10406
421  10270  2   0  10270
422  10374  2   2  10372
423  10274  2   0  10274
424  8199  2   0  8199
425  10380  2   0  10380
426  10406  3   0  0  10406
427  10406  2   0  10406
428  9940  2   0  9940
429  10310  2   1  10309
430  10406  2   0  10406

[pop]=2
1  11550  2   0  11550
2  9288  2   1  9287
3  11564  3   0  0  11564
4  11487  3   0  0  11487
5  9299  2   0  9299
6  11496  3   0  0  11496
7  11368  3   0  0  11368
8  11572  2   0  11572
9  11534  3   0  0  11534
10  11498  3   0  0  11498
11  11534  3   0  0  11534
12  9304  2   2  9302
13  11568  2   0  11568
14  11500  2   0  11500
15  11520  2   2255  9265
16  11550  3   1  0  11549
17  9270  3   0  0  9270
18  9312  2   0  9312
19  11573  3   1  0  11572
20  9272  3   0  0  9272
21  11528  2   5  11523
22  11572  2   1  11571
23  11574  2   1  11573
24  11572  3   0  1  11571
25  11572  2   14  11558
26  11576  2   0  11576
27  11576  2   0  11576
28  11540  3   4  0  11536
29  11576  2   2  11574
30  11503  4   0  0  0  11503
31  11572  2   0  11572
32  11504  2   0  11504
33  9289  2   0  9289
34  11507  3   0  0  11507
35  11572  2   0  11572
36  11546  2   0  11546
37  11578  2   0  11578
38  11524  2   0  11524
39  11570  2   0  11570
40  11578  3   0  2  11576
41  11528  5   1  0  0  18  11509
42  9291  2   0  9291
43  11547  4   0  0  0  11547
44  11550  2   0  11550
45  11545  3   0  0  11545
46  9290  3   0  0  9290
47  9290  3   1  0  9289
48  11549  3   0  0  11549
49  11552  2   0  11552
50  9290  2   0  9290
51  11570  3   0  1  11569
52  9290  2   0  9290
53  11578  3   0  1  11577
54  11574  3   0  0  11574
55  9290  2   0  9290
56  11578  3   0  0  11578
57  11558  3   0  0  11558
58  9290  2   0  9290
59  11558  2   0  11558
60  9289  2   0  9289
61  11576  2   7  11569
62  11570  3   1  1  11568
63  11578  3   5  0  11573
64  9292  2   0  9292
65  11574  3   0  0  11574
66  11560  3   15  0  11545
67  11578  2   8  11570
68  11570  2   0  11570
69  11564  2   0  11564
70  11576  3   0  0  11576
71  11542  2   0  11542
72  11568  2   2  11566
73  11563  3   0  1  11562
74  11546  3   0  0  11546
75  11544  3   0  0  11544
76  11574  2   0  11574
77  9289  2   2  9287
78  11570  2   0  11570
79  11570  2   0  11570
80  11574  2   0  11574
81  11546  2   0  11546
82  9317  2   2  9315
83  11576  2   0  11576
84  11570  2   0  11570
85  9290  2   0  9290
86  11568  2   0  11568
87  11578  3   0  0  11578
88  11574  2   0  11574
89  11578  2   0  11578
90  11548  2   0  11548
91  11570  3   0  0  11570
92  11578  2   2  11576
93  11576  2   1  11575
94  11546  2   0  11546
95  11570  3   0  1  11569
96  11550  2   0  11550
97  9292  2   0  9292
98  11548  3   3  0  11545
99  9315  2   1  9314
100  11574  3   0  0  11574
101  11574  2   0  11574
102  11570  2   0  11570
103  11552  2   9  11543
104  11577  3   0  0  11577
105  11574  2   0  11574
106  11556  2   0  11556
107  11576  3   0  0  11576
108  11576  4   0  1  1  11574
109  11570  2   0  11570
110  9308  4   1  0  0  9307
111  9294  3   1  1  9292
112  9313  2   0  9313
113  11576  2   0  11576
114  11574  2   3  11571
115  11572  2   8  11564
116  9298  2   0  9298
117  11574  2   0  11574
118  11572  2   0  11572
119  11567  3   362  1  11204
120  11572  2   0  11572
121  11575  3   1  0  11574
122  11572  2   0  11572
123  9296  3   1  0  9295
124  11573  3   0  0  11573
125  9296  2   0  9296
126  11570  3   0  0  11570
127  11566  3   0  0  11566
128  11554  2   2311  9243
129  11568  2   0  11568
130  11574  2   5  11569
131  11558  2   0  11558
132  11556  3   0  0  11556
133  11574  2   0  11574
134  9292  2   0  9292
135  11554  2   0  11554
136  9312  2   0  9312
137  11558  2   0  11558
138  9289  2   0  9289
139  11548  2   0  11548
140  11558  2   0  11558
141  11558  2   0  11558
142  11544  2   2  11542
143  11578  3   0  0  11578
144  11556  2   0  11556
145  11530  2   0  11530
146  11578  2   0  11578
147  11558  3   0  0  11558
148  9314  4   0  1  0  9313
149  9284  2   0  9284
150  11576  2   0  11576
151  9312  2   0  9312
152  9282  2   0  9282
153  11574  4   0  1  1  11572
154  11516  2   0  11516
155  11578  3   0  24  11554
156  11514  2   0  11514
157  11552  3   0  0  11552
158  11578  3   0  0  11578
159  11554  3   0  0  11554
160  11550  2   0  11550
161  11511  3   0  0  11511
162  11552  3   0  0  11552
163  9307  3   2  0  9305
164  11566  2   0  11566
165  11578  2   2  11576
166  11566  3   0  0  11566
167  11506  2   9  11497
168  11552  2   0  11552
169  11508  3   0  0  11508
170  11562  3   0  0  11562
171  11555  3   0  0  11555
172  11549  3   0  0  11549
173  11505  4   0  0  1  11504
174  11506  2   6  11500
175  9307  2   0  9307
176  9304  3   0  1  9303
177  11554  2   0  11554
178  11554  3   0  1  11553
179  11576  2   0  11576
180  9306  3   0  1  9305
181  11556  2   3  11553
182  11558  2   0  11558
183  11509  3   9  0  11500
184  11562  2   4  11558
185  11576  3   0  0  11576
186  11558  2   0  11558
187  11546  2   0  11546
188  11575  3   5  0  11570
189  11568  2   0  11568
190  11515  3   0  0  11515
191  9305  2   3  9302
192  11568  2   0  11568
193  11572  3   0  0  11572
194  11544  2   1  11543
195  11562  2   0  11562
196  11520  2   0  11520
197  11560  2   0  11560
198  9291  2   0  9291
199  11520  2   0  11520
200  11570  3   1  0  11569
201  11570  3   0  0  11570
202  9293  3   0  1  9292
203  11538  2   30  11508
204  9293  2   0  9293
205  11558  2   0  11558
206  11574  4   0  0  0  11574
207  11536  2   0  11536
208  11574  3   0  0  11574
209  11560  2   1  11559
210  9300  2   0  9300
211  9292  2   0  9292
212  11520  2   0  11520
213  11542  2   4  11538
214  11519  4   2  0  3  11514
215  11544  2   14  11530
216  9293  3   0  0  9293
217  11576  3   0  0  11576
218  11570  2   0  11570
219  11578  2   8  11570
220  9293  2   0  9293
221  9297  2   0  9297
222  11522  2   1  11521
223  9301  2   0  9301
224  11578  2   0  11578
225  11558  2   0  11558
226  11558  2   0  11558
227  11562  2   0  11562
228  9303  2   0  9303
229  11560  2   0  11560
230  11566  3   0  0  11566
231  11558  2   0  11558
232  9307  2   0  9307
233  11530  3   0  0  11530
234  11554  2   0  11554
235  9294  2   0  9294
236  11534  2   0  11534
237  11560  3   0  0  11560
238  9292  3   0  0  9292
239  11540  3   0  0  11540
240  11560  2   0  11560
241  11542  3   0  1  11541
242  11578  2   0  11578
243  11550  3   0  0  11550
244  11556  2   2116  9440
245  11562  2   866  10696
246  11554  2   1  11553
247  11562  2   0  11562
248  11558  3   0  0  11558
249  11564  2   0  11564
250  11568  3   4  0  11564
251  11554  2   0  11554
252  11566  2   0  11566
253  11556  2   2  11554
254  11568  4   0  0  0  11568
255  11556  3   0  0  11556
256  11578  2   43  11535
257  11556  3   0  0  11556
258  11510  7   0  0  2  1  0  3  11504
259  9271  3   2  1  9268
260  11510  2   0  11510
261  11578  4   0  20  0  11558
262  11510  4   0  0  1  11509
263  11568  3   0  1  11567
264  11568  2   0  11568
265  9315  2   3  9312
266  11512  3   0  2  11510
267  11570  2   0  11570
268  11512  3   0  0  11512
269  9312  2   0  9312
270  11578  2   2  11576
271  11508  3   0  0  11508
272  11570  3   0  1  11569
273  9285  2   0  9285
274  11556  3   0  1  11555
275  11570  2   35  11535
276  11556  3   0  0  11556
277  11514  3   1  0  11513
278  11564  4   1  0  1  11562
279  11556  3   0  0  11556
280  11514  2   0  11514
281  11572  3   50  0  11522
282  9318  2   0  9318
283  9281  2   0  9281
284  11578  3   0  0  11578
285  11512  2   0  11512
286  11561  3   0  1  11560
287  11527  4   0  0  7  11520
288  11578  5   1  0  1  0  11576
289  11578  2   19  11559
290  11574  3   0  0  11574
291  9286  2   0  9286
292  9323  2   0  9323
293  11564  2   0  11564
294  11542  2   0  11542
295  11578  2   2  11576
296  11564  3   0  1  11563
297  11540  3   1  0  11539
298  11576  3   0  0  11576
299  9283  3   0  0  9283
300  11546  2   0  11546
301  11574  2   1  11573
302  11548  3   0  0  11548
303  11574  3   0  0  11574
304  11550  3   0  0  11550
305  11564  3   0  0  11564
306  11578  3   0  0  11578
307  11540  2   0  11540
308  9285  3   0  0  9285
309  11566  2   0  11566
310  11574  3   0  0  11574
311  9289  2   39  9250
312  9289  2   6  9283
313  9295  2   0  9295
314  11574  3   0  0  11574
315  11572  3   0  0  11572
316  9324  2   0  9324
317  11552  2   2  11550
318  9324  2   0  9324
319  11576  4   0  0  0  11576
320  11558  3   0  0  11558
321  11462  2   0  11462
322  11560  3   1  0  11559
323  11566  3   0  0  11566
324  11566  3   0  0  11566
325  11578  2   0  11578
326  11576  2   0  11576
327  11578  2   0  11578
328  11574  3   0  1  11573
329  11578  3   0  0  11578
330  11578  3   0  0  11578
331  11558  2   0  11558
332  9275  2   0  9275
333  11578  2   0  11578
334  11574  4   0  0  1  11573
335  9324  2   4  9320
336  11561  3   0  0  11561
337  9324  2   0  9324
338  11578  3   0  0  11578
339  11578  2   0  11578
340  11572  3   0  0  11572
341  11416  2   0  11416
342  11572  3   0  0  11572
343  9324  2   2  9322
344  11578  2   0  11578
345  11560  2   0  11560
346  11578  2   0  11578
347  11578  2   0  11578
348  11568  2   1  11567
349  9275  3   0  0  9275
350  11578  2   2  11576
351  11568  3   0  4  11564
352  9274  2   0  9274
353  11562  2   19  11543
354  11578  2   0  11578
355  11560  3   4  0  11556
356  11578  3   0  0  11578
357  11560  3   0  0  11560
358  9324  2   0  9324
359  11568  3   0  0  11568
360  11567  3   0  0  11567
361  11556  2   3  11553
362  11568  2   0  11568
363  11552  2   0  11552
364  11578  2   0  11578
365  11550  2   0  11550
366  9323  2   0  9323
367  9268  2   1  9267
368  11544  3   0  23  11521
369  11563  4   2  3  1  11557
370  11549  3   0  0  11549
371  11462  2   2  11460
372  11564  2   0  11564
373  11536  2   0  11536
374  9321  3   0  1  9320
375  11538  2   3  11535
376  9269  2   0  9269
377  11566  2   0  11566
378  9320  2   0  9320
379  11578  3   0  0  11578
380  11538  3   1  37  11500
381  9271  2   0  9271
382  11578  2   0  11578
383  11538  3   0  0  11538
384  9318  3   0  0  9318
385  11578  3   0  0  11578
386  11540  2   0  11540
387  9319  2   1  9318
388  11578  2   43  11535
389  9268  2   0  9268
390  11536  2   2  11534
391  11566  2   0  11566
392  11578  2   0  11578
393  9318  3   0  0  9318
394  11537  3   0  0  11537
395  11566  2   0  11566
396  11536  2   0  11536
397  11566  3   0  0  11566
398  9271  2   3  9268
399  9312  2   8  9304
400  11544  2   0  11544
401  9311  2   0  9311
402  9266  2   34  9232
403  11507  3   0  0  11507
404  9313  3   0  0  9313
405  9270  2   39  9231
406  11502  2   0  11502
407  168  2   0  168
408  11548  3   1  0  11547
409  9312  3   0  0  9312
410  11574  2   0  11574
411  11552  2   9  11543
412  11550  2   4  11546
413  11400  2   0  11400
414  11362  3   0  1  11361
415  11563  3   1  0  11562
416  11578  2   0  11578
417  9265  3   0  0  9265
418  9264  2   3  9261
419  9266  3   0  0  9266
420  11578  3   0  0  11578
421  11568  2   2  11566
422  11568  2   0  11568
423  11570  2   0  11570
424  9269  2   0  9269
425  11564  2   4  11560
426  11578  3   0  0  11578
427  11578  2   0  11578
428  11280  2   1  11279
429  11574  2   0  11574
430  11578  2   0  11578

[pop]=3
1  8624  2   0  8624
2  6609  2   0  6609
3  8645  3   0  0  8645
4  8596  3   0  1  8595
5  6623  2   0  6623
6  8598  3   0  0  8598
7  8454  3   0  0  8454
8  8654  2   0  8654
9  8614  3   1  0  8613
10  8599  3   0  0  8599
11  8622  3   0  0  8622
12  6632  2   0  6632
13  8654  2   0  8654
14  8602  2   0  8602
15  8606  2   1428  7178
16  8642  3   0  0  8642
17  6587  3   0  5  6582
18  6633  2   0  6633
19  8650  3   0  0  8650
20  6600  3   0  0  6600
21  8622  2   0  8622
22  8654  2   0  8654
23  8646  2   0  8646
24  8654  3   0  3  8651
25  8654  2   1  8653
26  8650  2   0  8650
27  8650  2   0  8650
28  8638  3   0  0  8638
29  8644  2   0  8644
30  8493  4   0  1  0  8492
31  8654  2   0  8654
32  8502  2   0  8502
33  6617  2   0  6617
34  8501  3   0  0  8501
35  8654  2   2  8652
36  8642  2   0  8642
37  8652  2   0  8652
38  8528  2   0  8528
39  8652  2   0  8652
40  8649  3   2  185  8462
41  8535  5   0  0  0  0  8535
42  6616  2   0  6616
43  8647  4   1  0  0  8646
44  8648  2   0  8648
45  8553  3   0  0  8553
46  6616  3   0  0  6616
47  6616  3   0  0  6616
48  8650  3   1  0  8649
49  8560  2   0  8560
50  6617  2   0  6617
51  8650  3   1  0  8649
52  6617  2   0  6617
53  8652  3   0  0  8652
54  8639  3   0  0  8639
55  6615  2   0  6615
56  8654  3   0  0  8654
57  8580  3   0  0  8580
58  6612  2   0  6612
59  8582  2   0  8582
60  6612  2   0  6612
61  8640  2   0  8640
62  8647  3   0  0  8647
63  8654  3   0  0  8654
64  6611  2   0  6611
65  8638  3   0  0  8638
66  8592  3   0  0  8592
67  8652  2   0  8652
68  8646  2   0  8646
69  8608  2   0  8608
70  8644  3   0  0  8644
71  8652  2   0  8652
72  8648  2   4  8644
73  8612  3   0  0  8612
74  8646  3   0  0  8646
75  8646  3   0  0  8646
76  8644  2   0  8644
77  6613  2   1  6612
78  8646  2   4  8642
79  8646  2   2  8644
80  8644  2   0  8644
81  8644  2   3  8641
82  6635  2   0  6635
83  8652  2   0  8652
84  8646  2   0  8646
85  6612  2   3  6609
86  8644  2   0  8644
87  8652  3   0  0  8652
88  8644  2   0  8644
89  8652  2   0  8652
90  8646  2   0  8646
91  8648  3   0  0  8648
92  8652  2   0  8652
93  8648  2   0  8648
94  8648  2   0  8648
95  8628  3   0  0  8628
96  8648  2   0  8648
97  6616  2   0  6616
98  8647  3   0  7  8640
99  6634  2   1  6633
100  8648  3   0  0  8648
101  8650  2   0  8650
102  8634  2   0  8634
103  8648  2   0  8648
104  8652  3   0  5  8647
105  8650  2   0  8650
106  8648  2   0  8648
107  8652  3   0  0  8652
108  8652  4   0  0  0  8652
109  8638  2   0  8638
110  6630  4   0  0  1  6629
111  6623  3   0  0  6623
112  6630  2   4  6626
113  8650  2   0  8650
114  8652  2   0  8652
115  8640  2   0  8640
116  6624  2   0  6624
117  8652  2   0  8652
118  8640  2   0  8640
119  8638  3   131  0  8507
120  8652  2   0  8652
121  8652  3   0  0  8652
122  8652  2   0  8652
123  6624  3   0  0  6624
124  8636  3   0  0  8636
125  6624  2   0  6624
126  8652  3   0  22  8630
127  8652  3   5  1  8646
128  8626  2   1423  7203
129  8632  2   0  8632
130  8654  2   0  8654
131  8626  2   1  8625
132  8646  3   1  0  8645
133  8652  2   0  8652
134  6617  2   6  6611
135  8604  2   0  8604
136  6627  2   1  6626
137  8624  2   0  8624
138  6616  2   0  6616
139  8586  2   0  8586
140  8620  2   0  8620
141  8618  2   0  8618
142  8578  2   0  8578
143  8652  3   0  0  8652
144  8618  2   0  8618
145  8564  2   0  8564
146  8654  2   0  8654
147  8615  3   1  0  8614
148  6624  4   0  0  0  6624
149  6611  2   0  6611
150  8652  2   0  8652
151  6624  2   0  6624
152  6612  2   0  6612
153  8654  4   0  0  0  8654
154  8536  2   66  8470
155  8652  3   0  0  8652
156  8526  2   0  8526
157  8648  3   1  0  8647
158  8652  3   0  0  8652
159  8614  3   1  2  8611
160  8610  2   0  8610
161  8497  3   0  0  8497
162  8610  3   0  110  8500
163  6619  3   0  3  6616
164  8652  2   0  8652
165  8652  2   0  8652
166  8652  3   0  0  8652
167  8498  2   0  8498
168  8610  2   0  8610
169  8492  3   0  1  8491
170  8652  3   0  0  8652
171  8647  3   0  1  8646
172  8610  3   0  1  8609
173  8492  4   0  0  0  8492
174  8492  2   0  8492
175  6614  2   0  6614
176  6612  3   0  0  6612
177  8612  2   0  8612
178  8615  3   0  0  8615
179  8652  2   0  8652
180  6614  3   0  0  6614
181  8648  2   0  8648
182  8612  2   0  8612
183  8496  3   0  0  8496
184  8648  2   91  8557
185  8651  3   0  0  8651
186  8612  2   0  8612
187  8646  2   0  8646
188  8650  3   0  0  8650
189  8650  2   0  8650
190  8509  3   0  6  8503
191  6612  2   0  6612
192  8650  2   0  8650
193  8649  3   0  0  8649
194  8646  2   0  8646
195  8616  2   0  8616
196  8532  2   2  8530
197  8616  2   8  8608
198  6619  2   0  6619
199  8536  2   0  8536
200  8650  3   0  0  8650
201  8644  3   1  0  8643
202  6621  3   28  0  6593
203  8538  2   0  8538
204  6623  2   2  6621
205  8618  2   0  8618
206  8652  4   0  0  0  8652
207  8546  2   0  8546
208  8652  3   2  0  8650
209  8620  2   0  8620
210  6604  2   0  6604
211  6626  2   0  6626
212  8624  2   0  8624
213  8554  2   0  8554
214  8625  4   0  0  0  8625
215  8558  2   0  8558
216  6625  3   0  0  6625
217  8654  3   0  0  8654
218  8636  2   0  8636
219  8654  2   0  8654
220  6621  2   0  6621
221  6607  2   0  6607
222  8622  2   0  8622
223  6605  2   0  6605
224  8654  2   0  8654
225  8626  2   4  8622
226  8624  2   0  8624
227  8626  2   0  8626
228  6606  2   0  6606
229  8626  2   0  8626
230  8630  3   1  0  8629
231  8626  2   0  8626
232  6611  2   0  6611
233  8632  3   0  0  8632
234  8586  2   0  8586
235  6620  2   0  6620
236  8634  2   0  8634
237  8630  3   0  0  8630
238  6618  3   0  0  6618
239  8632  3   0  0  8632
240  8594  2   4  8590
241  8634  3   0  0  8634
242  8652  2   0  8652
243  8638  3   0  0  8638
244  8634  2   1871  6763
245  8602  2   54  8548
246  8608  2   0  8608
247  8608  2   6  8602
248  8650  3   0  0  8650
249  8640  2   0  8640
250  8613  3   0  0  8613
251  8602  2   0  8602
252  8640  2   0  8640
253  8652  2   0  8652
254  8621  4   0  0  0  8621
255  8648  3   0  0  8648
256  8652  2   0  8652
257  8646  3   0  0  8646
258  8525  7   0  0  3  0  1  0  8521
259  6592  3   0  0  6592
260  8518  2   1  8517
261  8652  4   0  0  1  8651
262  8520  4   0  0  0  8520
263  8636  3   0  0  8636
264  8634  2   0  8634
265  6631  2   0  6631
266  8522  3   0  0  8522
267  8638  2   0  8638
268  8522  3   1  0  8521
269  6631  2   0  6631
270  8654  2   0  8654
271  8520  3   0  0  8520
272  8638  3   0  0  8638
273  6613  2   0  6613
274  8643  3   0  0  8643
275  8636  2   1  8635
276  8644  3   0  0  8644
277  8531  3   0  0  8531
278  8642  4   0  0  0  8642
279  8646  3   0  0  8646
280  8536  2   0  8536
281  8638  3   0  0  8638
282  6631  2   0  6631
283  6608  2   0  6608
284  8654  3   0  1  8653
285  8544  2   0  8544
286  8644  3   0  0  8644
287  8572  4   0  0  0  8572
288  8654  5   0  0  0  0  8654
289  8654  2   0  8654
290  8640  3   0  0  8640
291  6611  2   2  6609
292  6637  2   0  6637
293  8648  2   0  8648
294  8592  2   0  8592
295  8654  2   0  8654
296  8648  3   0  0  8648
297  8594  3   0  0  8594
298  8634  3   0  2  8632
299  6612  3   0  0  6612
300  8604  2   0  8604
301  8632  2   0  8632
302  8612  3   0  0  8612
303  8632  3   0  0  8632
304  8638  3   0  0  8638
305  8652  3   1  2  8649
306  8654  3   14  0  8640
307  8626  2   0  8626
308  6610  3   0  0  6610
309  8652  2   0  8652
310  8630  3   0  0  8630
311  6607  2   0  6607
312  6604  2   0  6604
313  6608  2   0  6608
314  8654  3   0  0  8654
315  8629  3   0  0  8629
316  6637  2   0  6637
317  8622  2   0  8622
318  6637  2   0  6637
319  8654  4   0  0  0  8654
320  8626  3   0  0  8626
321  8598  2   2  8596
322  8626  3   0  0  8626
323  8634  3   0  0  8634
324  8634  3   0  0  8634
325  8654  2   3  8651
326  8654  2   0  8654
327  8654  2   0  8654
328  8643  3   0  0  8643
329  8652  3   0  0  8652
330  8654  3   0  0  8654
331  8630  2   1  8629
332  6598  2   1  6597
333  8654  2   1  8653
334  8644  4   4  0  3  8637
335  6637  2   0  6637
336  8627  3   0  0  8627
337  6637  2   2  6635
338  8646  3   0  0  8646
339  8654  2   0  8654
340  8646  3   0  0  8646
341  8598  2   1  8597
342  8646  3   0  0  8646
343  6637  2   0  6637
344  8654  2   0  8654
345  8632  2   0  8632
346  8654  2   0  8654
347  8654  2   0  8654
348  8646  2   0  8646
349  6584  3   0  0  6584
350  8654  2   0  8654
351  8648  3   0  0  8648
352  6585  2   1  6584
353  8646  2   0  8646
354  8654  2   14  8640
355  8646  3   0  4  8642
356  8654  3   0  0  8654
357  8630  3   0  0  8630
358  6637  2   0  6637
359  8638  3   0  0  8638
360  8640  3   0  0  8640
361  8632  2   0  8632
362  8640  2   0  8640
363  8642  2   0  8642
364  8654  2   10  8644
365  8642  2   0  8642
366  6637  2   0  6637
367  6582  2   0  6582
368  8642  3   0  0  8642
369  8634  4   60  0  0  8574
370  8632  3   0  0  8632
371  8624  2   0  8624
372  8634  2   0  8634
373  8638  2   0  8638
374  6636  3   0  0  6636
375  8638  2   1  8637
376  6586  2   0  6586
377  8634  2   1  8633
378  6635  2   0  6635
379  8654  3   0  0  8654
380  8640  3   0  4  8636
381  6584  2   1  6583
382  8654  2   1  8653
383  8640  3   0  0  8640
384  6633  3   0  0  6633
385  8654  3   0  0  8654
386  8640  2   0  8640
387  6634  2   0  6634
388  8654  2   0  8654
389  6591  2   1  6590
390  8638  2   1  8637
391  8636  2   0  8636
392  8654  2   0  8654
393  6632  3   0  0  6632
394  8640  3   0  0  8640
395  8638  2   0  8638
396  8630  2   0  8630
397  8638  3   0  0  8638
398  6582  2   1  6581
399  6629  2   0  6629
400  8640  2   0  8640
401  6629  2   0  6629
402  6582  2   1  6581
403  8617  3   0  0  8617
404  6626  3   1  0  6625
405  6578  2   1  6577
406  8614  2   0  8614
407  190  2   0  190
408  8640  3   0  0  8640
409  6623  3   0  0  6623
410  8654  2   1  8653
411  8640  2   0  8640
412  8640  2   0  8640
413  8452  2   12  8440
414  8336  3   0  0  8336
415  8644  3   0  0  8644
416  8654  2   0  8654
417  6582  3   0  0  6582
418  6580  2   0  6580
419  6578  3   2  0  6576
420  8654  3   0  0  8654
421  8644  2   0  8644
422  8648  2   0  8648
423  8642  2   0  8642
424  6582  2   0  6582
425  8648  2   0  8648
426  8654  3   0  0  8654
427  8654  2   0  8654
428  8198  2   0  8198
429  8646  2   0  8646
430  8654  2   0  8654

[pop]=4
1  6614  2   15  6599
2  4529  2   0  4529
3  6614  3   0  0  6614
4  6612  3   0  0  6612
5  4528  2   0  4528
6  6612  3   0  0  6612
7  6395  3   0  0  6395
8  6614  2   0  6614
9  6614  3   0  0  6614
10  6612  3   0  0  6612
11  6614  3   0  0  6614
12  4529  2   0  4529
13  6614  2   3  6611
14  6612  2   0  6612
15  6612  2   1504  5108
16  6614  3   0  0  6614
17  4530  3   0  0  4530
18  4529  2   0  4529
19  6614  3   0  0  6614
20  4530  3   0  0  4530
21  6612  2   0  6612
22  6614  2   0  6614
23  6614  2   0  6614
24  6614  3   0  0  6614
25  6614  2   0  6614
26  6614  2   0  6614
27  6614  2   0  6614
28  6612  3   0  0  6612
29  6614  2   0  6614
30  6599  4   0  0  0  6599
31  6614  2   0  6614
32  6600  2   0  6600
33  4530  2   1  4529
34  6600  3   0  0  6600
35  6614  2   0  6614
36  6614  2   0  6614
37  6614  2   15  6599
38  6606  2   0  6606
39  6614  2   0  6614
40  6614  3   0  0  6614
41  6605  5   0  1  0  0  6604
42  4530  2   0  4530
43  6612  4   0  0  0  6612
44  6612  2   0  6612
45  6606  3   0  0  6606
46  4530  3   0  0  4530
47  4530  3   0  2  4528
48  6614  3   0  0  6614
49  6608  2   0  6608
50  4530  2   0  4530
51  6614  3   0  0  6614
52  4530  2   5  4525
53  6614  3   0  0  6614
54  6613  3   0  0  6613
55  4530  2   0  4530
56  6614  3   0  0  6614
57  6611  3   0  0  6611
58  4530  2   0  4530
59  6612  2   0  6612
60  4530  2   1  4529
61  6614  2   0  6614
62  6614  3   0  0  6614
63  6614  3   0  0  6614
64  4530  2   1  4529
65  6614  3   0  0  6614
66  6612  3   0  0  6612
67  6614  2   1  6613
68  6614  2   0  6614
69  6614  2   0  6614
70  6614  3   1  0  6613
71  6608  2   0  6608
72  6614  2   0  6614
73  6614  3   0  0  6614
74  6610  3   0  0  6610
75  6606  3   0  0  6606
76  6614  2   0  6614
77  4530  2   0  4530
78  6614  2   0  6614
79  6614  2   0  6614
80  6614  2   0  6614
81  6610  2   0  6610
82  4530  2   0  4530
83  6614  2   0  6614
84  6614  2   0  6614
85  4530  2   0  4530
86  6614  2   0  6614
87  6614  3   0  0  6614
88  6614  2   0  6614
89  6614  2   2  6612
90  6612  2   1  6611
91  6614  3   0  0  6614
92  6614  2   0  6614
93  6614  2   0  6614
94  6612  2   0  6612
95  6614  3   0  0  6614
96  6610  2   0  6610
97  4530  2   0  4530
98  6610  3   0  0  6610
99  4529  2   0  4529
100  6614  3   0  0  6614
101  6614  2   0  6614
102  6614  2   0  6614
103  6610  2   0  6610
104  6614  3   0  0  6614
105  6614  2   0  6614
106  6610  2   0  6610
107  6614  3   0  0  6614
108  6614  4   0  0  0  6614
109  6614  2   0  6614
110  4529  4   0  0  0  4529
111  4530  3   0  0  4530
112  4529  2   0  4529
113  6614  2   0  6614
114  6614  2   0  6614
115  6614  2   0  6614
116  4530  2   0  4530
117  6614  2   0  6614
118  6614  2   0  6614
119  6612  3   242  0  6370
120  6614  2   0  6614
121  6614  3   0  0  6614
122  6614  2   0  6614
123  4530  3   0  0  4530
124  6614  3   0  0  6614
125  4530  2   0  4530
126  6614  3   0  0  6614
127  6614  3   0  0  6614
128  6608  2   1504  5104
129  6614  2   0  6614
130  6614  2   0  6614
131  6614  2   0  6614
132  6612  3   0  0  6612
133  6614  2   0  6614
134  4530  2   0  4530
135  6614  2   0  6614
136  4528  2   0  4528
137  6614  2   1  6613
138  4530  2   0  4530
139  6608  2   0  6608
140  6614  2   0  6614
141  6614  2   0  6614
142  6602  2   0  6602
143  6614  3   0  0  6614
144  6614  2   0  6614
145  6600  2   0  6600
146  6614  2   0  6614
147  6612  3   0  0  6612
148  4527  4   0  0  0  4527
149  4529  2   0  4529
150  6614  2   0  6614
151  4526  2   0  4526
152  4529  2   0  4529
153  6614  4   0  0  0  6614
154  6598  2   0  6598
155  6614  3   0  0  6614
156  6598  2   0  6598
157  6612  3   0  0  6612
158  6614  3   0  0  6614
159  6612  3   0  0  6612
160  6612  2   0  6612
161  6598  3   0  0  6598
162  6612  3   0  0  6612
163  4527  3   0  0  4527
164  6614  2   0  6614
165  6614  2   0  6614
166  6614  3   0  0  6614
167  6598  2   0  6598
168  6612  2   0  6612
169  6598  3   0  0  6598
170  6613  3   0  0  6613
171  6612  3   0  0  6612
172  6609  3   0  0  6609
173  6598  4   0  23  0  6575
174  6598  2   0  6598
175  4527  2   0  4527
176  4524  3   0  0  4524
177  6610  2   0  6610
178  6610  3   0  0  6610
179  6614  2   0  6614
180  4526  3   0  0  4526
181  6614  2   0  6614
182  6610  2   0  6610
183  6598  3   0  0  6598
184  6612  2   0  6612
185  6614  3   0  0  6614
186  6610  2   0  6610
187  6614  2   3  6611
188  6614  3   0  0  6614
189  6612  2   0  6612
190  6599  3   0  0  6599
191  4526  2   0  4526
192  6612  2   0  6612
193  6614  3   0  0  6614
194  6614  2   0  6614
195  6610  2   0  6610
196  6600  2   0  6600
197  6610  2   0  6610
198  4529  2   0  4529
199  6604  2   0  6604
200  6614  3   0  0  6614
201  6614  3   0  0  6614
202  4529  3   0  0  4529
203  6606  2   442  6164
204  4529  2   0  4529
205  6610  2   0  6610
206  6614  4   0  0  0  6614
207  6606  2   0  6606
208  6614  3   0  0  6614
209  6610  2   0  6610
210  4528  2   0  4528
211  4529  2   0  4529
212  6614  2   0  6614
213  6606  2   0  6606
214  6614  4   3  0  0  6611
215  6606  2   0  6606
216  4529  3   0  0  4529
217  6614  3   0  0  6614
218  6614  2   0  6614
219  6614  2   0  6614
220  4529  2   0  4529
221  4528  2   0  4528
222  6614  2   0  6614
223  4528  2   0  4528
224  6614  2   0  6614
225  6610  2   0  6610
226  6610  2   0  6610
227  6610  2   0  6610
228  4528  2   0  4528
229  6608  2   0  6608
230  6612  3   0  0  6612
231  6608  2   0  6608
232  4528  2   0  4528
233  6614  3   0  0  6614
234  6606  2   2  6604
235  4530  2   0  4530
236  6614  2   0  6614
237  6608  3   0  0  6608
238  4530  3   0  0  4530
239  6614  3   0  0  6614
240  6606  2   0  6606
241  6614  3   0  0  6614
242  6614  2   0  6614
243  6614  3   0  0  6614
244  6610  2   1065  5545
245  6608  2   821  5787
246  6608  2   0  6608
247  6610  2   0  6610
248  6614  3   0  0  6614
249  6610  2   0  6610
250  6610  3   0  0  6610
251  6608  2   0  6608
252  6610  2   0  6610
253  6614  2   0  6614
254  6610  4   0  0  0  6610
255  6614  3   0  0  6614
256  6614  2   28  6586
257  6614  3   0  0  6614
258  6584  7   0  0  2  0  0  0  6582
259  4084  3   0  0  4084
260  6594  2   0  6594
261  6614  4   0  4  0  6610
262  6594  4   0  0  0  6594
263  6610  3   0  0  6610
264  6610  2   0  6610
265  4529  2   0  4529
266  6596  3   1  1  6594
267  6610  2   0  6610
268  6599  3   0  0  6599
269  4529  2   0  4529
270  6614  2   0  6614
271  6604  3   0  0  6604
272  6610  3   0  0  6610
273  4530  2   0  4530
274  6614  3   0  0  6614
275  6610  2   487  6123
276  6614  3   0  0  6614
277  6604  3   0  0  6604
278  6614  4   0  0  0  6614
279  6614  3   0  0  6614
280  6604  2   0  6604
281  6610  3   0  0  6610
282  4529  2   0  4529
283  4530  2   0  4530
284  6614  3   0  0  6614
285  6580  2   0  6580
286  6614  3   0  0  6614
287  6604  4   0  0  0  6604
288  6614  5   0  0  0  0  6614
289  6614  2   0  6614
290  6612  3   0  0  6612
291  4530  2   0  4530
292  4530  2   0  4530
293  6614  2   0  6614
294  6604  2   0  6604
295  6614  2   0  6614
296  6614  3   0  0  6614
297  6606  3   0  0  6606
298  6612  3   0  0  6612
299  4529  3   0  0  4529
300  6606  2   2  6604
301  6612  2   0  6612
302  6607  3   0  0  6607
303  6612  3   0  0  6612
304  6606  3   0  0  6606
305  6614  3   0  0  6614
306  6614  3   0  0  6614
307  6604  2   1  6603
308  4529  3   0  0  4529
309  6614  2   0  6614
310  6610  3   0  0  6610
311  4529  2   0  4529
312  4529  2   0  4529
313  4529  2   0  4529
314  6613  3   0  0  6613
315  6610  3   0  0  6610
316  4530  2   0  4530
317  6614  2   0  6614
318  4530  2   0  4530
319  6614  4   0  0  0  6614
320  6614  3   0  0  6614
321  6566  2   0  6566
322  6614  3   0  0  6614
323  6610  3   0  0  6610
324  6610  3   0  0  6610
325  6614  2   0  6614
326  6614  2   21  6593
327  6614  2   0  6614
328  6614  3   0  3  6611
329  6614  3   0  1  6613
330  6614  3   0  0  6614
331  6614  2   0  6614
332  4528  2   0  4528
333  6614  2   0  6614
334  6614  4   0  0  0  6614
335  4530  2   7  4523
336  6614  3   0  0  6614
337  4530  2   0  4530
338  6610  3   0  0  6610
339  6614  2   0  6614
340  6614  3   0  0  6614
341  6532  2   0  6532
342  6614  3   0  0  6614
343  4530  2   0  4530
344  6614  2   1  6613
345  6614  2   0  6614
346  6614  2   0  6614
347  6614  2   0  6614
348  6614  2   0  6614
349  4528  3   0  0  4528
350  6614  2   0  6614
351  6614  3   0  0  6614
352  4528  2   0  4528
353  6614  2   0  6614
354  6614  2   0  6614
355  6614  3   0  0  6614
356  6614  3   0  0  6614
357  6614  3   0  0  6614
358  4530  2   0  4530
359  6605  3   0  0  6605
360  6607  3   0  0  6607
361  6614  2   0  6614
362  6600  2   0  6600
363  6614  2   0  6614
364  6614  2   0  6614
365  6614  2   0  6614
366  4530  2   0  4530
367  4530  2   0  4530
368  6614  3   0  0  6614
369  6608  4   0  0  0  6608
370  6614  3   0  0  6614
371  6562  2   0  6562
372  6612  2   0  6612
373  6614  2   0  6614
374  4530  3   0  0  4530
375  6614  2   0  6614
376  4530  2   0  4530
377  6610  2   0  6610
378  4529  2   0  4529
379  6614  3   0  0  6614
380  6614  3   0  0  6614
381  4530  2   0  4530
382  6614  2   0  6614
383  6614  3   0  0  6614
384  4529  3   0  0  4529
385  6614  3   0  0  6614
386  6614  2   0  6614
387  4529  2   0  4529
388  6614  2   0  6614
389  4530  2   0  4530
390  6612  2   1  6611
391  6612  2   0  6612
392  6614  2   0  6614
393  4529  3   0  0  4529
394  6614  3   0  0  6614
395  6614  2   0  6614
396  6614  2   0  6614
397  6614  3   0  0  6614
398  4530  2   0  4530
399  4528  2   0  4528
400  6614  2   0  6614
401  4525  2   0  4525
402  4529  2   4  4525
403  6594  3   0  0  6594
404  4523  3   0  0  4523
405  4528  2   0  4528
406  6594  2   0  6594
407  1186  2   0  1186
408  6614  3   0  0  6614
409  4521  3   0  0  4521
410  6614  2   0  6614
411  6614  2   0  6614
412  6614  2   0  6614
413  6564  2   0  6564
414  6557  3   0  0  6557
415  6614  3   0  0  6614
416  6614  2   8  6606
417  4528  3   0  0  4528
418  4527  2   0  4527
419  4529  3   0  0  4529
420  6614  3   0  0  6614
421  6614  2   0  6614
422  6614  2   0  6614
423  6614  2   0  6614
424  4527  2   1  4526
425  6614  2   1  6613
426  6614  3   0  0  6614
427  6614  2   0  6614
428  6552  2   0  6552
429  6614  2   0  6614
430  6614  2   0  6614

[pop]=5
1  65474  2   6  65468
2  47073  2   1  47072
3  65884  3   1  1  65882
4  65483  3   1  0  65482
5  47425  2   6  47419
6  65737  3   1  1  65735
7  62731  3   0  57  62674
8  66238  2   0  66238
9  65478  3   0  1  65477
10  65768  3   0  0  65768
11  65532  3   1  2  65529
12  47585  2   0  47585
13  66324  2   0  66324
14  65854  2   2  65852
15  66164  2   15921  50243
16  65961  3   1  3  65957
17  46232  3   9  0  46223
18  47804  2   3  47801
19  66458  3   0  0  66458
20  46414  3   5  0  46409
21  66318  2   0  66318
22  66612  2   0  66612
23  66428  2   1  66427
24  66640  3   0  0  66640
25  66648  2   3  66645
26  66592  2   0  66592
27  66620  2   0  66620
28  66436  3   36  1  66399
29  66676  2   2  66674
30  65408  4   0  1  0  65407
31  66670  2   6  66664
32  65636  2   2  65634
33  46939  2   9  46930
34  65657  3   1  0  65656
35  66676  2   0  66676
36  66542  2   0  66542
37  66678  2   80  66598
38  65882  2   1  65881
39  66682  2   3  66679
40  66678  3   0  27  66651
41  65942  5   0  0  0  2  65940
42  46937  2   23  46914
43  66565  4   0  0  11  66554
44  66578  2   4  66574
45  66159  3   3  1  66155
46  46915  3   7  1  46907
47  46912  3   0  11  46901
48  66607  3   0  0  66607
49  66276  2   1  66275
50  46880  2   3  46877
51  66688  3   0  0  66688
52  46864  2   5  46859
53  66677  3   0  0  66677
54  66667  3   2  1  66664
55  46837  2   4  46833
56  66673  3   2  1  66670
57  66440  3   1  1  66438
58  46800  2   2  46798
59  66484  2   1  66483
60  46809  2   2  46807
61  66674  2   3  66671
62  66693  3   1  2  66690
63  66666  3   0  0  66666
64  46757  2   7  46750
65  66662  3   1  0  66661
66  66550  3   3  1  66546
67  66662  2   89  66573
68  66700  2   0  66700
69  66592  2   3  66589
70  66665  3   0  0  66665
71  66604  2   0  66604
72  66700  2   0  66700
73  66615  3   0  0  66615
74  66578  3   1  1  66576
75  66588  3   0  1  66587
76  66670  2   9  66661
77  46767  2   5  46762
78  66698  2   0  66698
79  66704  2   0  66704
80  66670  2   7  66663
81  66594  2   0  66594
82  47847  2   0  47847
83  66620  2   0  66620
84  66704  2   0  66704
85  46815  2   0  46815
86  66704  2   2  66702
87  66642  3   1  7  66634
88  66674  2   1  66673
89  66642  2   15  66627
90  66594  2   53  66541
91  66704  3   2  0  66702
92  66646  2   0  66646
93  66682  2   41  66641
94  66604  2   0  66604
95  66684  3   0  0  66684
96  66606  2   6  66600
97  46942  2   4  46938
98  66606  3   0  0  66606
99  47774  2   0  47774
100  66708  3   1  2  66705
101  66678  2   0  66678
102  66696  2   2  66694
103  66604  2   0  66604
104  66646  3   0  0  66646
105  66686  2   0  66686
106  66610  2   0  66610
107  66656  3   0  1  66655
108  66648  4   0  0  0  66648
109  66692  2   2  66690
110  47692  4   1  0  0  47691
111  47126  3   1  0  47125
112  47684  2   0  47684
113  66710  2   0  66710
114  66696  2   3  66693
115  66680  2   53  66627
116  47203  2   0  47203
117  66642  2   0  66642
118  66670  2   2  66668
119  66558  3   3667  0  62891
120  66632  2   0  66632
121  66701  3   0  0  66701
122  66632  2   2  66630
123  47216  3   21  0  47195
124  66631  3   1  1  66629
125  47192  2   2  47190
126  66614  3   1  1  66612
127  66606  3   0  0  66606
128  66348  2   16069  50279
129  66596  2   2  66594
130  66706  2   0  66706
131  66020  2   1  66019
132  66584  3   0  2  66582
133  66668  2   0  66668
134  47006  2   0  47006
135  66448  2   0  66448
136  47591  2   1  47590
137  65890  2   0  65890
138  46960  2   0  46960
139  66308  2   4  66304
140  65772  2   1  65771
141  65770  2   0  65770
142  66262  2   0  66262
143  66700  3   1  2  66697
144  65782  2   2  65780
145  66200  2   1  66199
146  66694  2   2  66692
147  65752  3   0  0  65752
148  47510  4   0  0  0  47510
149  46787  2   1  46786
150  66638  2   1  66637
151  47517  2   7  47510
152  46788  2   2  46786
153  66640  4   0  0  0  66640
154  65998  2   1  65997
155  66684  3   7  11  66666
156  65904  2   1  65903
157  66555  3   0  0  66555
158  66681  3   1  1  66679
159  65708  3   0  0  65708
160  65670  2   6  65664
161  65726  3   1  1  65724
162  65602  3   1  2  65599
163  47440  3   0  0  47440
164  66470  2   0  66470
165  66600  2   0  66600
166  66451  3   0  0  66451
167  65648  2   39  65609
168  65526  2   1  65525
169  65636  3   2  0  65634
170  66367  3   0  1  66366
171  66553  3   1  1  66551
172  65451  3   1  0  65450
173  65615  4   1  10  48  65556
174  65618  2   66  65552
175  47441  2   0  47441
176  47408  3   1  1  47406
177  65368  2   10  65358
178  65366  3   10  0  65356
179  66290  2   1  66289
180  47423  3   0  1  47422
181  65816  2   0  65816
182  65382  2   2  65380
183  65630  3   0  0  65630
184  66552  2   2  66550
185  66036  3   1  0  66035
186  65362  2   0  65362
187  65706  2   3  65703
188  66015  3   0  0  66015
189  66568  2   6  66562
190  65718  3   0  0  65718
191  47398  2   0  47398
192  66574  2   1  66573
193  65894  3   1  7  65886
194  65504  2   1  65503
195  65520  2   2  65518
196  65846  2   0  65846
197  65772  2   0  65772
198  46964  2   2  46962
199  65890  2   0  65890
200  66608  3   0  0  66608
201  65664  3   0  1  65663
202  47021  3   0  0  47021
203  65982  2   1065  64917
204  47033  2   1  47032
205  66044  2   2  66042
206  66627  4   1  0  1  66625
207  66020  2   2  66018
208  66648  3   0  0  66648
209  66086  2   31  66055
210  47569  2   2  47567
211  47061  2   6  47055
212  64988  2   0  64988
213  65986  2   0  65986
214  64973  4   88  1  0  64884
215  66044  2   2  66042
216  47065  3   1  1  47063
217  66674  3   0  1  66673
218  65554  2   0  65554
219  66688  2   0  66688
220  47079  2   2  47077
221  47655  2   0  47655
222  64934  2   1  64933
223  47677  2   1  47676
224  66716  2   0  66716
225  66212  2   0  66212
226  66216  2   5  66211
227  66232  2   2  66230
228  47697  2   3  47694
229  66252  2   0  66252
230  65686  3   0  0  65686
231  66244  2   6  66238
232  47706  2   0  47706
233  65434  3   5  0  65429
234  66274  2   0  66274
235  47037  2   0  47037
236  65554  2   0  65554
237  66292  3   0  1  66291
238  47002  3   0  0  47002
239  65637  3   1  1  65635
240  66344  2   0  66344
241  65675  3   0  0  65675
242  66728  2   0  66728
243  65828  3   1  1  65826
244  66098  2   7488  58610
245  66444  2   10217  56227
246  65930  2   1  65929
247  66470  2   0  66470
248  66270  3   0  2  66268
249  66384  2   3  66381
250  66506  3   0  1  66505
251  65972  2   4  65968
252  66382  2   0  66382
253  66372  2   41  66331
254  66545  4   1  1  1  66542
255  66447  3   1  1  66445
256  66728  2   759  65969
257  66483  3   0  0  66483
258  65261  7   2  1  7  2  2  3  65244
259  46571  3   0  0  46571
260  65340  2   3  65337
261  66709  4   2  265  0  66442
262  65393  4   1  2  0  65390
263  66500  3   1  1  66498
264  66594  2   0  66594
265  47753  2   0  47753
266  65447  3   0  0  65447
267  66514  2   0  66514
268  65490  3   0  1  65489
269  47800  2   11  47789
270  66716  2   0  66716
271  65502  3   1  1  65500
272  66524  3   0  0  66524
273  46850  2   2  46848
274  66598  3   1  0  66597
275  66542  2   1562  64980
276  66600  3   0  0  66600
277  65553  3   3  0  65550
278  66593  4   0  1  0  66592
279  66621  3   0  4  66617
280  65708  2   0  65708
281  66578  3   15  4  66559
282  47881  2   0  47881
283  46826  2   1  46825
284  66722  3   0  0  66722
285  65742  2   4  65738
286  66582  3   2  0  66580
287  66082  4   1  0  1  66080
288  66734  5   0  0  0  0  66734
289  66734  2   0  66734
290  66589  3   2  1  66586
291  46859  2   0  46859
292  47946  2   0  47946
293  66684  2   0  66684
294  66200  2   0  66200
295  66730  2   0  66730
296  66685  3   2  0  66683
297  66218  3   0  0  66218
298  66559  3   0  0  66559
299  46918  3   1  0  46917
300  66228  2   3  66225
301  66424  2   0  66424
302  66260  3   1  0  66259
303  66412  3   3  1  66408
304  66472  3   1  0  66471
305  66694  3   0  0  66694
306  66733  3   0  1  66732
307  66420  2   13  66407
308  46990  3   1  0  46989
309  66704  2   2  66702
310  66198  3   1  0  66197
311  47051  2   15  47036
312  46999  2   1  46998
313  47024  2   0  47024
314  66726  3   0  1  66725
315  65903  3   2  0  65901
316  47981  2   2  47979
317  66342  2   0  66342
318  47985  2   4  47981
319  66728  4   1  0  0  66727
320  66375  3   0  10  66365
321  66024  2   0  66024
322  66372  3   0  0  66372
323  65756  3   1  0  65755
324  65756  3   1  0  65755
325  66732  2   0  66732
326  66734  2   33  66701
327  66736  2   3  66733
328  66459  3   1  136  66322
329  66732  3   1  0  66731
330  66736  3   2  0  66734
331  66360  2   2  66358
332  46440  2   2  46438
333  66738  2   0  66738
334  66478  4   1  0  2  66475
335  47997  2   88  47909
336  66366  3   0  1  66365
337  47997  2   0  47997
338  66720  3   1  0  66719
339  66740  2   2  66738
340  66484  3   0  2  66482
341  65954  2   0  65954
342  66450  3   0  0  66450
343  47997  2   0  47997
344  66738  2   114  66624
345  66398  2   1  66397
346  66736  2   2  66734
347  66736  2   2  66734
348  66316  2   3  66313
349  46031  3   6  1  46024
350  66736  2   0  66736
351  66282  3   1  0  66281
352  45761  2   0  45761
353  66012  2   10  66002
354  66728  2   0  66728
355  65966  3   0  0  65966
356  66728  3   0  1  66727
357  66472  3   1  0  66471
358  47998  2   2  47996
359  66683  3   0  0  66683
360  66679  3   1  7  66671
361  66472  2   0  66472
362  66674  2   6  66668
363  65742  2   5  65737
364  66726  2   0  66726
365  65700  2   0  65700
366  47994  2   7  47987
367  45530  2   20  45510
368  65539  3   2  0  65537
369  66653  4   0  0  0  66653
370  66477  3   0  0  66477
371  66214  2   0  66214
372  66640  2   0  66640
373  65206  2   3  65203
374  47986  3   0  0  47986
375  65204  2   0  65204
376  45480  2   5  45475
377  66628  2   1  66627
378  47980  2   0  47980
379  66724  3   1  1  66722
380  65208  3   0  23  65185
381  45464  2   8  45456
382  66728  2   0  66728
383  65208  3   17  0  65191
384  47967  3   4  0  47963
385  66725  3   0  1  66724
386  65230  2   4  65226
387  47964  2   150  47814
388  66728  2   79  66649
389  45439  2   1  45438
390  65252  2   28  65224
391  66570  2   1  66569
392  66724  2   0  66724
393  47950  3   2  0  47948
394  65259  3   0  1  65258
395  66544  2   10  66534
396  66412  2   0  66412
397  66548  3   0  1  66547
398  45417  2   1  45416
399  47926  2   0  47926
400  65394  2   7  65387
401  47926  2   2  47924
402  45410  2   393  45017
403  66102  3   1  0  66101
404  47915  3   0  8  47907
405  45452  2   14  45438
406  66054  2   0  66054
407  3034  2   0  3034
408  65532  3   0  0  65532
409  47898  3   2  0  47896
410  66726  2   0  66726
411  65578  2   4  65574
412  65582  2   0  65582
413  65352  2   0  65352
414  65037  3   1  0  65036
415  65917  3   0  1  65916
416  66710  2   1  66709
417  45616  3   1  8  45607
418  45664  2   1  45663
419  45669  3   0  12  45657
420  66686  3   0  1  66685
421  66020  2   5  66015
422  66290  2   0  66290
423  66036  2   1  66035
424  45857  2   1  45856
425  66216  2   72  66144
426  66676  3   1  0  66675
427  66670  2   3  66667
428  64568  2   14  64554
429  66288  2   1  66287
430  66664  2   0  66664

[pop]=6
1  858  2   2  856
2  593  2   0  593
3  876  3   0  0  876
4  877  3   0  0  877
5  603  2   0  603
6  879  3   0  0  879
7  836  3   0  0  836
8  896  2   0  896
9  867  3   0  0  867
10  880  3   0  0  880
11  870  3   0  0  870
12  609  2   0  609
13  894  2   0  894
14  880  2   0  880
15  894  2   193  701
16  889  3   0  0  889
17  568  3   0  0  568
18  624  2   0  624
19  901  3   0  0  901
20  575  3   0  0  575
21  894  2   0  894
22  904  2   0  904
23  896  2   0  896
24  904  3   0  0  904
25  904  2   3  901
26  902  2   0  902
27  906  2   0  906
28  896  3   1  0  895
29  906  2   0  906
30  883  4   0  0  0  883
31  906  2   0  906
32  886  2   0  886
33  589  2   0  589
34  886  3   0  0  886
35  906  2   0  906
36  902  2   3  899
37  908  2   0  908
38  888  2   0  888
39  906  2   0  906
40  908  3   0  3  905
41  892  5   0  0  0  1  891
42  588  2   0  588
43  903  4   0  0  0  903
44  904  2   0  904
45  894  3   0  0  894
46  588  3   0  0  588
47  588  3   0  0  588
48  902  3   0  0  902
49  894  2   0  894
50  588  2   0  588
51  908  3   0  0  908
52  587  2   1  586
53  908  3   0  0  908
54  908  3   0  0  908
55  586  2   0  586
56  908  3   0  0  908
57  896  3   0  0  896
58  584  2   0  584
59  896  2   0  896
60  585  2   0  585
61  908  2   1  907
62  906  3   0  0  906
63  908  3   0  0  908
64  581  2   0  581
65  908  3   0  0  908
66  898  3   1  0  897
67  906  2   1  905
68  906  2   0  906
69  898  2   0  898
70  908  3   0  0  908
71  904  2   0  904
72  906  2   0  906
73  898  3   0  0  898
74  902  3   0  0  902
75  904  3   0  0  904
76  908  2   0  908
77  585  2   0  585
78  906  2   0  906
79  906  2   0  906
80  908  2   0  908
81  900  2   0  900
82  627  2   0  627
83  906  2   0  906
84  906  2   0  906
85  585  2   0  585
86  908  2   0  908
87  906  3   0  0  906
88  908  2   0  908
89  906  2   0  906
90  900  2   1  899
91  908  3   0  0  908
92  906  2   0  906
93  908  2   0  908
94  900  2   0  900
95  902  3   0  0  902
96  900  2   0  900
97  590  2   0  590
98  900  3   0  0  900
99  627  2   0  627
100  908  3   0  0  908
101  906  2   0  906
102  902  2   0  902
103  902  2   0  902
104  908  3   0  0  908
105  908  2   0  908
106  902  2   0  902
107  908  3   0  0  908
108  908  4   0  0  0  908
109  902  2   0  902
110  624  4   0  0  0  624
111  599  3   1  0  598
112  625  2   0  625
113  908  2   0  908
114  908  2   0  908
115  902  2   0  902
116  600  2   0  600
117  908  2   0  908
118  902  2   0  902
119  904  3   32  0  872
120  908  2   0  908
121  908  3   0  0  908
122  908  2   0  908
123  596  3   0  0  596
124  904  3   0  0  904
125  595  2   0  595
126  906  3   0  0  906
127  906  3   0  0  906
128  904  2   195  709
129  904  2   0  904
130  908  2   0  908
131  902  2   0  902
132  904  3   0  0  904
133  908  2   0  908
134  588  2   0  588
135  902  2   0  902
136  625  2   0  625
137  900  2   0  900
138  583  2   0  583
139  902  2   0  902
140  900  2   0  900
141  900  2   0  900
142  902  2   0  902
143  908  3   0  0  908
144  900  2   0  900
145  902  2   0  902
146  908  2   0  908
147  900  3   0  0  900
148  620  4   0  0  0  620
149  577  2   0  577
150  906  2   0  906
151  620  2   0  620
152  579  2   0  579
153  906  4   0  0  0  906
154  900  2   1  899
155  908  3   0  0  908
156  900  2   0  900
157  903  3   0  0  903
158  908  3   0  0  908
159  900  3   0  0  900
160  900  2   0  900
161  899  3   0  0  899
162  896  3   0  1  895
163  615  3   0  0  615
164  904  2   0  904
165  906  2   0  906
166  904  3   0  0  904
167  896  2   2  894
168  898  2   0  898
169  896  3   0  0  896
170  904  3   0  0  904
171  904  3   0  0  904
172  897  3   0  0  897
173  896  4   0  1  1  894
174  896  2   2  894
175  615  2   0  615
176  614  3   0  0  614
177  892  2   0  892
178  892  3   0  0  892
179  902  2   0  902
180  616  3   0  0  616
181  884  2   0  884
182  892  2   0  892
183  894  3   0  0  894
184  904  2   2  902
185  902  3   0  1  901
186  892  2   0  892
187  870  2   0  870
188  902  3   0  0  902
189  906  2   0  906
190  898  3   0  0  898
191  615  2   0  615
192  906  2   1  905
193  902  3   0  0  902
194  866  2   0  866
195  894  2   0  894
196  898  2   0  898
197  896  2   0  896
198  582  2   0  582
199  898  2   0  898
200  906  3   0  0  906
201  901  3   0  0  901
202  582  3   1  0  581
203  898  2   21  877
204  582  2   0  582
205  900  2   0  900
206  906  4   0  0  0  906
207  898  2   0  898
208  907  3   0  0  907
209  900  2   0  900
210  625  2   0  625
211  585  2   0  585
212  838  2   0  838
213  898  2   0  898
214  837  4   4  0  0  833
215  900  2   0  900
216  587  3   0  0  587
217  908  3   0  0  908
218  900  2   0  900
219  908  2   0  908
220  590  2   0  590
221  626  2   0  626
222  836  2   0  836
223  629  2   0  629
224  908  2   0  908
225  900  2   0  900
226  902  2   0  902
227  902  2   0  902
228  629  2   0  629
229  906  2   0  906
230  890  3   0  0  890
231  906  2   0  906
232  629  2   0  629
233  850  3   0  0  850
234  904  2   0  904
235  593  2   0  593
236  856  2   0  856
237  906  3   0  0  906
238  594  3   0  0  594
239  859  3   0  0  859
240  904  2   0  904
241  863  3   0  0  863
242  908  2   0  908
243  872  3   0  0  872
244  886  2   151  735
245  904  2   109  795
246  896  2   0  896
247  902  2   0  902
248  897  3   0  0  897
249  908  2   0  908
250  903  3   1  0  902
251  892  2   0  892
252  908  2   0  908
253  900  2   0  900
254  904  4   0  0  0  904
255  906  3   0  0  906
256  908  2   9  899
257  906  3   0  0  906
258  892  7   0  0  0  0  0  0  892
259  600  3   0  0  600
260  892  2   0  892
261  907  4   0  2  0  905
262  892  4   0  0  0  892
263  908  3   0  0  908
264  904  2   0  904
265  631  2   0  631
266  892  3   0  1  891
267  908  2   0  908
268  894  3   0  0  894
269  630  2   0  630
270  906  2   0  906
271  894  3   0  0  894
272  908  3   0  0  908
273  584  2   0  584
274  908  3   0  0  908
275  908  2   26  882
276  908  3   0  0  908
277  895  3   0  0  895
278  906  4   0  0  0  906
279  908  3   0  0  908
280  900  2   0  900
281  908  3   3  0  905
282  629  2   0  629
283  583  2   0  583
284  906  3   0  0  906
285  896  2   0  896
286  906  3   0  0  906
287  901  4   0  0  0  901
288  908  5   0  1  0  0  907
289  908  2   0  908
290  908  3   0  4  904
291  586  2   0  586
292  631  2   0  631
293  908  2   0  908
294  900  2   0  900
295  908  2   0  908
296  908  3   0  0  908
297  900  3   0  0  900
298  906  3   0  0  906
299  587  3   0  0  587
300  900  2   0  900
301  906  2   0  906
302  900  3   0  0  900
303  906  3   0  0  906
304  902  3   0  0  902
305  908  3   0  0  908
306  908  3   0  0  908
307  902  2   0  902
308  590  3   0  0  590
309  908  2   0  908
310  904  3   0  0  904
311  592  2   1  591
312  590  2   0  590
313  596  2   0  596
314  908  3   0  0  908
315  902  3   0  0  902
316  633  2   0  633
317  900  2   0  900
318  633  2   0  633
319  908  4   0  0  0  908
320  902  3   0  0  902
321  898  2   0  898
322  902  3   0  0  902
323  902  3   0  0  902
324  900  3   0  0  900
325  908  2   0  908
326  908  2   2  906
327  908  2   0  908
328  906  3   0  0  906
329  908  3   0  0  908
330  908  3   0  0  908
331  902  2   0  902
332  590  2   0  590
333  908  2   1  907
334  904  4   0  0  0  904
335  633  2   0  633
336  902  3   0  0  902
337  633  2   0  633
338  908  3   0  0  908
339  908  2   0  908
340  902  3   0  0  902
341  896  2   0  896
342  902  3   0  0  902
343  633  2   0  633
344  908  2   1  907
345  902  2   0  902
346  908  2   0  908
347  908  2   0  908
348  898  2   0  898
349  580  3   0  0  580
350  908  2   0  908
351  898  3   0  0  898
352  579  2   0  579
353  882  2   0  882
354  908  2   0  908
355  881  3   0  0  881
356  908  3   0  0  908
357  900  3   0  0  900
358  633  2   0  633
359  906  3   0  0  906
360  908  3   0  0  908
361  902  2   0  902
362  908  2   0  908
363  876  2   0  876
364  908  2   0  908
365  876  2   0  876
366  631  2   0  631
367  576  2   0  576
368  868  3   0  0  868
369  908  4   2  0  0  906
370  906  3   0  0  906
371  896  2   0  896
372  908  2   0  908
373  858  2   0  858
374  631  3   0  2  629
375  856  2   0  856
376  569  2   0  569
377  908  2   0  908
378  629  2   0  629
379  908  3   0  0  908
380  858  3   0  3  855
381  569  2   0  569
382  908  2   0  908
383  856  3   0  1  855
384  629  3   0  0  629
385  908  3   0  0  908
386  858  2   0  858
387  629  2   0  629
388  908  2   5  903
389  574  2   0  574
390  860  2   0  860
391  906  2   0  906
392  908  2   0  908
393  629  3   0  0  629
394  859  3   0  0  859
395  906  2   0  906
396  904  2   0  904
397  906  3   0  0  906
398  568  2   0  568
399  626  2   1  625
400  872  2   0  872
401  627  2   0  627
402  567  2   2  565
403  896  3   0  0  896
404  627  3   0  0  627
405  568  2   0  568
406  896  2   0  896
407  136  2   0  136
408  876  3   0  0  876
409  626  3   0  0  626
410  908  2   1  907
411  878  2   0  878
412  878  2   0  878
413  894  2   0  894
414  892  3   0  0  892
415  894  3   0  0  894
416  908  2   1  907
417  572  3   0  0  572
418  573  2   0  573
419  570  3   0  0  570
420  908  3   0  0  908
421  896  2   0  896
422  900  2   0  900
423  896  2   0  896
424  573  2   0  573
425  896  2   0  896
426  908  3   0  0  908
427  908  2   0  908
428  886  2   0  886
429  900  2   0  900
430  908  2   0  908

[pop]=7
1  12894  2   0  12894
2  7361  2   0  7361
3  14186  3   0  0  14186
4  14920  3   0  0  14920
5  8350  2   0  8350
6  15396  3   0  0  15396
7  15153  3   1  0  15152
8  15336  2   2  15334
9  13678  3   0  0  13678
10  15478  3   1  1  15476
11  13750  3   0  0  13750
12  8894  2   0  8894
13  15560  2   0  15560
14  15642  2   0  15642
15  16156  2   2923  13233
16  14880  3   0  0  14880
17  6006  3   0  0  6006
18  9668  2   0  9668
19  16184  3   0  1  16183
20  6222  3   0  1  6221
21  16352  2   0  16352
22  16410  2   1  16409
23  15944  2   0  15944
24  16471  3   3  0  16468
25  16480  2   1  16479
26  16278  2   0  16278
27  16360  2   6  16354
28  16474  3   4  0  16470
29  16490  2   0  16490
30  16475  4   1  1  3  16470
31  16504  2   0  16504
32  16488  2   0  16488
33  6916  2   0  6916
34  16489  3   0  2  16487
35  16502  2   0  16502
36  16492  2   0  16492
37  16496  2   0  16496
38  16496  2   0  16496
39  16502  2   0  16502
40  16495  3   0  13  16482
41  16500  5   0  0  0  0  16500
42  6917  2   0  6917
43  16491  4   0  8  0  16483
44  16494  2   0  16494
45  16504  3   0  0  16504
46  6867  3   0  0  6867
47  6865  3   0  0  6865
48  16502  3   0  0  16502
49  16506  2   0  16506
50  6800  2   0  6800
51  16502  3   0  0  16502
52  6776  2   0  6776
53  16487  3   1  0  16486
54  16505  3   0  0  16505
55  6719  2   0  6719
56  16486  3   0  0  16486
57  16506  3   0  0  16506
58  6662  2   0  6662
59  16506  2   0  16506
60  6666  2   0  6666
61  16504  2   0  16504
62  16502  3   0  2  16500
63  16470  3   0  14  16456
64  6620  2   0  6620
65  16494  3   1  1  16492
66  16508  3   1  0  16507
67  16440  2   3  16437
68  16502  2   0  16502
69  16510  2   0  16510
70  16483  3   0  2  16481
71  16494  2   0  16494
72  16504  2   1  16503
73  16510  3   1  0  16509
74  16488  3   0  0  16488
75  16486  3   0  0  16486
76  16484  2   0  16484
77  6631  2   2  6629
78  16506  2   0  16506
79  16506  2   0  16506
80  16482  2   0  16482
81  16482  2   0  16482
82  9975  2   0  9975
83  16392  2   0  16392
84  16506  2   0  16506
85  6720  2   0  6720
86  16506  2   0  16506
87  16429  3   0  0  16429
88  16476  2   0  16476
89  16424  2   0  16424
90  16494  2   19  16475
91  16508  3   0  25  16483
92  16436  2   0  16436
93  16478  2   0  16478
94  16496  2   7  16489
95  16512  3   1  0  16511
96  16496  2   0  16496
97  6968  2   0  6968
98  16495  3   0  1  16494
99  9941  2   0  9941
100  16510  3   0  0  16510
101  16480  2   2  16478
102  16512  2   0  16512
103  16500  2   0  16500
104  16462  3   1  0  16461
105  16482  2   0  16482
106  16498  2   0  16498
107  16468  3   1  0  16467
108  16480  4   0  0  0  16480
109  16512  2   0  16512
110  9918  4   0  1  0  9917
111  7394  3   0  0  7394
112  9926  2   3  9923
113  16512  2   0  16512
114  16488  2   0  16488
115  16512  2   0  16512
116  7517  2   0  7517
117  16490  2   0  16490
118  16512  2   0  16512
119  16507  3   352  1  16154
120  16494  2   6  16488
121  16512  3   1  1  16510
122  16494  2   4  16490
123  7512  3   0  0  7512
124  16511  3   0  0  16511
125  7483  2   0  7483
126  16496  3   0  1  16495
127  16496  3   0  0  16496
128  16502  2   2935  13567
129  16512  2   0  16512
130  16500  2   0  16500
131  16498  2   0  16498
132  16496  3   0  0  16496
133  16512  2   0  16512
134  7129  2   0  7129
135  16506  2   4  16502
136  9816  2   0  9816
137  16496  2   2  16494
138  7069  2   0  7069
139  16500  2   0  16500
140  16496  2   4  16492
141  16496  2   9  16487
142  16492  2   0  16492
143  16485  3   0  9  16476
144  16496  2   0  16496
145  16486  2   3  16483
146  16480  2   0  16480
147  16495  3   0  1  16494
148  9593  4   0  0  0  9593
149  6817  2   1  6816
150  16512  2   2  16510
151  9545  2   0  9545
152  6821  2   0  6821
153  16512  4   1  0  0  16511
154  16472  2   1  16471
155  16476  3   0  0  16476
156  16464  2   1  16463
157  16489  3   0  2  16487
158  16476  3   0  0  16476
159  16496  3   0  0  16496
160  16494  2   0  16494
161  16460  3   0  0  16460
162  16494  3   0  3  16491
163  9315  3   0  0  9315
164  16434  2   0  16434
165  16468  2   0  16468
166  16430  3   0  7  16423
167  16450  2   13  16437
168  16488  2   0  16488
169  16448  3   0  0  16448
170  16336  3   0  0  16336
171  16486  3   0  0  16486
172  16487  3   0  0  16487
173  16453  4   0  0  3  16450
174  16450  2   0  16450
175  9268  2   55  9213
176  9208  3   1  7  9200
177  16492  2   0  16492
178  16495  3   0  0  16495
179  16470  2   1  16469
180  9256  3   1  0  9255
181  15432  2   0  15432
182  16494  2   0  16494
183  16458  3   0  1  16457
184  16494  2   13  16481
185  16457  3   0  0  16457
186  16496  2   2  16494
187  15152  2   0  15152
188  16444  3   0  6  16438
189  16492  2   0  16492
190  16466  3   1  0  16465
191  9266  2   0  9266
192  16494  2   0  16494
193  16446  3   0  0  16446
194  14626  2   0  14626
195  16494  2   0  16494
196  16480  2   0  16480
197  16496  2   0  16496
198  7160  2   0  7160
199  16484  2   0  16484
200  16500  3   0  0  16500
201  16429  3   0  0  16429
202  7328  3   0  0  7328
203  16490  2   85  16405
204  7350  2   0  7350
205  16498  2   0  16498
206  16505  4   0  8  0  16497
207  16494  2   0  16494
208  16508  3   0  1  16507
209  16500  2   1  16499
210  9667  2   0  9667
211  7386  2   0  7386
212  12952  2   0  12952
213  16494  2   0  16494
214  12874  4   38  0  0  12836
215  16496  2   0  16496
216  7381  3   0  5  7376
217  16508  3   3  0  16505
218  16380  2   0  16380
219  16510  2   0  16510
220  7391  2   0  7391
221  9848  2   0  9848
222  12744  2   0  12744
223  9879  2   3  9876
224  16510  2   6  16504
225  16500  2   0  16500
226  16500  2   0  16500
227  16500  2   0  16500
228  9908  2   0  9908
229  16504  2   5  16499
230  16229  3   0  0  16229
231  16502  2   0  16502
232  9920  2   0  9920
233  13502  3   0  0  13502
234  16498  2   0  16498
235  7156  2   0  7156
236  13766  2   0  13766
237  16502  3   1  0  16501
238  7114  3   1  1  7112
239  13977  3   0  0  13977
240  16498  2   0  16498
241  14077  3   3  0  14074
242  16512  2   6  16506
243  14382  3   0  0  14382
244  15342  2   3138  12204
245  16500  2   838  15662
246  16326  2   0  16326
247  16500  2   1  16499
248  15822  3   2  0  15820
249  16500  2   0  16500
250  16503  3   0  0  16503
251  16346  2   0  16346
252  16500  2   1  16499
253  16168  2   0  16168
254  16508  4   0  0  0  16508
255  16336  3   0  0  16336
256  16506  2   43  16463
257  16422  3   1  1  16420
258  16444  7   0  0  0  0  0  0  16444
259  10052  3   0  0  10052
260  16458  2   0  16458
261  16507  4   0  31  0  16476
262  16461  4   0  0  0  16461
263  16502  3   0  0  16502
264  16508  2   2  16506
265  10088  2   0  10088
266  16468  3   0  156  16312
267  16500  2   2  16498
268  16468  3   0  0  16468
269  10101  2   0  10101
270  16508  2   0  16508
271  16472  3   0  0  16472
272  16502  3   0  0  16502
273  6815  2   1  6814
274  16506  3   4  0  16502
275  16498  2   47  16451
276  16508  3   4  0  16504
277  16467  3   0  1  16466
278  16506  4   0  0  0  16506
279  16508  3   0  0  16508
280  16476  2   3  16473
281  16502  3   4  0  16498
282  10118  2   0  10118
283  6806  2   3  6803
284  16510  3   1  0  16509
285  16482  2   0  16482
286  16507  3   1  0  16506
287  16491  4   0  3  0  16488
288  16510  5   0  5  0  1  16504
289  16508  2   0  16508
290  16500  3   0  3  16497
291  6877  2   0  6877
292  10121  2   3  10118
293  16508  2   7  16501
294  16500  2   4  16496
295  16510  2   0  16510
296  16508  3   0  0  16508
297  16502  3   0  1  16501
298  16504  3   1  0  16503
299  7018  3   0  0  7018
300  16504  2   0  16504
301  16508  2   4  16504
302  16506  3   0  1  16505
303  16508  3   0  0  16508
304  16508  3   0  1  16507
305  16512  3   0  0  16512
306  16510  3   0  0  16510
307  16502  2   0  16502
308  7330  3   0  0  7330
309  16512  2   0  16512
310  16510  3   0  0  16510
311  7572  2   0  7572
312  7541  2   0  7541
313  7807  2   4  7803
314  16510  3   1  0  16509
315  16510  3   0  1  16509
316  10122  2   1  10121
317  16510  2   0  16510
318  10124  2   0  10124
319  16510  4   0  1  1  16508
320  16508  3   0  0  16508
321  16460  2   0  16460
322  16508  3   0  14  16494
323  16508  3   0  1  16507
324  16508  3   0  0  16508
325  16510  2   0  16510
326  16512  2   0  16512
327  16512  2   0  16512
328  16476  3   0  0  16476
329  16510  3   0  0  16510
330  16512  3   0  2  16510
331  16502  2   1  16501
332  7517  2   0  7517
333  16512  2   0  16512
334  16367  4   0  16  0  16351
335  10124  2   1  10123
336  16502  3   0  0  16502
337  10125  2   0  10125
338  16508  3   0  1  16507
339  16512  2   0  16512
340  16284  3   1  0  16283
341  16462  2   0  16462
342  16213  3   0  5  16208
343  10125  2   0  10125
344  16512  2   0  16512
345  16500  2   1  16499
346  16512  2   1  16511
347  16512  2   0  16512
348  15738  2   0  15738
349  6936  3   0  0  6936
350  16512  2   0  16512
351  15630  3   0  0  15630
352  6672  2   0  6672
353  14860  2   1  14859
354  16512  2   2  16510
355  14745  3   0  0  14745
356  16512  3   1  0  16511
357  16496  3   0  0  16496
358  10125  2   0  10125
359  16506  3   1  0  16505
360  16505  3   0  0  16505
361  16496  2   0  16496
362  16506  2   0  16506
363  14032  2   0  14032
364  16512  2   0  16512
365  13924  2   6  13918
366  10125  2   0  10125
367  6480  2   0  6480
368  13434  3   1  1  13432
369  16506  4   522  0  0  15984
370  16484  3   0  1  16483
371  16478  2   0  16478
372  16506  2   0  16506
373  12996  2   1  12995
374  10125  3   6  4  10115
375  13038  2   55  12983
376  6482  2   0  6482
377  16500  2   0  16500
378  10125  2   2  10123
379  16511  3   0  0  16511
380  13104  3   0  3  13101
381  6468  2   0  6468
382  16512  2   2  16510
383  13106  3   0  1  13105
384  10125  3   0  3  10122
385  16511  3   1  0  16510
386  13206  2   0  13206
387  10125  2   0  10125
388  16506  2   0  16506
389  6475  2   0  6475
390  13300  2   0  13300
391  16432  2   3  16429
392  16500  2   7  16493
393  10124  3   0  1  10123
394  13418  3   0  0  13418
395  16310  2   0  16310
396  16460  2   0  16460
397  16282  3   1  0  16281
398  6453  2   0  6453
399  10118  2   0  10118
400  13762  2   26  13736
401  10119  2   0  10119
402  6420  2   3  6417
403  16443  3   0  3  16440
404  10118  3   0  0  10118
405  6376  2   0  6376
406  16444  2   16  16428
407  5640  2   0  5640
408  14213  3   0  0  14213
409  10117  3   0  0  10117
410  16508  2   0  16508
411  14372  2   0  14372
412  14360  2   0  14360
413  16418  2   0  16418
414  16399  3   0  0  16399
415  15188  3   0  0  15188
416  16500  2   0  16500
417  6182  3   0  0  6182
418  6156  2   64  6092
419  6150  3   0  0  6150
420  16490  3   2  0  16488
421  15422  2   5  15417
422  15608  2   0  15608
423  15510  2   12  15498
424  6107  2   0  6107
425  15478  2   0  15478
426  16464  3   0  1  16463
427  16454  2   0  16454
428  16342  2   0  16342
429  16012  2   0  16012
430  16428  2   2  16426

