[loci]=114

[populations]=7

[pop]=1
1  7882  2   0  7882
2  5218  3   0  0  5218
3  10406  2   0  10406
4  5128  2   0  5128
5  10234  2   3  10231
6  5006  4   0  0  0  5006
7  8378  2   0  8378
8  8618  4   0  1  0  8617
9  3976  2   0  3976
10  10378  2   0  10378
11  8754  3   1  0  8753
12  10404  2   0  10404
13  8980  2   0  8980
14  10394  3   0  2  10392
15  10402  2   0  10402
16  2004  5   310  0  0  0  1694
17  10404  2   0  10404
18  9178  2   1  9177
19  10404  2   0  10404
20  9670  2   1534  8136
21  9770  2   0  9770
22  9859  3   0  0  9859
23  10018  2   0  10018
24  8295  2   0  8295
25  10036  2   0  10036
26  8322  2   19  8303
27  10406  2   0  10406
28  10078  2   0  10078
29  10097  4   0  1  0  10096
30  10038  2   0  10038
31  10397  3   0  0  10397
32  10390  2   11  10379
33  10048  2   0  10048
34  10220  2   0  10220
35  10386  2   0  10386
36  10384  3   0  0  10384
37  10406  2   200  10206
38  10155  3   0  3  10152
39  10118  3   0  0  10118
40  10064  3   0  0  10064
41  10378  2   0  10378
42  10070  2   5  10065
43  9990  2   0  9990
44  10132  2   0  10132
45  10093  3   0  0  10093
46  10406  2   0  10406
47  9864  2   2  9862
48  10402  3   1  0  10401
49  8400  2   0  8400
50  10406  3   0  0  10406
51  9808  2   0  9808
52  10086  2   0  10086
53  9648  2   0  9648
54  10402  4   0  0  0  10402
55  10402  2   0  10402
56  10322  2   1  10321
57  8404  2   0  8404
58  8180  3   0  26  8154
59  8352  2   0  8352
60  10320  2   0  10320
61  10320  2   0  10320
62  8408  2   0  8408
63  8532  2   2  8530
64  10404  2   7  10397
65  10312  2   0  10312
66  10406  2   4  10402
67  10393  3   0  0  10393
68  8672  2   3  8669
69  10308  2   1  10307
70  8700  2   0  8700
71  10406  2   1115  9291
72  8702  2   0  8702
73  10392  2   0  10392
74  10406  2   0  10406
75  8419  2   1  8418
76  10210  2   2  10208
77  10366  2   2  10364
78  10296  2   1  10295
79  10292  2   1  10291
80  10400  2   0  10400
81  10286  2   0  10286
82  10400  2   0  10400
83  10336  2   3  10333
84  10399  3   0  0  10399
85  10400  2   0  10400
86  10340  2   0  10340
87  10312  2   0  10312
88  10400  2   0  10400
89  10314  2   0  10314
90  10398  2   0  10398
91  10266  2   0  10266
92  7106  3   1  0  7105
93  10400  2   0  10400
94  9146  2   0  9146
95  9152  2   0  9152
96  7768  2   0  7768
97  10392  2   0  10392
98  9154  2   0  9154
99  7950  2   1  7949
100  8421  2   0  8421
101  10396  2   0  10396
102  8282  2   0  8282
103  9158  4   0  0  0  9158
104  8318  3   0  2  8316
105  10398  3   0  0  10398
106  8433  2   2  8431
107  10404  2   0  10404
108  8436  2   1  8435
109  10397  3   367  0  10030
110  10404  2   0  10404
111  10406  2   1  10405
112  8223  3   0  1  8222
113  10400  3   0  0  10400
114  8046  2   0  8046

[pop]=2
1  8854  2   1  8853
2  4766  3   0  0  4766
3  11578  2   0  11578
4  4646  2   0  4646
5  11460  2   0  11460
6  4463  4   0  0  0  4463
7  9684  2   1  9683
8  9966  4   4  13  0  9949
9  3006  2   0  3006
10  11540  2   1  11539
11  10202  3   0  0  10202
12  11578  2   1  11577
13  10454  2   1  10453
14  11568  3   0  0  11568
15  11566  2   0  11566
16  871  5   10  0  0  0  861
17  11564  2   0  11564
18  10634  2   0  10634
19  11566  2   0  11566
20  10862  2   103  10759
21  10944  2   0  10944
22  11019  3   0  0  11019
23  11168  2   0  11168
24  9171  2   1  9170
25  11502  2   0  11502
26  9194  2   0  9194
27  11576  2   0  11576
28  11252  2   0  11252
29  11269  4   0  0  0  11269
30  11498  2   2  11496
31  11578  3   0  0  11578
32  11578  2   0  11578
33  11500  2   0  11500
34  11546  2   0  11546
35  11576  2   0  11576
36  11576  3   0  0  11576
37  11578  2   16  11562
38  11329  3   0  1  11328
39  11538  3   0  0  11538
40  11525  3   0  1  11524
41  11516  2   0  11516
42  11506  2   0  11506
43  11520  2   0  11520
44  11364  2   0  11364
45  11506  3   0  0  11506
46  11578  2   3  11575
47  11490  2   0  11490
48  11514  3   0  0  11514
49  9245  2   0  9245
50  11578  3   0  0  11578
51  11480  2   0  11480
52  11338  2   0  11338
53  11438  2   0  11438
54  11512  4   0  0  0  11512
55  11512  2   3  11509
56  11562  2   0  11562
57  9251  2   2  9249
58  9904  3   0  9  9895
59  10308  2   0  10308
60  11560  2   0  11560
61  11558  2   2  11556
62  9254  2   0  9254
63  10688  2   0  10688
64  11490  2   0  11490
65  11556  2   0  11556
66  11576  2   0  11576
67  11575  3   0  0  11575
68  10946  2   20  10926
69  11554  2   0  11554
70  10964  2   0  10964
71  11462  2   877  10585
72  10996  2   0  10996
73  11576  2   0  11576
74  11572  2   0  11572
75  9254  2   0  9254
76  11530  2   0  11530
77  11574  2   0  11574
78  11546  2   0  11546
79  11544  2   0  11544
80  11440  2   0  11440
81  11542  2   0  11542
82  11444  2   0  11444
83  11564  2   0  11564
84  11444  3   0  0  11444
85  11432  2   0  11432
86  11556  2   1  11555
87  11556  2   0  11556
88  11434  2   0  11434
89  11552  2   0  11552
90  11428  2   2  11426
91  11550  2   2  11548
92  7780  3   0  0  7780
93  11414  2   0  11414
94  11418  2   0  11418
95  11430  2   0  11430
96  8956  2   0  8956
97  11544  2   0  11544
98  11432  2   0  11432
99  9212  2   0  9212
100  9263  2   0  9263
101  11414  2   0  11414
102  9720  2   2  9718
103  11435  4   0  0  0  11435
104  9756  3   0  1  9755
105  11416  3   0  0  11416
106  9266  2   1  9265
107  11564  2   0  11564
108  9266  2   0  9266
109  11432  3   65  0  11367
110  11570  2   0  11570
111  11572  2   1  11571
112  9312  3   0  1  9311
113  11442  3   0  0  11442
114  8994  2   0  8994

[pop]=3
1  6862  2   0  6862
2  3479  3   0  3  3476
3  8654  2   1  8653
4  3362  2   0  3362
5  8598  2   0  8598
6  3226  4   0  1  0  3225
7  7520  2   1  7519
8  7731  4   0  0  0  7731
9  2192  2   0  2192
10  8646  2   0  8646
11  7890  3   0  3  7887
12  8654  2   0  8654
13  8058  2   0  8058
14  8648  3   0  0  8648
15  8654  2   0  8654
16  662  5   0  0  0  3  659
17  8654  2   0  8654
18  8242  2   0  8242
19  8654  2   0  8654
20  8356  2   0  8356
21  8416  2   4  8412
22  8473  3   0  0  8473
23  8540  2   0  8540
24  6567  2   0  6567
25  8600  2   8  8592
26  6581  2   31  6550
27  8654  2   47  8607
28  8576  2   0  8576
29  8583  4   0  0  0  8583
30  8604  2   0  8604
31  8654  3   0  0  8654
32  8654  2   0  8654
33  8604  2   0  8604
34  8618  2   0  8618
35  8654  2   4  8650
36  8654  3   0  0  8654
37  8654  2   0  8654
38  8605  3   0  0  8605
39  8593  3   0  1  8592
40  8578  3   0  0  8578
41  8650  2   0  8650
42  8608  2   0  8608
43  8570  2   0  8570
44  8604  2   0  8604
45  8610  3   0  0  8610
46  8654  2   0  8654
47  8552  2   0  8552
48  8651  3   0  0  8651
49  6613  2   0  6613
50  8654  3   0  0  8654
51  8542  2   0  8542
52  8598  2   1  8597
53  8514  2   0  8514
54  8652  4   0  0  0  8652
55  8650  2   0  8650
56  8612  2   0  8612
57  6615  2   1  6614
58  7874  3   0  0  7874
59  8066  2   0  8066
60  8612  2   0  8612
61  8612  2   0  8612
62  6618  2   8  6610
63  8246  2   0  8246
64  8652  2   0  8652
65  8600  2   0  8600
66  8654  2   0  8654
67  8652  3   0  0  8652
68  8354  2   0  8354
69  8598  2   0  8598
70  8378  2   1  8377
71  8624  2   697  7927
72  8392  2   0  8392
73  8652  2   0  8652
74  8654  2   1  8653
75  6621  2   0  6621
76  8630  2   0  8630
77  8652  2   0  8652
78  8592  2   1  8591
79  8588  2   0  8588
80  8628  2   0  8628
81  8586  2   1  8585
82  8630  2   1  8629
83  8646  2   0  8646
84  8629  3   0  0  8629
85  8622  2   0  8622
86  8646  2   0  8646
87  8642  2   0  8642
88  8622  2   0  8622
89  8642  2   0  8642
90  8620  2   0  8620
91  8638  2   0  8638
92  5747  3   0  0  5747
93  8620  2   0  8620
94  8512  2   3  8509
95  8514  2   0  8514
96  6636  2   0  6636
97  8650  2   0  8650
98  8512  2   1  8511
99  6842  2   0  6842
100  6612  2   0  6612
101  8624  2   0  8624
102  7166  2   0  7166
103  8512  4   0  0  0  8512
104  7201  3   0  2  7199
105  8634  3   0  0  8634
106  6609  2   0  6609
107  8654  2   0  8654
108  6607  2   1  6606
109  8643  3   0  0  8643
110  8654  2   0  8654
111  8654  2   0  8654
112  6921  3   0  0  6921
113  8644  3   0  0  8644
114  6644  2   0  6644

[pop]=4
1  4276  2   0  4276
2  2455  3   0  0  2455
3  6614  2   0  6614
4  2406  2   0  2406
5  6380  2   0  6380
6  2305  4   0  0  0  2305
7  4664  2   0  4664
8  4901  4   0  0  0  4901
9  1602  2   0  1602
10  6582  2   0  6582
11  5054  3   0  0  5054
12  6614  2   0  6614
13  5268  2   0  5268
14  6614  3   25  0  6589
15  6614  2   0  6614
16  649  5   0  0  0  0  649
17  6614  2   0  6614
18  5476  2   0  5476
19  6614  2   0  6614
20  5658  2   1  5657
21  5732  2   0  5732
22  5839  3   0  0  5839
23  6036  2   0  6036
24  4116  2   0  4116
25  6610  2   0  6610
26  4175  2   0  4175
27  6614  2   0  6614
28  6164  2   0  6164
29  6187  4   0  1  0  6186
30  6612  2   0  6612
31  6614  3   0  0  6614
32  6614  2   0  6614
33  6612  2   0  6612
34  6610  2   3  6607
35  6614  2   0  6614
36  6614  3   0  0  6614
37  6614  2   0  6614
38  6340  3   0  0  6340
39  6610  3   0  0  6610
40  6607  3   0  0  6607
41  6614  2   0  6614
42  6612  2   0  6612
43  6602  2   0  6602
44  6384  2   0  6384
45  6612  3   0  0  6612
46  6614  2   0  6614
47  6598  2   0  6598
48  6614  3   0  3  6611
49  4315  2   0  4315
50  6614  3   0  0  6614
51  6598  2   0  6598
52  6394  2   0  6394
53  6598  2   0  6598
54  6614  4   0  0  0  6614
55  6614  2   0  6614
56  6614  2   0  6614
57  4315  2   0  4315
58  4872  3   0  0  4872
59  5040  2   0  5040
60  6614  2   0  6614
61  6614  2   0  6614
62  4338  2   0  4338
63  5200  2   0  5200
64  6610  2   0  6610
65  6610  2   0  6610
66  6614  2   0  6614
67  6614  3   0  0  6614
68  5362  2   6  5356
69  6610  2   0  6610
70  5368  2   0  5368
71  6604  2   798  5806
72  5402  2   4  5398
73  6614  2   0  6614
74  6614  2   0  6614
75  4356  2   0  4356
76  6612  2   0  6612
77  6614  2   0  6614
78  6604  2   0  6604
79  6602  2   0  6602
80  6592  2   0  6592
81  6602  2   0  6602
82  6594  2   0  6594
83  6614  2   0  6614
84  6592  3   0  0  6592
85  6590  2   0  6590
86  6610  2   0  6610
87  6614  2   0  6614
88  6592  2   0  6592
89  6614  2   0  6614
90  6588  2   0  6588
91  6612  2   0  6612
92  4354  3   0  1  4353
93  6590  2   0  6590
94  6608  2   0  6608
95  6608  2   0  6608
96  4844  2   0  4844
97  6612  2   0  6612
98  6610  2   0  6610
99  5004  2   0  5004
100  4383  2   0  4383
101  6586  2   0  6586
102  5244  2   0  5244
103  6610  4   0  0  0  6610
104  5260  3   0  0  5260
105  6587  3   0  0  6587
106  4374  2   0  4374
107  6612  2   0  6612
108  4375  2   0  4375
109  6592  3   16  0  6576
110  6612  2   0  6612
111  6614  2   0  6614
112  5093  3   0  0  5093
113  6594  3   0  0  6594
114  4972  2   0  4972

[pop]=5
1  54044  2   0  54044
2  31977  3   0  0  31977
3  66740  2   0  66740
4  31274  2   3  31271
5  65890  2   1  65889
6  30331  4   0  0  2  30329
7  57744  2   2  57742
8  59002  4   1  1  0  59000
9  22790  2   5  22785
10  66562  2   2  66560
11  59940  3   1  0  59939
12  66740  2   1  66739
13  61244  2   1  61243
14  66736  3   14  0  66722
15  66688  2   5  66683
16  10862  5   22  1  0  0  10839
17  66696  2   0  66696
18  62366  2   1  62365
19  66708  2   4  66704
20  63230  2   120  63110
21  63662  2   4  63658
22  64168  3   1  1  64166
23  64960  2   4  64956
24  46883  2   0  46883
25  66116  2   0  66116
26  47087  2   0  47087
27  66730  2   0  66730
28  65506  2   1  65505
29  65573  4   3  1  4  65565
30  66090  2   0  66090
31  66738  3   0  1  66737
32  66738  2   0  66738
33  66094  2   2  66092
34  66558  2   26  66532
35  66736  2   0  66736
36  66733  3   1  0  66732
37  66734  2   2  66732
38  65854  3   0  1  65853
39  66441  3   2  0  66439
40  66336  3   0  0  66336
41  66200  2   3  66197
42  66112  2   0  66112
43  66196  2   0  66196
44  65886  2   2  65884
45  66121  3   1  2  66118
46  66706  2   0  66706
47  65888  2   6  65882
48  66489  3   0  0  66489
49  47567  2   0  47567
50  66702  3   1  2  66699
51  65636  2   7  65629
52  65780  2   0  65780
53  65296  2   5  65291
54  66607  4   1  1  1  66604
55  66624  2   8  66616
56  66286  2   3  66283
57  47607  2   0  47607
58  57814  3   1  2  57811
59  59092  2   1  59091
60  66280  2   4  66276
61  66274  2   0  66274
62  47626  2   0  47626
63  60194  2   3  60191
64  66676  2   0  66676
65  66282  2   0  66282
66  66692  2   0  66692
67  66497  3   7  0  66490
68  61014  2   74  60940
69  66276  2   3  66273
70  61096  2   3  61093
71  66644  2   9706  56938
72  61204  2   0  61204
73  66528  2   2  66526
74  66722  2   0  66722
75  47590  2   1  47589
76  66316  2   2  66314
77  66570  2   0  66570
78  66258  2   1  66257
79  66236  2   4  66232
80  66628  2   8  66620
81  66232  2   2  66230
82  66626  2   1  66625
83  66372  2   0  66372
84  66619  3   0  7  66612
85  66614  2   2  66612
86  66586  2   1  66585
87  66218  2   2  66216
88  66608  2   2  66606
89  66210  2   1  66209
90  66598  2   0  66598
91  66020  2   0  66020
92  47476  3   1  2  47473
93  66570  2   0  66570
94  63204  2   1  63203
95  63236  2   3  63233
96  52198  2   3  52195
97  66292  2   2  66290
98  63248  2   1  63247
99  53288  2   5  53283
100  47606  2   0  47606
101  66572  2   3  66569
102  55284  2   0  55284
103  63271  4   1  1  2  63267
104  55476  3   2  6  55468
105  66579  3   0  2  66577
106  47669  2   0  47669
107  66714  2   0  66714
108  47662  2   1  47661
109  66596  3   384  1  66211
110  66720  2   1  66719
111  66678  2   0  66678
112  54152  3   1  0  54151
113  66603  3   1  0  66602
114  52968  2   3  52965

[pop]=6
1  712  2   0  712
2  452  3   0  0  452
3  908  2   0  908
4  448  2   0  448
5  884  2   0  884
6  434  4   0  0  0  434
7  742  2   0  742
8  766  4   0  0  0  766
9  358  2   0  358
10  904  2   0  904
11  786  3   0  0  786
12  908  2   0  908
13  804  2   0  804
14  908  3   1  0  907
15  906  2   0  906
16  222  5   1  0  0  0  221
17  906  2   0  906
18  814  2   0  814
19  906  2   0  906
20  834  2   11  823
21  834  2   0  834
22  847  3   0  0  847
23  868  2   0  868
24  605  2   0  605
25  900  2   1  899
26  605  2   1  604
27  906  2   0  906
28  880  2   0  880
29  885  4   0  0  0  885
30  900  2   0  900
31  908  3   0  0  908
32  908  2   0  908
33  900  2   0  900
34  902  2   0  902
35  908  2   0  908
36  908  3   0  0  908
37  908  2   0  908
38  894  3   0  0  894
39  900  3   0  0  900
40  900  3   0  0  900
41  894  2   0  894
42  900  2   0  900
43  894  2   0  894
44  892  2   0  892
45  900  3   0  0  900
46  908  2   0  908
47  890  2   3  887
48  905  3   0  0  905
49  616  2   0  616
50  908  3   0  0  908
51  884  2   0  884
52  896  2   0  896
53  878  2   1  877
54  906  4   0  0  0  906
55  906  2   0  906
56  898  2   0  898
57  618  2   0  618
58  750  3   0  0  750
59  760  2   0  760
60  896  2   0  896
61  896  2   0  896
62  618  2   1  617
63  778  2   0  778
64  908  2   0  908
65  894  2   0  894
66  908  2   0  908
67  900  3   0  0  900
68  798  2   0  798
69  894  2   0  894
70  798  2   0  798
71  906  2   156  750
72  802  2   1  801
73  902  2   0  902
74  904  2   1  903
75  618  2   0  618
76  904  2   0  904
77  906  2   0  906
78  896  2   0  896
79  896  2   0  896
80  906  2   0  906
81  896  2   0  896
82  906  2   0  906
83  896  2   0  896
84  906  3   0  0  906
85  904  2   0  904
86  908  2   0  908
87  894  2   0  894
88  904  2   0  904
89  894  2   0  894
90  904  2   0  904
91  888  2   0  888
92  647  3   0  0  647
93  904  2   0  904
94  870  2   0  870
95  870  2   0  870
96  714  2   0  714
97  888  2   0  888
98  870  2   0  870
99  730  2   0  730
100  621  2   0  621
101  904  2   0  904
102  760  2   0  760
103  870  4   0  0  0  870
104  766  3   0  0  766
105  904  3   0  0  904
106  624  2   0  624
107  908  2   0  908
108  624  2   0  624
109  904  3   6  0  898
110  908  2   0  908
111  908  2   0  908
112  738  3   0  0  738
113  904  3   0  0  904
114  714  2   0  714

[pop]=7
1  13838  2   1  13837
2  10319  3   6  0  10313
3  16512  2   26  16486
4  10262  2   0  10262
5  16408  2   0  16408
6  10172  4   1  0  0  10171
7  14386  2   0  14386
8  14647  4   1  0  1  14645
9  9328  2   0  9328
10  16490  2   9  16481
11  14831  3   0  0  14831
12  16512  2   0  16512
13  15092  2   0  15092
14  16510  3   0  0  16510
15  16512  2   1  16511
16  7764  5   6  0  0  0  7758
17  16512  2   3  16509
18  15282  2   0  15282
19  16512  2   0  16512
20  15472  2   7  15465
21  15564  2   0  15564
22  15641  3   0  0  15641
23  15818  2   0  15818
24  9757  2   1  9756
25  16420  2   0  16420
26  9823  2   2  9821
27  16512  2   3  16509
28  15908  2   1  15907
29  15937  4   1  0  0  15936
30  16422  2   0  16422
31  16510  3   1  0  16509
32  16510  2   1  16509
33  16422  2   0  16422
34  16460  2   0  16460
35  16508  2   0  16508
36  16500  3   0  1  16499
37  16512  2   2  16510
38  16070  3   1  2  16067
39  16405  3   0  0  16405
40  16326  3   4  0  16322
41  14958  2   0  14958
42  16426  2   0  16426
43  16230  2   6  16224
44  16084  2   0  16084
45  16430  3   0  0  16430
46  16510  2   0  16510
47  15904  2   47  15857
48  15932  3   0  0  15932
49  9989  2   6  9983
50  16511  3   0  0  16511
51  15670  2   0  15670
52  16048  2   1  16047
53  15290  2   0  15290
54  16317  4   0  0  3  16314
55  16378  2   1  16377
56  16508  2   2  16506
57  10004  2   0  10004
58  14820  3   2  2  14816
59  15064  2   1  15063
60  16502  2   0  16502
61  16502  2   1  16501
62  10015  2   0  10015
63  15376  2   0  15376
64  16504  2   0  16504
65  16498  2   2  16496
66  16476  2   0  16476
67  16030  3   0  1  16029
68  15606  2   0  15606
69  16498  2   0  16498
70  15646  2   1  15645
71  16510  2   2614  13896
72  15668  2   0  15668
73  16126  2   0  16126
74  16506  2   0  16506
75  10039  2   0  10039
76  16434  2   0  16434
77  16176  2   0  16176
78  16492  2   2  16490
79  16486  2   1  16485
80  16504  2   0  16504
81  16486  2   1  16485
82  16504  2   0  16504
83  15684  2   0  15684
84  16506  3   1  0  16505
85  16504  2   0  16504
86  16450  2   0  16450
87  15270  2   0  15270
88  16502  2   0  16502
89  15250  2   1  15249
90  16504  2   0  16504
91  14842  2   0  14842
92  11654  3   0  4  11650
93  16496  2   2  16494
94  16232  2   0  16232
95  16252  2   0  16252
96  12432  2   0  12432
97  15458  2   0  15458
98  16256  2   0  16256
99  12602  2   7  12595
100  10054  2   2  10052
101  16494  2   0  16494
102  13100  2   0  13100
103  16260  4   0  0  3  16257
104  13142  3   1  33  13108
105  16493  3   3  0  16490
106  10044  2   0  10044
107  16508  2   2  16506
108  10047  2   0  10047
109  16495  3   38  0  16457
110  16510  2   1  16509
111  16482  2   0  16482
112  12885  3   0  0  12885
113  16502  3   0  1  16501
114  12696  2   0  12696

