[loci]=146

[populations]=7

[pop]=1
1  10404  2   0  10404
2  9374  2   20  9354
3  9374  2   20  9354
4  10406  3   0  0  10406
5  10402  3   0  1  10401
6  10406  3   0  0  10406
7  10406  3   0  0  10406
8  9888  2   3  9885
9  10384  2   1  10383
10  10384  2   1  10383
11  5316  3   0  0  5316
12  9448  2   0  9448
13  9448  2   0  9448
14  10171  3   336  0  9835
15  10246  2   0  10246
16  10335  3   0  2  10333
17  10401  3   0  0  10401
18  10329  3   0  0  10329
19  10391  3   0  0  10391
20  9833  4   0  1  0  9832
21  10402  2   0  10402
22  10143  3   0  0  10143
23  9512  3   0  0  9512
24  9512  3   0  0  9512
25  10224  2   0  10224
26  10400  2   0  10400
27  10390  3   0  1  10389
28  9492  2   0  9492
29  9492  2   0  9492
30  10196  2   1  10195
31  10350  2   0  10350
32  10396  2   0  10396
33  10398  2   0  10398
34  10406  4   0  0  1  10405
35  10406  3   0  0  10406
36  10406  3   0  0  10406
37  10356  3   0  0  10356
38  10238  4   1  0  1022  9215
39  10406  2   5  10401
40  10402  3   0  0  10402
41  9438  2   0  9438
42  9438  2   0  9438
43  10406  3   0  0  10406
44  10404  2   1  10403
45  10404  2   1  10403
46  10406  2   0  10406
47  10136  2   0  10136
48  10404  2   0  10404
49  9287  6   0  0  0  0  1  9286
50  10404  2   0  10404
51  9287  6   0  0  0  0  1  9286
52  10088  2   0  10088
53  10352  3   0  0  10352
54  10386  2   0  10386
55  10406  2   9  10397
56  10404  2   0  10404
57  10406  2   2  10404
58  10404  2   0  10404
59  10406  2   2  10404
60  9298  2   0  9298
61  9298  2   0  9298
62  10272  4   0  0  0  10272
63  10404  2   0  10404
64  10330  2   0  10330
65  10404  2   0  10404
66  10404  2   0  10404
67  10404  4   31  0  0  10373
68  10406  2   0  10406
69  10404  4   31  0  0  10373
70  10406  2   0  10406
71  9924  2   0  9924
72  10404  3   0  0  10404
73  10404  3   0  0  10404
74  10246  3   0  0  10246
75  10406  3   0  0  10406
76  10402  3   1  0  10401
77  10406  2   0  10406
78  10404  2   0  10404
79  10406  2   0  10406
80  10404  2   0  10404
81  10394  3   0  0  10394
82  9998  2   0  9998
83  8946  2   6  8940
84  8946  2   6  8940
85  10382  2   0  10382
86  9928  3   0  0  9928
87  10390  2   0  10390
88  10404  2   3  10401
89  8371  3   0  0  8371
90  10390  2   0  10390
91  10404  2   3  10401
92  8371  3   0  0  8371
93  8485  4   0  0  2  8483
94  8485  4   0  0  2  8483
95  10334  2   9214  1120
96  10364  2   0  10364
97  10404  2   2  10402
98  10406  2   0  10406
99  10292  2   0  10292
100  10294  3   0  0  10294
101  10394  2   0  10394
102  10394  2   0  10394
103  10298  3   0  0  10298
104  10402  4   0  0  1  10401
105  10332  3   0  0  10332
106  10406  2   0  10406
107  10391  4   1  0  0  10390
108  10406  2   0  10406
109  10391  4   1  0  0  10390
110  10406  2   0  10406
111  10404  2   0  10404
112  10406  2   0  10406
113  10404  2   0  10404
114  10406  3   0  7  10399
115  10394  3   0  1  10393
116  10394  3   0  1  10393
117  10306  2   0  10306
118  10290  2   3251  7039
119  10238  3   0  0  10238
120  10406  2   0  10406
121  10396  3   0  0  10396
122  10406  2   0  10406
123  10396  3   0  0  10396
124  10394  2   1  10393
125  10404  2   13  10391
126  9350  2   0  9350
127  10394  2   1  10393
128  10404  2   13  10391
129  9350  2   0  9350
130  10404  4   0  0  0  10404
131  10404  4   0  0  0  10404
132  10284  2   0  10284
133  10321  3   0  76  10245
134  10384  2   0  10384
135  10404  2   10160  244
136  10394  3   0  0  10394
137  10394  3   0  0  10394
138  10208  2   0  10208
139  9490  2   0  9490
140  9490  2   0  9490
141  10332  2   0  10332
142  10386  2   2  10384
143  10200  2   0  10200
144  10390  2   5  10385
145  10394  2   0  10394
146  10394  2   0  10394

[pop]=2
1  11574  2   0  11574
2  10906  2   23  10883
3  10906  2   23  10883
4  11569  3   0  0  11569
5  11563  3   0  0  11563
6  11576  3   0  0  11576
7  11576  3   0  0  11576
8  11566  2   184  11382
9  11558  2   0  11558
10  11558  2   0  11558
11  2419  3   0  0  2419
12  10994  2   0  10994
13  10994  2   0  10994
14  11492  3   475  6  11011
15  11512  2   0  11512
16  11576  3   0  0  11576
17  11568  3   0  1  11567
18  11501  3   0  0  11501
19  11578  3   0  0  11578
20  11565  4   0  0  0  11565
21  11566  2   1  11565
22  11418  3   0  0  11418
23  11053  3   0  0  11053
24  11053  3   0  0  11053
25  11504  2   0  11504
26  11566  2   0  11566
27  11480  3   0  0  11480
28  11056  2   0  11056
29  11056  2   0  11056
30  11482  2   0  11482
31  11514  2   2  11512
32  11572  2   0  11572
33  11574  2   0  11574
34  11578  4   0  0  0  11578
35  11578  3   0  0  11578
36  11578  3   0  0  11578
37  11524  3   0  2  11522
38  11511  4   3  0  63  11445
39  11578  2   1  11577
40  11569  3   1  0  11568
41  11042  2   2  11040
42  11042  2   2  11040
43  11568  3   3  0  11565
44  11562  2   0  11562
45  11562  2   0  11562
46  11578  2   0  11578
47  11560  2   0  11560
48  11562  2   3  11559
49  10924  6   0  0  0  0  0  10924
50  11562  2   3  11559
51  10924  6   0  0  0  0  0  10924
52  11416  2   2  11414
53  11520  3   0  0  11520
54  11578  2   1  11577
55  11578  2   1  11577
56  11560  2   2  11558
57  11578  2   0  11578
58  11560  2   2  11558
59  11578  2   0  11578
60  10912  2   0  10912
61  10912  2   0  10912
62  11513  4   0  0  1  11512
63  11576  2   0  11576
64  11466  2   0  11466
65  11578  2   0  11578
66  11578  2   0  11578
67  11578  4   1  0  0  11577
68  11578  2   0  11578
69  11578  4   1  0  0  11577
70  11578  2   0  11578
71  11304  2   0  11304
72  11578  3   1  0  11577
73  11578  3   1  0  11577
74  11511  3   0  4  11507
75  11565  3   1  0  11564
76  11576  3   4  0  11572
77  11578  2   0  11578
78  11578  2   0  11578
79  11578  2   0  11578
80  11578  2   0  11578
81  11575  3   0  0  11575
82  11544  2   2  11542
83  10514  2   0  10514
84  10514  2   0  10514
85  11496  2   0  11496
86  11535  3   0  0  11535
87  11522  2   0  11522
88  11578  2   3  11575
89  9018  3   0  0  9018
90  11522  2   0  11522
91  11578  2   3  11575
92  9018  3   0  0  9018
93  9296  4   0  0  0  9296
94  9296  4   0  0  0  9296
95  11482  2   5813  5669
96  11498  2   0  11498
97  11576  2   1  11575
98  11576  2   0  11576
99  11526  2   0  11526
100  11526  3   0  0  11526
101  11546  2   1  11545
102  11546  2   1  11545
103  11526  3   0  0  11526
104  11551  4   0  0  0  11551
105  11494  3   0  0  11494
106  11576  2   0  11576
107  11545  4   0  0  0  11545
108  11576  2   0  11576
109  11545  4   0  0  0  11545
110  11574  2   0  11574
111  11578  2   0  11578
112  11574  2   0  11574
113  11578  2   0  11578
114  11578  3   0  0  11578
115  11556  3   1  0  11555
116  11556  3   1  0  11555
117  11532  2   0  11532
118  11498  2   2782  8716
119  11470  3   1  0  11469
120  11576  2   0  11576
121  11576  3   0  8  11568
122  11576  2   0  11576
123  11576  3   0  8  11568
124  11564  2   1  11563
125  11578  2   0  11578
126  10644  2   0  10644
127  11564  2   1  11563
128  11578  2   0  11578
129  10644  2   0  10644
130  11578  4   0  0  0  11578
131  11578  4   0  0  0  11578
132  11440  2   0  11440
133  11538  3   0  5  11533
134  11554  2   0  11554
135  11552  2   8448  3104
136  11566  3   0  1  11565
137  11566  3   0  1  11565
138  11492  2   0  11492
139  10712  2   0  10712
140  10712  2   0  10712
141  11540  2   2  11538
142  11576  2   0  11576
143  11484  2   0  11484
144  11536  2   1  11535
145  11564  2   0  11564
146  11564  2   0  11564

[pop]=3
1  8654  2   0  8654
2  8390  2   1  8389
3  8390  2   1  8389
4  8654  3   0  0  8654
5  8652  3   0  0  8652
6  8650  3   0  8  8642
7  8650  3   0  8  8642
8  8652  2   674  7978
9  8648  2   0  8648
10  8648  2   0  8648
11  3827  3   0  0  3827
12  8424  2   0  8424
13  8424  2   0  8424
14  8598  3   18  0  8580
15  8614  2   0  8614
16  8653  3   1  0  8652
17  8652  3   0  0  8652
18  8633  3   0  1  8632
19  8654  3   1  0  8653
20  8654  4   1  0  0  8653
21  8652  2   0  8652
22  8469  3   0  1  8468
23  8432  3   0  0  8432
24  8432  3   0  0  8432
25  8612  2   2  8610
26  8652  2   0  8652
27  8618  3   0  0  8618
28  8416  2   0  8416
29  8416  2   0  8416
30  8602  2   0  8602
31  8640  2   0  8640
32  8652  2   8  8644
33  8650  2   3  8647
34  8654  4   0  0  0  8654
35  8654  3   0  0  8654
36  8654  3   0  0  8654
37  8640  3   0  0  8640
38  8619  4   0  0  0  8619
39  8654  2   0  8654
40  8652  3   0  0  8652
41  8408  2   0  8408
42  8408  2   0  8408
43  8654  3   0  0  8654
44  8650  2   0  8650
45  8650  2   0  8650
46  8654  2   0  8654
47  8644  2   0  8644
48  8652  2   0  8652
49  8341  6   0  0  0  0  1  8340
50  8652  2   0  8652
51  8341  6   0  0  0  0  1  8340
52  8588  2   2  8586
53  8642  3   1  0  8641
54  8654  2   0  8654
55  8654  2   3  8651
56  8652  2   0  8652
57  8654  2   0  8654
58  8652  2   0  8652
59  8654  2   0  8654
60  8336  2   1  8335
61  8336  2   1  8335
62  8630  4   0  0  0  8630
63  8654  2   0  8654
64  8594  2   0  8594
65  8654  2   8  8646
66  8654  2   8  8646
67  8654  4   0  0  0  8654
68  8652  2   0  8652
69  8654  4   0  0  0  8654
70  8652  2   0  8652
71  8568  2   0  8568
72  8652  3   0  0  8652
73  8652  3   0  0  8652
74  8626  3   1  0  8625
75  8654  3   0  3  8651
76  8654  3   0  0  8654
77  8654  2   0  8654
78  8652  2   2  8650
79  8654  2   0  8654
80  8652  2   2  8650
81  8654  3   0  0  8654
82  8626  2   0  8626
83  8054  2   0  8054
84  8054  2   0  8054
85  8634  2   0  8634
86  8623  3   0  0  8623
87  8650  2   0  8650
88  8652  2   0  8652
89  6719  3   0  0  6719
90  8650  2   0  8650
91  8652  2   0  8652
92  6719  3   0  0  6719
93  6927  4   0  0  1  6926
94  6927  4   0  0  1  6926
95  8600  2   6111  2489
96  8634  2   0  8634
97  8654  2   0  8654
98  8654  2   0  8654
99  8634  2   0  8634
100  8636  3   0  7  8629
101  8654  2   0  8654
102  8654  2   0  8654
103  8636  3   1  0  8635
104  8649  4   0  1  0  8648
105  8634  3   0  0  8634
106  8652  2   14  8638
107  8654  4   0  0  3  8651
108  8652  2   14  8638
109  8654  4   0  0  3  8651
110  8654  2   18  8636
111  8654  2   0  8654
112  8654  2   18  8636
113  8654  2   0  8654
114  8654  3   0  0  8654
115  8654  3   0  0  8654
116  8654  3   0  0  8654
117  8640  2   2  8638
118  8588  2   5021  3567
119  8624  3   0  0  8624
120  8654  2   2  8652
121  8652  3   0  0  8652
122  8654  2   2  8652
123  8652  3   0  0  8652
124  8652  2   2  8650
125  8654  2   1  8653
126  7958  2   0  7958
127  8652  2   2  8650
128  8654  2   1  8653
129  7958  2   0  7958
130  8654  4   0  0  2  8652
131  8654  4   0  0  2  8652
132  8598  2   1  8597
133  8642  3   1  0  8641
134  8648  2   0  8648
135  8642  2   6360  2282
136  8650  3   0  0  8650
137  8650  3   0  0  8650
138  8618  2   0  8618
139  8020  2   0  8020
140  8020  2   0  8020
141  8642  2   0  8642
142  8654  2   0  8654
143  8614  2   0  8614
144  8636  2   0  8636
145  8650  2   0  8650
146  8650  2   0  8650

[pop]=4
1  6614  2   0  6614
2  5850  2   32  5818
3  5850  2   32  5818
4  6614  3   0  0  6614
5  6610  3   0  0  6610
6  6613  3   0  0  6613
7  6613  3   0  0  6613
8  6614  2   4  6610
9  6610  2   0  6610
10  6610  2   0  6610
11  1369  3   0  0  1369
12  5888  2   0  5888
13  5888  2   0  5888
14  6362  3   97  0  6265
15  6178  2   0  6178
16  6614  3   0  0  6614
17  6610  3   0  0  6610
18  6560  3   0  0  6560
19  6614  3   0  0  6614
20  6614  4   0  0  0  6614
21  6610  2   1  6609
22  6550  3   0  0  6550
23  5937  3   0  0  5937
24  5937  3   0  0  5937
25  6166  2   0  6166
26  6610  2   0  6610
27  6594  3   0  0  6594
28  5944  2   0  5944
29  5944  2   0  5944
30  6126  2   4  6122
31  6578  2   0  6578
32  6614  2   0  6614
33  6614  2   0  6614
34  6614  4   1  0  0  6613
35  6614  3   0  0  6614
36  6614  3   0  0  6614
37  6576  3   0  0  6576
38  6420  4   0  0  0  6420
39  6614  2   1  6613
40  6610  3   0  0  6610
41  5928  2   0  5928
42  5928  2   0  5928
43  6614  3   0  0  6614
44  6582  2   0  6582
45  6582  2   0  6582
46  6614  2   0  6614
47  6612  2   0  6612
48  6584  2   0  6584
49  5851  6   2  0  0  1  1  5847
50  6584  2   0  6584
51  5851  6   2  0  1  0  1  5847
52  6022  2   0  6022
53  6565  3   0  0  6565
54  6614  2   0  6614
55  6614  2   0  6614
56  6586  2   0  6586
57  6614  2   0  6614
58  6586  2   0  6586
59  6614  2   0  6614
60  5812  2   0  5812
61  5812  2   0  5812
62  6439  4   0  0  0  6439
63  6614  2   0  6614
64  6586  2   0  6586
65  6614  2   0  6614
66  6614  2   0  6614
67  6614  4   0  0  1  6613
68  6614  2   0  6614
69  6614  4   0  0  1  6613
70  6614  2   0  6614
71  5880  2   0  5880
72  6614  3   0  0  6614
73  6614  3   0  0  6614
74  6597  3   0  0  6597
75  6614  3   0  0  6614
76  6612  3   0  0  6612
77  6614  2   0  6614
78  6614  2   0  6614
79  6614  2   0  6614
80  6614  2   0  6614
81  6614  3   0  0  6614
82  6606  2   0  6606
83  5558  2   0  5558
84  5558  2   0  5558
85  6602  2   0  6602
86  6604  3   0  2  6602
87  6554  2   0  6554
88  6614  2   0  6614
89  5173  3   1  0  5172
90  6554  2   0  6554
91  6614  2   0  6614
92  5173  3   1  0  5172
93  5290  4   0  0  0  5290
94  5290  4   0  0  0  5290
95  6470  2   4132  2338
96  6602  2   0  6602
97  6614  2   0  6614
98  6614  2   0  6614
99  6612  2   0  6612
100  6612  3   1  6  6605
101  6606  2   0  6606
102  6606  2   0  6606
103  6612  3   0  0  6612
104  6614  4   0  0  0  6614
105  6596  3   0  0  6596
106  6614  2   0  6614
107  6606  4   0  0  0  6606
108  6614  2   0  6614
109  6606  4   0  0  0  6606
110  6614  2   0  6614
111  6614  2   0  6614
112  6614  2   0  6614
113  6614  2   0  6614
114  6614  3   0  0  6614
115  6610  3   4  0  6606
116  6610  3   4  0  6606
117  6612  2   0  6612
118  6382  2   1420  4962
119  6588  3   0  0  6588
120  6614  2   0  6614
121  6614  3   0  0  6614
122  6614  2   0  6614
123  6614  3   0  0  6614
124  6612  2   0  6612
125  6614  2   0  6614
126  5950  2   0  5950
127  6612  2   0  6612
128  6614  2   0  6614
129  5950  2   0  5950
130  6614  4   0  0  0  6614
131  6614  4   0  0  0  6614
132  6584  2   0  6584
133  6613  3   0  0  6613
134  6614  2   0  6614
135  6614  2   5920  694
136  6612  3   0  0  6612
137  6612  3   0  0  6612
138  6234  2   0  6234
139  5998  2   0  5998
140  5998  2   0  5998
141  6614  2   0  6614
142  6614  2   0  6614
143  6216  2   2  6214
144  6608  2   0  6608
145  6614  2   0  6614
146  6614  2   0  6614

[pop]=5
1  66726  2   2  66724
2  61432  2   900  60532
3  61432  2   900  60532
4  66736  3   1  7  66728
5  66702  3   1  0  66701
6  66722  3   1  0  66721
7  66722  3   1  0  66721
8  66342  2   40  66302
9  66650  2   1  66649
10  66650  2   1  66649
11  23987  3   1  1  23985
12  61794  2   2  61792
13  61794  2   2  61792
14  65519  3   4040  3  61476
15  65886  2   3  65883
16  66684  3   2  2  66680
17  66706  3   1  0  66705
18  66245  3   1  0  66244
19  66729  3   0  1  66728
20  66279  4   0  0  1  66278
21  66704  2   15  66689
22  65624  3   1  0  65623
23  61999  3   1  1  61997
24  61999  3   1  1  61997
25  65844  2   2  65842
26  66710  2   2  66708
27  66548  3   0  0  66548
28  61974  2   4  61970
29  61974  2   4  61970
30  65732  2   5  65727
31  66294  2   0  66294
32  66698  2   0  66698
33  66698  2   0  66698
34  66737  4   15  1  0  66721
35  66732  3   7  1  66724
36  66732  3   7  1  66724
37  66308  3   0  0  66308
38  65809  4   0  0  42  65767
39  66736  2   11  66725
40  66710  3   0  1  66709
41  61858  2   0  61858
42  61858  2   0  61858
43  66736  3   5  3  66728
44  66710  2   1  66709
45  66710  2   1  66709
46  66736  2   10  66726
47  66562  2   2  66560
48  66714  2   1  66713
49  60873  6   0  3  1  1  4  60864
50  66714  2   1  66713
51  60873  6   0  3  1  1  4  60864
52  65354  2   1  65353
53  66305  3   4  1  66300
54  66732  2   2  66730
55  66734  2   7  66727
56  66716  2   0  66716
57  66684  2   0  66684
58  66716  2   0  66716
59  66684  2   0  66684
60  60932  2   1  60931
61  60932  2   1  60931
62  65900  4   0  1  1  65898
63  66734  2   4  66730
64  66132  2   2  66130
65  66694  2   0  66694
66  66694  2   0  66694
67  66702  4   0  2  0  66700
68  66730  2   1  66729
69  66702  4   0  2  0  66700
70  66730  2   1  66729
71  64696  2   1  64695
72  66727  3   0  1  66726
73  66727  3   0  1  66726
74  66057  3   0  18  66039
75  66724  3   0  0  66724
76  66723  3   9  2  66712
77  66732  2   0  66732
78  66728  2   0  66728
79  66732  2   0  66732
80  66728  2   0  66728
81  66720  3   1  0  66719
82  66172  2   0  66172
83  58630  2   0  58630
84  58630  2   0  58630
85  66500  2   1  66499
86  65964  3   1  0  65963
87  66666  2   10  66656
88  66726  2   2  66724
89  53639  3   0  0  53639
90  66666  2   10  66656
91  66726  2   2  66724
92  53639  3   0  0  53639
93  54825  4   0  2  0  54823
94  54825  4   0  2  0  54823
95  66226  2   44302  21924
96  66450  2   2  66448
97  66730  2   0  66730
98  66730  2   1  66729
99  66300  2   3  66297
100  66312  3   1  7  66304
101  66592  2   6  66586
102  66592  2   6  66586
103  66334  3   4  1  66329
104  66709  4   1  0  0  66708
105  66320  3   1  1  66318
106  66734  2   0  66734
107  66601  4   0  1  0  66600
108  66734  2   0  66734
109  66601  4   0  1  0  66600
110  66734  2   0  66734
111  66730  2   5  66725
112  66734  2   0  66734
113  66730  2   5  66725
114  66732  3   13  1  66718
115  66652  3   5  0  66647
116  66652  3   5  0  66647
117  66394  2   0  66394
118  66050  2   13294  52756
119  66362  3   0  0  66362
120  66730  2   6  66724
121  66687  3   6  104  66577
122  66730  2   6  66724
123  66687  3   6  104  66577
124  66676  2   4  66672
125  66732  2   2  66730
126  61052  2   4  61048
127  66676  2   4  66672
128  66732  2   2  66730
129  61052  2   4  61048
130  66731  4   3  11  0  66717
131  66731  4   3  11  0  66717
132  65950  2   0  65950
133  66467  3   0  0  66467
134  66662  2   7  66655
135  66716  2   61800  4916
136  66684  3   1  0  66683
137  66684  3   1  0  66683
138  65824  2   3  65821
139  61546  2   2  61544
140  61546  2   2  61544
141  66488  2   1  66487
142  66698  2   0  66698
143  65788  2   0  65788
144  66378  2   0  66378
145  66682  2   0  66682
146  66682  2   0  66682

[pop]=6
1  908  2   0  908
2  730  2   5  725
3  730  2   5  725
4  908  3   0  0  908
5  908  3   0  0  908
6  908  3   0  0  908
7  908  3   0  0  908
8  904  2   4  900
9  906  2   0  906
10  906  2   0  906
11  353  3   0  0  353
12  748  2   0  748
13  748  2   0  748
14  876  3   54  0  822
15  876  2   0  876
16  908  3   0  0  908
17  908  3   0  0  908
18  896  3   0  0  896
19  908  3   0  0  908
20  902  4   0  0  0  902
21  908  2   0  908
22  897  3   0  0  897
23  748  3   0  0  748
24  748  3   0  0  748
25  868  2   0  868
26  908  2   0  908
27  902  3   0  0  902
28  748  2   0  748
29  748  2   0  748
30  868  2   0  868
31  902  2   0  902
32  906  2   0  906
33  906  2   0  906
34  908  4   0  0  0  908
35  908  3   0  0  908
36  908  3   0  0  908
37  902  3   0  0  902
38  877  4   0  0  5  872
39  908  2   0  908
40  908  3   0  0  908
41  732  2   0  732
42  732  2   0  732
43  908  3   0  0  908
44  906  2   0  906
45  906  2   0  906
46  908  2   0  908
47  906  2   0  906
48  906  2   0  906
49  722  6   0  0  0  3  0  719
50  906  2   0  906
51  722  6   0  0  3  0  0  719
52  870  2   0  870
53  898  3   0  0  898
54  908  2   0  908
55  908  2   0  908
56  906  2   0  906
57  906  2   0  906
58  906  2   0  906
59  906  2   0  906
60  728  2   0  728
61  728  2   0  728
62  884  4   0  0  0  884
63  908  2   0  908
64  898  2   0  898
65  908  2   0  908
66  908  2   0  908
67  908  4   0  0  0  908
68  908  2   0  908
69  908  4   0  0  0  908
70  908  2   0  908
71  854  2   0  854
72  908  3   0  0  908
73  908  3   0  0  908
74  892  3   0  1  891
75  908  3   0  0  908
76  908  3   1  0  907
77  908  2   0  908
78  908  2   0  908
79  908  2   0  908
80  908  2   0  908
81  908  3   0  0  908
82  900  2   0  900
83  696  2   0  696
84  696  2   0  696
85  900  2   1  899
86  894  3   0  0  894
87  904  2   0  904
88  908  2   0  908
89  738  3   0  0  738
90  904  2   0  904
91  908  2   0  908
92  738  3   0  0  738
93  752  4   0  0  0  752
94  752  4   0  0  0  752
95  900  2   632  268
96  898  2   0  898
97  908  2   0  908
98  908  2   0  908
99  894  2   0  894
100  891  3   0  1  890
101  904  2   0  904
102  904  2   0  904
103  892  3   0  0  892
104  908  4   0  0  0  908
105  898  3   0  0  898
106  908  2   0  908
107  904  4   0  0  0  904
108  908  2   0  908
109  904  4   0  0  0  904
110  908  2   0  908
111  908  2   0  908
112  908  2   0  908
113  908  2   0  908
114  908  3   0  0  908
115  905  3   0  0  905
116  905  3   0  0  905
117  892  2   0  892
118  890  2   240  650
119  906  3   0  0  906
120  908  2   0  908
121  908  3   0  1  907
122  908  2   0  908
123  908  3   0  1  907
124  906  2   0  906
125  908  2   0  908
126  844  2   0  844
127  906  2   0  906
128  908  2   0  908
129  844  2   0  844
130  908  4   0  0  0  908
131  908  4   0  0  0  908
132  876  2   0  876
133  896  3   0  1  895
134  906  2   0  906
135  908  2   840  68
136  906  3   0  0  906
137  906  3   0  0  906
138  882  2   0  882
139  850  2   0  850
140  850  2   0  850
141  898  2   0  898
142  908  2   0  908
143  880  2   0  880
144  900  2   0  900
145  906  2   0  906
146  906  2   0  906

[pop]=7
1  16512  2   0  16512
2  8570  2   103  8467
3  8570  2   103  8467
4  16512  3   0  0  16512
5  16508  3   0  0  16508
6  16510  3   0  0  16510
7  16510  3   0  0  16510
8  16510  2   21  16489
9  16504  2   0  16504
10  16504  2   0  16504
11  9772  3   0  0  9772
12  8756  2   0  8756
13  8756  2   0  8756
14  16359  3   365  0  15994
15  16418  2   0  16418
16  16485  3   0  0  16485
17  16508  3   0  0  16508
18  16380  3   0  0  16380
19  16512  3   0  0  16512
20  16501  4   0  0  0  16501
21  16508  2   0  16508
22  16305  3   0  0  16305
23  8937  3   0  0  8937
24  8937  3   0  0  8937
25  16408  2   0  16408
26  16508  2   0  16508
27  16484  3   1  0  16483
28  8972  2   0  8972
29  8972  2   0  8972
30  16384  2   0  16384
31  16426  2   0  16426
32  16506  2   0  16506
33  16504  2   0  16504
34  16512  4   1  0  0  16511
35  16512  3   0  0  16512
36  16512  3   0  0  16512
37  16446  3   2  0  16444
38  16483  4   1  1  4  16477
39  16512  2   5  16507
40  16508  3   0  0  16508
41  8872  2   0  8872
42  8872  2   0  8872
43  16510  3   0  0  16510
44  16504  2   0  16504
45  16504  2   0  16504
46  16512  2   0  16512
47  16348  2   0  16348
48  16504  2   0  16504
49  8504  6   0  0  1  109  0  8394
50  16504  2   0  16504
51  8504  6   0  0  109  1  0  8394
52  16274  2   8  16266
53  16438  3   0  0  16438
54  16512  2   0  16512
55  16512  2   0  16512
56  16504  2   0  16504
57  16458  2   0  16458
58  16504  2   0  16504
59  16458  2   0  16458
60  8392  2   0  8392
61  8392  2   0  8392
62  16497  4   4  0  0  16493
63  16512  2   0  16512
64  15640  2   0  15640
65  16474  2   0  16474
66  16474  2   0  16474
67  16490  4   0  0  0  16490
68  16512  2   14  16498
69  16490  4   0  0  0  16490
70  16512  2   14  16498
71  16046  2   1  16045
72  16512  3   1  0  16511
73  16512  3   1  0  16511
74  16447  3   0  0  16447
75  16510  3   0  1  16509
76  16512  3   0  0  16512
77  16512  2   2  16510
78  16512  2   0  16512
79  16512  2   2  16510
80  16512  2   0  16512
81  16512  3   0  1  16511
82  15642  2   0  15642
83  7872  2   0  7872
84  7872  2   0  7872
85  16414  2   4  16410
86  15174  3   0  0  15174
87  16464  2   0  16464
88  16512  2   0  16512
89  13164  3   0  2  13162
90  16464  2   0  16464
91  16512  2   0  16512
92  13164  3   0  2  13162
93  13339  4   1  0  0  13338
94  13339  4   1  0  0  13338
95  16496  2   11138  5358
96  16236  2   0  16236
97  16512  2   1  16511
98  16512  2   1  16511
99  16484  2   0  16484
100  16484  3   0  0  16484
101  16470  2   0  16470
102  16470  2   0  16470
103  16483  3   14  0  16469
104  16501  4   0  0  0  16501
105  15860  3   0  0  15860
106  16512  2   0  16512
107  16477  4   0  0  0  16477
108  16512  2   0  16512
109  16477  4   0  0  0  16477
110  16512  2   0  16512
111  16510  2   0  16510
112  16512  2   0  16512
113  16510  2   0  16510
114  16512  3   0  0  16512
115  16498  3   0  0  16498
116  16498  3   0  0  16498
117  16486  2   0  16486
118  16482  2   5162  11320
119  16412  3   0  1  16411
120  16512  2   0  16512
121  16512  3   1  0  16511
122  16512  2   0  16512
123  16512  3   1  0  16511
124  16500  2   0  16500
125  16510  2   0  16510
126  14622  2   2  14620
127  16500  2   0  16500
128  16510  2   0  16510
129  14622  2   2  14620
130  16510  4   0  0  5  16505
131  16510  4   0  0  5  16505
132  14938  2   1  14937
133  16490  3   0  0  16490
134  16506  2   4  16502
135  16512  2   15577  935
136  16503  3   0  0  16503
137  16503  3   0  0  16503
138  16476  2   0  16476
139  14684  2   0  14684
140  14684  2   0  14684
141  16490  2   1  16489
142  16476  2   0  16476
143  16470  2   0  16470
144  15990  2   0  15990
145  16504  2   3  16501
146  16504  2   3  16501

