[loci]=287

[populations]=7

[pop]=1
1  9100  2   2  9098
2  10360  3   0  0  10360
3  10338  2   0  10338
4  10394  2   0  10394
5  10030  3   45  0  9985
6  10330  2   0  10330
7  10397  3   0  0  10397
8  9713  4   0  0  0  9713
9  9098  2   2243  6855
10  10370  2   0  10370
11  10388  2   0  10388
12  10170  2   0  10170
13  9708  3   26  0  9682
14  10406  2   0  10406
15  10032  2   1  10031
16  2442  2   0  2442
17  8718  2   0  8718
18  8972  2   107  8865
19  9702  3   0  0  9702
20  10396  3   0  0  10396
21  10030  2   0  10030
22  10398  2   0  10398
23  10026  2   1  10025
24  8788  2   0  8788
25  9124  2   0  9124
26  10206  2   23  10183
27  10360  3   0  0  10360
28  9700  2   1  9699
29  10392  2   0  10392
30  10402  2   0  10402
31  10392  3   0  0  10392
32  2362  2   0  2362
33  10396  2   0  10396
34  9122  2   630  8492
35  10404  2   0  10404
36  10394  2   2  10392
37  10027  4   2  0  0  10025
38  10015  3   0  1  10014
39  10396  2   0  10396
40  8826  3   1  0  8825
41  10378  2   1  10377
42  10384  2   0  10384
43  10294  2   2  10292
44  10234  2   0  10234
45  10405  4   7135  0  0  3270
46  10024  4   0  0  36  9988
47  10012  2   249  9763
48  10240  3   0  0  10240
49  10393  3   0  0  10393
50  10024  4   0  0  0  10024
51  10367  4   0  0  0  10367
52  9131  4   0  0  1  9130
53  10376  3   0  0  10376
54  10388  2   0  10388
55  10392  2   0  10392
56  10356  3   0  20  10336
57  10398  2   1  10397
58  10404  2   1  10403
59  10367  3   0  0  10367
60  10390  2   0  10390
61  8494  3   0  0  8494
62  10398  3   0  0  10398
63  10406  3   0  0  10406
64  10404  2   0  10404
65  10376  3   2  0  10374
66  10402  2   0  10402
67  9688  2   0  9688
68  10392  2   0  10392
69  10382  2   0  10382
70  10392  2   0  10392
71  8888  3   0  0  8888
72  9136  2   15  9121
73  10377  3   0  0  10377
74  10374  2   1  10373
75  10278  2   0  10278
76  10379  3   0  0  10379
77  10007  3   0  0  10007
78  9146  2   852  8294
79  10388  2   0  10388
80  10398  3   0  0  10398
81  10406  2   461  9945
82  10375  3   0  2  10373
83  10401  3   0  0  10401
84  10372  2   0  10372
85  9678  2   7850  1828
86  10404  2   4  10400
87  10374  2   0  10374
88  9964  5   0  1  1  1  9961
89  9966  2   0  9966
90  10390  2   0  10390
91  10373  4   0  0  57  10316
92  10402  2   0  10402
93  9926  3   0  0  9926
94  10352  2   0  10352
95  10388  3   1  0  10387
96  9762  2   2  9760
97  10392  3   0  0  10392
98  10302  5   0  1  0  0  10301
99  10390  2   1  10389
100  10365  3   6  0  10359
101  9926  2   0  9926
102  10392  2   0  10392
103  10392  2   4  10388
104  10406  2   0  10406
105  1956  2   0  1956
106  10380  2   0  10380
107  10392  2   0  10392
108  10406  2   0  10406
109  10378  2   356  10022
110  9520  2   3  9517
111  9704  2   26  9678
112  10350  3   0  0  10350
113  10368  2   1  10367
114  8884  3   0  1  8883
115  10400  2   0  10400
116  10372  3   0  0  10372
117  8488  2   2  8486
118  10406  2   0  10406
119  10394  2   0  10394
120  10376  2   0  10376
121  9854  2   0  9854
122  10378  2   0  10378
123  10238  2   0  10238
124  10392  2   0  10392
125  9728  3   0  0  9728
126  10404  2   1  10403
127  10386  3   3  0  10383
128  9930  2   0  9930
129  10406  2   0  10406
130  9122  2   0  9122
131  10396  2   0  10396
132  10350  3   0  1735  8615
133  8485  2   0  8485
134  10380  2   0  10380
135  10406  2   0  10406
136  10384  3   0  0  10384
137  10392  2   0  10392
138  10372  2   0  10372
139  10334  2   2  10332
140  10406  3   0  3  10403
141  10106  3   0  0  10106
142  10294  2   0  10294
143  9776  4   0  0  0  9776
144  10400  2   0  10400
145  10394  2   8  10386
146  10280  2   5  10275
147  10366  4   0  0  9  10357
148  10406  2   0  10406
149  9874  2   7  9867
150  10406  2   241  10165
151  10404  3   0  0  10404
152  10406  3   0  0  10406
153  10362  3   0  0  10362
154  10394  3   0  0  10394
155  10190  2   0  10190
156  9683  3   0  0  9683
157  10310  2   4  10306
158  10360  2   1  10359
159  10404  2   1762  8642
160  9827  4   4  14  0  9809
161  10402  2   0  10402
162  1460  2   9  1451
163  10400  3   0  0  10400
164  9145  4   100  0  0  9045
165  9138  2   1  9137
166  10392  2   0  10392
167  10406  2   1  10405
168  10281  3   0  1  10280
169  9041  4   0  6  0  9035
170  10403  3   0  0  10403
171  9748  3   0  1  9747
172  9662  3   0  0  9662
173  10400  2   0  10400
174  9144  3   1  1  9142
175  9136  2   5  9131
176  10138  2   0  10138
177  9748  2   0  9748
178  9142  2   0  9142
179  10400  2   0  10400
180  8471  2   0  8471
181  9794  2   0  9794
182  1362  2   0  1362
183  10052  2   3  10049
184  10404  3   1  0  10403
185  10396  2   0  10396
186  10364  5   0  2  1  0  10361
187  8834  2   0  8834
188  10402  3   1  0  10401
189  10262  2   1  10261
190  10404  3   0  0  10404
191  8913  3   0  41  8872
192  10400  3   0  0  10400
193  10054  3   0  0  10054
194  10406  2   0  10406
195  10404  2   86  10318
196  10404  2   0  10404
197  7815  4   0  0  0  7815
198  10406  3   0  0  10406
199  9503  3   0  0  9503
200  10400  2   6  10394
201  9152  3   1  1  9150
202  10406  4   0  0  0  10406
203  10204  3   0  0  10204
204  10406  2   0  10406
205  6589  5   0  0  0  1  6588
206  10402  2   0  10402
207  10394  2   20  10374
208  9601  3   0  0  9601
209  10247  3   0  1  10246
210  10200  3   0  0  10200
211  10325  3   0  0  10325
212  10406  2   0  10406
213  9366  2   0  9366
214  6839  3   0  0  6839
215  9592  2   1  9591
216  4433  4   0  0  2  4431
217  10406  2   0  10406
218  1460  2   0  1460
219  10406  5   0  0  1  0  10405
220  10400  2   0  10400
221  10322  2   1  10321
222  10406  3   0  0  10406
223  10089  3   0  0  10089
224  6890  2   0  6890
225  9780  2   0  9780
226  9590  3   0  1  9589
227  10276  3   24  0  10252
228  10401  4   4781  0  0  5620
229  10406  4   0  0  0  10406
230  10041  4   0  0  0  10041
231  10072  2   47  10025
232  9588  2   0  9588
233  10264  5   197  198  0  0  9869
234  10150  3   0  573  9577
235  10406  2   0  10406
236  10392  2   1140  9252
237  10011  3   1  0  10010
238  9814  2   1  9813
239  10042  2   1  10041
240  9596  2   7  9589
241  8658  2   0  8658
242  10114  3   0  1  10113
243  10400  3   0  0  10400
244  8643  3   0  0  8643
245  10094  2   0  10094
246  2249  3   0  1  2248
247  10398  2   0  10398
248  9129  3   0  0  9129
249  10312  3   0  0  10312
250  9814  2   0  9814
251  8772  4   0  0  0  8772
252  10402  2   0  10402
253  8417  3   1  0  8416
254  9884  2   0  9884
255  10400  2   54  10346
256  10402  2   0  10402
257  10088  2   0  10088
258  7162  3   0  149  7013
259  10406  2   1  10405
260  9138  2   0  9138
261  9158  2   0  9158
262  10306  2   0  10306
263  9898  2   2  9896
264  8912  2   0  8912
265  10406  2   1  10405
266  10312  3   1  0  10311
267  8220  2   0  8220
268  7125  4   0  1  0  7124
269  10382  2   3  10379
270  9848  2   0  9848
271  10406  2   0  10406
272  7991  4   0  4  0  7987
273  9764  3   0  0  9764
274  10374  3   0  0  10374
275  10396  2   0  10396
276  10402  3   0  0  10402
277  10406  3   0  5554  4852
278  9132  3   0  0  9132
279  9916  2   0  9916
280  10406  2   0  10406
281  7554  3   811  0  6743
282  9473  3   0  0  9473
283  10082  2   0  10082
284  4802  3   0  1  4801
285  10406  3   0  0  10406
286  10406  3   3  0  10403
287  9310  2   0  9310

[pop]=2
1  11408  2   0  11408
2  11518  3   0  0  11518
3  11558  2   0  11558
4  11572  2   0  11572
5  11463  3   167  0  11296
6  11562  2   0  11562
7  11562  3   0  0  11562
8  11532  4   1  0  0  11531
9  11394  2   1260  10134
10  11556  2   0  11556
11  11568  2   0  11568
12  11550  2   0  11550
13  11530  3   0  0  11530
14  11578  2   0  11578
15  11464  2   3  11461
16  3138  2   0  3138
17  11436  2   1  11435
18  11390  2   23  11367
19  11489  3   0  0  11489
20  11572  3   0  0  11572
21  11464  2   7  11457
22  11574  2   0  11574
23  11466  2   1  11465
24  11398  2   0  11398
25  11424  2   0  11424
26  11552  2   6  11546
27  11560  3   0  0  11560
28  11512  2   0  11512
29  11576  2   0  11576
30  11578  2   4  11574
31  11570  3   0  1  11569
32  2930  2   0  2930
33  11568  2   0  11568
34  11420  2   154  11266
35  11566  2   0  11566
36  11570  2   0  11570
37  11456  4   0  1  0  11455
38  11464  3   0  4  11460
39  11570  2   0  11570
40  11400  3   0  0  11400
41  11558  2   0  11558
42  11570  2   0  11570
43  11522  2   0  11522
44  11552  2   0  11552
45  11577  4   7063  0  0  4514
46  11454  4   0  0  3  11451
47  11464  2   27  11437
48  11552  3   0  0  11552
49  11576  3   0  0  11576
50  11449  4   2  0  1  11446
51  11568  4   1  1  1  11565
52  11433  4   1  0  0  11432
53  11551  3   0  0  11551
54  11556  2   0  11556
55  11572  2   0  11572
56  11568  3   0  42  11526
57  11576  2   0  11576
58  11576  2   1  11575
59  11561  3   0  0  11561
60  11564  2   0  11564
61  9272  3   0  0  9272
62  11576  3   0  0  11576
63  11578  3   0  0  11578
64  11576  2   0  11576
65  11568  3   0  0  11568
66  11576  2   0  11576
67  11474  2   2  11472
68  11562  2   1  11561
69  11568  2   0  11568
70  11572  2   0  11572
71  11417  3   0  0  11417
72  11438  2   0  11438
73  11552  3   0  0  11552
74  11570  2   0  11570
75  11554  2   0  11554
76  11556  3   0  1  11555
77  11463  3   0  0  11463
78  11442  2   1530  9912
79  11566  2   0  11566
80  11574  3   0  0  11574
81  11576  2   19  11557
82  11549  3   0  0  11549
83  11558  3   0  0  11558
84  11564  2   0  11564
85  11376  2   4737  6639
86  11578  2   0  11578
87  11558  2   1  11557
88  11405  5   0  12  0  0  11393
89  11470  2   0  11470
90  11566  2   0  11566
91  11555  4   0  0  3  11552
92  11576  2   0  11576
93  11400  3   0  2  11398
94  11568  2   0  11568
95  11573  3   0  0  11573
96  11552  2   1  11551
97  11568  3   0  0  11568
98  11551  5   0  0  1  0  11550
99  11570  2   0  11570
100  11552  3   2  0  11550
101  11398  2   0  11398
102  11556  2   0  11556
103  11574  2   0  11574
104  11578  2   0  11578
105  1942  2   0  1942
106  11550  2   0  11550
107  11574  2   0  11574
108  11576  2   0  11576
109  11570  2   18  11552
110  11334  2   0  11334
111  11464  2   6  11458
112  11567  3   1  0  11566
113  11506  2   5  11501
114  11420  3   0  0  11420
115  11552  2   0  11552
116  11570  3   0  0  11570
117  9260  2   0  9260
118  11578  2   2  11576
119  11578  2   0  11578
120  11550  2   1  11549
121  11558  2   0  11558
122  11548  2   0  11548
123  11512  2   0  11512
124  11574  2   0  11574
125  11481  3   0  1  11480
126  11578  2   3  11575
127  11570  3   0  0  11570
128  11474  2   0  11474
129  11578  2   0  11578
130  11434  2   0  11434
131  11570  2   0  11570
132  11569  3   0  3434  8135
133  9254  2   0  9254
134  11568  2   0  11568
135  11578  2   0  11578
136  11562  3   0  0  11562
137  11556  2   0  11556
138  11560  2   0  11560
139  11568  2   0  11568
140  11576  3   1  404  11171
141  11224  3   0  0  11224
142  11554  2   0  11554
143  11280  4   0  0  0  11280
144  11578  2   0  11578
145  11572  2   0  11572
146  11552  2   0  11552
147  11559  4   0  0  19  11540
148  11578  2   0  11578
149  11474  2   0  11474
150  11578  2   994  10584
151  11578  3   4  1  11573
152  11578  3   1  0  11577
153  11543  3   0  0  11543
154  11572  3   0  0  11572
155  11498  2   0  11498
156  11223  3   1  2  11220
157  11568  2   0  11568
158  11558  2   0  11558
159  11578  2   97  11481
160  11471  4   1  2  0  11468
161  11578  2   0  11578
162  1142  2   0  1142
163  11578  3   0  1  11577
164  11439  4   296  0  0  11143
165  11438  2   0  11438
166  11572  2   0  11572
167  11562  2   1  11561
168  11549  3   0  0  11549
169  10675  4   1  3  0  10671
170  11578  3   12  0  11566
171  11529  3   0  0  11529
172  11216  3   0  0  11216
173  11578  2   0  11578
174  11444  3   0  0  11444
175  11438  2   0  11438
176  11492  2   0  11492
177  11530  2   0  11530
178  11432  2   0  11432
179  11578  2   0  11578
180  9211  2   0  9211
181  11472  2   0  11472
182  996  2   0  996
183  11566  2   0  11566
184  11576  3   0  2  11574
185  11534  2   0  11534
186  11558  5   0  0  0  0  11558
187  10294  2   0  10294
188  11578  3   0  0  11578
189  11566  2   1  11565
190  11576  3   1  0  11575
191  8790  3   0  1  8789
192  11578  3   0  0  11578
193  11570  3   0  0  11570
194  11578  2   0  11578
195  11576  2   2  11574
196  11578  2   0  11578
197  8579  4   0  0  0  8579
198  11578  3   0  0  11578
199  10815  3   0  0  10815
200  11578  2   0  11578
201  11444  3   0  0  11444
202  11578  4   0  0  0  11578
203  11559  3   0  0  11559
204  11578  2   0  11578
205  6864  5   0  0  0  0  6864
206  11578  2   0  11578
207  11576  2   1  11575
208  10794  3   0  0  10794
209  11523  3   9  0  11514
210  11574  3   0  0  11574
211  11538  3   0  0  11538
212  11562  2   0  11562
213  11002  2   2  11000
214  7375  3   0  0  7375
215  10692  2   0  10692
216  3767  4   1  0  0  3766
217  11574  2   0  11574
218  1340  2   0  1340
219  11578  5   0  0  0  0  11578
220  11570  2   0  11570
221  11534  2   0  11534
222  11578  3   0  0  11578
223  11519  3   0  0  11519
224  7484  2   0  7484
225  11546  2   0  11546
226  10664  3   0  0  10664
227  11515  3   1  0  11514
228  11572  4   970  0  0  10602
229  11560  4   0  0  0  11560
230  11511  4   0  1  0  11510
231  11528  2   1  11527
232  10594  2   0  10594
233  11511  5   294  295  1  0  10921
234  11505  3   0  870  10635
235  11558  2   0  11558
236  11570  2   161  11409
237  11501  3   0  0  11501
238  11420  2   0  11420
239  11526  2   0  11526
240  10574  2   47  10527
241  10446  2   0  10446
242  11548  3   0  0  11548
243  11578  3   0  1  11577
244  10435  3   0  0  10435
245  11540  2   0  11540
246  2310  3   0  0  2310
247  11568  2   3  11565
248  11442  3   0  0  11442
249  11527  3   0  0  11527
250  10932  2   0  10932
251  11128  4   0  0  0  11128
252  11574  2   2  11572
253  10244  3   0  0  10244
254  11468  2   0  11468
255  11564  2   5  11559
256  11574  2   2  11572
257  11536  2   0  11536
258  7660  3   1  11  7648
259  11576  2   0  11576
260  11444  2   0  11444
261  11452  2   0  11452
262  11530  2   9  11521
263  11482  2   0  11482
264  11206  2   0  11206
265  11576  2   0  11576
266  11542  3   0  0  11542
267  10026  2   0  10026
268  7648  4   0  0  0  7648
269  11566  2   0  11566
270  11478  2   0  11478
271  11578  2   0  11578
272  9812  4   0  1  0  9811
273  11464  3   2  0  11462
274  11566  3   0  0  11566
275  11574  2   0  11574
276  11546  3   0  0  11546
277  11576  3   0  6474  5102
278  11440  3   0  0  11440
279  11034  2   0  11034
280  11576  2   0  11576
281  8244  3   76  0  8168
282  9638  3   1  1  9636
283  11528  2   1  11527
284  4209  3   0  0  4209
285  11576  3   0  0  11576
286  11572  3   0  0  11572
287  11374  2   0  11374

[pop]=3
1  8496  2   0  8496
2  8639  3   0  0  8639
3  8630  2   21  8609
4  8646  2   0  8646
5  8561  3   0  10  8551
6  8632  2   0  8632
7  8619  3   0  0  8619
8  8586  4   0  1  2  8583
9  8490  2   758  7732
10  8650  2   2  8648
11  8644  2   2  8642
12  8598  2   0  8598
13  8586  3   18  0  8568
14  8654  2   0  8654
15  8530  2   0  8530
16  2630  2   16  2614
17  8510  2   0  8510
18  8478  2   0  8478
19  8592  3   3  2  8587
20  8646  3   0  0  8646
21  8526  2   0  8526
22  8646  2   0  8646
23  8568  2   0  8568
24  8420  2   0  8420
25  8514  2   0  8514
26  8600  2   1  8599
27  8644  3   1  0  8643
28  8586  2   0  8586
29  8652  2   0  8652
30  8654  2   0  8654
31  8644  3   0  0  8644
32  2432  2   0  2432
33  8624  2   0  8624
34  8506  2   180  8326
35  8654  2   2  8652
36  8644  2   0  8644
37  8525  4   0  1  0  8524
38  8564  3   1  0  8563
39  8626  2   1  8625
40  8428  3   0  0  8428
41  8652  2   0  8652
42  8644  2   0  8644
43  8616  2   0  8616
44  8604  2   0  8604
45  8649  4   4346  0  0  4303
46  8524  4   0  0  2  8522
47  8564  2   1  8563
48  8604  3   0  0  8604
49  8654  3   0  0  8654
50  8519  4   0  0  0  8519
51  8646  4   0  0  0  8646
52  8514  4   0  0  0  8514
53  8650  3   0  0  8650
54  8646  2   0  8646
55  8644  2   0  8644
56  8650  3   0  13  8637
57  8646  2   0  8646
58  8640  2   0  8640
59  8648  3   0  0  8648
60  8644  2   0  8644
61  6620  3   0  0  6620
62  8646  3   2  2  8642
63  8654  3   0  0  8654
64  8640  2   0  8640
65  8646  3   0  0  8646
66  8654  2   0  8654
67  8584  2   1  8583
68  8644  2   0  8644
69  8646  2   0  8646
70  8630  2   1  8629
71  8443  3   0  0  8443
72  8518  2   0  8518
73  8651  3   0  1  8650
74  8638  2   0  8638
75  8608  2   0  8608
76  8644  3   0  0  8644
77  8560  3   0  0  8560
78  8478  2   2590  5888
79  8648  2   0  8648
80  8644  3   0  0  8644
81  8640  2   0  8640
82  8652  3   0  0  8652
83  8654  3   0  0  8654
84  8648  2   0  8648
85  8532  2   4965  3567
86  8654  2   0  8654
87  8632  2   13  8619
88  8488  5   0  0  0  1  8487
89  8552  2   0  8552
90  8648  2   0  8648
91  8632  4   0  0  1  8631
92  8654  2   4  8650
93  8480  3   0  0  8480
94  8650  2   0  8650
95  8627  3   0  0  8627
96  8632  2   0  8632
97  8649  3   0  0  8649
98  8614  5   1  0  0  2  8611
99  8654  2   0  8654
100  8631  3   0  0  8631
101  8480  2   0  8480
102  8642  2   0  8642
103  8642  2   0  8642
104  8654  2   0  8654
105  1680  2   0  1680
106  8652  2   0  8652
107  8640  2   11  8629
108  8640  2   0  8640
109  8638  2   0  8638
110  8536  2   0  8536
111  8588  2   0  8588
112  8646  3   0  1  8645
113  8622  2   0  8622
114  8444  3   0  0  8444
115  8654  2   0  8654
116  8630  3   0  1  8629
117  6606  2   0  6606
118  8654  2   0  8654
119  8648  2   0  8648
120  8650  2   0  8650
121  8644  2   12  8632
122  8652  2   0  8652
123  8602  2   0  8602
124  8654  2   0  8654
125  8600  3   0  0  8600
126  8654  2   0  8654
127  8639  3   0  0  8639
128  8552  2   0  8552
129  8654  2   0  8654
130  8514  2   13  8501
131  8654  2   0  8654
132  8638  3   0  1282  7356
133  6603  2   5  6598
134  8638  2   0  8638
135  8654  2   0  8654
136  8650  3   0  0  8650
137  8650  2   0  8650
138  8652  2   0  8652
139  8636  2   0  8636
140  8654  3   0  66  8588
141  8548  3   0  0  8548
142  8614  2   0  8614
143  8411  4   0  0  0  8411
144  8648  2   0  8648
145  8654  2   0  8654
146  8614  2   0  8614
147  8634  4   1  0  0  8633
148  8654  2   0  8654
149  8532  2   0  8532
150  8654  2   3  8651
151  8636  3   0  1  8635
152  8654  3   0  1  8653
153  8651  3   0  0  8651
154  8654  3   0  0  8654
155  8584  2   0  8584
156  8365  3   0  0  8365
157  8632  2   0  8632
158  8634  2   0  8634
159  8654  2   0  8654
160  8527  4   7  16  0  8504
161  8640  2   0  8640
162  1144  2   0  1144
163  8650  3   0  0  8650
164  8518  4   9  0  0  8509
165  8514  2   0  8514
166  8654  2   0  8654
167  8654  2   1  8653
168  8620  3   0  0  8620
169  8185  4   1  0  0  8184
170  8654  3   0  0  8654
171  8609  3   0  0  8609
172  8344  3   0  0  8344
173  8650  2   5  8645
174  8518  3   0  0  8518
175  8514  2   0  8514
176  8562  2   0  8562
177  8610  2   0  8610
178  8508  2   0  8508
179  8654  2   0  8654
180  6584  2   2  6582
181  8506  2   0  8506
182  1046  2   0  1046
183  8652  2   0  8652
184  8654  3   0  1  8653
185  8654  2   0  8654
186  8619  5   0  0  0  0  8619
187  8030  2   0  8030
188  8654  3   0  0  8654
189  8620  2   0  8620
190  8654  3   0  0  8654
191  7159  3   0  0  7159
192  8652  3   0  0  8652
193  8652  3   0  0  8652
194  8654  2   0  8654
195  8654  2   0  8654
196  8654  2   0  8654
197  7016  4   0  0  0  7016
198  8654  3   1  0  8653
199  8393  3   0  1  8392
200  8652  2   0  8652
201  8519  3   0  0  8519
202  8654  4   0  0  0  8654
203  8613  3   0  0  8613
204  8654  2   0  8654
205  6008  5   0  2  0  0  6006
206  8652  2   2  8650
207  8652  2   0  8652
208  8358  3   0  1  8357
209  8612  3   0  0  8612
210  8654  3   0  0  8654
211  8644  3   1  0  8643
212  8654  2   0  8654
213  8152  2   0  8152
214  6343  3   0  1  6342
215  8326  2   0  8326
216  3288  4   0  0  0  3288
217  8654  2   0  8654
218  1102  2   0  1102
219  8654  5   1  0  3  0  8650
220  8654  2   4  8650
221  8644  2   0  8644
222  8654  3   0  0  8654
223  8592  3   0  0  8592
224  6414  2   0  6414
225  8622  2   2  8620
226  8312  3   0  0  8312
227  8613  3   0  0  8613
228  8645  4   2683  0  17  5945
229  8646  4   0  0  0  8646
230  8586  4   0  47  0  8539
231  8620  2   0  8620
232  8296  2   1  8295
233  8606  5   4  3  1  0  8598
234  8574  3   3  5  8566
235  8650  2   0  8650
236  8648  2   336  8312
237  8587  3   0  0  8587
238  8448  2   0  8448
239  8620  2   0  8620
240  8284  2   0  8284
241  7634  2   3  7631
242  8592  3   2  0  8590
243  8652  3   1  0  8651
244  7625  3   1  0  7624
245  8590  2   2  8588
246  1900  3   0  0  1900
247  8650  2   0  8650
248  8518  3   0  0  8518
249  8636  3   0  0  8636
250  8384  2   0  8384
251  8209  4   0  0  0  8209
252  8648  2   0  8648
253  7398  3   1  0  7397
254  8554  2   1  8553
255  8654  2   0  8654
256  8646  2   0  8646
257  8578  2   0  8578
258  5980  3   0  0  5980
259  8654  2   0  8654
260  8520  2   3  8517
261  8520  2   0  8520
262  8636  2   0  8636
263  8576  2   0  8576
264  8254  2   1  8253
265  8654  2   0  8654
266  8640  3   0  1  8639
267  7192  2   4  7188
268  5992  4   0  0  0  5992
269  8654  2   0  8654
270  8578  2   1  8577
271  8654  2   0  8654
272  6947  4   0  0  0  6947
273  8528  3   0  0  8528
274  8653  3   0  0  8653
275  8652  2   0  8652
276  8643  3   0  0  8643
277  8652  3   9  6432  2211
278  8519  3   0  0  8519
279  8438  2   2  8436
280  8654  2   0  8654
281  6806  3   0  0  6806
282  7983  3   0  0  7983
283  8574  2   0  8574
284  3540  3   8  0  3532
285  8654  3   0  1  8653
286  8654  3   0  0  8654
287  8372  2   0  8372

[pop]=4
1  6330  2   0  6330
2  6604  3   0  0  6604
3  6562  2   0  6562
4  6614  2   0  6614
5  6307  3   101  0  6206
6  6614  2   0  6614
7  6591  3   0  0  6591
8  6605  4   0  0  0  6605
9  6332  2   226  6106
10  6608  2   0  6608
11  6614  2   0  6614
12  6608  2   0  6608
13  6606  3   0  0  6606
14  6614  2   0  6614
15  6410  2   0  6410
16  870  2   0  870
17  6614  2   0  6614
18  6574  2   0  6574
19  6590  3   0  0  6590
20  6614  3   0  0  6614
21  6382  2   0  6382
22  6614  2   0  6614
23  6354  2   0  6354
24  6590  2   0  6590
25  6376  2   0  6376
26  6610  2   16  6594
27  6614  3   0  0  6614
28  6606  2   0  6606
29  6614  2   0  6614
30  6614  2   1  6613
31  6614  3   0  0  6614
32  800  2   0  800
33  6606  2   0  6606
34  6382  2   28  6354
35  6610  2   0  6610
36  6614  2   0  6614
37  6372  4   0  0  0  6372
38  6360  3   0  0  6360
39  6604  2   0  6604
40  6590  3   0  1  6589
41  6608  2   0  6608
42  6614  2   0  6614
43  6610  2   0  6610
44  6610  2   0  6610
45  6613  4   3272  0  0  3341
46  6361  4   0  0  0  6361
47  6362  2   0  6362
48  6610  3   0  0  6610
49  6614  3   0  0  6614
50  6357  4   0  0  0  6357
51  6614  4   0  0  0  6614
52  6409  4   0  0  0  6409
53  6606  3   0  0  6606
54  6612  2   0  6612
55  6614  2   7  6607
56  6610  3   0  154  6456
57  6614  2   0  6614
58  6612  2   0  6612
59  6614  3   0  1  6613
60  6614  2   0  6614
61  4522  3   0  0  4522
62  6614  3   0  0  6614
63  6614  3   0  1  6613
64  6612  2   0  6612
65  6614  3   0  0  6614
66  6614  2   0  6614
67  6586  2   0  6586
68  6614  2   0  6614
69  6614  2   0  6614
70  6610  2   0  6610
71  6593  3   0  0  6593
72  6432  2   0  6432
73  6606  3   0  0  6606
74  6614  2   0  6614
75  6610  2   0  6610
76  6608  3   0  0  6608
77  6401  3   0  0  6401
78  6486  2   1851  4635
79  6612  2   0  6612
80  6614  3   0  0  6614
81  6612  2   0  6612
82  6603  3   0  0  6603
83  6610  3   0  0  6610
84  6614  2   0  6614
85  6544  2   2821  3723
86  6614  2   0  6614
87  6614  2   0  6614
88  6244  5   0  0  0  0  6244
89  6416  2   0  6416
90  6612  2   0  6612
91  6614  4   0  0  0  6614
92  6614  2   0  6614
93  6198  3   0  0  6198
94  6610  2   0  6610
95  6610  3   0  0  6610
96  6612  2   0  6612
97  6612  3   0  0  6612
98  6610  5   0  0  16  0  6594
99  6614  2   0  6614
100  6614  3   0  0  6614
101  6198  2   0  6198
102  6612  2   0  6612
103  6614  2   0  6614
104  6614  2   0  6614
105  540  2   0  540
106  6604  2   0  6604
107  6614  2   0  6614
108  6612  2   0  6612
109  6614  2   0  6614
110  6544  2   0  6544
111  6586  2   0  6586
112  6612  3   0  0  6612
113  6596  2   0  6596
114  6594  3   0  0  6594
115  6610  2   0  6610
116  6614  3   0  0  6614
117  4520  2   0  4520
118  6614  2   0  6614
119  6614  2   0  6614
120  6614  2   0  6614
121  6612  2   0  6612
122  6604  2   0  6604
123  6614  2   0  6614
124  6614  2   0  6614
125  6594  3   0  0  6594
126  6614  2   0  6614
127  6614  3   0  0  6614
128  6446  2   0  6446
129  6614  2   0  6614
130  6582  2   0  6582
131  6614  2   0  6614
132  6612  3   0  2848  3764
133  4520  2   0  4520
134  6614  2   0  6614
135  6614  2   0  6614
136  6614  3   0  0  6614
137  6606  2   0  6606
138  6614  2   0  6614
139  6606  2   0  6606
140  6614  3   0  0  6614
141  6488  3   0  0  6488
142  6608  2   0  6608
143  5963  4   0  0  0  5963
144  6614  2   0  6614
145  6614  2   0  6614
146  6608  2   0  6608
147  6614  4   0  0  3  6611
148  6614  2   0  6614
149  6464  2   0  6464
150  6614  2   933  5681
151  6612  3   0  0  6612
152  6614  3   0  0  6614
153  6605  3   0  0  6605
154  6614  3   0  0  6614
155  6614  2   0  6614
156  5847  3   0  0  5847
157  6606  2   0  6606
158  6614  2   0  6614
159  6614  2   0  6614
160  6461  4   0  0  0  6461
161  6612  2   0  6612
162  310  2   0  310
163  6614  3   0  0  6614
164  6482  4   309  0  0  6173
165  6586  2   0  6586
166  6614  2   0  6614
167  6614  2   1  6613
168  6608  3   0  0  6608
169  6267  4   0  0  0  6267
170  6614  3   0  0  6614
171  6601  3   0  0  6601
172  5810  3   0  0  5810
173  6614  2   0  6614
174  6484  3   0  0  6484
175  6584  2   0  6584
176  6612  2   0  6612
177  6602  2   26  6576
178  6582  2   0  6582
179  6614  2   0  6614
180  4513  2   0  4513
181  6474  2   0  6474
182  274  2   0  274
183  6614  2   0  6614
184  6614  3   0  0  6614
185  6610  2   0  6610
186  6612  5   0  0  0  0  6612
187  6166  2   0  6166
188  6614  3   0  0  6614
189  6598  2   0  6598
190  6614  3   0  0  6614
191  5619  3   0  0  5619
192  6614  3   0  0  6614
193  6614  3   0  0  6614
194  6614  2   0  6614
195  6614  2   0  6614
196  6614  2   0  6614
197  5466  4   0  0  0  5466
198  6614  3   0  0  6614
199  5586  3   0  0  5586
200  6614  2   0  6614
201  6604  3   0  0  6604
202  6614  4   0  0  0  6614
203  6592  3   0  0  6592
204  6614  2   0  6614
205  4590  5   0  0  0  0  4590
206  6614  2   0  6614
207  6614  2   0  6614
208  5611  3   0  0  5611
209  6614  3   0  0  6614
210  6613  3   0  0  6613
211  6604  3   0  0  6604
212  6614  2   0  6614
213  5496  2   0  5496
214  4781  3   0  0  4781
215  5588  2   0  5588
216  1505  4   0  0  0  1505
217  6614  2   0  6614
218  342  2   0  342
219  6614  5   0  0  0  0  6614
220  6612  2   0  6612
221  6604  2   0  6604
222  6614  3   0  0  6614
223  6595  3   0  0  6595
224  4792  2   0  4792
225  6610  2   0  6610
226  5565  3   0  3  5562
227  6614  3   0  0  6614
228  6614  4   371  0  0  6243
229  6614  4   0  0  0  6614
230  6592  4   0  0  0  6592
231  6528  2   0  6528
232  5536  2   0  5536
233  6614  5   152  152  0  0  6310
234  6613  3   0  907  5706
235  6614  2   0  6614
236  6612  2   4  6608
237  6587  3   0  0  6587
238  6586  2   0  6586
239  6516  2   0  6516
240  5514  2   10  5504
241  4922  2   0  4922
242  6576  3   0  0  6576
243  6614  3   0  0  6614
244  4898  3   0  0  4898
245  6576  2   0  6576
246  693  3   0  0  693
247  6612  2   0  6612
248  6498  3   0  0  6498
249  6605  3   0  0  6605
250  6392  2   0  6392
251  5950  4   0  0  0  5950
252  6614  2   0  6614
253  4732  3   0  0  4732
254  6614  2   0  6614
255  6614  2   0  6614
256  6614  2   0  6614
257  6568  2   0  6568
258  3608  3   0  0  3608
259  6614  2   0  6614
260  6500  2   0  6500
261  6610  2   0  6610
262  6606  2   0  6606
263  6564  2   0  6564
264  6084  2   0  6084
265  6614  2   0  6614
266  6612  3   0  0  6612
267  4516  2   0  4516
268  3629  4   0  0  0  3629
269  6612  2   0  6612
270  6552  2   0  6552
271  6614  2   0  6614
272  4331  4   0  0  0  4331
273  6614  3   0  0  6614
274  6612  3   0  0  6612
275  6614  2   0  6614
276  6612  3   0  0  6612
277  6613  3   0  1888  4725
278  6499  3   0  0  6499
279  6550  2   0  6550
280  6614  2   0  6614
281  4962  3   98  0  4864
282  5180  3   0  0  5180
283  6554  2   1  6553
284  1678  3   0  0  1678
285  6614  3   0  0  6614
286  6614  3   3  0  6611
287  6508  2   0  6508

[pop]=5
1  62824  2   0  62824
2  66551  3   1  1  66549
3  66238  2   1  66237
4  66704  2   2  66702
5  64948  3   1781  1  63166
6  66530  2   0  66530
7  66664  3   1  2  66661
8  65878  4   0  0  1  65877
9  62898  2   7596  55302
10  66672  2   0  66672
11  66564  2   1  66563
12  66544  2   7  66537
13  65885  3   5  1  65879
14  66740  2   11  66729
15  65128  2   92  65036
16  18486  2   0  18486
17  61858  2   0  61858
18  61892  2   123  61769
19  66123  3   0  0  66123
20  66710  3   0  3  66707
21  65122  2   0  65122
22  66634  2   2  66632
23  64922  2   0  64922
24  62504  2   4  62500
25  63032  2   6  63026
26  66576  2   423  66153
27  66610  3   0  1  66609
28  65864  2   3  65861
29  66682  2   9  66673
30  66736  2   16  66720
31  66580  3   0  0  66580
32  17776  2   2  17774
33  66704  2   0  66704
34  63064  2   982  62082
35  66706  2   2  66704
36  66560  2   0  66560
37  65113  4   0  2  2  65109
38  64878  3   0  0  64878
39  66708  2   1  66707
40  62542  3   0  1  62541
41  66684  2   3  66681
42  66552  2   2  66550
43  65100  2   1  65099
44  66580  2   2  66578
45  66681  4   36680  2  0  29999
46  65093  4   1  1  1  65090
47  64880  2   2  64878
48  66583  3   0  1  66582
49  66688  3   0  2  66686
50  65079  4   16  0  0  65063
51  66631  4   2  2  0  66627
52  63151  4   0  1  0  63150
53  66674  3   1  4  66669
54  66688  2   2  66686
55  66498  2   2  66496
56  66681  3   1  1016  65664
57  66630  2   2  66628
58  66736  2   0  66736
59  66632  3   1  2  66629
60  66638  2   0  66638
61  47782  3   1  1  47780
62  66626  3   2  0  66624
63  66738  3   3  0  66735
64  66736  2   1  66735
65  66644  3   0  0  66644
66  66720  2   0  66720
67  65874  2   0  65874
68  66638  2   3  66635
69  66658  2   1  66657
70  66702  2   0  66702
71  62643  3   1  1  62641
72  63186  2   0  63186
73  66684  3   1  0  66683
74  66510  2   1  66509
75  66592  2   0  66592
76  66583  3   0  0  66583
77  64880  3   1  1  64878
78  63210  2   11625  51585
79  66696  2   2  66694
80  66608  3   1  1  66606
81  66732  2   16  66716
82  66683  3   1  1  66681
83  66709  3   1  1  66707
84  66614  2   2  66612
85  65336  2   28904  36432
86  66734  2   0  66734
87  66168  2   1  66167
88  64825  5   1  0  0  0  64824
89  64840  2   0  64840
90  66702  2   2  66700
91  66088  4   1  2  1  66084
92  66570  2   0  66570
93  64718  3   0  15  64703
94  66650  2   1  66649
95  66695  3   0  6  66689
96  65974  2   12  65962
97  66702  3   1  2  66699
98  66596  5   2  0  4  0  66590
99  66666  2   9  66657
100  66052  3   0  1  66051
101  64688  2   5  64683
102  66624  2   0  66624
103  66588  2   1  66587
104  66740  2   2  66738
105  13978  2   5  13973
106  66688  2   2  66686
107  66582  2   0  66582
108  66726  2   3  66723
109  66492  2   14  66478
110  65216  2   0  65216
111  66076  2   18  66058
112  66635  3   0  0  66635
113  66480  2   24  66456
114  62660  3   1  0  62659
115  66700  2   2  66698
116  66460  3   1  0  66459
117  47681  2   37  47644
118  66734  2   0  66734
119  66704  2   2  66702
120  66154  2   0  66154
121  66180  2   0  66180
122  66672  2   2  66670
123  64670  2   2  64668
124  66686  2   2  66684
125  66309  3   0  0  66309
126  66732  2   0  66732
127  66455  3   0  44  66411
128  64732  2   2  64730
129  66740  2   0  66740
130  63036  2   0  63036
131  66710  2   0  66710
132  66603  3   4  23941  42658
133  47649  2   0  47649
134  66420  2   1  66419
135  66736  2   9  66727
136  66311  3   1  0  66310
137  66672  2   0  66672
138  66298  2   0  66298
139  66444  2   0  66444
140  66728  3   2  18  66708
141  64720  3   0  1  64719
142  66564  2   3  66561
143  63880  4   1  0  1  63878
144  66718  2   0  66718
145  66558  2   0  66558
146  66552  2   0  66552
147  66138  4   3  1  115  66019
148  66734  2   0  66734
149  64494  2   0  64494
150  66736  2   9930  56806
151  66718  3   0  0  66718
152  66740  3   1  0  66739
153  66638  3   1  1  66636
154  66708  3   0  0  66708
155  64116  2   2  64114
156  63489  3   1  1  63487
157  66402  2   20  66382
158  66030  2   4  66026
159  66734  2   122  66612
160  64389  4   0  0  1  64388
161  66718  2   0  66718
162  10760  2   0  10760
163  66720  3   1  1  66718
164  63203  4   2903  2  1  60297
165  63134  2   2  63132
166  66708  2   3  66705
167  66738  2   0  66738
168  66552  3   0  0  66552
169  62691  4   1  2  0  62688
170  66672  3   2  0  66670
171  66531  3   1  0  66530
172  63410  3   1  0  63409
173  66724  2   3  66721
174  63208  3   0  0  63208
175  63126  2   9  63117
176  63832  2   4  63828
177  66552  2   3  66549
178  63132  2   0  63132
179  66662  2   4  66658
180  47404  2   0  47404
181  64212  2   2  64210
182  10180  2   2  10178
183  66334  2   0  66334
184  66719  3   0  8  66711
185  66664  2   0  66664
186  66231  5   0  1  0  2  66228
187  61254  2   0  61254
188  66654  3   0  0  66654
189  66278  2   0  66278
190  66733  3   1  1  66731
191  53594  3   1  8  53585
192  66726  3   1  0  66725
193  66350  3   1  1  66348
194  66740  2   5  66735
195  66712  2   0  66712
196  66740  2   0  66740
197  54527  4   0  0  0  54527
198  66729  3   0  3  66726
199  62817  3   1  0  62816
200  66726  2   0  66726
201  63217  3   0  0  63217
202  66740  4   1  1  2  66736
203  66070  3   2  2  66066
204  66738  2   2  66736
205  47188  5   1  1  1  1  47184
206  66590  2   0  66590
207  66606  2   0  66606
208  63576  3   1  0  63575
209  65151  3   2  1  65148
210  66464  3   1  0  66463
211  66580  3   0  2  66578
212  66736  2   2  66734
213  61894  2   0  61894
214  49286  3   0  0  49286
215  63534  2   1  63533
216  29807  4   1  0  0  29806
217  66684  2   4  66680
218  11410  2   2  11408
219  66740  5   0  0  0  0  66740
220  66692  2   0  66692
221  66556  2   1  66555
222  66739  3   1  3  66735
223  65242  3   1  1  65240
224  49752  2   2  49750
225  66660  2   0  66660
226  63516  3   1  5  63510
227  65242  3   0  1  65241
228  66675  4   2027  7  1  64640
229  66701  4   1  1  0  66699
230  65121  4   3  2  1  65115
231  66244  2   0  66244
232  63390  2   1  63389
233  64926  5   3278  3285  0  3  58360
234  64764  3   2  13858  50904
235  66700  2   0  66700
236  66676  2   334  66342
237  64954  3   0  1  64953
238  62378  2   2  62376
239  66190  2   1  66189
240  63338  2   406  62932
241  57902  2   0  57902
242  65769  3   3  0  65766
243  66730  3   0  0  66730
244  57838  3   0  1  57837
245  65742  2   0  65742
246  15827  3   0  0  15827
247  66672  2   0  66672
248  63171  3   1  0  63170
249  66507  3   1  1  66505
250  62484  2   0  62484
251  60833  4   0  1  18  60814
252  66568  2   1  66567
253  56344  3   1  1  56342
254  63396  2   2  63394
255  66722  2   1  66721
256  66616  2   0  66616
257  65704  2   2  65702
258  47204  3   0  3  47201
259  66740  2   6  66734
260  63196  2   0  63196
261  63278  2   3  63275
262  66488  2   3  66485
263  64510  2   0  64510
264  61654  2   0  61654
265  66718  2   1  66717
266  65991  3   0  0  65991
267  54866  2   2  54864
268  47227  4   2  0  1  47224
269  66536  2   2  66534
270  64302  2   0  64302
271  66720  2   2  66718
272  53381  4   3  1  0  53377
273  62958  3   0  1  62957
274  66497  3   0  0  66497
275  66726  2   1  66725
276  66678  3   1  1  66676
277  66735  3   0  22876  43859
278  63187  3   1  1  63185
279  63752  2   0  63752
280  66738  2   0  66738
281  52422  3   1744  1  50677
282  61434  3   0  0  61434
283  65670  2   1  65669
284  32037  3   0  0  32037
285  66738  3   1  0  66737
286  66740  3   53  1  66686
287  61482  2   3  61479

[pop]=6
1  848  2   0  848
2  906  3   0  0  906
3  888  2   0  888
4  908  2   0  908
5  869  3   15  0  854
6  900  2   0  900
7  908  3   0  0  908
8  890  4   0  0  0  890
9  856  2   110  746
10  904  2   0  904
11  904  2   0  904
12  904  2   0  904
13  890  3   0  0  890
14  908  2   0  908
15  876  2   1  875
16  202  2   0  202
17  800  2   0  800
18  820  2   1  819
19  894  3   0  0  894
20  908  3   0  0  908
21  876  2   0  876
22  904  2   0  904
23  870  2   0  870
24  868  2   0  868
25  858  2   0  858
26  904  2   3  901
27  906  3   0  0  906
28  890  2   0  890
29  908  2   0  908
30  906  2   0  906
31  906  3   0  0  906
32  190  2   0  190
33  908  2   0  908
34  856  2   8  848
35  908  2   0  908
36  904  2   0  904
37  876  4   0  0  0  876
38  869  3   0  0  869
39  908  2   0  908
40  870  3   0  0  870
41  904  2   0  904
42  902  2   0  902
43  862  2   0  862
44  904  2   0  904
45  908  4   503  0  0  405
46  876  4   0  0  0  876
47  872  2   1  871
48  904  3   1  0  903
49  908  3   0  0  908
50  876  4   0  0  0  876
51  908  4   0  0  0  908
52  855  4   0  0  0  855
53  904  3   0  0  904
54  906  2   0  906
55  902  2   0  902
56  904  3   0  8  896
57  902  2   0  902
58  908  2   0  908
59  906  3   0  0  906
60  904  2   0  904
61  628  3   0  0  628
62  902  3   0  0  902
63  908  3   0  0  908
64  908  2   0  908
65  908  3   0  0  908
66  908  2   0  908
67  894  2   0  894
68  904  2   0  904
69  908  2   0  908
70  908  2   0  908
71  872  3   0  0  872
72  858  2   0  858
73  904  3   0  0  904
74  902  2   0  902
75  902  2   0  902
76  904  3   0  0  904
77  872  3   0  0  872
78  862  2   230  632
79  906  2   0  906
80  902  3   0  0  902
81  908  2   0  908
82  904  3   0  0  904
83  908  3   0  0  908
84  906  2   0  906
85  886  2   423  463
86  906  2   0  906
87  892  2   0  892
88  868  5   0  0  0  0  868
89  874  2   1  873
90  906  2   0  906
91  894  4   0  0  0  894
92  906  2   0  906
93  870  3   0  0  870
94  904  2   0  904
95  908  3   0  0  908
96  902  2   3  899
97  906  3   0  0  906
98  902  5   0  0  0  0  902
99  904  2   0  904
100  893  3   0  0  893
101  870  2   0  870
102  904  2   0  904
103  900  2   0  900
104  908  2   0  908
105  194  2   0  194
106  904  2   0  904
107  900  2   0  900
108  908  2   0  908
109  902  2   4  898
110  876  2   0  876
111  894  2   1  893
112  906  3   0  0  906
113  898  2   0  898
114  871  3   0  0  871
115  906  2   0  906
116  902  3   0  0  902
117  628  2   2  626
118  908  2   0  908
119  908  2   0  908
120  890  2   0  890
121  906  2   0  906
122  904  2   0  904
123  846  2   0  846
124  906  2   0  906
125  894  3   0  0  894
126  906  2   1  905
127  898  3   0  0  898
128  874  2   0  874
129  908  2   0  908
130  860  2   0  860
131  908  2   0  908
132  906  3   0  311  595
133  627  2   0  627
134  896  2   0  896
135  908  2   0  908
136  890  3   0  0  890
137  908  2   0  908
138  890  2   0  890
139  906  2   0  906
140  908  3   0  2  906
141  884  3   0  0  884
142  900  2   0  900
143  846  4   0  0  0  846
144  908  2   0  908
145  902  2   0  902
146  900  2   0  900
147  887  4   0  0  0  887
148  908  2   0  908
149  872  2   0  872
150  908  2   103  805
151  908  3   0  0  908
152  908  3   0  0  908
153  903  3   0  0  903
154  908  3   0  0  908
155  822  2   0  822
156  836  3   0  0  836
157  906  2   0  906
158  886  2   0  886
159  908  2   8  900
160  874  4   0  0  0  874
161  908  2   1  907
162  180  2   0  180
163  908  3   0  0  908
164  864  4   34  0  0  830
165  864  2   0  864
166  908  2   0  908
167  908  2   1  907
168  900  3   0  0  900
169  833  4   0  0  0  833
170  906  3   0  0  906
171  896  3   0  0  896
172  834  3   0  0  834
173  908  2   0  908
174  864  3   0  0  864
175  864  2   0  864
176  822  2   0  822
177  896  2   0  896
178  864  2   0  864
179  904  2   0  904
180  623  2   0  623
181  874  2   0  874
182  180  2   0  180
183  906  2   0  906
184  906  3   0  0  906
185  906  2   0  906
186  900  5   0  0  0  0  900
187  818  2   0  818
188  904  3   0  0  904
189  904  2   0  904
190  908  3   0  0  908
191  746  3   0  0  746
192  908  3   0  0  908
193  906  3   0  0  906
194  908  2   0  908
195  906  2   1  905
196  908  2   0  908
197  738  4   0  0  0  738
198  908  3   0  0  908
199  777  3   0  0  777
200  908  2   0  908
201  866  3   0  0  866
202  908  4   0  0  0  908
203  904  3   1  0  903
204  908  2   0  908
205  651  5   0  0  0  0  651
206  902  2   0  902
207  906  2   0  906
208  795  3   0  0  795
209  835  3   0  0  835
210  906  3   0  0  906
211  906  3   0  0  906
212  908  2   0  908
213  810  2   1  809
214  670  3   0  0  670
215  792  2   0  792
216  391  4   0  0  0  391
217  908  2   0  908
218  214  2   0  214
219  908  5   0  0  0  0  908
220  904  2   0  904
221  906  2   0  906
222  908  3   0  0  908
223  888  3   0  0  888
224  678  2   0  678
225  896  2   0  896
226  793  3   0  0  793
227  853  3   0  0  853
228  908  4   81  0  1  826
229  908  4   0  0  0  908
230  883  4   0  0  0  883
231  898  2   0  898
232  792  2   0  792
233  834  5   39  38  0  0  757
234  817  3   0  135  682
235  908  2   0  908
236  904  2   13  891
237  881  3   0  0  881
238  774  2   0  774
239  900  2   0  900
240  792  2   8  784
241  752  2   0  752
242  906  3   0  0  906
243  908  3   0  0  908
244  752  3   0  0  752
245  906  2   0  906
246  247  3   0  0  247
247  904  2   0  904
248  864  3   0  0  864
249  906  3   0  0  906
250  860  2   0  860
251  737  4   0  0  0  737
252  904  2   0  904
253  728  3   0  0  728
254  788  2   0  788
255  908  2   0  908
256  904  2   0  904
257  904  2   0  904
258  602  3   0  0  602
259  908  2   0  908
260  864  2   0  864
261  868  2   0  868
262  906  2   0  906
263  862  2   0  862
264  764  2   0  764
265  908  2   0  908
266  889  3   0  0  889
267  702  2   0  702
268  603  4   0  0  0  603
269  906  2   0  906
270  856  2   0  856
271  908  2   0  908
272  679  4   0  0  0  679
273  784  3   0  0  784
274  905  3   0  0  905
275  908  2   0  908
276  908  3   0  0  908
277  908  3   0  399  509
278  864  3   0  0  864
279  870  2   0  870
280  908  2   0  908
281  696  3   17  0  679
282  763  3   0  0  763
283  900  2   0  900
284  420  3   0  0  420
285  908  3   0  0  908
286  908  3   2  0  906
287  756  2   0  756

[pop]=7
1  15858  2   0  15858
2  16483  3   0  0  16483
3  15624  2   5  15619
4  16502  2   0  16502
5  16470  3   155  3  16312
6  16490  2   2  16488
7  16467  3   0  0  16467
8  16488  4   9  0  0  16479
9  16100  2   3452  12648
10  16498  2   0  16498
11  16508  2   0  16508
12  16496  2   0  16496
13  16488  3   0  0  16488
14  16512  2   0  16512
15  16474  2   13  16461
16  5328  2   0  5328
17  11346  2   22  11324
18  13028  2   10  13018
19  16431  3   0  0  16431
20  16503  3   18  0  16485
21  16472  2   0  16472
22  16378  2   0  16378
23  16480  2   0  16480
24  16226  2   0  16226
25  16188  2   0  16188
26  16496  2   13  16483
27  16494  3   0  0  16494
28  16476  2   0  16476
29  16504  2   1  16503
30  16512  2   0  16512
31  16440  3   1  0  16439
32  5850  2   0  5850
33  16498  2   2  16496
34  16202  2   269  15933
35  16502  2   0  16502
36  16408  2   0  16408
37  16472  4   1  0  0  16471
38  16480  3   0  5  16475
39  16504  2   1  16503
40  16236  3   0  0  16236
41  16500  2   6  16494
42  16506  2   0  16506
43  13646  2   0  13646
44  16496  2   0  16496
45  16449  4   8932  0  1  7516
46  16472  4   0  0  3  16469
47  16484  2   1  16483
48  16496  3   0  0  16496
49  16508  3   1  0  16507
50  16472  4   1  1  0  16470
51  16504  4   0  0  0  16504
52  16229  4   0  0  0  16229
53  16498  3   0  0  16498
54  16500  2   0  16500
55  16276  2   0  16276
56  16512  3   0  207  16305
57  16368  2   0  16368
58  16512  2   0  16512
59  16504  3   0  0  16504
60  16510  2   3  16507
61  9989  3   0  0  9989
62  16364  3   0  0  16364
63  16512  3   0  0  16512
64  16512  2   6  16506
65  16506  3   0  1  16505
66  16512  2   2  16510
67  16358  2   0  16358
68  16510  2   0  16510
69  16506  2   1  16505
70  16506  2   4  16502
71  16250  3   0  0  16250
72  16240  2   0  16240
73  16499  3   0  0  16499
74  16506  2   0  16506
75  16496  2   2  16494
76  16495  3   1  0  16494
77  16493  3   0  0  16493
78  16256  2   6062  10194
79  16500  2   0  16500
80  16343  3   0  0  16343
81  16512  2   1  16511
82  16498  3   1  3  16494
83  16504  3   0  0  16504
84  16502  2   6  16496
85  16244  2   7047  9197
86  16512  2   0  16512
87  15526  2   1  15525
88  16460  5   0  1  0  14  16445
89  16488  2   19  16469
90  16500  2   0  16500
91  15298  4   0  0  0  15298
92  16228  2   0  16228
93  16458  3   3  0  16455
94  16512  2   3  16509
95  16505  3   0  1  16504
96  16218  2   120  16098
97  16502  3   0  0  16502
98  16496  5   0  0  0  0  16496
99  16508  2   0  16508
100  15246  3   0  9  15237
101  16454  2   0  16454
102  16508  2   2  16506
103  16302  2   0  16302
104  16512  2   0  16512
105  7368  2   0  7368
106  16496  2   0  16496
107  16288  2   0  16288
108  16512  2   0  16512
109  16506  2   0  16506
110  16268  2   0  16268
111  16312  2   1  16311
112  16512  3   0  0  16512
113  16268  2   0  16268
114  16232  3   0  0  16232
115  16506  2   0  16506
116  16506  3   0  0  16506
117  9998  2   1  9997
118  16512  2   0  16512
119  16508  2   0  16508
120  14850  2   1  14849
121  16438  2   0  16438
122  16494  2   0  16494
123  12768  2   0  12768
124  16510  2   0  16510
125  16383  3   1  0  16382
126  16512  2   160  16352
127  16073  3   0  2  16071
128  16482  2   1  16481
129  16512  2   2  16510
130  15872  2   0  15872
131  16504  2   2  16502
132  16511  3   0  4883  11628
133  9994  2   0  9994
134  16004  2   1  16003
135  16512  2   0  16512
136  15326  3   0  1  15325
137  16498  2   3  16495
138  15274  2   5  15269
139  16506  2   0  16506
140  16512  3   0  0  16512
141  16136  3   1  0  16135
142  16492  2   0  16492
143  16307  4   0  1  0  16306
144  16510  2   2  16508
145  16110  2   0  16110
146  16492  2   0  16492
147  15317  4   1  1  2  15313
148  16512  2   2  16510
149  16474  2   1  16473
150  16512  2   870  15642
151  16512  3   66  0  16446
152  16512  3   0  0  16512
153  16496  3   0  0  16496
154  16508  3   2  9  16497
155  11478  2   0  11478
156  16215  3   0  6  16209
157  16504  2   0  16504
158  15008  2   0  15008
159  16512  2   8  16504
160  16473  4   0  0  0  16473
161  16512  2   1  16511
162  7458  2   0  7458
163  16510  3   0  0  16510
164  16260  4   228  0  0  16032
165  16056  2   0  16056
166  16508  2   0  16508
167  16512  2   0  16512
168  16490  3   4  0  16486
169  15495  4   2  0  1  15492
170  16504  3   0  2  16502
171  16458  3   0  0  16458
172  16188  3   0  1  16187
173  16510  2   1  16509
174  16260  3   0  0  16260
175  16060  2   0  16060
176  10944  2   0  10944
177  16460  2   0  16460
178  16064  2   3  16061
179  16496  2   1  16495
180  9946  2   0  9946
181  16472  2   0  16472
182  7482  2   1  7481
183  16510  2   0  16510
184  16512  3   0  0  16512
185  16494  2   59  16435
186  16468  5   1  0  0  0  16467
187  15064  2   14  15050
188  16494  3   0  1  16493
189  16498  2   0  16498
190  16512  3   0  0  16512
191  14234  3   0  2  14232
192  16512  3   0  9  16503
193  16510  3   0  0  16510
194  16512  2   9  16503
195  16512  2   0  16512
196  16512  2   5  16507
197  13566  4   2  1  1  13562
198  16510  3   0  0  16510
199  13802  3   0  1  13801
200  16512  2   0  16512
201  16143  3   1  0  16142
202  16512  4   0  0  0  16512
203  16496  3   0  3  16493
204  16512  2   0  16512
205  11562  5   0  3  0  0  11559
206  16348  2   0  16348
207  16396  2   0  16396
208  14918  3   0  0  14918
209  12305  3   0  0  12305
210  16512  3   0  3  16509
211  16482  3   0  0  16482
212  16512  2   0  16512
213  15860  2   0  15860
214  11871  3   1  0  11870
215  15002  2   0  15002
216  9820  4   0  0  0  9820
217  16440  2   0  16440
218  7766  2   0  7766
219  16512  5   0  4  1  1  16506
220  16510  2   0  16510
221  16478  2   0  16478
222  16512  3   0  0  16512
223  15744  3   0  0  15744
224  11936  2   0  11936
225  16484  2   0  16484
226  15038  3   0  1  15037
227  11453  3   0  0  11453
228  16423  4   966  0  2  15455
229  16463  4   0  0  11  16452
230  15593  4   0  1  0  15592
231  16264  2   2  16262
232  15034  2   8  15026
233  10835  5   630  625  0  0  9580
234  11093  3   0  822  10271
235  16462  2   3  16459
236  16506  2   493  16013
237  15372  3   0  0  15372
238  9206  2   0  9206
239  16242  2   0  16242
240  15016  2   23  14993
241  15086  2   0  15086
242  16492  3   0  0  16492
243  16512  3   0  0  16512
244  15064  3   1  0  15063
245  16492  2   0  16492
246  8330  3   1  0  8329
247  16506  2   0  16506
248  16261  3   0  1  16260
249  16473  3   0  0  16473
250  15110  2   3  15107
251  10139  4   1  0  0  10138
252  16162  2   0  16162
253  14781  3   1  1  14779
254  10088  2   0  10088
255  16510  2   0  16510
256  16262  2   0  16262
257  16488  2   0  16488
258  11436  3   0  0  11436
259  16512  2   0  16512
260  16262  2   0  16262
261  16184  2   0  16184
262  16466  2   1  16465
263  14806  2   0  14806
264  11004  2   2  11002
265  16510  2   1  16509
266  15377  3   0  0  15377
267  14492  2   0  14492
268  11460  4   0  0  0  11460
269  16034  2   1  16033
270  14554  2   2  14552
271  16512  2   0  16512
272  14263  4   1  2  1  14259
273  9686  3   0  0  9686
274  15913  3   1  2  15910
275  16512  2   2  16510
276  16457  3   0  0  16457
277  16511  3   0  9724  6787
278  16263  3   0  0  16263
279  14694  2   0  14694
280  16512  2   2  16510
281  12560  3   425  0  12135
282  14425  3   0  0  14425
283  16488  2   0  16488
284  9938  3   0  0  9938
285  16511  3   0  0  16511
286  16512  3   0  0  16512
287  8974  2   0  8974

