[loci]=293

[populations]=7

[pop]=1
1  10244  2   2  10242
2  10290  2   0  10290
3  10297  3   1  0  10296
4  9792  2   7243  2549
5  9837  4   0  0  0  9837
6  10395  3   0  2  10393
7  10398  3   0  1  10397
8  7516  3   1  0  7515
9  9845  3   0  0  9845
10  7942  3   0  0  7942
11  10398  2   0  10398
12  10292  2   4  10288
13  10096  2   0  10096
14  10364  2   1  10363
15  10399  4   8072  0  0  2327
16  10372  2   49  10323
17  10160  2   341  9819
18  10296  2   0  10296
19  10372  2   0  10372
20  8780  2   0  8780
21  10234  3   1  2  10231
22  10302  3   0  0  10302
23  10287  3   0  0  10287
24  10378  2   0  10378
25  8926  3   0  0  8926
26  10230  3   0  0  10230
27  10284  2   0  10284
28  10400  2   9  10391
29  10332  2   0  10332
30  8804  3   1  0  8803
31  9152  2   0  9152
32  10339  4   0  0  0  10339
33  10387  4   0  1  0  10386
34  10234  3   0  2  10232
35  10234  3   5  0  10229
36  9248  2   0  9248
37  9782  2   0  9782
38  9900  3   0  0  9900
39  10352  2   0  10352
40  9782  2   3  9779
41  9600  2   0  9600
42  10350  2   1  10349
43  10284  2   0  10284
44  10348  2   3  10345
45  9727  3   0  3  9724
46  10380  2   0  10380
47  10253  4   0  0  0  10253
48  10396  3   0  0  10396
49  9784  3   0  1  9783
50  10022  2   0  10022
51  10268  3   0  0  10268
52  10246  2   0  10246
53  10394  2   0  10394
54  10406  2   0  10406
55  10304  2   0  10304
56  10042  3   0  13  10029
57  10232  3   0  0  10232
58  10396  3   0  0  10396
59  9912  3   0  0  9912
60  10236  4   0  3  0  10233
61  9957  3   0  0  9957
62  9958  3   0  0  9958
63  10300  2   0  10300
64  10396  3   0  0  10396
65  10276  2   0  10276
66  10198  3   0  2  10196
67  10394  2   0  10394
68  10308  2   0  10308
69  10099  4   0  0  0  10099
70  9992  2   0  9992
71  10402  2   0  10402
72  9794  3   0  0  9794
73  10130  2   0  10130
74  10298  3   0  0  10298
75  10300  2   0  10300
76  10317  3   0  0  10317
77  10394  2   6  10388
78  9792  2   0  9792
79  10332  2   0  10332
80  10189  3   0  0  10189
81  10401  3   0  0  10401
82  10402  4   0  0  0  10402
83  10026  2   0  10026
84  10180  2   0  10180
85  10394  2   0  10394
86  10032  2   0  10032
87  10044  2   0  10044
88  10328  2   0  10328
89  10380  2   0  10380
90  10388  4   0  0  7  10381
91  10402  5   0  1  469  3  9929
92  10047  3   0  1  10046
93  10390  3   1  0  10389
94  10210  2   0  10210
95  10056  2   1  10055
96  10262  2   4  10258
97  10395  3   2  0  10393
98  10152  3   0  1  10151
99  10214  3   1  0  10213
100  10400  2   0  10400
101  10120  4   12  0  0  10108
102  10080  2   0  10080
103  10402  3   0  0  10402
104  10400  3   1  0  10399
105  10386  2   0  10386
106  10404  2   18  10386
107  10401  3   3  0  10398
108  10316  2   0  10316
109  10400  2   0  10400
110  10278  3   0  0  10278
111  10374  2   0  10374
112  10102  2   0  10102
113  9821  5   0  0  0  0  9821
114  9761  3   2  0  9759
115  10262  3   0  0  10262
116  10208  3   0  0  10208
117  10358  2   0  10358
118  9868  2   0  9868
119  10214  2   0  10214
120  10118  2   0  10118
121  10400  2   0  10400
122  10300  3   0  1  10299
123  10360  2   0  10360
124  9530  2   0  9530
125  10186  2   0  10186
126  10128  2   0  10128
127  10400  2   0  10400
128  10228  2   5605  4623
129  10081  4   0  0  0  10081
130  10246  3   0  0  10246
131  9010  4   0  0  0  9010
132  10314  3   0  0  10314
133  10026  2   0  10026
134  10144  3   0  0  10144
135  8682  3   0  0  8682
136  10399  3   0  0  10399
137  8630  2   0  8630
138  10310  2   0  10310
139  10234  2   0  10234
140  9994  3   0  0  9994
141  10224  2   0  10224
142  10394  2   1  10393
143  8389  4   0  1  0  8388
144  9646  2   4  9642
145  9992  2   2  9990
146  10394  2   2  10392
147  10294  2   0  10294
148  10384  2   0  10384
149  9720  2   0  9720
150  10338  2   0  10338
151  10405  3   0  0  10405
152  10382  2   0  10382
153  10404  3   1  0  10403
154  10368  2   1  10367
155  10130  2   0  10130
156  10106  3   0  0  10106
157  10385  4   1  15  0  10369
158  9754  2   13  9741
159  10381  3   0  1  10380
160  10400  3   1  0  10399
161  10382  2   0  10382
162  10404  2   338  10066
163  10392  2   76  10316
164  10404  2   7  10397
165  10404  3   0  0  10404
166  10320  3   0  0  10320
167  10402  2   477  9925
168  10404  2   1  10403
169  10404  2   2  10402
170  2116  3   14  26  2076
171  10400  2   0  10400
172  10404  2   0  10404
173  10404  3   0  0  10404
174  10400  5   0  0  1  0  10399
175  9790  3   0  1  9789
176  10373  3   0  0  10373
177  1712  2   0  1712
178  9794  2   0  9794
179  10371  3   0  13  10358
180  10404  3   0  1  10403
181  10402  3   0  0  10402
182  10404  3   0  7  10397
183  5150  2   0  5150
184  10404  2   2  10402
185  10404  2   0  10404
186  5182  3   0  8  5174
187  10404  2   0  10404
188  10400  2   0  10400
189  10342  3   0  0  10342
190  10362  2   0  10362
191  5251  3   0  1  5250
192  10403  3   0  2  10401
193  10401  3   1  0  10400
194  5270  3   0  0  5270
195  10402  2   0  10402
196  10334  2   0  10334
197  10366  2   1  10365
198  10402  2   1  10401
199  10328  2   1  10327
200  1672  2   0  1672
201  10403  3   1  3  10399
202  10400  2   0  10400
203  1665  3   1  0  1664
204  10402  2   1  10401
205  10400  2   53  10347
206  9586  2   0  9586
207  10402  2   1  10401
208  10402  2   675  9727
209  10381  3   0  0  10381
210  10401  3   0  0  10401
211  10399  4   0  0  0  10399
212  10401  3   0  1  10400
213  10400  3   0  0  10400
214  10396  3   0  0  10396
215  10402  2   2  10400
216  5418  3   0  0  5418
217  10300  3   0  0  10300
218  10398  2   0  10398
219  10400  3   0  0  10400
220  9706  2   0  9706
221  10298  3   0  0  10298
222  10399  4   0  2  1  10396
223  10402  3   1  0  10401
224  10400  2   0  10400
225  10392  2   0  10392
226  10400  2   479  9921
227  9746  2   0  9746
228  10402  2   0  10402
229  1340  2   6  1334
230  9754  2   0  9754
231  10402  2   1  10401
232  10396  2   28  10368
233  10402  2   16  10386
234  10406  2   0  10406
235  10404  4   0  0  0  10404
236  1050  2   0  1050
237  10386  2   0  10386
238  10402  2   0  10402
239  9770  3   0  0  9770
240  10373  3   1  0  10372
241  10371  3   0  0  10371
242  10402  3   0  2  10400
243  10400  2   0  10400
244  10402  2   0  10402
245  10406  2   0  10406
246  10210  2   0  10210
247  10390  2   0  10390
248  8878  3   2  0  8876
249  6988  2   0  6988
250  8943  3   0  0  8943
251  6852  2   0  6852
252  10406  3   0  1  10405
253  10402  2   0  10402
254  9174  2   3  9171
255  10404  2   0  10404
256  6906  2   0  6906
257  10406  3   1  0  10405
258  10400  2   107  10293
259  10404  2   1  10403
260  10406  2   201  10205
261  9764  2   0  9764
262  10404  2   0  10404
263  7188  3   0  0  7188
264  7728  2   1  7727
265  10406  2   0  10406
266  9758  2   0  9758
267  10402  2   0  10402
268  7220  4   0  0  0  7220
269  7507  3   0  3  7504
270  10406  3   0  10  10396
271  9756  2   0  9756
272  7251  3   0  0  7251
273  7256  2   0  7256
274  9746  2   0  9746
275  9572  2   1  9571
276  7268  2   0  7268
277  9746  2   32  9714
278  7264  2   0  7264
279  7240  3   0  0  7240
280  10404  2   0  10404
281  7255  4   0  0  65  7190
282  10368  2   0  10368
283  10385  4   0  0  0  10385
284  9660  2   2  9658
285  10404  2   0  10404
286  10404  2   0  10404
287  7272  2   0  7272
288  10403  3   17  0  10386
289  10354  2   1  10353
290  10404  2   18  10386
291  10350  2   0  10350
292  10402  2   0  10402
293  9569  3   0  0  9569

[pop]=2
1  11532  2   1  11531
2  11550  2   0  11550
3  11550  3   0  0  11550
4  11550  2   8291  3259
5  11391  4   0  2  0  11389
6  11535  3   0  8  11527
7  11560  3   0  10  11550
8  7361  3   0  2  7359
9  11396  3   0  0  11396
10  7972  3   0  2  7970
11  11572  2   0  11572
12  11550  2   0  11550
13  11234  2   0  11234
14  11422  2   0  11422
15  11549  4   7263  0  0  4286
16  11554  2   266  11288
17  11288  2   22  11266
18  11466  2   0  11466
19  11554  2   0  11554
20  9282  2   0  9282
21  11536  3   0  0  11536
22  11474  3   0  1  11473
23  11554  3   1  0  11553
24  11556  2   0  11556
25  9518  3   0  0  9518
26  11538  3   0  0  11538
27  11554  2   0  11554
28  11572  2   0  11572
29  11488  2   0  11488
30  9971  3   0  0  9971
31  9848  2   2  9846
32  11501  4   0  0  0  11501
33  11556  4   0  0  0  11556
34  11368  3   0  0  11368
35  11540  3   29  0  11511
36  10564  2   0  10564
37  11574  2   1  11573
38  11414  3   0  0  11414
39  11514  2   1  11513
40  11574  2   0  11574
41  10934  2   1  10933
42  11524  2   0  11524
43  11414  2   0  11414
44  11520  2   0  11520
45  11082  3   0  0  11082
46  11486  2   0  11486
47  11546  4   0  0  2  11544
48  11566  3   1  0  11565
49  11574  3   0  0  11574
50  11236  2   1  11235
51  11545  3   0  0  11545
52  11552  2   0  11552
53  11566  2   0  11566
54  11578  2   0  11578
55  11424  2   0  11424
56  11272  3   1  0  11271
57  11547  3   0  2  11545
58  11566  3   0  0  11566
59  11282  3   0  0  11282
60  11548  4   0  0  0  11548
61  11331  3   0  0  11331
62  11452  3   0  0  11452
63  11428  2   0  11428
64  11566  3   1  0  11565
65  11546  2   0  11546
66  11547  3   0  0  11547
67  11566  2   3  11563
68  11438  2   0  11438
69  11429  4   2  0  0  11427
70  11456  2   2  11454
71  11568  2   0  11568
72  11572  3   0  0  11572
73  11456  2   0  11456
74  11546  3   0  0  11546
75  11518  2   0  11518
76  11434  3   0  0  11434
77  11566  2   30  11536
78  11568  2   0  11568
79  11508  2   0  11508
80  11540  3   0  0  11540
81  11561  3   1  1  11559
82  11561  4   0  1  0  11560
83  11462  2   0  11462
84  11506  2   0  11506
85  11564  2   0  11564
86  11462  2   0  11462
87  11470  2   0  11470
88  11450  2   0  11450
89  11556  2   0  11556
90  11563  4   0  0  0  11563
91  11565  5   0  3  419  0  11143
92  11469  3   0  0  11469
93  11558  3   0  0  11558
94  11496  2   0  11496
95  11472  2   0  11472
96  11556  2   0  11556
97  11560  3   0  0  11560
98  11425  3   0  0  11425
99  11502  3   0  0  11502
100  11566  2   0  11566
101  11393  4   9  0  0  11384
102  11468  2   0  11468
103  11562  3   0  0  11562
104  11566  3   0  0  11566
105  11560  2   0  11560
106  11562  2   37  11525
107  11565  3   0  0  11565
108  11456  2   0  11456
109  11566  2   0  11566
110  11556  3   0  0  11556
111  11552  2   0  11552
112  11480  2   0  11480
113  11097  5   0  1  0  0  11096
114  11009  3   0  0  11009
115  11434  3   0  0  11434
116  11508  3   1  0  11507
117  11532  2   7  11525
118  11402  2   0  11402
119  11508  2   0  11508
120  11486  2   1  11485
121  11562  2   0  11562
122  11456  3   0  0  11456
123  11530  2   0  11530
124  10708  2   0  10708
125  11504  2   1  11503
126  11490  2   4  11486
127  11560  2   0  11560
128  11482  2   7515  3967
129  11466  4   0  0  0  11466
130  11434  3   0  0  11434
131  9918  4   0  0  0  9918
132  11458  3   0  1  11457
133  11446  2   0  11446
134  11497  3   0  0  11497
135  9420  3   0  1  9419
136  11548  3   0  1  11547
137  9326  2   0  9326
138  11438  2   0  11438
139  11468  2   1  11467
140  11432  3   0  0  11432
141  11412  2   0  11412
142  11546  2   0  11546
143  8904  4   0  0  1  8903
144  11480  2   0  11480
145  11432  2   0  11432
146  11552  2   0  11552
147  11428  2   0  11428
148  11554  2   2  11552
149  11536  2   0  11536
150  11564  2   0  11564
151  11578  3   1  0  11577
152  11570  2   0  11570
153  11572  3   3  0  11569
154  11566  2   1  11565
155  11310  2   4  11306
156  11279  3   0  0  11279
157  11573  4   0  0  1  11572
158  11546  2   17  11529
159  11571  3   0  0  11571
160  11566  3   0  0  11566
161  11568  2   0  11568
162  11578  2   16  11562
163  11576  2   3  11573
164  11578  2   0  11578
165  11578  3   0  0  11578
166  11536  3   0  0  11536
167  11568  2   22  11546
168  11578  2   7  11571
169  11578  2   0  11578
170  283  3   0  2  281
171  11578  2   0  11578
172  11574  2   0  11574
173  11578  3   0  1  11577
174  11578  5   0  0  0  0  11578
175  11562  3   0  0  11562
176  11555  3   0  0  11555
177  264  2   0  264
178  11562  2   0  11562
179  11556  3   0  2  11554
180  11578  3   1  1  11576
181  11574  3   1  0  11573
182  11576  3   0  0  11576
183  2688  2   0  2688
184  11576  2   0  11576
185  11576  2   0  11576
186  2683  3   0  0  2683
187  11576  2   0  11576
188  11576  2   1  11575
189  11440  3   0  0  11440
190  11558  2   0  11558
191  2712  3   0  0  2712
192  11578  3   0  0  11578
193  11574  3   0  0  11574
194  2767  3   0  0  2767
195  11574  2   3  11571
196  11444  2   3  11441
197  11562  2   0  11562
198  11574  2   0  11574
199  11446  2   0  11446
200  268  2   0  268
201  11578  3   0  12  11566
202  11574  2   0  11574
203  268  3   0  0  268
204  11578  2   0  11578
205  11574  2   6  11568
206  11382  2   0  11382
207  11574  2   0  11574
208  11572  2   865  10707
209  11567  3   1  0  11566
210  11561  3   0  0  11561
211  11572  4   0  3  0  11569
212  11573  3   0  0  11573
213  11575  3   0  0  11575
214  11568  3   1  1  11566
215  11578  2   0  11578
216  2841  3   0  0  2841
217  11450  3   0  0  11450
218  11550  2   0  11550
219  11576  3   0  0  11576
220  11460  2   0  11460
221  11445  3   0  4  11441
222  11572  4   0  3  0  11569
223  11578  3   0  0  11578
224  11578  2   0  11578
225  11572  2   0  11572
226  11572  2   36  11536
227  11498  2   0  11498
228  11576  2   0  11576
229  258  2   0  258
230  11494  2   0  11494
231  11576  2   0  11576
232  11576  2   2  11574
233  11576  2   12  11564
234  11572  2   0  11572
235  11577  4   0  0  0  11577
236  244  2   0  244
237  11568  2   0  11568
238  11566  2   0  11566
239  11512  3   0  0  11512
240  11558  3   0  0  11558
241  11569  3   0  0  11569
242  11576  3   1  0  11575
243  11566  2   0  11566
244  11578  2   0  11578
245  11574  2   0  11574
246  11420  2   1  11419
247  11546  2   0  11546
248  11198  3   28  0  11170
249  7880  2   1  7879
250  8914  3   0  0  8914
251  7804  2   0  7804
252  11576  3   0  0  11576
253  11574  2   0  11574
254  11264  2   1  11263
255  11578  2   0  11578
256  7966  2   0  7966
257  11576  3   0  1  11575
258  11572  2   280  11292
259  11576  2   0  11576
260  11576  2   502  11074
261  11508  2   0  11508
262  11576  2   1  11575
263  8421  3   1  0  8420
264  5944  2   30  5914
265  11576  2   0  11576
266  11510  2   2  11508
267  11570  2   0  11570
268  8505  4   0  0  0  8505
269  5519  3   0  0  5519
270  11576  3   1  0  11575
271  11506  2   0  11506
272  8574  3   0  0  8574
273  5144  2   1  5143
274  11508  2   0  11508
275  11350  2   1  11349
276  8624  2   1  8623
277  11508  2   0  11508
278  8640  2   6  8634
279  8656  3   0  0  8656
280  11576  2   0  11576
281  8659  4   0  0  1  8658
282  11550  2   0  11550
283  11509  4   0  0  0  11509
284  11326  2   1  11325
285  11576  2   0  11576
286  11576  2   0  11576
287  8670  2   0  8670
288  11576  3   1  2  11573
289  11428  2   0  11428
290  11574  2   8  11566
291  11536  2   0  11536
292  11574  2   0  11574
293  11267  3   0  0  11267

[pop]=3
1  8626  2   0  8626
2  8638  2   1  8637
3  8638  3   0  0  8638
4  8580  2   5524  3056
5  8435  4   0  0  0  8435
6  8624  3   0  0  8624
7  8643  3   0  1  8642
8  5993  3   0  1  5992
9  8443  3   1  0  8442
10  6358  3   10  0  6348
11  8652  2   0  8652
12  8638  2   0  8638
13  8480  2   2  8478
14  8610  2   0  8610
15  8622  4   4322  0  0  4300
16  8640  2   0  8640
17  8510  2   0  8510
18  8632  2   17  8615
19  8642  2   0  8642
20  7206  2   0  7206
21  8635  3   0  0  8635
22  8636  3   1  0  8635
23  8624  3   1  0  8623
24  8642  2   0  8642
25  7386  3   0  0  7386
26  8636  3   0  0  8636
27  8624  2   0  8624
28  8654  2   0  8654
29  8640  2   0  8640
30  7542  3   0  0  7542
31  7622  2   0  7622
32  8640  4   0  0  0  8640
33  8644  4   0  0  0  8644
34  8550  3   0  0  8550
35  8636  3   0  0  8636
36  8038  2   0  8038
37  8610  2   0  8610
38  8499  3   0  1  8498
39  8642  2   0  8642
40  8606  2   0  8606
41  8304  2   0  8304
42  8640  2   0  8640
43  8572  2   0  8572
44  8642  2   0  8642
45  8406  3   0  0  8406
46  8628  2   0  8628
47  8638  4   0  0  1  8637
48  8644  3   0  0  8644
49  8606  3   0  0  8606
50  8534  2   1  8533
51  8638  3   0  0  8638
52  8608  2   16  8592
53  8646  2   0  8646
54  8642  2   9  8633
55  8580  2   0  8580
56  8544  3   0  1  8543
57  8607  3   0  0  8607
58  8646  3   0  0  8646
59  8516  3   0  0  8516
60  8608  4   1  0  0  8607
61  8539  3   1  0  8538
62  8553  3   0  0  8553
63  8582  2   0  8582
64  8646  3   0  0  8646
65  8640  2   0  8640
66  8600  3   0  0  8600
67  8646  2   0  8646
68  8588  2   0  8588
69  8565  4   0  0  0  8565
70  8558  2   0  8558
71  8654  2   0  8654
72  8605  3   0  0  8605
73  8576  2   0  8576
74  8644  3   0  0  8644
75  8638  2   0  8638
76  8592  3   0  1  8591
77  8648  2   0  8648
78  8606  2   0  8606
79  8648  2   0  8648
80  8595  3   0  0  8595
81  8654  3   1  0  8653
82  8653  4   0  0  0  8653
83  8562  2   1  8561
84  8606  2   0  8606
85  8648  2   0  8648
86  8566  2   0  8566
87  8566  2   0  8566
88  8600  2   0  8600
89  8652  2   0  8652
90  8649  4   1  0  0  8648
91  8653  5   1  0  112  0  8540
92  8566  3   0  1  8565
93  8650  3   0  0  8650
94  8590  2   0  8590
95  8568  2   0  8568
96  8616  2   0  8616
97  8652  3   0  0  8652
98  8602  3   0  0  8602
99  8589  3   0  0  8589
100  8652  2   4  8648
101  8594  4   0  1  0  8593
102  8572  2   0  8572
103  8652  3   0  0  8652
104  8652  3   0  0  8652
105  8650  2   0  8650
106  8652  2   0  8652
107  8654  3   0  0  8654
108  8606  2   0  8606
109  8654  2   0  8654
110  8618  3   0  0  8618
111  8648  2   1  8647
112  8578  2   0  8578
113  8431  5   0  0  0  0  8431
114  8403  3   0  0  8403
115  8640  3   0  0  8640
116  8586  3   0  0  8586
117  8646  2   0  8646
118  8598  2   1  8597
119  8584  2   0  8584
120  8580  2   0  8580
121  8654  2   14  8640
122  8641  3   2  0  8639
123  8646  2   0  8646
124  8178  2   17  8161
125  8586  2   0  8586
126  8588  2   0  8588
127  8654  2   0  8654
128  8564  2   1937  6627
129  8568  4   0  0  0  8568
130  8596  3   0  0  8596
131  7614  4   0  0  0  7614
132  8642  3   0  0  8642
133  8552  2   0  8552
134  8598  3   0  1  8597
135  7270  3   0  0  7270
136  8653  3   0  0  8653
137  7224  2   0  7224
138  8642  2   0  8642
139  8638  2   0  8638
140  8552  3   1  0  8551
141  8584  2   0  8584
142  8652  2   1  8651
143  6902  4   1  0  0  6901
144  8538  2   0  8538
145  8550  2   0  8550
146  8648  2   0  8648
147  8640  2   0  8640
148  8648  2   0  8648
149  8604  2   0  8604
150  8648  2   5  8643
151  8654  3   0  0  8654
152  8650  2   2  8648
153  8652  3   8  0  8644
154  8640  2   0  8640
155  8618  2   0  8618
156  8614  3   0  0  8614
157  8649  4   0  0  0  8649
158  8610  2   0  8610
159  8650  3   0  0  8650
160  8652  3   0  0  8652
161  8650  2   0  8650
162  8652  2   4  8648
163  8652  2   0  8652
164  8654  2   0  8654
165  8654  3   0  0  8654
166  8619  3   0  0  8619
167  8652  2   0  8652
168  8654  2   0  8654
169  8654  2   0  8654
170  487  3   0  0  487
171  8654  2   0  8654
172  8652  2   2  8650
173  8654  3   0  1  8653
174  8654  5   0  0  0  0  8654
175  8620  3   0  0  8620
176  8636  3   0  0  8636
177  446  2   0  446
178  8622  2   0  8622
179  8636  3   1  0  8635
180  8654  3   0  0  8654
181  8654  3   0  0  8654
182  8652  3   0  0  8652
183  4478  2   0  4478
184  8652  2   0  8652
185  8652  2   0  8652
186  4493  3   0  0  4493
187  8652  2   0  8652
188  8652  2   0  8652
189  8580  3   0  0  8580
190  8646  2   0  8646
191  4546  3   0  0  4546
192  8652  3   1  0  8651
193  8650  3   0  0  8650
194  4573  3   0  0  4573
195  8652  2   0  8652
196  8588  2   0  8588
197  8648  2   0  8648
198  8652  2   0  8652
199  8588  2   0  8588
200  438  2   0  438
201  8652  3   0  0  8652
202  8650  2   0  8650
203  440  3   0  0  440
204  8652  2   0  8652
205  8648  2   1  8647
206  8516  2   0  8516
207  8652  2   0  8652
208  8642  2   1850  6792
209  8652  3   0  1  8651
210  8648  3   0  0  8648
211  8650  4   0  0  0  8650
212  8652  3   0  0  8652
213  8654  3   0  1  8653
214  8634  3   0  0  8634
215  8652  2   0  8652
216  4530  3   0  0  4530
217  8596  3   0  0  8596
218  8648  2   0  8648
219  8650  3   1  1  8648
220  8582  2   0  8582
221  8595  3   0  0  8595
222  8652  4   0  0  0  8652
223  8654  3   0  0  8654
224  8650  2   4  8646
225  8650  2   0  8650
226  8652  2   0  8652
227  8596  2   0  8596
228  8650  2   2  8648
229  406  2   0  406
230  8600  2   13  8587
231  8650  2   0  8650
232  8650  2   2  8648
233  8652  2   0  8652
234  8652  2   0  8652
235  8650  4   0  0  0  8650
236  392  2   0  392
237  8650  2   5  8645
238  8638  2   2  8636
239  8600  3   0  0  8600
240  8650  3   0  0  8650
241  8640  3   0  0  8640
242  8652  3   0  0  8652
243  8638  2   0  8638
244  8654  2   1  8653
245  8652  2   0  8652
246  8640  2   0  8640
247  8626  2   0  8626
248  8334  3   0  0  8334
249  6742  2   0  6742
250  7277  3   0  0  7277
251  6710  2   3  6707
252  8652  3   0  0  8652
253  8652  2   0  8652
254  8378  2   0  8378
255  8652  2   0  8652
256  6844  2   0  6844
257  8652  3   0  0  8652
258  8640  2   1418  7222
259  8652  2   0  8652
260  8650  2   0  8650
261  8606  2   0  8606
262  8652  2   55  8597
263  7132  3   0  0  7132
264  5722  2   43  5679
265  8650  2   0  8650
266  8602  2   0  8602
267  8640  2   0  8640
268  7180  4   0  0  0  7180
269  5452  3   0  0  5452
270  8650  3   0  0  8650
271  8606  2   0  8606
272  7196  3   2  6  7188
273  5138  2   0  5138
274  8608  2   0  8608
275  8436  2   0  8436
276  7224  2   1  7223
277  8604  2   0  8604
278  7238  2   0  7238
279  7200  3   0  0  7200
280  8652  2   0  8652
281  7209  4   0  0  0  7209
282  8640  2   0  8640
283  8613  4   0  0  0  8613
284  8436  2   0  8436
285  8650  2   0  8650
286  8648  2   0  8648
287  7180  2   0  7180
288  8650  3   0  0  8650
289  8644  2   0  8644
290  8650  2   0  8650
291  8636  2   0  8636
292  8650  2   3  8647
293  8417  3   0  1  8416

[pop]=4
1  6492  2   0  6492
2  6614  2   0  6614
3  6614  3   0  0  6614
4  6604  2   4648  1956
5  6600  4   0  0  0  6600
6  6606  3   0  0  6606
7  6614  3   0  0  6614
8  4078  3   0  0  4078
9  6600  3   0  0  6600
10  4430  3   0  0  4430
11  6614  2   0  6614
12  6612  2   0  6612
13  6552  2   0  6552
14  6584  2   0  6584
15  6600  4   3626  2  4  2968
16  6598  2   290  6308
17  6562  2   0  6562
18  6182  2   0  6182
19  6598  2   0  6598
20  5092  2   0  5092
21  6603  3   0  0  6603
22  6196  3   0  0  6196
23  6530  3   0  0  6530
24  6600  2   0  6600
25  5196  3   0  0  5196
26  6601  3   0  0  6601
27  6528  2   0  6528
28  6610  2   0  6610
29  6242  2   0  6242
30  5036  3   0  0  5036
31  5388  2   0  5388
32  6251  4   0  0  0  6251
33  6604  4   0  0  1  6603
34  6591  3   0  0  6591
35  6610  3   0  0  6610
36  5388  2   0  5388
37  6614  2   0  6614
38  6602  3   0  0  6602
39  6270  2   0  6270
40  6614  2   1  6613
41  5682  2   0  5682
42  6272  2   0  6272
43  6596  2   0  6596
44  6278  2   0  6278
45  5849  3   0  0  5849
46  6602  2   0  6602
47  6610  4   0  0  0  6610
48  6608  3   0  0  6608
49  6613  3   0  0  6613
50  6108  2   0  6108
51  6610  3   0  0  6610
52  6520  2   0  6520
53  6610  2   0  6610
54  6614  2   0  6614
55  6602  2   0  6602
56  6120  3   0  0  6120
57  6519  3   0  0  6519
58  6610  3   0  0  6610
59  6062  3   0  0  6062
60  6519  4   0  0  0  6519
61  6108  3   0  0  6108
62  6608  3   0  0  6608
63  6602  2   0  6602
64  6609  3   0  0  6609
65  6610  2   0  6610
66  6515  3   0  0  6515
67  6612  2   0  6612
68  6602  2   0  6602
69  6293  4   0  0  0  6293
70  6604  2   0  6604
71  6612  2   0  6612
72  6614  3   0  0  6614
73  6338  2   0  6338
74  6610  3   0  0  6610
75  6258  2   0  6258
76  6604  3   0  0  6604
77  6612  2   5  6607
78  6614  2   0  6614
79  6412  2   0  6412
80  6506  3   0  0  6506
81  6609  3   0  0  6609
82  6609  4   0  0  0  6609
83  6608  2   0  6608
84  6614  2   0  6614
85  6608  2   0  6608
86  6610  2   4  6606
87  6610  2   0  6610
88  6608  2   0  6608
89  6520  2   0  6520
90  6608  4   0  0  0  6608
91  6608  5   0  0  772  0  5836
92  6610  3   0  0  6610
93  6534  3   0  0  6534
94  6486  2   0  6486
95  6610  2   0  6610
96  6598  2   0  6598
97  6556  3   0  0  6556
98  6003  3   0  0  6003
99  6499  3   0  0  6499
100  6594  2   0  6594
101  5970  4   0  0  0  5970
102  6610  2   0  6610
103  6560  3   0  0  6560
104  6594  3   0  0  6594
105  6604  2   0  6604
106  6560  2   29  6531
107  6614  3   0  0  6614
108  6612  2   0  6612
109  6594  2   0  6594
110  6596  3   0  0  6596
111  6594  2   0  6594
112  6612  2   0  6612
113  5664  5   0  0  0  0  5664
114  5631  3   0  0  5631
115  6446  3   1  0  6445
116  6516  3   0  0  6516
117  6576  2   0  6576
118  6578  2   0  6578
119  6512  2   0  6512
120  6612  2   0  6612
121  6594  2   0  6594
122  6459  3   0  11  6448
123  6576  2   0  6576
124  5380  2   0  5380
125  6512  2   0  6512
126  6612  2   0  6612
127  6594  2   0  6594
128  6496  2   3520  2976
129  6421  4   0  0  1  6420
130  6612  3   0  0  6612
131  4902  4   0  0  0  4902
132  6461  3   0  0  6461
133  6358  2   0  6358
134  6612  3   0  0  6612
135  4700  3   0  0  4700
136  6588  3   0  0  6588
137  4652  2   0  4652
138  6450  2   0  6450
139  6492  2   0  6492
140  6354  3   0  0  6354
141  6606  2   1  6605
142  6580  2   0  6580
143  4437  4   0  16  0  4421
144  6608  2   0  6608
145  6332  2   0  6332
146  6572  2   0  6572
147  6444  2   0  6444
148  6564  2   0  6564
149  6612  2   0  6612
150  6614  2   0  6614
151  6614  3   0  0  6614
152  6614  2   0  6614
153  6603  3   0  0  6603
154  6614  2   0  6614
155  6264  2   0  6264
156  6237  3   0  0  6237
157  6614  4   0  0  0  6614
158  6612  2   18  6594
159  6614  3   0  0  6614
160  6614  3   0  0  6614
161  6614  2   0  6614
162  6612  2   0  6612
163  6580  2   0  6580
164  6614  2   0  6614
165  6612  3   0  0  6612
166  6596  3   0  0  6596
167  6614  2   0  6614
168  6612  2   0  6612
169  6612  2   0  6612
170  21  3   0  0  21
171  6614  2   0  6614
172  6614  2   0  6614
173  6614  3   0  0  6614
174  6614  5   0  0  0  0  6614
175  6614  3   0  0  6614
176  6614  3   0  0  6614
177  10  2   0  10
178  6614  2   0  6614
179  6614  3   0  0  6614
180  6614  3   0  0  6614
181  6614  3   0  0  6614
182  6614  3   0  0  6614
183  1356  2   0  1356
184  6614  2   0  6614
185  6614  2   1  6613
186  1367  3   0  0  1367
187  6614  2   0  6614
188  6614  2   0  6614
189  6586  3   0  0  6586
190  6496  2   0  6496
191  1376  3   0  0  1376
192  6614  3   0  0  6614
193  6612  3   0  0  6612
194  1387  3   0  0  1387
195  6614  2   0  6614
196  6592  2   0  6592
197  6518  2   0  6518
198  6614  2   0  6614
199  6594  2   0  6594
200  10  2   0  10
201  6614  3   0  1  6613
202  6612  2   2  6610
203  10  3   0  0  10
204  6614  2   0  6614
205  6612  2   0  6612
206  6464  2   0  6464
207  6614  2   0  6614
208  6614  2   362  6252
209  6554  3   0  0  6554
210  6614  3   0  0  6614
211  6612  4   0  0  0  6612
212  6614  3   0  0  6614
213  6610  3   0  0  6610
214  6608  3   0  0  6608
215  6614  2   0  6614
216  1488  3   0  0  1488
217  6597  3   0  0  6597
218  6614  2   0  6614
219  6610  3   0  0  6610
220  6506  2   0  6506
221  6600  3   0  0  6600
222  6597  4   0  27  0  6570
223  6614  3   0  0  6614
224  6614  2   0  6614
225  6612  2   0  6612
226  6600  2   1  6599
227  6544  2   0  6544
228  6614  2   0  6614
229  12  2   0  12
230  6540  2   0  6540
231  6614  2   0  6614
232  6614  2   0  6614
233  6614  2   163  6451
234  6606  2   0  6606
235  6614  4   0  0  0  6614
236  12  2   0  12
237  6612  2   0  6612
238  6610  2   0  6610
239  6532  3   0  0  6532
240  6606  3   10  0  6596
241  6612  3   0  0  6612
242  6614  3   0  0  6614
243  6612  2   7  6605
244  6614  2   0  6614
245  6610  2   0  6610
246  6586  2   0  6586
247  6608  2   0  6608
248  6200  3   1  0  6199
249  3232  2   0  3232
250  5046  3   0  1  5045
251  2878  2   0  2878
252  6614  3   0  0  6614
253  6612  2   0  6612
254  6278  2   0  6278
255  6614  2   0  6614
256  2964  2   0  2964
257  6614  3   0  0  6614
258  6612  2   518  6094
259  6614  2   0  6614
260  6612  2   828  5784
261  6462  2   0  6462
262  6614  2   0  6614
263  3205  3   0  0  3205
264  3496  2   0  3496
265  6614  2   0  6614
266  6434  2   0  6434
267  6612  2   0  6612
268  3225  4   0  0  0  3225
269  3258  3   0  0  3258
270  6614  3   0  0  6614
271  6428  2   0  6428
272  3278  3   0  0  3278
273  3002  2   0  3002
274  6420  2   0  6420
275  6374  2   0  6374
276  3306  2   0  3306
277  6390  2   0  6390
278  3330  2   0  3330
279  3332  3   0  0  3332
280  6614  2   0  6614
281  3340  4   0  0  0  3340
282  6612  2   0  6612
283  6583  4   0  0  0  6583
284  6356  2   0  6356
285  6614  2   0  6614
286  6614  2   0  6614
287  3326  2   1  3325
288  6614  3   0  0  6614
289  6602  2   0  6602
290  6614  2   5  6609
291  6612  2   0  6612
292  6614  2   0  6614
293  6288  3   0  0  6288

[pop]=5
1  66046  2   0  66046
2  66120  2   10  66110
3  66110  3   0  0  66110
4  65856  2   44123  21733
5  62915  4   1  1  1  62912
6  66657  3   1  50  66606
7  66638  3   1  6  66631
8  48501  3   0  0  48501
9  62935  3   2  0  62933
10  51218  3   0  0  51218
11  66656  2   2  66654
12  66096  2   0  66096
13  64118  2   0  64118
14  66282  2   1  66281
15  66628  4   40354  2  2  26270
16  66470  2   2116  64354
17  64584  2   17  64567
18  65744  2   0  65744
19  66486  2   2  66484
20  57120  2   12  57108
21  66396  3   0  0  66396
22  65821  3   1  0  65820
23  66204  3   0  1  66203
24  66506  2   2  66504
25  58161  3   0  2  58159
26  66404  3   0  1  66403
27  66206  2   2  66204
28  66690  2   0  66690
29  65996  2   0  65996
30  58406  3   13  1  58392
31  59698  2   4  59694
32  66059  4   0  0  5  66054
33  66573  4   1  0  0  66572
34  65313  3   6  1  65306
35  66448  3   119  3  66326
36  60838  2   0  60838
37  66218  2   3  66215
38  63485  3   1  2  63482
39  66208  2   41  66167
40  66224  2   61  66163
41  62570  2   1  62569
42  66224  2   1  66223
43  65782  2   2  65780
44  66234  2   0  66234
45  63227  3   1  0  63226
46  66550  2   0  66550
47  66487  4   1  2  1  66483
48  66637  3   0  4  66633
49  66283  3   2  1  66280
50  65362  2   1  65361
51  66492  3   0  2  66490
52  66036  2   1  66035
53  66650  2   0  66650
54  66724  2   0  66724
55  66036  2   0  66036
56  65470  3   0  2  65468
57  66034  3   1  1  66032
58  66650  3   2  1  66647
59  64180  3   1  1  64178
60  66039  4   0  1  1  66037
61  64382  3   0  1  64381
62  64261  3   1  3  64257
63  66136  2   5  66131
64  66670  3   0  2  66668
65  66528  2   2  66526
66  65988  3   1  0  65987
67  66672  2   21  66651
68  66202  2   2  66200
69  64905  4   4  4  1  64896
70  64432  2   0  64432
71  66710  2   0  66710
72  66355  3   1  1  66353
73  65048  2   2  65046
74  66548  3   1  2  66545
75  66252  2   0  66252
76  66259  3   0  0  66259
77  66672  2   226  66446
78  66354  2   8  66346
79  66518  2   0  66518
80  65863  3   2  2  65859
81  66711  3   1  0  66710
82  66713  4   1  0  0  66712
83  64944  2   1  64943
84  66136  2   3  66133
85  66658  2   2  66656
86  64966  2   3  64963
87  65036  2   0  65036
88  66322  2   2  66320
89  66664  2   0  66664
90  66645  4   0  1  0  66644
91  66686  5   1  4  5156  0  61525
92  65075  3   0  0  65075
93  66676  3   0  0  66676
94  65456  2   2  65454
95  65170  2   5  65165
96  66600  2   0  66600
97  66675  3   0  1  66674
98  65709  3   3  0  65706
99  65457  3   0  1  65456
100  66664  2   0  66664
101  65621  4   3  0  0  65618
102  65294  2   2  65292
103  66662  3   2  2  66658
104  66663  3   1  0  66662
105  66628  2   4  66624
106  66662  2   542  66120
107  66677  3   13  1  66663
108  66280  2   0  66280
109  66658  2   0  66658
110  66614  3   1  0  66613
111  66572  2   0  66572
112  65468  2   7  65461
113  64203  5   1  0  6  0  64196
114  63867  3   0  1  63866
115  66323  3   1  0  66322
116  65480  3   9  6  65465
117  66476  2   6  66470
118  66254  2   2  66252
119  65492  2   6  65486
120  65534  2   7  65527
121  66646  2   4  66642
122  66376  3   2  80  66294
123  66462  2   2  66460
124  62294  2   0  62294
125  65406  2   3  65403
126  65592  2   0  65592
127  66630  2   19  66611
128  65584  2   37846  27738
129  64872  4   1  3  1  64867
130  65778  3   3  2  65773
131  58464  4   0  0  0  58464
132  66410  3   1  1  66408
133  64678  2   0  64678
134  65713  3   0  1  65712
135  56212  3   0  0  56212
136  66560  3   2  2  66556
137  55858  2   5  55853
138  66378  2   2  66376
139  66016  2   0  66016
140  64506  3   0  1  64505
141  65394  2   2  65392
142  66536  2   0  66536
143  54003  4   0  40  1  53962
144  64402  2   0  64402
145  64472  2   1  64471
146  66292  2   0  66292
147  66362  2   2  66360
148  66198  2   0  66198
149  66526  2   2  66524
150  66158  2   1  66157
151  66718  3   0  1  66717
152  66702  2   0  66702
153  66716  3   21  0  66695
154  66594  2   0  66594
155  65902  2   1  65901
156  65795  3   1  1  65793
157  66447  4   0  0  0  66447
158  66628  2   151  66477
159  66699  3   0  0  66699
160  66702  3   0  0  66702
161  66696  2   2  66694
162  66728  2   3  66725
163  66524  2   8  66516
164  66722  2   0  66722
165  66728  3   2  1  66725
166  66622  3   1  0  66621
167  66726  2   90  66636
168  66726  2   1  66725
169  66724  2   0  66724
170  5230  3   0  10  5220
171  66674  2   2  66672
172  66720  2   0  66720
173  66726  3   1  0  66725
174  66680  5   4  1  6  1  66668
175  66704  3   1  0  66703
176  66608  3   2  1  66605
177  4798  2   2  4796
178  66712  2   3  66709
179  66598  3   1  2  66595
180  66704  3   2  1  66701
181  66704  3   0  1  66703
182  66725  3   0  0  66725
183  29030  2   2  29028
184  66682  2   0  66682
185  66726  2   1  66725
186  29172  3   0  0  29172
187  66726  2   0  66726
188  66688  2   38  66650
189  66200  3   0  1  66199
190  66492  2   2  66490
191  29633  3   2  0  29631
192  66722  3   0  0  66722
193  66684  3   0  1  66683
194  29884  3   0  0  29884
195  66676  2   14  66662
196  66274  2   0  66274
197  66538  2   1  66537
198  66674  2   0  66674
199  66312  2   0  66312
200  5030  2   2  5028
201  66724  3   1  43  66680
202  66674  2   4  66670
203  5023  3   0  1  5022
204  66724  2   1  66723
205  66670  2   1  66669
206  65590  2   0  65590
207  66680  2   2  66678
208  66708  2   4052  62656
209  66601  3   0  3  66598
210  66703  3   1  1  66701
211  66641  4   1  4  1  66635
212  66686  3   1  0  66685
213  66688  3   1  1  66686
214  66698  3   0  0  66698
215  66724  2   14  66710
216  29797  3   0  1  29796
217  66292  3   0  1  66291
218  66686  2   0  66686
219  66694  3   1  0  66693
220  66212  2   1  66211
221  66274  3   1  0  66273
222  66676  4   1  288  0  66387
223  66704  3   0  1  66703
224  66712  2   19  66693
225  66588  2   1  66587
226  66688  2   320  66368
227  66390  2   2  66388
228  66714  2   0  66714
229  4350  2   1  4349
230  66406  2   0  66406
231  66726  2   2  66724
232  66698  2   6  66692
233  66692  2   490  66202
234  66708  2   2  66706
235  66725  4   11  3  2  66709
236  4040  2   3  4037
237  66660  2   1  66659
238  66704  2   0  66704
239  66468  3   1  1  66466
240  66596  3   18  2  66576
241  66416  3   1  1  66414
242  66688  3   0  0  66688
243  66698  2   4  66694
244  66668  2   3  66665
245  66714  2   0  66714
246  66498  2   0  66498
247  66616  2   3  66613
248  61754  3   87  1  61666
249  51640  2   0  51640
250  54342  3   1  0  54341
251  51060  2   0  51060
252  66716  3   3  0  66713
253  66678  2   5  66673
254  62620  2   30  62590
255  66726  2   11  66715
256  51772  2   2  51770
257  66718  3   0  0  66718
258  66666  2   5005  61661
259  66714  2   2  66712
260  66720  2   7892  58828
261  66400  2   2  66398
262  66712  2   0  66712
263  53332  3   0  7  53325
264  42820  2   0  42820
265  66718  2   2  66716
266  66378  2   0  66378
267  66706  2   2  66704
268  53604  4   5  2  0  53597
269  41054  3   1  0  41053
270  66718  3   0  0  66718
271  66358  2   2  66356
272  53754  3   0  0  53754
273  38996  2   12  38984
274  66368  2   0  66368
275  63934  2   0  63934
276  53748  2   0  53748
277  66328  2   0  66328
278  53686  2   0  53686
279  53424  3   1  1  53422
280  66680  2   0  66680
281  53435  4   5  1  0  53429
282  66512  2   0  66512
283  66497  4   2  2  0  66493
284  64156  2   0  64156
285  66682  2   5  66677
286  66660  2   0  66660
287  53284  2   2  53282
288  66670  3   0  2  66668
289  66552  2   1  66551
290  66650  2   334  66316
291  66376  2   0  66376
292  66624  2   0  66624
293  63872  3   0  1  63871

[pop]=6
1  894  2   0  894
2  890  2   0  890
3  890  3   0  0  890
4  868  2   604  264
5  788  4   0  0  0  788
6  908  3   0  0  908
7  908  3   0  0  908
8  651  3   0  0  651
9  787  3   0  0  787
10  688  3   0  0  688
11  908  2   0  908
12  890  2   0  890
13  846  2   0  846
14  898  2   0  898
15  906  4   550  0  0  356
16  902  2   20  882
17  848  2   1  847
18  876  2   0  876
19  902  2   0  902
20  778  2   0  778
21  901  3   0  0  901
22  881  3   0  0  881
23  894  3   0  0  894
24  902  2   0  902
25  789  3   0  0  789
26  901  3   0  0  901
27  894  2   0  894
28  908  2   0  908
29  886  2   0  886
30  773  3   0  0  773
31  802  2   0  802
32  890  4   0  0  0  890
33  903  4   0  0  0  903
34  865  3   0  2  863
35  904  3   3  0  901
36  800  2   0  800
37  882  2   0  882
38  825  3   0  0  825
39  894  2   2  892
40  882  2   0  882
41  820  2   0  820
42  894  2   0  894
43  880  2   0  880
44  892  2   0  892
45  831  3   0  0  831
46  902  2   0  902
47  906  4   0  0  0  906
48  906  3   0  0  906
49  886  3   0  0  886
50  884  2   0  884
51  906  3   0  0  906
52  898  2   0  898
53  906  2   0  906
54  908  2   0  908
55  890  2   0  890
56  886  3   0  0  886
57  897  3   0  0  897
58  906  3   0  0  906
59  850  3   0  0  850
60  897  4   0  0  0  897
61  854  3   0  0  854
62  858  3   0  0  858
63  890  2   0  890
64  906  3   0  0  906
65  906  2   0  906
66  894  3   0  0  894
67  906  2   0  906
68  892  2   0  892
69  869  4   0  0  0  869
70  858  2   0  858
71  908  2   0  908
72  890  3   0  0  890
73  874  2   0  874
74  906  3   0  0  906
75  900  2   0  900
76  894  3   0  0  894
77  908  2   2  906
78  888  2   0  888
79  896  2   0  896
80  893  3   0  0  893
81  907  3   0  0  907
82  908  4   0  0  0  908
83  872  2   0  872
84  900  2   0  900
85  906  2   0  906
86  870  2   0  870
87  872  2   0  872
88  896  2   0  896
89  900  2   0  900
90  906  4   0  0  0  906
91  906  5   0  0  91  0  815
92  872  3   0  0  872
93  902  3   0  0  902
94  884  2   0  884
95  870  2   0  870
96  906  2   0  906
97  906  3   0  0  906
98  883  3   0  0  883
99  884  3   0  0  884
100  906  2   0  906
101  884  4   1  0  0  883
102  874  2   0  874
103  906  3   0  0  906
104  906  3   0  0  906
105  906  2   0  906
106  906  2   9  897
107  906  3   1  0  905
108  898  2   0  898
109  906  2   0  906
110  908  3   0  1  907
111  902  2   0  902
112  884  2   0  884
113  853  5   0  0  0  0  853
114  844  3   0  0  844
115  889  3   0  0  889
116  886  3   0  0  886
117  900  2   0  900
118  896  2   0  896
119  884  2   0  884
120  884  2   0  884
121  904  2   0  904
122  892  3   0  2  890
123  898  2   0  898
124  818  2   0  818
125  884  2   0  884
126  884  2   0  884
127  902  2   0  902
128  876  2   459  417
129  870  4   0  0  0  870
130  878  3   0  0  878
131  768  4   0  0  0  768
132  892  3   0  0  892
133  858  2   0  858
134  884  3   0  0  884
135  732  3   0  0  732
136  900  3   0  0  900
137  730  2   0  730
138  892  2   0  892
139  882  2   0  882
140  860  3   0  0  860
141  872  2   0  872
142  900  2   0  900
143  713  4   0  0  0  713
144  810  2   0  810
145  860  2   0  860
146  884  2   0  884
147  892  2   0  892
148  878  2   1  877
149  896  2   0  896
150  888  2   0  888
151  908  3   0  0  908
152  906  2   0  906
153  906  3   0  0  906
154  906  2   0  906
155  872  2   0  872
156  872  3   0  0  872
157  904  4   0  0  0  904
158  900  2   4  896
159  908  3   0  0  908
160  906  3   0  0  906
161  908  2   0  908
162  906  2   2  904
163  900  2   0  900
164  908  2   0  908
165  906  3   0  0  906
166  908  3   0  0  908
167  906  2   1  905
168  906  2   0  906
169  906  2   0  906
170  111  3   0  0  111
171  908  2   0  908
172  908  2   0  908
173  906  3   0  0  906
174  908  5   0  0  0  0  908
175  900  3   0  0  900
176  908  3   0  0  908
177  118  2   0  118
178  900  2   0  900
179  908  3   0  0  908
180  906  3   0  0  906
181  906  3   0  0  906
182  908  3   0  0  908
183  350  2   0  350
184  906  2   0  906
185  908  2   0  908
186  351  3   0  0  351
187  908  2   0  908
188  906  2   0  906
189  904  3   1  0  903
190  894  2   0  894
191  359  3   0  0  359
192  908  3   0  0  908
193  908  3   0  0  908
194  362  3   0  0  362
195  908  2   0  908
196  906  2   0  906
197  896  2   0  896
198  908  2   0  908
199  906  2   0  906
200  118  2   0  118
201  908  3   0  0  908
202  908  2   0  908
203  118  3   0  0  118
204  908  2   0  908
205  908  2   0  908
206  864  2   0  864
207  908  2   0  908
208  908  2   72  836
209  899  3   0  0  899
210  906  3   0  0  906
211  908  4   0  0  0  908
212  908  3   0  0  908
213  907  3   0  0  907
214  908  3   0  0  908
215  908  2   0  908
216  341  3   0  0  341
217  902  3   0  0  902
218  906  2   0  906
219  908  3   0  0  908
220  886  2   0  886
221  902  3   0  0  902
222  905  4   0  2  0  903
223  906  3   0  0  906
224  908  2   0  908
225  906  2   0  906
226  906  2   4  902
227  886  2   0  886
228  908  2   0  908
229  116  2   0  116
230  888  2   0  888
231  908  2   0  908
232  908  2   0  908
233  908  2   10  898
234  906  2   0  906
235  908  4   0  0  0  908
236  116  2   0  116
237  908  2   0  908
238  908  2   0  908
239  890  3   0  0  890
240  908  3   1  0  907
241  905  3   0  0  905
242  908  3   0  0  908
243  908  2   0  908
244  902  2   0  902
245  906  2   0  906
246  902  2   0  902
247  898  2   0  898
248  802  3   3  0  799
249  660  2   0  660
250  744  3   0  0  744
251  650  2   0  650
252  906  3   0  0  906
253  906  2   0  906
254  838  2   0  838
255  908  2   0  908
256  656  2   0  656
257  908  3   0  0  908
258  906  2   44  862
259  908  2   0  908
260  908  2   86  822
261  886  2   0  886
262  908  2   0  908
263  667  3   0  0  667
264  592  2   0  592
265  908  2   0  908
266  884  2   0  884
267  904  2   0  904
268  665  4   0  0  0  665
269  567  3   0  0  567
270  908  3   0  0  908
271  880  2   0  880
272  666  3   0  0  666
273  544  2   1  543
274  880  2   0  880
275  858  2   0  858
276  666  2   0  666
277  880  2   0  880
278  666  2   0  666
279  663  3   0  0  663
280  908  2   0  908
281  654  4   0  0  0  654
282  906  2   0  906
283  905  4   0  0  0  905
284  866  2   0  866
285  908  2   0  908
286  908  2   0  908
287  658  2   0  658
288  908  3   0  0  908
289  904  2   0  904
290  908  2   1  907
291  902  2   0  902
292  908  2   0  908
293  852  3   0  0  852

[pop]=7
1  16506  2   0  16506
2  16498  2   0  16498
3  16498  3   0  1  16497
4  14320  2   9906  4414
5  9134  4   0  0  0  9134
6  16492  3   0  3  16489
7  16499  3   0  0  16499
8  13224  3   0  0  13224
9  9183  3   0  2  9181
10  13694  3   0  0  13694
11  16510  2   0  16510
12  16498  2   0  16498
13  13236  2   0  13236
14  16354  2   0  16354
15  16437  4   7836  0  0  8601
16  16294  2   117  16177
17  13610  2   0  13610
18  15458  2   1  15457
19  16306  2   0  16306
20  14508  2   1  14507
21  16458  3   0  0  16458
22  15599  3   0  0  15599
23  16511  3   0  0  16511
24  16356  2   0  16356
25  14678  3   1  0  14677
26  16456  3   1  0  16455
27  16512  2   0  16512
28  16468  2   0  16468
29  15938  2   55  15883
30  14994  3   0  0  14994
31  14908  2   0  14908
32  16074  4   1  2  0  16071
33  16441  4   0  0  0  16441
34  14457  3   1  2  14454
35  16462  3   2  0  16460
36  15478  2   20  15458
37  15500  2   3  15497
38  10936  3   0  0  10936
39  16306  2   0  16306
40  15522  2   0  15522
41  15864  2   0  15864
42  16346  2   0  16346
43  15236  2   0  15236
44  16354  2   0  16354
45  16019  3   0  2  16017
46  16436  2   3  16433
47  16469  4   0  0  3  16466
48  16506  3   0  0  16506
49  15651  3   0  0  15651
50  16026  2   0  16026
51  16470  3   1  0  16469
52  16512  2   2  16510
53  16504  2   2  16502
54  16512  2   0  16512
55  15702  2   2  15700
56  16060  3   0  0  16060
57  16512  3   0  1  16511
58  16506  3   3  0  16503
59  16242  3   0  0  16242
60  16512  4   0  1  0  16511
61  16297  3   0  0  16297
62  13129  3   0  1  13128
63  15864  2   0  15864
64  16510  3   0  0  16510
65  16476  2   0  16476
66  16508  3   0  0  16508
67  16512  2   39  16473
68  15958  2   0  15958
69  16430  4   1  0  0  16429
70  13526  2   0  13526
71  16504  2   5  16499
72  15798  3   0  0  15798
73  16462  2   0  16462
74  16478  3   0  0  16478
75  16420  2   3  16417
76  16067  3   3  0  16064
77  16512  2   0  16512
78  15792  2   0  15792
79  16440  2   2  16438
80  16503  3   0  0  16503
81  16507  3   1  0  16506
82  16507  4   0  0  9  16498
83  14434  2   0  14434
84  16408  2   0  16408
85  16512  2   0  16512
86  14534  2   0  14534
87  14648  2   3  14645
88  16118  2   0  16118
89  16504  2   2  16502
90  16510  4   0  0  0  16510
91  16502  5   0  1  1975  0  14526
92  14735  3   1  1  14733
93  16508  3   0  1  16507
94  16494  2   3  16491
95  14906  2   1  14905
96  16506  2   0  16506
97  16510  3   0  0  16510
98  16264  3   0  0  16264
99  16496  3   0  0  16496
100  16502  2   0  16502
101  16227  4   0  0  1  16226
102  15078  2   0  15078
103  16508  3   0  0  16508
104  16500  3   1  1  16498
105  16510  2   0  16510
106  16508  2   23  16485
107  16482  3   0  0  16482
108  15990  2   2  15988
109  16500  2   2  16498
110  16504  3   0  0  16504
111  16498  2   1  16497
112  15258  2   0  15258
113  15868  5   0  0  0  2  15866
114  15769  3   0  0  15769
115  16164  3   0  3  16161
116  16498  3   0  0  16498
117  16458  2   1  16457
118  16492  2   1  16491
119  16498  2   1  16497
120  15312  2   0  15312
121  16492  2   0  16492
122  16233  3   0  0  16233
123  16454  2   0  16454
124  15370  2   0  15370
125  16490  2   0  16490
126  15378  2   0  15378
127  16476  2   0  16476
128  16480  2   8366  8114
129  16463  4   0  0  0  16463
130  14740  3   0  0  14740
131  14540  4   2  2  1  14535
132  16274  3   0  0  16274
133  16440  2   2  16438
134  15531  3   1  0  15530
135  14116  3   1  0  14115
136  16385  3   0  29  16356
137  14048  2   0  14048
138  16230  2   0  16230
139  15988  2   15  15973
140  16396  3   1  0  16395
141  14028  2   0  14028
142  16348  2   0  16348
143  13727  4   0  0  0  13727
144  10532  2   0  10532
145  16396  2   0  16396
146  15522  2   0  15522
147  16214  2   0  16214
148  15250  2   0  15250
149  16462  2   1  16461
150  15238  2   0  15238
151  16510  3   1  0  16509
152  16498  2   0  16498
153  16508  3   0  1  16507
154  16502  2   0  16502
155  15956  2   0  15956
156  15908  3   0  0  15908
157  16009  4   0  1  0  16008
158  16496  2   185  16311
159  16501  3   2  0  16499
160  16507  3   0  2  16505
161  16500  2   0  16500
162  16512  2   28  16484
163  16216  2   0  16216
164  16512  2   0  16512
165  16512  3   0  0  16512
166  16505  3   0  1  16504
167  16510  2   0  16510
168  16512  2   3  16509
169  16512  2   0  16512
170  3501  3   0  11  3490
171  16468  2   2  16466
172  16512  2   0  16512
173  16512  3   0  0  16512
174  16494  5   0  0  2  0  16492
175  16504  3   0  0  16504
176  16494  3   0  0  16494
177  4700  2   0  4700
178  16510  2   0  16510
179  16494  3   0  2  16492
180  16511  3   1  1  16509
181  16510  3   0  0  16510
182  16512  3   2  0  16510
183  9958  2   0  9958
184  16476  2   0  16476
185  16512  2   0  16512
186  9957  3   1  0  9956
187  16512  2   6  16506
188  16512  2   0  16512
189  16394  3   0  0  16394
190  16472  2   0  16472
191  9933  3   0  0  9933
192  16512  3   1  0  16511
193  16507  3   0  0  16507
194  9923  3   1  3  9919
195  16490  2   0  16490
196  16424  2   0  16424
197  16480  2   0  16480
198  16490  2   1  16489
199  16434  2   1  16433
200  5510  2   0  5510
201  16512  3   0  2  16510
202  16508  2   1  16507
203  5517  3   0  0  5517
204  16512  2   0  16512
205  16508  2   2  16506
206  15360  2   2  15358
207  16506  2   0  16506
208  16510  2   1901  14609
209  16497  3   0  0  16497
210  16500  3   0  1  16499
211  16504  4   1  1  0  16502
212  16509  3   4  1  16504
213  16512  3   0  0  16512
214  16510  3   0  0  16510
215  16512  2   0  16512
216  9391  3   1  0  9390
217  16433  3   1  0  16432
218  16498  2   2  16496
219  16508  3   0  0  16508
220  16034  2   1  16033
221  16419  3   0  0  16419
222  16512  4   0  10  71  16431
223  16512  3   0  0  16512
224  16512  2   1  16511
225  16472  2   1  16471
226  16512  2   48  16464
227  16186  2   0  16186
228  16510  2   0  16510
229  5154  2   0  5154
230  16218  2   0  16218
231  16510  2   1  16509
232  16512  2   2  16510
233  16512  2   22  16490
234  16512  2   0  16512
235  16510  4   2  10  0  16498
236  4902  2   0  4902
237  16508  2   0  16508
238  16510  2   0  16510
239  16280  3   0  0  16280
240  16507  3   0  0  16507
241  16367  3   0  0  16367
242  16512  3   0  0  16512
243  16510  2   0  16510
244  16500  2   0  16500
245  16512  2   4  16508
246  16484  2   3  16481
247  16472  2   0  16472
248  15098  3   4  0  15094
249  13854  2   1  13853
250  14978  3   0  2  14976
251  13820  2   0  13820
252  16512  3   0  0  16512
253  16512  2   0  16512
254  15528  2   0  15528
255  16510  2   0  16510
256  13864  2   0  13864
257  16512  3   1  0  16511
258  16512  2   418  16094
259  16510  2   0  16510
260  16510  2   316  16194
261  16314  2   0  16314
262  16510  2   1  16509
263  14025  3   0  0  14025
264  13234  2   0  13234
265  16510  2   0  16510
266  16300  2   0  16300
267  16496  2   0  16496
268  14019  4   0  0  3  14016
269  13001  3   0  0  13001
270  16510  3   2  0  16508
271  16290  2   0  16290
272  13982  3   0  0  13982
273  12790  2   0  12790
274  16280  2   2  16278
275  16248  2   0  16248
276  13856  2   0  13856
277  16266  2   1  16265
278  13796  2   0  13796
279  13525  3   0  0  13525
280  16504  2   8  16496
281  13446  4   0  0  0  13446
282  16338  2   2  16336
283  16473  4   0  0  1  16472
284  16286  2   0  16286
285  16506  2   6  16500
286  16486  2   2  16484
287  13180  2   0  13180
288  16502  3   1  0  16501
289  16490  2   0  16490
290  16480  2   8  16472
291  16174  2   2  16172
292  16432  2   0  16432
293  16216  3   1  0  16215

