[loci]=190

[populations]=7

[pop]=1
1  9787  3   0  0  9787
2  9616  2   1  9615
3  9768  3   0  1  9767
4  9712  2   0  9712
5  9788  2   0  9788
6  10336  3   0  0  10336
7  9618  3   0  0  9618
8  9768  2   0  9768
9  10291  3   0  6  10285
10  6342  2   3  6339
11  6424  2   0  6424
12  6590  2   0  6590
13  5566  2   0  5566
14  10404  2   2  10402
15  7160  2   2  7158
16  9598  2   2  9596
17  10374  3   0  0  10374
18  10390  2   0  10390
19  9772  3   0  0  9772
20  9796  2   0  9796
21  10377  3   0  0  10377
22  7342  2   0  7342
23  9576  3   1  0  9575
24  7702  2   0  7702
25  10394  3   0  0  10394
26  9796  2   0  9796
27  5835  4   0  0  0  5835
28  10188  2   0  10188
29  9772  2   0  9772
30  10088  2   0  10088
31  10386  3   2  0  10384
32  9686  2   0  9686
33  7376  2   0  7376
34  9773  3   0  0  9773
35  10404  4   0  0  0  10404
36  7248  2   0  7248
37  9308  2   0  9308
38  5155  3   0  0  5155
39  10404  3   0  0  10404
40  10348  2   1  10347
41  8248  2   0  8248
42  10400  2   14  10386
43  5067  3   0  0  5067
44  10400  2   12  10388
45  8436  2   0  8436
46  6396  2   0  6396
47  4892  2   0  4892
48  10327  3   0  0  10327
49  9788  2   0  9788
50  9798  3   0  0  9798
51  6856  2   0  6856
52  10404  3   0  0  10404
53  10372  2   1  10371
54  10402  2   1  10401
55  9762  3   0  16  9746
56  6607  3   0  0  6607
57  8622  2   1  8621
58  9760  2   0  9760
59  9798  2   0  9798
60  6340  2   0  6340
61  4450  3   1  0  4449
62  9800  4   0  9  0  9791
63  10404  4   0  0  0  10404
64  8794  3   0  0  8794
65  9746  3   0  0  9746
66  4324  2   4  4320
67  10402  2   1  10401
68  9800  3   0  0  9800
69  9612  2   0  9612
70  10405  3   0  0  10405
71  8848  2   0  8848
72  4302  2   12  4290
73  8506  2   0  8506
74  9742  4   0  1  0  9741
75  9574  2   0  9574
76  4096  3   145  0  3951
77  5380  2   61  5319
78  10406  2   0  10406
79  8978  3   0  1  8977
80  10400  3   0  1  10399
81  9796  2   1  9795
82  8024  3   0  0  8024
83  10400  3   1  0  10399
84  10399  3   0  0  10399
85  10366  2   2  10364
86  10063  4   0  0  5  10058
87  9788  3   0  1  9787
88  9102  2   0  9102
89  9792  2   0  9792
90  10400  3   0  0  10400
91  3649  4   0  2  0  3647
92  8982  2   0  8982
93  9794  2   0  9794
94  10126  3   0  0  10126
95  9792  3   0  0  9792
96  8972  3   0  0  8972
97  10396  2   0  10396
98  6708  2   2  6706
99  9799  5   0  0  1  0  9798
100  10394  3   0  0  10394
101  9074  2   0  9074
102  9802  2   0  9802
103  10398  2   14  10384
104  8824  2   0  8824
105  8753  3   0  1  8752
106  1984  3   0  0  1984
107  10388  2   1  10387
108  6664  2   0  6664
109  10388  2   2  10386
110  10192  2   0  10192
111  9774  2   10  9764
112  10398  2   0  10398
113  9802  3   0  0  9802
114  10374  3   0  0  10374
115  10406  2   7  10399
116  6564  3   0  1  6563
117  9796  2   0  9796
118  10406  2   0  10406
119  10396  2   1  10395
120  9486  2   0  9486
121  10406  2   0  10406
122  8540  3   0  0  8540
123  1273  3   0  0  1273
124  10063  3   0  0  10063
125  10211  3   0  0  10211
126  8398  2   0  8398
127  9753  3   0  0  9753
128  10394  2   0  10394
129  10102  2   0  10102
130  10214  2   0  10214
131  8193  3   0  0  8193
132  9802  2   0  9802
133  10172  2   4  10168
134  9764  3   1  1  9762
135  9802  3   1  2  9799
136  8188  2   62  8126
137  9568  2   0  9568
138  8025  4   0  5  2  8018
139  9796  2   20  9776
140  9634  2   0  9634
141  10255  3   0  0  10255
142  9802  2   0  9802
143  10310  3   0  1  10309
144  7714  2   6  7708
145  9802  2   3  9799
146  9748  2   3  9745
147  7560  2   0  7560
148  10192  2   0  10192
149  10170  2   0  10170
150  9594  2   0  9594
151  9782  3   0  0  9782
152  9734  2   0  9734
153  10210  2   0  10210
154  10264  2   0  10264
155  10166  2   0  10166
156  10232  2   18  10214
157  9322  2   6  9316
158  10311  4   0  0  0  10311
159  9802  3   0  0  9802
160  9580  3   0  0  9580
161  10352  2   0  10352
162  10270  3   0  1  10269
163  9796  2   0  9796
164  9802  3   7  0  9795
165  10338  3   0  0  10338
166  9802  2   0  9802
167  10230  2   1  10229
168  10356  2   0  10356
169  10130  2   6  10124
170  9638  2   0  9638
171  9712  3   0  0  9712
172  10259  4   0  1  1  10257
173  9530  2   0  9530
174  10352  2   4  10348
175  9802  4   0  1  1  9800
176  10284  2   0  10284
177  9792  3   0  0  9792
178  5418  2   78  5340
179  10286  3   0  0  10286
180  10352  2   0  10352
181  5414  2   1  5413
182  9802  3   0  0  9802
183  10291  3   0  1  10290
184  10352  2   0  10352
185  9799  4   0  0  0  9799
186  9290  2   0  9290
187  9802  3   1  0  9801
188  9686  2   0  9686
189  9800  3   0  0  9800
190  9752  2   0  9752

[pop]=2
1  11521  3   0  0  11521
2  11400  2   1  11399
3  11569  3   0  0  11569
4  11496  2   0  11496
5  11526  2   0  11526
6  11564  3   0  0  11564
7  11400  3   0  0  11400
8  11570  2   0  11570
9  11520  3   0  0  11520
10  5180  2   7  5173
11  6126  2   1  6125
12  5482  2   0  5482
13  4282  2   0  4282
14  11576  2   7  11569
15  6172  2   1  6171
16  11420  2   0  11420
17  11573  3   0  0  11573
18  11520  2   0  11520
19  11569  3   0  0  11569
20  11544  2   0  11544
21  11575  3   0  0  11575
22  6832  2   0  6832
23  11379  3   0  0  11379
24  7054  2   0  7054
25  11528  3   0  0  11528
26  11544  2   0  11544
27  5293  4   0  0  0  5293
28  11482  2   2  11480
29  11570  2   0  11570
30  11530  2   0  11530
31  11576  3   0  0  11576
32  11474  2   0  11474
33  5382  2   0  5382
34  11568  3   0  2  11566
35  11576  4   0  0  0  11576
36  5140  2   2  5138
37  11150  2   15  11135
38  4286  3   0  0  4286
39  11574  3   0  0  11574
40  11532  2   0  11532
41  8342  2   0  8342
42  11546  2   11  11535
43  4216  3   0  0  4216
44  11576  2   0  11576
45  9234  2   0  9234
46  4974  2   1  4973
47  3966  2   0  3966
48  11572  3   1  0  11571
49  11554  2   0  11554
50  11555  3   0  0  11555
51  4198  2   0  4198
52  11574  3   0  0  11574
53  11554  2   2  11552
54  11552  2   0  11552
55  11566  3   0  0  11566
56  3686  3   0  0  3686
57  9730  2   0  9730
58  11566  2   0  11566
59  11556  2   0  11556
60  3164  2   0  3164
61  3352  3   0  0  3352
62  11556  4   0  3  0  11553
63  11574  4   0  0  0  11574
64  10115  3   1  0  10114
65  11562  3   0  0  11562
66  3208  2   0  3208
67  11574  2   1  11573
68  11570  3   0  0  11570
69  11424  2   0  11424
70  11575  3   0  0  11575
71  10214  2   0  10214
72  3212  2   0  3212
73  10110  2   0  10110
74  11558  4   0  0  1  11557
75  11396  2   0  11396
76  3046  3   170  0  2876
77  1988  2   4  1984
78  11576  2   0  11576
79  10230  3   0  0  10230
80  11572  3   0  0  11572
81  11560  2   0  11560
82  7736  3   0  0  7736
83  11572  3   0  0  11572
84  11574  3   0  0  11574
85  11578  2   0  11578
86  11525  4   1  0  2  11522
87  11526  3   0  0  11526
88  10602  2   0  10602
89  11554  2   0  11554
90  11572  3   3  0  11569
91  2494  4   0  0  1  2493
92  10482  2   0  10482
93  11538  2   1  11537
94  11531  3   0  0  11531
95  11556  3   0  0  11556
96  10475  3   0  0  10475
97  11574  2   0  11574
98  5204  2   0  5204
99  11546  5   0  0  0  0  11546
100  11574  3   2  0  11572
101  10242  2   1  10241
102  11550  2   0  11550
103  11572  2   1  11571
104  10218  2   0  10218
105  10644  3   0  0  10644
106  1120  3   0  0  1120
107  11574  2   0  11574
108  5092  2   0  5092
109  11572  2   0  11572
110  11532  2   2  11530
111  11544  2   0  11544
112  11574  2   0  11574
113  11558  3   0  0  11558
114  11574  3   0  0  11574
115  11578  2   0  11578
116  4841  3   1  0  4840
117  11552  2   0  11552
118  11578  2   0  11578
119  11574  2   1  11573
120  11322  2   0  11322
121  11578  2   0  11578
122  9595  3   0  0  9595
123  661  3   0  0  661
124  11571  3   0  0  11571
125  11530  3   0  0  11530
126  9290  2   0  9290
127  11382  3   0  0  11382
128  11570  2   16  11554
129  11572  2   0  11572
130  11528  2   5  11523
131  8819  3   0  0  8819
132  11562  2   0  11562
133  11516  2   816  10700
134  11398  3   0  0  11398
135  11562  3   0  0  11562
136  9730  2   2  9728
137  11406  2   0  11406
138  9354  4   0  0  0  9354
139  11576  2   4  11572
140  11514  2   0  11514
141  11513  3   0  0  11513
142  11564  2   0  11564
143  11550  3   1  1  11548
144  8738  2   13  8725
145  11564  2   1  11563
146  11510  2   7  11503
147  8390  2   0  8390
148  11574  2   0  11574
149  11516  2   4  11512
150  11422  2   0  11422
151  11442  3   5  0  11437
152  11486  2   2  11484
153  11244  2   0  11244
154  11578  2   0  11578
155  11514  2   0  11514
156  11284  2   1  11283
157  10214  2   0  10214
158  11534  4   0  0  2  11532
159  11566  3   0  0  11566
160  11421  3   1  0  11420
161  11564  2   0  11564
162  11542  3   0  0  11542
163  11576  2   2  11574
164  11566  3   1  0  11565
165  11540  3   0  1  11539
166  11566  2   0  11566
167  11578  2   0  11578
168  11566  2   1  11565
169  11498  2   0  11498
170  11260  2   0  11260
171  11488  3   0  6  11482
172  11571  4   0  0  0  11571
173  11308  2   1  11307
174  11544  2   4  11540
175  11566  4   0  0  0  11566
176  11572  2   0  11572
177  11460  3   0  0  11460
178  3576  2   101  3475
179  11572  3   0  0  11572
180  11566  2   0  11566
181  3534  2   0  3534
182  11565  3   1  0  11564
183  11571  3   0  35  11536
184  11566  2   0  11566
185  11464  4   0  0  0  11464
186  11030  2   1  11029
187  11566  3   0  0  11566
188  11350  2   0  11350
189  11464  3   0  0  11464
190  11542  2   0  11542

[pop]=3
1  8612  3   0  0  8612
2  8550  2   0  8550
3  8624  3   0  0  8624
4  8602  2   0  8602
5  8616  2   0  8616
6  8644  3   0  0  8644
7  8555  3   1  0  8554
8  8624  2   0  8624
9  8635  3   0  13  8622
10  4682  2   0  4682
11  5360  2   4  5356
12  4998  2   2  4996
13  4276  2   0  4276
14  8652  2   0  8652
15  5630  2   5  5625
16  8570  2   0  8570
17  8645  3   0  0  8645
18  8644  2   0  8644
19  8626  3   0  1  8625
20  8626  2   0  8626
21  8648  3   0  0  8648
22  6086  2   0  6086
23  8559  3   0  0  8559
24  6334  2   0  6334
25  8645  3   0  0  8645
26  8626  2   0  8626
27  4749  4   0  0  0  4749
28  8604  2   0  8604
29  8626  2   2  8624
30  8584  2   0  8584
31  8654  3   1  0  8653
32  8598  2   0  8598
33  5680  2   0  5680
34  8624  3   0  0  8624
35  8652  4   1  0  0  8651
36  5546  2   0  5546
37  8450  2   0  8450
38  4048  3   0  0  4048
39  8652  3   0  0  8652
40  8638  2   0  8638
41  7032  2   0  7032
42  8650  2   0  8650
43  3931  3   0  0  3931
44  8652  2   5  8647
45  7528  2   0  7528
46  5102  2   0  5102
47  3730  2   0  3730
48  8641  3   0  0  8641
49  8616  2   0  8616
50  8626  3   0  0  8626
51  5068  2   3  5065
52  8652  3   0  2  8650
53  8642  2   0  8642
54  8652  2   0  8652
55  8622  3   1  0  8621
56  4747  3   0  4  4743
57  7810  2   0  7810
58  8622  2   0  8622
59  8626  2   0  8626
60  4418  2   0  4418
61  3277  3   0  0  3277
62  8626  4   0  0  0  8626
63  8654  4   0  0  0  8654
64  8034  3   0  1  8033
65  8620  3   0  0  8620
66  3176  2   0  3176
67  8652  2   0  8652
68  8622  3   0  0  8622
69  8586  2   39  8547
70  8654  3   0  0  8654
71  8110  2   4  8106
72  3202  2   0  3202
73  8028  2   1  8027
74  8620  4   0  0  0  8620
75  8570  2   0  8570
76  3018  3   153  0  2865
77  3432  2   0  3432
78  8654  2   0  8654
79  8013  3   0  0  8013
80  8654  3   0  0  8654
81  8622  2   0  8622
82  6665  3   0  0  6665
83  8654  3   0  0  8654
84  8651  3   0  0  8651
85  8654  2   0  8654
86  8631  4   0  0  0  8631
87  8593  3   0  0  8593
88  8198  2   0  8198
89  8616  2   0  8616
90  8654  3   0  0  8654
91  2524  4   0  0  0  2524
92  8212  2   0  8212
93  8608  2   0  8608
94  8637  3   0  0  8637
95  8617  3   0  0  8617
96  8206  3   1  0  8205
97  8646  2   0  8646
98  5514  2   0  5514
99  8610  5   0  0  0  0  8610
100  8650  3   0  0  8650
101  7974  2   0  7974
102  8614  2   0  8614
103  8654  2   0  8654
104  8078  2   0  8078
105  8322  3   0  0  8322
106  1210  3   1  0  1209
107  8648  2   0  8648
108  5448  2   0  5448
109  8646  2   0  8646
110  8638  2   0  8638
111  8622  2   0  8622
112  8654  2   0  8654
113  8620  3   1  0  8619
114  8648  3   0  1  8647
115  8654  2   0  8654
116  5343  3   0  0  5343
117  8614  2   0  8614
118  8654  2   0  8654
119  8654  2   0  8654
120  8528  2   0  8528
121  8654  2   0  8654
122  7733  3   2  0  7731
123  717  3   0  1  716
124  8618  3   0  0  8618
125  8642  3   0  0  8642
126  7480  2   11  7469
127  8570  3   0  0  8570
128  8654  2   0  8654
129  8624  2   0  8624
130  8642  2   0  8642
131  7157  3   0  0  7157
132  8624  2   0  8624
133  8590  2   0  8590
134  8581  3   0  0  8581
135  8624  3   0  0  8624
136  7834  2   0  7834
137  8558  2   0  8558
138  7656  4   0  0  0  7656
139  8626  2   0  8626
140  8558  2   0  8558
141  8634  3   0  0  8634
142  8624  2   0  8624
143  8600  3   0  0  8600
144  7312  2   0  7312
145  8626  2   0  8626
146  8576  2   0  8576
147  7076  2   1  7075
148  8628  2   0  8628
149  8640  2   0  8640
150  8564  2   0  8564
151  8599  3   0  0  8599
152  8562  2   0  8562
153  8434  2   0  8434
154  8646  2   0  8646
155  8634  2   0  8634
156  8464  2   0  8464
157  7678  2   0  7678
158  8650  4   1  0  0  8649
159  8626  3   0  0  8626
160  8550  3   0  0  8550
161  8648  2   0  8648
162  8610  3   0  0  8610
163  8626  2   0  8626
164  8626  3   0  0  8626
165  8652  3   7  0  8645
166  8626  2   0  8626
167  8630  2   0  8630
168  8646  2   0  8646
169  8630  2   0  8630
170  8482  2   3  8479
171  8591  3   0  0  8591
172  8629  4   0  0  0  8629
173  8448  2   0  8448
174  8654  2   16  8638
175  8626  4   0  0  0  8626
176  8630  2   0  8630
177  8612  3   0  2  8610
178  3936  2   1  3935
179  8629  3   6  0  8623
180  8650  2   13  8637
181  3966  2   0  3966
182  8626  3   0  1  8625
183  8630  3   0  0  8630
184  8650  2   0  8650
185  8618  4   0  0  0  8618
186  8226  2   0  8226
187  8626  3   0  0  8626
188  8548  2   2  8546
189  8618  3   0  0  8618
190  8618  2   0  8618

[pop]=4
1  6607  3   0  0  6607
2  6586  2   0  6586
3  6614  3   0  0  6614
4  6610  2   0  6610
5  6610  2   0  6610
6  6610  3   0  0  6610
7  6589  3   0  0  6589
8  6614  2   0  6614
9  6610  3   0  0  6610
10  4198  2   0  4198
11  2700  2   0  2700
12  4358  2   0  4358
13  4006  2   0  4006
14  6612  2   0  6612
15  4762  2   0  4762
16  6600  2   0  6600
17  6610  3   0  0  6610
18  6608  2   0  6608
19  6614  3   0  0  6614
20  6614  2   0  6614
21  6610  3   0  0  6610
22  4892  2   0  4892
23  6579  3   0  0  6579
24  5124  2   0  5124
25  6608  3   0  0  6608
26  6614  2   0  6614
27  2296  4   1  0  0  2295
28  6598  2   0  6598
29  6614  2   0  6614
30  6588  2   0  6588
31  6614  3   0  0  6614
32  6612  2   0  6612
33  4690  2   0  4690
34  6614  3   0  0  6614
35  6609  4   0  0  0  6609
36  4588  2   0  4588
37  6476  2   0  6476
38  1817  3   0  0  1817
39  6610  3   0  0  6610
40  6600  2   0  6600
41  5596  2   0  5596
42  6608  2   2  6606
43  1760  3   0  0  1760
44  6614  2   0  6614
45  5708  2   0  5708
46  4328  2   0  4328
47  1644  2   0  1644
48  6610  3   0  0  6610
49  6614  2   0  6614
50  6614  3   0  0  6614
51  4306  2   0  4306
52  6610  3   0  0  6610
53  6606  2   2  6604
54  6608  2   0  6608
55  6614  3   0  0  6614
56  4145  3   0  0  4145
57  5868  2   0  5868
58  6614  2   0  6614
59  6614  2   0  6614
60  3958  2   0  3958
61  1305  3   0  0  1305
62  6614  4   0  0  0  6614
63  6614  4   0  0  0  6614
64  6036  3   0  0  6036
65  6614  3   0  0  6614
66  1204  2   0  1204
67  6610  2   0  6610
68  6614  3   0  0  6614
69  6608  2   0  6608
70  6614  3   0  0  6614
71  6076  2   0  6076
72  1190  2   0  1190
73  5868  2   0  5868
74  6614  4   0  0  0  6614
75  6610  2   0  6610
76  1140  3   64  0  1076
77  3446  2   0  3446
78  6614  2   0  6614
79  6187  3   0  0  6187
80  6610  3   0  0  6610
81  6614  2   0  6614
82  5446  3   0  0  5446
83  6610  3   0  0  6610
84  6609  3   0  0  6609
85  6612  2   1  6611
86  6608  4   0  0  0  6608
87  6610  3   0  0  6610
88  6304  2   0  6304
89  6612  2   0  6612
90  6610  3   0  0  6610
91  874  4   0  0  0  874
92  6190  2   0  6190
93  6612  2   0  6612
94  6608  3   0  1  6607
95  6612  3   0  0  6612
96  6180  3   0  0  6180
97  6610  2   0  6610
98  4380  2   0  4380
99  6612  5   0  0  0  0  6612
100  6608  3   0  0  6608
101  6220  2   0  6220
102  6612  2   0  6612
103  6610  2   0  6610
104  6062  2   0  6062
105  6154  3   0  0  6154
106  316  3   0  0  316
107  6608  2   1  6607
108  4316  2   0  4316
109  6612  2   0  6612
110  6608  2   0  6608
111  6612  2   0  6612
112  6610  2   3  6607
113  6612  3   0  0  6612
114  6608  3   0  0  6608
115  6614  2   0  6614
116  4243  3   0  0  4243
117  6612  2   0  6612
118  6614  2   0  6614
119  6612  2   0  6612
120  6524  2   0  6524
121  6614  2   0  6614
122  5849  3   0  0  5849
123  132  3   0  0  132
124  6614  3   0  0  6614
125  6608  3   0  0  6608
126  5736  2   0  5736
127  6584  3   0  0  6584
128  6612  2   0  6612
129  6614  2   0  6614
130  6608  2   0  6608
131  5561  3   0  0  5561
132  6612  2   0  6612
133  6460  2   0  6460
134  6589  3   0  0  6589
135  6612  3   0  0  6612
136  5654  2   0  5654
137  6544  2   0  6544
138  5545  4   0  0  0  5545
139  6614  2   0  6614
140  6612  2   0  6612
141  6604  3   0  0  6604
142  6612  2   0  6612
143  6588  3   0  0  6588
144  5296  2   7  5289
145  6612  2   74  6538
146  6596  2   0  6596
147  5176  2   0  5176
148  6614  2   0  6614
149  6604  2   0  6604
150  6552  2   0  6552
151  6589  3   0  0  6589
152  6592  2   0  6592
153  6484  2   0  6484
154  6614  2   0  6614
155  6604  2   1  6603
156  6490  2   0  6490
157  6366  2   0  6366
158  6612  4   0  0  0  6612
159  6612  3   0  0  6612
160  6551  3   0  0  6551
161  6612  2   0  6612
162  6524  3   0  0  6524
163  6614  2   0  6614
164  6612  3   0  0  6612
165  6612  3   0  0  6612
166  6612  2   0  6612
167  6612  2   0  6612
168  6612  2   0  6612
169  6600  2   0  6600
170  6580  2   0  6580
171  6606  3   0  0  6606
172  6614  4   0  0  0  6614
173  6546  2   0  6546
174  6614  2   13  6601
175  6612  4   0  0  0  6612
176  6614  2   0  6614
177  6607  3   0  0  6607
178  3474  2   0  3474
179  6614  3   0  0  6614
180  6612  2   0  6612
181  3482  2   0  3482
182  6612  3   0  0  6612
183  6614  3   0  0  6614
184  6612  2   0  6612
185  6608  4   0  0  0  6608
186  6466  2   0  6466
187  6612  3   0  0  6612
188  6590  2   0  6590
189  6608  3   0  0  6608
190  6612  2   0  6612

[pop]=5
1  66481  3   1  0  66480
2  66128  2   2  66126
3  66707  3   1  0  66706
4  65964  2   0  65964
5  66504  2   0  66504
6  66574  3   1  1  66572
7  66147  3   1  1  66145
8  66708  2   0  66708
9  66422  3   1  1  66420
10  35936  2   13  35923
11  40952  2   4  40948
12  37950  2   0  37950
13  32140  2   2  32138
14  66710  2   54  66656
15  42032  2   1  42031
16  65064  2   0  65064
17  66655  3   1  2  66652
18  66576  2   0  66576
19  66712  3   0  0  66712
20  66652  2   2  66650
21  66674  3   1  0  66673
22  44496  2   2  44494
23  66062  3   0  1  66061
24  46388  2   0  46388
25  66615  3   2  0  66613
26  66666  2   3  66663
27  36395  4   2  1  4  36388
28  65914  2   0  65914
29  66714  2   1  66713
30  65920  2   2  65918
31  66713  3   1  2  66710
32  66210  2   0  66210
33  39872  2   0  39872
34  66705  3   1  1  66703
35  66710  4   2  1  1  66706
36  38714  2   0  38714
37  65126  2   0  65126
38  30918  3   1  1  30916
39  66710  3   6  1  66703
40  66278  2   34  66244
41  52222  2   2  52220
42  66668  2   228  66440
43  30381  3   1  1  30379
44  66730  2   0  66730
45  54970  2   10  54960
46  36074  2   1  36073
47  28986  2   0  28986
48  66552  3   0  1  66551
49  66118  2   0  66118
50  66666  3   3  1  66662
51  34860  2   0  34860
52  66712  3   1  4  66707
53  66422  2   40  66382
54  66688  2   4  66684
55  66676  3   0  0  66676
56  32697  3   2  4  32691
57  57258  2   1  57257
58  66672  2   3  66669
59  66664  2   2  66662
60  30330  2   0  30330
61  25471  3   1  3  25467
62  66657  4   1  0  1  66655
63  66729  4   1  8  2  66718
64  59023  3   2  0  59021
65  66644  3   0  1  66643
66  24416  2   0  24416
67  66712  2   2  66710
68  66448  3   1  1  66446
69  65202  2   0  65202
70  66731  3   1  0  66730
71  59580  2   0  59580
72  24440  2   0  24440
73  59740  2   3  59737
74  66629  4   0  0  0  66629
75  64838  2   3  64835
76  23444  3   1832  1  21611
77  24272  2   1  24271
78  66736  2   4  66732
79  60442  3   1  0  60441
80  66700  3   0  0  66700
81  66598  2   17  66581
82  51381  3   0  1  51380
83  66699  3   0  1  66698
84  66696  3   1  1  66694
85  66684  2   13  66671
86  66242  4   0  1  1  66240
87  66515  3   0  0  66515
88  62038  2   13  62025
89  66674  2   0  66674
90  66702  3   11  2  66689
91  19373  4   1  0  0  19372
92  61124  2   6  61118
93  66592  2   2  66590
94  66334  3   1  0  66333
95  66686  3   1  0  66685
96  61046  3   2  0  61044
97  66566  2   2  66564
98  36716  2   1  36715
99  66635  5   2  0  0  0  66633
100  66668  3   0  2  66666
101  61390  2   1  61389
102  66678  2   0  66678
103  66696  2   0  66696
104  59796  2   0  59796
105  62334  3   1  1  62332
106  10334  3   1  1  10332
107  66626  2   2  66624
108  35924  2   2  35922
109  66496  2   0  66496
110  66406  2   0  66406
111  66142  2   0  66142
112  66692  2   0  66692
113  66718  3   0  1  66717
114  66612  3   0  0  66612
115  66704  2   0  66704
116  34948  3   0  2  34946
117  66696  2   2  66694
118  66704  2   2  66702
119  66698  2   13  66685
120  65470  2   1  65469
121  66682  2   3  66679
122  56611  3   0  1  56610
123  6709  3   2  0  6707
124  65674  3   0  1  65673
125  66439  3   1  1  66437
126  54912  2   0  54912
127  66454  3   1  3  66450
128  66688  2   0  66688
129  65786  2   4  65782
130  66446  2   0  66446
131  52568  3   1  0  52567
132  66726  2   0  66726
133  65670  2   8  65662
134  66504  3   0  0  66504
135  66732  3   0  0  66732
136  57714  2   10  57704
137  65890  2   4  65886
138  56214  4   1  0  5  56208
139  66698  2   1  66697
140  64890  2   2  64888
141  66474  3   1  2  66471
142  66734  2   3  66731
143  65702  3   0  0  65702
144  53198  2   153  53045
145  66734  2   166  66568
146  66536  2   13  66523
147  51394  2   1  51393
148  65996  2   5  65991
149  66422  2   0  66422
150  65896  2   4  65892
151  66590  3   0  1  66589
152  66464  2   0  66464
153  64564  2   5  64559
154  66650  2   4  66646
155  66420  2   4  66416
156  64740  2   0  64740
157  61490  2   0  61490
158  66584  4   0  0  3  66581
159  66736  3   2  2  66732
160  65812  3   0  0  65812
161  66670  2   0  66670
162  66008  3   4  0  66004
163  66658  2   3  66655
164  66736  3   2  2  66732
165  66627  3   3  3  66621
166  66736  2   2  66734
167  66616  2   0  66616
168  66672  2   1  66671
169  66322  2   11  66311
170  65360  2   0  65360
171  66379  3   1  0  66378
172  66235  4   1  1  0  66233
173  65592  2   0  65592
174  66644  2   130  66514
175  66735  4   2  0  0  66733
176  66310  2   2  66308
177  66669  3   2  0  66667
178  29994  2   6  29988
179  66338  3   0  3  66335
180  66670  2   0  66670
181  30218  2   1  30217
182  66734  3   1  2  66731
183  66340  3   1  2  66337
184  66672  2   3  66669
185  66677  4   4  1  2  66670
186  63934  2   23  63911
187  66736  3   0  1  66735
188  65876  2   0  65876
189  66677  3   1  0  66676
190  66132  2   2  66130

[pop]=6
1  896  3   0  0  896
2  876  2   0  876
3  898  3   0  0  898
4  880  2   0  880
5  896  2   0  896
6  906  3   0  0  906
7  883  3   0  0  883
8  898  2   0  898
9  904  3   0  0  904
10  540  2   1  539
11  530  2   0  530
12  566  2   0  566
13  506  2   0  506
14  908  2   1  907
15  616  2   0  616
16  854  2   0  854
17  908  3   0  0  908
18  904  2   0  904
19  898  3   0  0  898
20  898  2   0  898
21  908  3   0  0  908
22  640  2   0  640
23  883  3   0  0  883
24  662  2   0  662
25  904  3   0  0  904
26  898  2   0  898
27  483  4   0  0  0  483
28  898  2   0  898
29  898  2   0  898
30  894  2   0  894
31  908  3   0  1  907
32  890  2   0  890
33  614  2   0  614
34  896  3   0  0  896
35  908  4   0  0  0  908
36  608  2   0  608
37  872  2   0  872
38  431  3   0  0  431
39  908  3   0  0  908
40  904  2   0  904
41  730  2   0  730
42  904  2   2  902
43  426  3   0  0  426
44  908  2   0  908
45  740  2   0  740
46  554  2   0  554
47  404  2   0  404
48  906  3   0  0  906
49  880  2   0  880
50  898  3   0  0  898
51  544  2   0  544
52  908  3   0  0  908
53  908  2   1  907
54  904  2   0  904
55  896  3   0  0  896
56  533  3   0  0  533
57  766  2   0  766
58  896  2   0  896
59  898  2   0  898
60  508  2   0  508
61  355  3   0  0  355
62  900  4   0  0  0  900
63  908  4   0  0  0  908
64  787  3   0  0  787
65  896  3   0  0  896
66  338  2   0  338
67  908  2   1  907
68  888  3   0  0  888
69  858  2   0  858
70  908  3   0  0  908
71  802  2   0  802
72  338  2   0  338
73  786  2   0  786
74  896  4   0  0  0  896
75  844  2   0  844
76  330  3   30  0  300
77  440  2   0  440
78  908  2   0  908
79  826  3   0  1  825
80  906  3   0  0  906
81  898  2   0  898
82  728  3   0  0  728
83  906  3   0  0  906
84  908  3   0  0  908
85  906  2   0  906
86  906  4   0  0  1  905
87  898  3   0  0  898
88  834  2   0  834
89  898  2   0  898
90  905  3   2  0  903
91  287  4   0  0  0  287
92  818  2   0  818
93  898  2   0  898
94  906  3   0  0  906
95  898  3   0  0  898
96  818  3   0  0  818
97  908  2   0  908
98  578  2   0  578
99  898  5   0  0  0  0  898
100  908  3   0  0  908
101  840  2   0  840
102  898  2   0  898
103  906  2   0  906
104  802  2   0  802
105  806  3   0  0  806
106  204  3   0  0  204
107  908  2   0  908
108  566  2   0  566
109  908  2   0  908
110  906  2   0  906
111  884  2   0  884
112  906  2   0  906
113  900  3   0  0  900
114  908  3   0  0  908
115  908  2   0  908
116  548  3   0  0  548
117  898  2   0  898
118  908  2   0  908
119  906  2   0  906
120  880  2   0  880
121  908  2   0  908
122  768  3   0  0  768
123  172  3   0  0  172
124  894  3   1  0  893
125  907  3   0  0  907
126  752  2   0  752
127  891  3   0  0  891
128  904  2   0  904
129  896  2   0  896
130  906  2   0  906
131  724  3   0  0  724
132  900  2   0  900
133  878  2   5  873
134  892  3   0  0  892
135  900  3   0  0  900
136  736  2   0  736
137  886  2   0  886
138  710  4   0  0  0  710
139  900  2   0  900
140  830  2   0  830
141  902  3   0  0  902
142  900  2   0  900
143  904  3   0  0  904
144  666  2   2  664
145  900  2   4  896
146  896  2   1  895
147  656  2   0  656
148  896  2   0  896
149  906  2   0  906
150  888  2   0  888
151  894  3   0  0  894
152  892  2   0  892
153  900  2   0  900
154  906  2   0  906
155  906  2   0  906
156  900  2   0  900
157  852  2   0  852
158  902  4   0  0  0  902
159  900  3   0  0  900
160  886  3   0  0  886
161  908  2   0  908
162  888  3   0  0  888
163  900  2   3  897
164  900  3   0  0  900
165  905  3   0  0  905
166  900  2   0  900
167  906  2   0  906
168  908  2   0  908
169  904  2   0  904
170  880  2   0  880
171  894  3   0  1  893
172  901  4   0  0  0  901
173  886  2   0  886
174  906  2   2  904
175  900  4   0  0  0  900
176  902  2   0  902
177  898  3   1  0  897
178  456  2   1  455
179  902  3   0  0  902
180  908  2   0  908
181  456  2   0  456
182  900  3   0  0  900
183  902  3   0  0  902
184  908  2   0  908
185  898  4   0  0  1  897
186  868  2   1  867
187  900  3   0  0  900
188  890  2   0  890
189  898  3   0  0  898
190  878  2   0  878

[pop]=7
1  16483  3   0  1  16482
2  16066  2   0  16066
3  16506  3   0  0  16506
4  14890  2   2  14888
5  16484  2   8  16476
6  16468  3   0  0  16468
7  16068  3   0  0  16068
8  16506  2   4  16502
9  16461  3   0  1  16460
10  10794  2   0  10794
11  11836  2   0  11836
12  11262  2   0  11262
13  10168  2   0  10168
14  16512  2   50  16462
15  12052  2   0  12052
16  13018  2   0  13018
17  16493  3   0  0  16493
18  16492  2   3  16489
19  16506  3   1  0  16505
20  16502  2   0  16502
21  16497  3   1  1  16495
22  11938  2   0  11938
23  15953  3   0  0  15953
24  12858  2   10  12848
25  16500  3   0  1  16499
26  16500  2   1  16499
27  11258  4   0  0  1  11257
28  16364  2   0  16364
29  16508  2   0  16508
30  15612  2   0  15612
31  16500  3   0  0  16500
32  15972  2   2  15970
33  11230  2   3  11227
34  16509  3   0  0  16509
35  16512  4   0  0  0  16512
36  11124  2   0  11124
37  15452  2   0  15452
38  10545  3   0  0  10545
39  16512  3   15  0  16497
40  16366  2   0  16366
41  13876  2   0  13876
42  16506  2   133  16373
43  10479  3   0  0  10479
44  16504  2   0  16504
45  13282  2   0  13282
46  10804  2   1  10803
47  10316  2   2  10314
48  16343  3   0  0  16343
49  14868  2   2  14866
50  16504  3   0  0  16504
51  10708  2   0  10708
52  16512  3   0  0  16512
53  16442  2   3  16439
54  16510  2   0  16510
55  16500  3   4  0  16496
56  10487  3   0  0  10487
57  13586  2   0  13586
58  16500  2   0  16500
59  16506  2   5  16501
60  10218  2   4  10214
61  9911  3   0  0  9911
62  16505  4   0  0  0  16505
63  16512  4   0  0  0  16512
64  13916  3   0  0  13916
65  16498  3   1  0  16497
66  9774  2   1  9773
67  16512  2   2  16510
68  15732  3   0  0  15732
69  13580  2   0  13580
70  16512  3   0  1  16511
71  13984  2   0  13984
72  9780  2   0  9780
73  14134  2   1  14133
74  16495  4   1  0  0  16494
75  12648  2   0  12648
76  9870  3   1755  0  8115
77  9450  2   0  9450
78  16512  2   0  16512
79  15243  3   0  0  15243
80  16507  3   50  0  16457
81  16420  2   0  16420
82  14269  3   1  0  14268
83  16508  3   0  0  16508
84  16512  3   0  1  16511
85  16502  2   0  16502
86  16327  4   0  1  17  16309
87  16492  3   1  0  16491
88  15526  2   0  15526
89  16490  2   2  16488
90  16508  3   0  0  16508
91  9034  4   0  0  0  9034
92  14174  2   0  14174
93  16496  2   0  16496
94  16421  3   0  0  16421
95  16500  3   0  2  16498
96  14155  3   0  2  14153
97  16498  2   0  16498
98  11036  2   0  11036
99  16502  5   0  4  0  1  16497
100  16512  3   0  0  16512
101  15644  2   0  15644
102  16504  2   2  16502
103  16506  2   1  16505
104  13908  2   15  13893
105  14576  3   0  0  14576
106  8162  3   0  0  8162
107  16512  2   0  16512
108  10970  2   0  10970
109  16490  2   0  16490
110  16460  2   0  16460
111  15080  2   0  15080
112  16504  2   0  16504
113  16508  3   0  0  16508
114  16512  3   1  0  16511
115  16502  2   0  16502
116  10876  3   0  2  10874
117  16506  2   4  16502
118  16504  2   0  16504
119  16506  2   0  16506
120  16160  2   2  16158
121  16486  2   1  16485
122  13337  3   0  0  13337
123  7860  3   0  0  7860
124  16506  3   0  0  16506
125  16459  3   0  0  16459
126  13112  2   0  13112
127  16460  3   0  0  16460
128  16506  2   0  16506
129  16510  2   0  16510
130  16468  2   0  16468
131  12820  3   0  1  12819
132  16510  2   2  16508
133  16504  2   0  16504
134  16468  3   0  0  16468
135  16510  3   0  0  16510
136  13620  2   2  13618
137  16246  2   0  16246
138  13337  4   2  0  0  13335
139  16508  2   0  16508
140  12052  2   7  12045
141  16466  3   0  0  16466
142  16510  2   0  16510
143  16252  3   0  0  16252
144  12870  2   0  12870
145  16510  2   0  16510
146  16482  2   0  16482
147  12652  2   0  12652
148  16512  2   0  16512
149  16458  2   0  16458
150  16160  2   0  16160
151  16494  3   0  0  16494
152  16462  2   0  16462
153  16078  2   1  16077
154  16508  2   0  16508
155  16456  2   0  16456
156  16122  2   0  16122
157  15648  2   0  15648
158  16485  4   0  1  0  16484
159  16510  3   0  0  16510
160  16070  3   0  1  16069
161  16496  2   10  16486
162  16510  3   0  0  16510
163  16484  2   153  16331
164  16510  3   0  0  16510
165  16499  3   0  2  16497
166  16510  2   1  16509
167  16506  2   39  16467
168  16496  2   0  16496
169  16434  2   0  16434
170  15208  2   0  15208
171  16437  3   0  0  16437
172  16512  4   0  0  0  16512
173  16288  2   1  16287
174  16506  2   0  16506
175  16510  4   0  0  0  16510
176  16512  2   0  16512
177  16504  3   18  0  16486
178  9832  2   235  9597
179  16512  3   0  0  16512
180  16500  2   0  16500
181  9778  2   0  9778
182  16510  3   0  0  16510
183  16512  3   0  0  16512
184  16500  2   0  16500
185  16504  4   0  0  0  16504
186  16020  2   7  16013
187  16510  3   0  0  16510
188  15892  2   0  15892
189  16504  3   0  3  16501
190  15200  2   0  15200

