[loci]=303

[populations]=7

[pop]=1
1  6545  4   0  0  0  6545
2  10406  3   0  0  10406
3  10303  3   12  1  10290
4  10290  3   0  3  10287
5  10402  2   1101  9301
6  10342  2   0  10342
7  10406  2   0  10406
8  10308  2   0  10308
9  5092  3   79  0  5013
10  10402  2   1  10401
11  5594  2   9  5585
12  10402  2   0  10402
13  10309  3   0  0  10309
14  5500  3   0  0  5500
15  10384  2   0  10384
16  10354  2   0  10354
17  10402  2   0  10402
18  10296  3   0  2  10294
19  5190  2   0  5190
20  10406  2   0  10406
21  10334  2   7  10327
22  10366  3   0  0  10366
23  9827  3   0  0  9827
24  10396  2   0  10396
25  10396  2   0  10396
26  10406  2   0  10406
27  10370  2   2  10368
28  10394  3   0  2  10392
29  9786  2   0  9786
30  10358  3   0  0  10358
31  10402  2   0  10402
32  9794  2   2  9792
33  2148  2   1  2147
34  10406  3   0  0  10406
35  10394  3   0  0  10394
36  2366  3   0  1  2365
37  9661  3   0  4  9657
38  10232  2   2  10230
39  9876  2   0  9876
40  10396  3   0  1  10395
41  9756  2   0  9756
42  10296  2   0  10296
43  10406  2   1  10405
44  9546  2   0  9546
45  10393  4   0  0  0  10393
46  10394  2   0  10394
47  10298  3   0  2  10296
48  10406  4   1  0  1  10404
49  10254  2   0  10254
50  10406  3   0  0  10406
51  10370  2   0  10370
52  10406  2   2  10404
53  9298  2   1  9297
54  10246  2   0  10246
55  10398  2   0  10398
56  10406  2   1  10405
57  10294  2   1  10293
58  10268  3   1  0  10267
59  10400  2   1  10399
60  10398  2   0  10398
61  10330  2   0  10330
62  10388  3   1  0  10387
63  10406  2   0  10406
64  10238  2   0  10238
65  10404  2   0  10404
66  10372  2   0  10372
67  10398  3   0  0  10398
68  10406  3   0  0  10406
69  10300  2   0  10300
70  10402  2   0  10402
71  10402  2   0  10402
72  10376  2   0  10376
73  10299  3   1  0  10298
74  10382  2   1  10381
75  10246  2   0  10246
76  9760  2   0  9760
77  9672  2   0  9672
78  10392  2   0  10392
79  10110  2   0  10110
80  10347  4   0  0  0  10347
81  10402  2   0  10402
82  10372  2   0  10372
83  9722  3   1  0  9721
84  10406  3   0  1  10405
85  2146  2   0  2146
86  10256  2   5  10251
87  10390  2   0  10390
88  9784  2   4  9780
89  10404  3   0  0  10404
90  10406  2   0  10406
91  10404  2   2  10402
92  10364  2   0  10364
93  2146  2   3  2143
94  10298  2   0  10298
95  10406  4   0  0  0  10406
96  10368  2   0  10368
97  10402  2   0  10402
98  10302  2   0  10302
99  10262  3   1  0  10261
100  10377  3   0  0  10377
101  10406  4   1  0  0  10405
102  10402  2   0  10402
103  10398  2   0  10398
104  10302  3   0  0  10302
105  10376  2   1  10375
106  10381  3   0  0  10381
107  10375  4   0  1  11  10363
108  10258  2   0  10258
109  10376  2   0  10376
110  10380  2   17  10363
111  9788  2   0  9788
112  10376  2   58  10318
113  10356  3   0  0  10356
114  10306  3   0  3  10303
115  10386  3   0  0  10386
116  10404  2   0  10404
117  10268  3   0  0  10268
118  10303  3   0  0  10303
119  10383  3   0  3  10380
120  10386  2   0  10386
121  10390  3   0  0  10390
122  10406  5   0  1  0  1  10404
123  10406  2   1  10405
124  10404  3   0  1  10403
125  10364  2   0  10364
126  10248  2   0  10248
127  10402  2   1  10401
128  10394  2   0  10394
129  10384  3   0  0  10384
130  10406  2   1  10405
131  10370  2   0  10370
132  10406  3   0  0  10406
133  10364  2   0  10364
134  10308  2   3  10305
135  9906  2   0  9906
136  10406  2   0  10406
137  10330  2   0  10330
138  10392  3   0  0  10392
139  10406  2   0  10406
140  10380  2   0  10380
141  10404  2   0  10404
142  10406  2   0  10406
143  10380  2   0  10380
144  10340  2   1  10339
145  9792  2   72  9720
146  10404  2   69  10335
147  10348  3   0  0  10348
148  10390  2   0  10390
149  10301  5   0  0  0  0  10301
150  10376  2   2  10374
151  10386  2   0  10386
152  10386  2   53  10333
153  10300  2   0  10300
154  10402  2   0  10402
155  9794  2   0  9794
156  10406  3   0  2  10404
157  10378  2   38  10340
158  10380  2   0  10380
159  10392  3   1  0  10391
160  10298  2   0  10298
161  10386  2   0  10386
162  10398  2   0  10398
163  9534  2   0  9534
164  10406  2   0  10406
165  10381  3   0  0  10381
166  10388  3   0  0  10388
167  10370  2   0  10370
168  10033  3   1  1  10031
169  10376  2   4  10372
170  10382  3   0  0  10382
171  10364  3   41  0  10323
172  9716  2   0  9716
173  10113  3   1  0  10112
174  10398  2   0  10398
175  9728  2   0  9728
176  10404  3   0  0  10404
177  10404  3   0  0  10404
178  9748  2   0  9748
179  10364  2   1  10363
180  10362  4   0  0  0  10362
181  10380  2   0  10380
182  10357  3   1  0  10356
183  10368  3   0  0  10368
184  10406  3   0  54  10352
185  10366  2   0  10366
186  9934  2   0  9934
187  9908  3   0  17  9891
188  10406  3   3  0  10403
189  10404  2   0  10404
190  10400  2   0  10400
191  10187  3   0  0  10187
192  10404  2   0  10404
193  9792  2   0  9792
194  10084  2   0  10084
195  10356  2   0  10356
196  9790  3   0  0  9790
197  10392  2   0  10392
198  10266  3   0  0  10266
199  10406  2   0  10406
200  10406  2   6  10400
201  10370  3   0  0  10370
202  10168  2   0  10168
203  10282  2   3  10279
204  9546  3   0  0  9546
205  10406  3   0  0  10406
206  10188  3   0  0  10188
207  10406  2   1  10405
208  10386  2   0  10386
209  10246  3   0  0  10246
210  9802  3   0  0  9802
211  10340  3   0  0  10340
212  9788  2   0  9788
213  10406  2   1  10405
214  10400  2   85  10315
215  9786  2   0  9786
216  10060  2   0  10060
217  10388  2   0  10388
218  10220  3   1  0  10219
219  10332  2   0  10332
220  10134  3   0  0  10134
221  9782  2   2  9780
222  10406  3   0  0  10406
223  9546  2   0  9546
224  10352  2   0  10352
225  10288  2   0  10288
226  10256  2   0  10256
227  10066  3   0  0  10066
228  9792  2   3  9789
229  10344  2   1  10343
230  9776  2   3  9773
231  9800  2   0  9800
232  9780  2   0  9780
233  10308  3   0  0  10308
234  9622  2   0  9622
235  10328  4   0  0  10  10318
236  10084  2   0  10084
237  10340  2   0  10340
238  9250  3   0  0  9250
239  10284  2   0  10284
240  9518  2   0  9518
241  10391  3   1  0  10390
242  9796  3   0  0  9796
243  9794  2   17  9777
244  10386  2   17  10369
245  10390  3   0  0  10390
246  10373  3   0  0  10373
247  10236  2   0  10236
248  10400  2   0  10400
249  10132  3   1  0  10131
250  9774  2   0  9774
251  10404  2   0  10404
252  10286  2   0  10286
253  9452  2   0  9452
254  9794  3   0  0  9794
255  10388  2   1  10387
256  10388  2   0  10388
257  10406  2   0  10406
258  10376  2   0  10376
259  10254  2   3  10251
260  10406  2   0  10406
261  10198  2   0  10198
262  8222  2   0  8222
263  10252  2   0  10252
264  10392  3   0  0  10392
265  10174  2   1  10173
266  10322  3   0  0  10322
267  10390  3   0  0  10390
268  10262  3   0  1  10261
269  10290  2   0  10290
270  9987  3   0  0  9987
271  10338  3   0  18  10320
272  10390  2   0  10390
273  10212  2   0  10212
274  10266  2   0  10266
275  10405  3   0  0  10405
276  10130  3   0  0  10130
277  10392  2   0  10392
278  10406  2   0  10406
279  10406  2   149  10257
280  10394  2   1741  8653
281  10072  2   0  10072
282  10251  3   0  1  10250
283  9750  2   0  9750
284  10406  3   2  0  10404
285  10390  2   0  10390
286  10064  3   0  0  10064
287  10356  2   0  10356
288  9784  2   2  9782
289  9748  2   0  9748
290  10348  2   0  10348
291  7091  3   0  0  7091
292  10320  2   0  10320
293  10354  2   0  10354
294  10362  2   0  10362
295  10010  2   0  10010
296  9740  2   0  9740
297  10406  2   0  10406
298  10400  3   0  0  10400
299  6644  2   624  6020
300  9790  2   0  9790
301  9946  2   0  9946
302  10406  3   0  0  10406
303  9732  2   0  9732

[pop]=2
1  9956  4   0  0  0  9956
2  11574  3   0  2  11572
3  11521  3   56  0  11465
4  11554  3   0  0  11554
5  11570  2   929  10641
6  11542  2   2  11540
7  11574  2   7  11567
8  11474  2   0  11474
9  7300  3   3  0  7297
10  11570  2   0  11570
11  8502  2   0  8502
12  11570  2   1  11569
13  11444  3   0  0  11444
14  8393  3   0  0  8393
15  11566  2   0  11566
16  11562  2   0  11562
17  11578  2   0  11578
18  11554  3   0  0  11554
19  7688  2   0  7688
20  11578  2   0  11578
21  11494  2   3  11491
22  11564  3   0  0  11564
23  11321  3   0  0  11321
24  11564  2   0  11564
25  11566  2   5  11561
26  11578  2   0  11578
27  11562  2   0  11562
28  11570  3   0  0  11570
29  11320  2   3  11317
30  11534  3   0  0  11534
31  11564  2   0  11564
32  11318  2   0  11318
33  410  2   1  409
34  11576  3   0  0  11576
35  11576  3   0  0  11576
36  1912  3   0  0  1912
37  11282  3   0  1  11281
38  11444  2   0  11444
39  11548  2   2  11546
40  11565  3   1  0  11564
41  11546  2   0  11546
42  11556  2   0  11556
43  11578  2   0  11578
44  11216  2   6  11210
45  11567  4   0  0  0  11567
46  11578  2   0  11578
47  11556  3   0  0  11556
48  11578  4   0  0  0  11578
49  11576  2   0  11576
50  11578  3   0  0  11578
51  11502  2   0  11502
52  11578  2   0  11578
53  10038  2   0  10038
54  11532  2   3  11529
55  11578  2   0  11578
56  11578  2   0  11578
57  11576  2   0  11576
58  11538  3   0  4  11534
59  11574  2   0  11574
60  11568  2   0  11568
61  11566  2   0  11566
62  11540  3   0  0  11540
63  11578  2   0  11578
64  11558  2   1  11557
65  11576  2   0  11576
66  11560  2   0  11560
67  11570  3   0  1  11569
68  11578  3   1  0  11577
69  11556  2   0  11556
70  11576  2   0  11576
71  11574  2   2  11572
72  11538  2   0  11538
73  11556  3   0  0  11556
74  11538  2   0  11538
75  11556  2   0  11556
76  11536  2   2  11534
77  10716  2   0  10716
78  11562  2   0  11562
79  11530  2   2  11528
80  11576  4   0  0  0  11576
81  11546  2   0  11546
82  11562  2   1  11561
83  10810  3   0  0  10810
84  11578  3   0  0  11578
85  410  2   0  410
86  11558  2   0  11558
87  11564  2   0  11564
88  11564  2   206  11358
89  11572  3   0  0  11572
90  11578  2   2  11576
91  11574  2   0  11574
92  11574  2   0  11574
93  410  2   0  410
94  11556  2   0  11556
95  11578  4   0  0  0  11578
96  11574  2   9  11565
97  11576  2   13  11563
98  11556  2   1  11555
99  11561  3   0  0  11561
100  11566  3   0  0  11566
101  11578  4   4  0  0  11574
102  11574  2   0  11574
103  11574  2   0  11574
104  11556  3   0  0  11556
105  11566  2   0  11566
106  11549  3   0  0  11549
107  11576  4   0  0  0  11576
108  11560  2   0  11560
109  11566  2   0  11566
110  11576  2   3  11573
111  11570  2   0  11570
112  11566  2   0  11566
113  11578  3   1  0  11577
114  11556  3   1  0  11555
115  11576  3   0  0  11576
116  11576  2   1  11575
117  11566  3   1  0  11565
118  11556  3   0  5  11551
119  11568  3   0  0  11568
120  11576  2   0  11576
121  11578  3   0  1  11577
122  11574  5   0  0  0  0  11574
123  11578  2   2  11576
124  11566  3   0  0  11566
125  11532  2   0  11532
126  11568  2   0  11568
127  11578  2   0  11578
128  11560  2   2  11558
129  11560  3   0  0  11560
130  11578  2   1  11577
131  11564  2   0  11564
132  11578  3   0  18  11560
133  11564  2   0  11564
134  11554  2   0  11554
135  10986  2   1  10985
136  11576  2   1  11575
137  11570  2   0  11570
138  11561  3   0  0  11561
139  11576  2   0  11576
140  11578  2   0  11578
141  11558  2   0  11558
142  11576  2   0  11576
143  11578  2   3  11575
144  11570  2   0  11570
145  11558  2   11  11547
146  11572  2   3  11569
147  11568  3   1  0  11567
148  11558  2   0  11558
149  11554  5   0  0  0  0  11554
150  11576  2   0  11576
151  11556  2   0  11556
152  11554  2   5  11549
153  11554  2   0  11554
154  11542  2   1  11541
155  11560  2   0  11560
156  11576  3   0  0  11576
157  11576  2   3  11573
158  11554  2   0  11554
159  11554  3   0  0  11554
160  11554  2   0  11554
161  11556  2   0  11556
162  11542  2   0  11542
163  11436  2   0  11436
164  11576  2   0  11576
165  11552  3   0  1  11551
166  11544  3   0  0  11544
167  11568  2   0  11568
168  11504  3   0  2  11502
169  11572  2   8  11564
170  11576  3   0  0  11576
171  11572  3   1  0  11571
172  11476  2   1  11475
173  11259  3   0  0  11259
174  11572  2   2  11570
175  11474  2   0  11474
176  11570  3   0  0  11570
177  11572  3   0  0  11572
178  11170  2   1  11169
179  11574  2   0  11574
180  11540  4   0  0  0  11540
181  11518  2   0  11518
182  11574  3   0  0  11574
183  11566  3   0  0  11566
184  11574  3   0  3  11571
185  11566  2   0  11566
186  11334  2   0  11334
187  11499  3   0  27  11472
188  11575  3   0  0  11575
189  11576  2   0  11576
190  11562  2   0  11562
191  11331  3   0  0  11331
192  11578  2   0  11578
193  11570  2   0  11570
194  11402  2   0  11402
195  11524  2   0  11524
196  11571  3   1  0  11570
197  11540  2   2  11538
198  11481  3   0  0  11481
199  11578  2   4  11574
200  11578  2   3  11575
201  11559  3   0  0  11559
202  11448  2   0  11448
203  11560  2   0  11560
204  11498  3   0  0  11498
205  11578  3   0  0  11578
206  11464  3   0  1  11463
207  11574  2   1  11573
208  11572  2   0  11572
209  11376  3   0  0  11376
210  11574  3   2  0  11572
211  11450  3   0  0  11450
212  11572  2   0  11572
213  11578  2   0  11578
214  11574  2   6  11568
215  11572  2   0  11572
216  11462  2   0  11462
217  11572  2   2  11570
218  11528  3   0  0  11528
219  11456  2   7  11449
220  11242  3   0  0  11242
221  11572  2   0  11572
222  11576  3   0  0  11576
223  10786  2   0  10786
224  11560  2   0  11560
225  11554  2   0  11554
226  11468  2   2  11466
227  11178  3   0  0  11178
228  10944  2   2  10942
229  11560  2   1  11559
230  11216  2   0  11216
231  11574  2   0  11574
232  11572  2   0  11572
233  11516  3   1  0  11515
234  11108  2   0  11108
235  11522  4   1  0  0  11521
236  11186  2   0  11186
237  11532  2   0  11532
238  10866  3   0  0  10866
239  11556  2   4  11552
240  11470  2   3  11467
241  11569  3   0  0  11569
242  11574  3   0  0  11574
243  11574  2   25  11549
244  11540  2   2  11538
245  11570  3   0  0  11570
246  11539  3   0  0  11539
247  11544  2   0  11544
248  11578  2   0  11578
249  11209  3   0  0  11209
250  11570  2   0  11570
251  11576  2   1  11575
252  11556  2   0  11556
253  11452  2   0  11452
254  11574  3   0  0  11574
255  11560  2   1  11559
256  11560  2   0  11560
257  11578  2   2  11576
258  11566  2   0  11566
259  11540  2   0  11540
260  11578  2   0  11578
261  11452  2   0  11452
262  10094  2   0  10094
263  11394  2   0  11394
264  11562  3   0  0  11562
265  11434  2   1  11433
266  11407  3   0  0  11407
267  11566  3   0  0  11566
268  11552  3   1  0  11551
269  11556  2   0  11556
270  11489  3   0  0  11489
271  11568  3   0  0  11568
272  11566  2   0  11566
273  11342  2   0  11342
274  11552  2   2  11550
275  11576  3   0  0  11576
276  11429  3   0  0  11429
277  11570  2   6  11564
278  11578  2   16  11562
279  11578  2   4  11574
280  11566  2   1283  10283
281  11492  2   0  11492
282  11542  3   0  0  11542
283  11562  2   0  11562
284  11576  3   0  0  11576
285  11568  2   0  11568
286  11407  3   1  0  11406
287  11454  2   0  11454
288  11570  2   0  11570
289  11558  2   1  11557
290  11566  2   0  11566
291  9270  3   2  0  9268
292  11564  2   3  11561
293  11578  2   0  11578
294  11468  2   3  11465
295  11122  2   0  11122
296  11552  2   2  11550
297  11578  2   1  11577
298  11574  3   0  0  11574
299  8644  2   3357  5287
300  11572  2   0  11572
301  11054  2   0  11054
302  11577  3   0  1  11576
303  11548  2   0  11548

[pop]=3
1  7645  4   0  0  0  7645
2  8654  3   14  0  8640
3  8576  3   0  0  8576
4  8642  3   0  0  8642
5  8654  2   3  8651
6  8642  2   0  8642
7  8654  2   0  8654
8  8612  2   0  8612
9  6362  3   0  0  6362
10  8654  2   6  8648
11  6806  2   0  6806
12  8654  2   0  8654
13  8650  3   0  0  8650
14  6724  3   0  0  6724
15  8652  2   3  8649
16  8610  2   5  8605
17  8646  2   0  8646
18  8642  3   0  0  8642
19  6590  2   0  6590
20  8654  2   0  8654
21  8624  2   0  8624
22  8620  3   0  0  8620
23  8487  3   0  0  8487
24  8652  2   26  8626
25  8652  2   0  8652
26  8654  2   0  8654
27  8644  2   0  8644
28  8654  3   3  0  8651
29  8490  2   0  8490
30  8638  3   0  0  8638
31  8654  2   0  8654
32  8388  2   2  8386
33  622  2   0  622
34  8654  3   0  0  8654
35  8642  3   0  0  8642
36  2142  3   0  0  2142
37  8357  3   0  0  8357
38  8570  2   0  8570
39  8612  2   1  8611
40  8650  3   0  0  8650
41  8614  2   0  8614
42  8642  2   0  8642
43  8654  2   0  8654
44  8318  2   0  8318
45  8649  4   0  0  23  8626
46  8644  2   0  8644
47  8642  3   0  0  8642
48  8654  4   0  0  0  8654
49  8636  2   0  8636
50  8650  3   0  0  8650
51  8636  2   0  8636
52  8654  2   0  8654
53  7984  2   0  7984
54  8574  2   0  8574
55  8646  2   0  8646
56  8654  2   0  8654
57  8638  2   0  8638
58  8580  3   0  0  8580
59  8654  2   1  8653
60  8648  2   0  8648
61  8648  2   0  8648
62  8603  3   0  0  8603
63  8648  2   0  8648
64  8618  2   0  8618
65  8654  2   0  8654
66  8620  2   0  8620
67  8647  3   0  0  8647
68  8654  3   0  0  8654
69  8642  2   0  8642
70  8646  2   1  8645
71  8654  2   0  8654
72  8600  2   0  8600
73  8642  3   0  0  8642
74  8648  2   0  8648
75  8622  2   0  8622
76  8622  2   0  8622
77  8308  2   0  8308
78  8636  2   0  8636
79  8632  2   0  8632
80  8648  4   1  0  0  8647
81  8650  2   0  8650
82  8624  2   1  8623
83  8368  3   0  8  8360
84  8654  3   1  1  8652
85  622  2   0  622
86  8624  2   0  8624
87  8628  2   0  8628
88  8622  2   9  8613
89  8654  3   0  0  8654
90  8654  2   0  8654
91  8654  2   0  8654
92  8648  2   0  8648
93  622  2   0  622
94  8642  2   0  8642
95  8654  4   1  0  0  8653
96  8650  2   0  8650
97  8652  2   0  8652
98  8642  2   0  8642
99  8624  3   1  3  8620
100  8630  3   0  0  8630
101  8654  4   0  0  0  8654
102  8654  2   14  8640
103  8652  2   0  8652
104  8640  3   0  0  8640
105  8630  2   0  8630
106  8615  3   0  0  8615
107  8651  4   0  0  0  8651
108  8624  2   0  8624
109  8630  2   0  8630
110  8652  2   0  8652
111  8624  2   0  8624
112  8630  2   0  8630
113  8654  3   0  1  8653
114  8640  3   0  0  8640
115  8654  3   0  1  8653
116  8654  2   0  8654
117  8640  3   0  0  8640
118  8640  3   0  1  8639
119  8632  3   0  0  8632
120  8654  2   0  8654
121  8654  3   0  0  8654
122  8654  5   0  1  1  0  8652
123  8650  2   0  8650
124  8654  3   0  0  8654
125  8640  2   0  8640
126  8654  2   2  8652
127  8654  2   0  8654
128  8648  2   0  8648
129  8635  3   0  0  8635
130  8648  2   0  8648
131  8626  2   0  8626
132  8654  3   0  0  8654
133  8624  2   0  8624
134  8640  2   0  8640
135  8380  2   1  8379
136  8654  2   0  8654
137  8654  2   0  8654
138  8646  3   0  0  8646
139  8654  2   0  8654
140  8654  2   0  8654
141  8654  2   1  8653
142  8654  2   0  8654
143  8654  2   0  8654
144  8654  2   0  8654
145  8624  2   0  8624
146  8654  2   0  8654
147  8654  3   0  0  8654
148  8644  2   0  8644
149  8640  5   1  1  0  0  8638
150  8654  2   0  8654
151  8642  2   0  8642
152  8640  2   0  8640
153  8640  2   0  8640
154  8654  2   0  8654
155  8622  2   0  8622
156  8654  3   0  0  8654
157  8654  2   0  8654
158  8638  2   0  8638
159  8650  3   0  0  8650
160  8640  2   0  8640
161  8650  2   0  8650
162  8642  2   0  8642
163  8458  2   0  8458
164  8654  2   0  8654
165  8637  3   4  0  8633
166  8648  3   0  0  8648
167  8650  2   0  8650
168  8604  3   0  0  8604
169  8652  2   0  8652
170  8648  3   0  0  8648
171  8642  3   0  0  8642
172  8512  2   0  8512
173  8604  3   0  0  8604
174  8654  2   0  8654
175  8516  2   1  8515
176  8654  3   0  1  8653
177  8654  3   0  0  8654
178  8410  2   0  8410
179  8652  2   1  8651
180  8628  4   0  0  0  8628
181  8646  2   0  8646
182  8652  3   0  1  8651
183  8649  3   0  0  8649
184  8653  3   0  0  8653
185  8648  2   4  8644
186  8522  2   10  8512
187  8604  3   0  0  8604
188  8653  3   0  0  8653
189  8654  2   0  8654
190  8654  2   0  8654
191  8618  3   0  0  8618
192  8654  2   0  8654
193  8624  2   0  8624
194  8588  2   0  8588
195  8602  2   0  8602
196  8624  3   0  0  8624
197  8650  2   0  8650
198  8595  3   0  0  8595
199  8654  2   0  8654
200  8654  2   0  8654
201  8645  3   0  0  8645
202  8614  2   0  8614
203  8648  2   0  8648
204  8604  3   0  0  8604
205  8654  3   0  0  8654
206  8628  3   1  0  8627
207  8652  2   0  8652
208  8642  2   0  8642
209  8611  3   1  0  8610
210  8626  3   0  0  8626
211  8604  3   0  0  8604
212  8624  2   0  8624
213  8654  2   0  8654
214  8648  2   0  8648
215  8624  2   1  8623
216  8548  2   0  8548
217  8642  2   0  8642
218  8530  3   0  0  8530
219  8608  2   0  8608
220  8588  3   0  0  8588
221  8624  2   0  8624
222  8652  3   0  0  8652
223  7926  2   0  7926
224  8642  2   0  8642
225  8642  2   0  8642
226  8638  2   0  8638
227  8556  3   0  0  8556
228  8146  2   0  8146
229  8642  2   0  8642
230  8360  2   0  8360
231  8626  2   0  8626
232  8624  2   0  8624
233  8609  3   0  0  8609
234  8274  2   0  8274
235  8613  4   0  0  0  8613
236  8542  2   0  8542
237  8622  2   0  8622
238  8060  3   0  0  8060
239  8640  2   0  8640
240  8584  2   0  8584
241  8642  3   0  0  8642
242  8626  3   0  0  8626
243  8626  2   0  8626
244  8652  2   1  8651
245  8640  3   0  0  8640
246  8629  3   0  0  8629
247  8624  2   0  8624
248  8646  2   0  8646
249  8451  3   0  0  8451
250  8624  2   0  8624
251  8654  2   0  8654
252  8638  2   0  8638
253  8560  2   0  8560
254  8626  3   1  0  8625
255  8644  2   6  8638
256  8644  2   1  8643
257  8654  2   0  8654
258  8654  2   0  8654
259  8598  2   0  8598
260  8654  2   1  8653
261  8604  2   0  8604
262  7556  2   18  7538
263  8542  2   0  8542
264  8646  3   0  0  8646
265  8594  2   0  8594
266  8592  3   0  0  8592
267  8642  3   0  0  8642
268  8638  3   0  0  8638
269  8640  2   0  8640
270  8602  3   0  0  8602
271  8648  3   0  0  8648
272  8640  2   0  8640
273  8504  2   0  8504
274  8638  2   0  8638
275  8647  3   0  0  8647
276  8575  3   0  0  8575
277  8654  2   0  8654
278  8652  2   0  8652
279  8654  2   0  8654
280  8642  2   7  8635
281  8608  2   0  8608
282  8612  3   0  0  8612
283  8616  2   5  8611
284  8648  3   0  0  8648
285  8644  2   0  8644
286  8549  3   0  0  8549
287  8612  2   0  8612
288  8622  2   0  8622
289  8616  2   0  8616
290  8646  2   0  8646
291  6993  3   0  1  6992
292  8626  2   0  8626
293  8654  2   0  8654
294  8622  2   0  8622
295  8348  2   2  8346
296  8612  2   0  8612
297  8654  2   0  8654
298  8654  3   0  0  8654
299  6580  2   2832  3748
300  8624  2   0  8624
301  8298  2   0  8298
302  8652  3   0  0  8652
303  8602  2   0  8602

[pop]=4
1  3837  4   0  0  0  3837
2  6614  3   0  0  6614
3  6392  3   58  0  6334
4  6608  3   0  0  6608
5  6614  2   821  5793
6  6606  2   0  6606
7  6614  2   0  6614
8  6550  2   0  6550
9  2346  3   0  0  2346
10  6614  2   0  6614
11  2990  2   0  2990
12  6614  2   0  6614
13  6608  3   0  0  6608
14  2920  3   0  0  2920
15  6598  2   0  6598
16  6614  2   0  6614
17  6614  2   0  6614
18  6608  3   0  0  6608
19  2494  2   0  2494
20  6614  2   0  6614
21  6568  2   0  6568
22  6614  3   0  0  6614
23  6375  3   0  0  6375
24  6600  2   0  6600
25  6600  2   0  6600
26  6610  2   0  6610
27  6596  2   0  6596
28  6614  3   0  0  6614
29  6372  2   0  6372
30  6588  3   0  0  6588
31  6614  2   0  6614
32  5872  2   0  5872
33  34  2   0  34
34  6614  3   0  0  6614
35  6614  3   0  0  6614
36  518  3   0  0  518
37  5807  3   0  0  5807
38  6108  2   0  6108
39  6614  2   0  6614
40  6604  3   0  0  6604
41  6614  2   0  6614
42  6612  2   0  6612
43  6604  2   0  6604
44  5634  2   0  5634
45  6605  4   0  0  0  6605
46  6614  2   0  6614
47  6612  3   0  0  6612
48  6604  4   0  0  0  6604
49  6610  2   0  6610
50  6614  3   0  0  6614
51  6610  2   0  6610
52  6602  2   0  6602
53  5492  2   2  5490
54  6596  2   0  6596
55  6614  2   0  6614
56  6614  2   0  6614
57  6612  2   0  6612
58  6598  3   0  0  6598
59  6610  2   0  6610
60  6614  2   0  6614
61  6614  2   0  6614
62  6606  3   0  0  6606
63  6614  2   0  6614
64  6608  2   0  6608
65  6598  2   0  6598
66  6612  2   0  6612
67  6614  3   0  0  6614
68  6614  3   0  0  6614
69  6614  2   0  6614
70  6614  2   0  6614
71  6610  2   0  6610
72  6604  2   0  6604
73  6614  3   1  0  6613
74  6612  2   0  6612
75  6608  2   0  6608
76  6568  2   0  6568
77  5778  2   0  5778
78  6612  2   0  6612
79  6614  2   0  6614
80  6611  4   0  0  1  6610
81  6614  2   0  6614
82  6614  2   1  6613
83  5824  3   0  0  5824
84  6614  3   0  0  6614
85  34  2   0  34
86  6608  2   0  6608
87  6612  2   0  6612
88  6614  2   0  6614
89  6588  3   0  0  6588
90  6614  2   0  6614
91  6614  2   0  6614
92  6614  2   0  6614
93  34  2   0  34
94  6614  2   0  6614
95  6614  4   0  2  0  6612
96  6614  2   0  6614
97  6614  2   0  6614
98  6614  2   0  6614
99  6610  3   0  0  6610
100  6614  3   0  0  6614
101  6614  4   0  1  0  6613
102  6614  2   0  6614
103  6612  2   0  6612
104  6614  3   0  0  6614
105  6614  2   1  6613
106  6607  3   0  0  6607
107  6614  4   0  0  2  6612
108  6610  2   0  6610
109  6614  2   0  6614
110  6614  2   0  6614
111  6614  2   0  6614
112  6614  2   0  6614
113  6614  3   0  0  6614
114  6614  3   0  0  6614
115  6614  3   0  0  6614
116  6614  2   0  6614
117  6613  3   0  0  6613
118  6614  3   0  7  6607
119  6614  3   0  0  6614
120  6614  2   0  6614
121  6614  3   0  0  6614
122  6614  5   1  1  0  0  6612
123  6614  2   0  6614
124  6557  3   0  0  6557
125  6610  2   0  6610
126  6612  2   0  6612
127  6614  2   0  6614
128  6610  2   0  6610
129  6604  3   0  0  6604
130  6614  2   0  6614
131  6614  2   0  6614
132  6614  3   0  0  6614
133  6614  2   0  6614
134  6614  2   0  6614
135  5892  2   0  5892
136  6614  2   0  6614
137  6614  2   0  6614
138  6604  3   0  0  6604
139  6614  2   0  6614
140  6614  2   0  6614
141  6504  2   0  6504
142  6614  2   0  6614
143  6614  2   0  6614
144  6614  2   0  6614
145  6602  2   0  6602
146  6614  2   0  6614
147  6614  3   0  0  6614
148  6600  2   0  6600
149  6614  5   0  0  0  0  6614
150  6614  2   0  6614
151  6600  2   0  6600
152  6592  2   0  6592
153  6614  2   0  6614
154  6612  2   0  6612
155  6606  2   0  6606
156  6614  3   0  0  6614
157  6614  2   0  6614
158  6586  2   0  6586
159  6612  3   0  0  6612
160  6614  2   1  6613
161  6614  2   4  6610
162  6444  2   0  6444
163  6584  2   1  6583
164  6614  2   0  6614
165  6583  3   0  0  6583
166  6590  3   0  0  6590
167  6614  2   0  6614
168  6612  3   0  0  6612
169  6612  2   18  6594
170  6614  3   0  0  6614
171  6606  3   0  0  6606
172  6586  2   0  6586
173  6542  3   0  0  6542
174  6614  2   0  6614
175  6586  2   0  6586
176  6614  3   0  0  6614
177  6614  3   0  0  6614
178  6248  2   0  6248
179  6614  2   0  6614
180  6565  4   0  0  0  6565
181  6612  2   3  6609
182  6614  3   0  0  6614
183  6612  3   0  0  6612
184  6614  3   0  0  6614
185  6612  2   0  6612
186  6402  2   3  6399
187  6612  3   0  327  6285
188  6614  3   0  0  6614
189  6614  2   0  6614
190  6606  2   0  6606
191  6570  3   1  1  6568
192  6614  2   0  6614
193  6610  2   0  6610
194  6468  2   0  6468
195  6596  2   0  6596
196  6610  3   0  0  6610
197  6604  2   0  6604
198  6513  3   0  0  6513
199  6614  2   0  6614
200  6614  2   0  6614
201  6612  3   0  0  6612
202  6518  2   0  6518
203  6612  2   0  6612
204  6612  3   0  0  6612
205  6614  3   0  0  6614
206  6528  3   0  0  6528
207  6614  2   0  6614
208  6608  2   0  6608
209  6553  3   0  0  6553
210  6614  3   0  2  6612
211  6576  3   0  0  6576
212  6612  2   0  6612
213  6614  2   0  6614
214  6614  2   0  6614
215  6612  2   0  6612
216  6556  2   0  6556
217  6606  2   0  6606
218  6596  3   0  0  6596
219  6576  2   0  6576
220  6573  3   0  0  6573
221  6612  2   0  6612
222  6614  3   0  0  6614
223  6392  2   0  6392
224  6608  2   0  6608
225  6614  2   0  6614
226  6542  2   0  6542
227  6548  3   0  0  6548
228  6480  2   0  6480
229  6608  2   0  6608
230  6166  2   0  6166
231  6614  2   0  6614
232  6612  2   0  6612
233  6577  3   0  0  6577
234  6058  2   2  6056
235  6580  4   0  0  0  6580
236  6494  2   1  6493
237  6584  2   0  6584
238  5736  3   0  0  5736
239  6614  2   0  6614
240  6610  2   0  6610
241  6604  3   0  0  6604
242  6614  3   0  0  6614
243  6614  2   295  6319
244  6598  2   0  6598
245  6598  3   0  0  6598
246  6592  3   0  0  6592
247  6604  2   0  6604
248  6614  2   0  6614
249  6553  3   0  0  6553
250  6612  2   0  6612
251  6614  2   0  6614
252  6614  2   0  6614
253  6606  2   0  6606
254  6614  3   0  0  6614
255  6608  2   0  6608
256  6608  2   0  6608
257  6614  2   0  6614
258  6614  2   0  6614
259  6592  2   0  6592
260  6614  2   0  6614
261  6512  2   0  6512
262  4932  2   0  4932
263  6546  2   0  6546
264  6610  3   0  0  6610
265  6490  2   1  6489
266  6588  3   0  0  6588
267  6582  3   0  0  6582
268  6614  3   0  0  6614
269  6608  2   0  6608
270  6612  3   0  0  6612
271  6612  3   0  0  6612
272  6582  2   0  6582
273  6532  2   0  6532
274  6614  2   0  6614
275  6614  3   0  0  6614
276  6484  3   0  0  6484
277  6614  2   0  6614
278  6614  2   0  6614
279  6614  2   0  6614
280  6606  2   1886  4720
281  6612  2   0  6612
282  6590  3   0  0  6590
283  6608  2   0  6608
284  6614  3   0  0  6614
285  6610  2   0  6610
286  6466  3   1  0  6465
287  6602  2   0  6602
288  6610  2   0  6610
289  6606  2   0  6606
290  6612  2   0  6612
291  4153  3   0  0  4153
292  6608  2   0  6608
293  6614  2   0  6614
294  6608  2   0  6608
295  6426  2   0  6426
296  6606  2   0  6606
297  6614  2   0  6614
298  6614  3   0  0  6614
299  3836  2   513  3323
300  6610  2   0  6610
301  6390  2   0  6390
302  6614  3   0  0  6614
303  6604  2   0  6604

[pop]=5
1  52902  4   10  0  1  52891
2  66724  3   1  13  66710
3  66343  3   697  1  65645
4  65947  3   1  2  65944
5  66734  2   12167  54567
6  66484  2   0  66484
7  66726  2   0  66726
8  66474  2   2  66472
9  39988  3   0  2  39986
10  66730  2   7  66723
11  47446  2   0  47446
12  66730  2   3  66727
13  66287  3   1  2  66284
14  46939  3   1  2  46936
15  66544  2   0  66544
16  66542  2   2  66540
17  66730  2   9  66721
18  65989  3   0  0  65989
19  41646  2   2  41644
20  66736  2   4  66732
21  66514  2   0  66514
22  66576  3   1  1  66574
23  64514  3   1  1  64512
24  66600  2   1  66599
25  66604  2   0  66604
26  66738  2   2  66736
27  66584  2   0  66584
28  66724  3   0  0  66724
29  64396  2   0  64396
30  66558  3   0  0  66558
31  66706  2   0  66706
32  64464  2   1  64463
33  8474  2   15  8459
34  66736  3   0  2  66734
35  66646  3   1  1  66644
36  11932  3   1  1  11930
37  63940  3   1  0  63939
38  65962  2   0  65962
39  66414  2   1  66413
40  66682  3   0  0  66682
41  66608  2   7  66601
42  66028  2   2  66026
43  66734  2   5  66729
44  63360  2   1  63359
45  66689  4   4  1  0  66684
46  66682  2   2  66680
47  66037  3   1  0  66036
48  66736  4   0  1  0  66735
49  66314  2   2  66312
50  66740  3   0  1  66739
51  65792  2   9  65783
52  66736  2   0  66736
53  60612  2   13  60599
54  66596  2   1  66595
55  66684  2   2  66682
56  66736  2   0  66736
57  66430  2   1  66429
58  66614  3   0  0  66614
59  66724  2   4  66720
60  66714  2   1  66713
61  66716  2   1  66715
62  66632  3   0  1  66631
63  66738  2   0  66738
64  66666  2   1  66665
65  66738  2   0  66738
66  66212  2   2  66210
67  66712  3   1  1  66710
68  66655  3   0  3  66652
69  66070  2   0  66070
70  66680  2   0  66680
71  66726  2   1  66725
72  66614  2   2  66612
73  66064  3   2  0  66062
74  66182  2   2  66180
75  66668  2   0  66668
76  66566  2   0  66566
77  63156  2   2  63154
78  66700  2   2  66698
79  66390  2   0  66390
80  66604  4   0  1  0  66603
81  66532  2   0  66532
82  66272  2   1  66271
83  63572  3   0  1  63571
84  66737  3   0  0  66737
85  8486  2   0  8486
86  66674  2   0  66674
87  66698  2   11  66687
88  66698  2   4  66694
89  66732  3   3  0  66729
90  66738  2   0  66738
91  66718  2   7  66711
92  66722  2   3  66719
93  8488  2   0  8488
94  66076  2   2  66074
95  66739  4   0  0  1  66738
96  66722  2   0  66722
97  66514  2   0  66514
98  66082  2   0  66082
99  66684  3   1  3  66680
100  66423  3   0  1  66422
101  66740  4   1  0  2  66737
102  66734  2   0  66734
103  66704  2   1  66703
104  66080  3   0  4  66076
105  66454  2   2  66452
106  66646  3   1  7  66638
107  66722  4   1  8  8  66705
108  66684  2   2  66682
109  66450  2   1  66449
110  66722  2   0  66722
111  66718  2   5  66713
112  66476  2   2  66474
113  66734  3   0  0  66734
114  66088  3   0  0  66088
115  66720  3   1  0  66719
116  66736  2   0  66736
117  66544  3   0  2  66542
118  66094  3   2  26  66066
119  66507  3   2  1  66504
120  66720  2   3  66717
121  66736  3   1  0  66735
122  66716  5   0  4  0  2  66710
123  66738  2   1  66737
124  66725  3   1  0  66724
125  65838  2   1  65837
126  66706  2   0  66706
127  66738  2   10  66728
128  66688  2   1  66687
129  66694  3   1  3  66690
130  66740  2   21  66719
131  66414  2   1  66413
132  66740  3   0  2  66738
133  66380  2   1  66379
134  66102  2   0  66102
135  64150  2   1  64149
136  66680  2   2  66678
137  66720  2   2  66718
138  66659  3   1  0  66658
139  66672  2   5  66667
140  66718  2   4  66714
141  66714  2   2  66712
142  66664  2   3  66661
143  66718  2   4  66714
144  66724  2   3  66721
145  66660  2   0  66660
146  66564  2   1  66563
147  66728  3   1  0  66727
148  66632  2   2  66630
149  66120  5   0  0  1  2  66117
150  66718  2   0  66718
151  66620  2   2  66618
152  66604  2   0  66604
153  66128  2   1  66127
154  66650  2   5  66645
155  66664  2   2  66662
156  66608  3   1  1  66606
157  66714  2   0  66714
158  66596  2   1  66595
159  66686  3   0  1  66685
160  66118  2   2  66116
161  66186  2   0  66186
162  66676  2   2  66674
163  64834  2   0  64834
164  66580  2   2  66578
165  66588  3   0  0  66588
166  66582  3   0  1  66581
167  66730  2   2  66728
168  66074  3   0  26  66048
169  66724  2   79  66645
170  66594  3   4  0  66590
171  66412  3   0  2  66410
172  65448  2   3  65445
173  66023  3   1  0  66022
174  66386  2   0  66386
175  65492  2   2  65490
176  66546  3   2  0  66544
177  66574  3   0  1  66573
178  64254  2   1  64253
179  66676  2   0  66676
180  66521  4   9  1  1  66510
181  66626  2   2  66624
182  66674  3   4  0  66670
183  66723  3   1  1  66721
184  66740  3   4  0  66736
185  66722  2   0  66722
186  65056  2   0  65056
187  65996  3   1  1062  64933
188  66740  3   1  1  66738
189  66588  2   7  66581
190  66678  2   1  66677
191  66233  3   0  0  66233
192  66740  2   0  66740
193  66724  2   1  66723
194  65608  2   2  65606
195  66584  2   2  66582
196  66723  3   0  1  66722
197  66692  2   1  66691
198  66235  3   1  1  66233
199  66652  2   0  66652
200  66684  2   12  66672
201  66679  3   1  2  66676
202  65916  2   3  65913
203  66496  2   0  66496
204  65632  3   1  2  65629
205  66738  3   1  2  66735
206  66030  3   0  0  66030
207  66738  2   2  66736
208  66578  2   1  66577
209  65742  3   0  1  65741
210  66738  3   0  2  66736
211  66463  3   1  2  66460
212  66708  2   3  66705
213  66694  2   5  66689
214  66670  2   0  66670
215  66704  2   0  66704
216  65414  2   3  65411
217  66596  2   0  66596
218  66036  3   0  0  66036
219  66460  2   23  66437
220  65949  3   1  2  65946
221  66698  2   0  66698
222  66732  3   1  1  66730
223  60656  2   6  60650
224  66620  2   2  66618
225  66074  2   2  66072
226  66224  2   2  66222
227  65674  3   1  6  65667
228  62396  2   0  62396
229  66572  2   52  66520
230  63998  2   1  63997
231  66736  2   2  66734
232  66690  2   4  66686
233  66064  3   0  1  66063
234  63388  2   5  63383
235  66139  4   0  1  0  66138
236  64510  2   0  64510
237  66206  2   2  66204
238  61144  3   1  1  61142
239  66060  2   1  66059
240  65622  2   1  65621
241  66612  3   0  1  66611
242  66734  3   1  2  66731
243  66734  2   1172  65562
244  66698  2   42  66656
245  66618  3   0  0  66618
246  66372  3   1  1  66370
247  66290  2   18  66272
248  66696  2   2  66694
249  64991  3   0  0  64991
250  66646  2   2  66644
251  66716  2   1  66715
252  66050  2   2  66048
253  65314  2   2  65312
254  66730  3   0  3  66727
255  66698  2   3  66695
256  66698  2   1  66697
257  66684  2   0  66684
258  66638  2   1  66637
259  66054  2   0  66054
260  66666  2   0  66666
261  66142  2   1  66141
262  54872  2   0  54872
263  66074  2   0  66074
264  66706  3   1  1  66704
265  66062  2   0  66062
266  66263  3   0  1  66262
267  66612  3   0  1  66611
268  65994  3   0  0  65994
269  66624  2   0  66624
270  66011  3   1  1  66009
271  66664  3   0  1  66663
272  66608  2   3  66605
273  65854  2   8  65846
274  65992  2   0  65992
275  66699  3   0  1  66698
276  65986  3   1  1  65984
277  66676  2   0  66676
278  66654  2   0  66654
279  66732  2   2  66730
280  66608  2   19323  47285
281  66064  2   49  66015
282  65999  3   1  0  65998
283  66340  2   0  66340
284  66688  3   0  2  66686
285  66656  2   0  66656
286  65861  3   0  1  65860
287  66428  2   3  66425
288  66626  2   0  66626
289  66234  2   4  66230
290  66654  2   4  66650
291  47619  3   0  0  47619
292  66316  2   0  66316
293  66740  2   2  66738
294  66494  2   1  66493
295  64820  2   0  64820
296  66152  2   0  66152
297  66726  2   0  66726
298  66706  3   1  1  66704
299  44606  2   5196  39410
300  66646  2   2  66644
301  64490  2   2  64488
302  66598  3   1  0  66597
303  66034  2   2  66032

[pop]=6
1  653  4   0  0  0  653
2  908  3   0  0  908
3  896  3   10  0  886
4  896  3   0  0  896
5  908  2   130  778
6  898  2   0  898
7  908  2   0  908
8  900  2   0  900
9  518  3   0  0  518
10  908  2   0  908
11  610  2   0  610
12  908  2   0  908
13  897  3   0  0  897
14  605  3   0  0  605
15  904  2   0  904
16  906  2   0  906
17  906  2   1  905
18  898  3   0  0  898
19  530  2   0  530
20  908  2   0  908
21  902  2   0  902
22  906  3   0  0  906
23  871  3   0  0  871
24  906  2   0  906
25  906  2   0  906
26  908  2   0  908
27  900  2   0  900
28  906  3   0  0  906
29  872  2   0  872
30  904  3   0  0  904
31  908  2   0  908
32  836  2   0  836
33  190  2   0  190
34  908  3   0  0  908
35  906  3   0  0  906
36  122  3   0  0  122
37  824  3   0  0  824
38  864  2   0  864
39  902  2   0  902
40  906  3   0  0  906
41  894  2   1  893
42  902  2   0  902
43  908  2   0  908
44  818  2   0  818
45  906  4   0  0  0  906
46  908  2   0  908
47  902  3   0  0  902
48  908  4   1  0  0  907
49  900  2   0  900
50  908  3   0  0  908
51  856  2   0  856
52  908  2   0  908
53  808  2   1  807
54  906  2   0  906
55  908  2   0  908
56  908  2   0  908
57  900  2   0  900
58  906  3   0  0  906
59  908  2   0  908
60  908  2   1  907
61  908  2   0  908
62  906  3   0  0  906
63  908  2   0  908
64  904  2   0  904
65  908  2   0  908
66  904  2   0  904
67  908  3   0  0  908
68  904  3   0  0  904
69  902  2   0  902
70  908  2   0  908
71  908  2   0  908
72  906  2   0  906
73  902  3   0  0  902
74  880  2   0  880
75  904  2   0  904
76  890  2   0  890
77  842  2   0  842
78  908  2   0  908
79  906  2   0  906
80  905  4   0  0  0  905
81  902  2   0  902
82  904  2   0  904
83  850  3   0  0  850
84  908  3   0  0  908
85  190  2   0  190
86  904  2   0  904
87  908  2   0  908
88  898  2   2  896
89  904  3   0  0  904
90  908  2   0  908
91  908  2   0  908
92  908  2   0  908
93  190  2   0  190
94  900  2   0  900
95  908  4   0  0  0  908
96  908  2   0  908
97  904  2   0  904
98  900  2   0  900
99  905  3   0  0  905
100  904  3   0  0  904
101  908  4   0  0  0  908
102  908  2   0  908
103  908  2   0  908
104  900  3   0  0  900
105  906  2   0  906
106  908  3   0  0  908
107  908  4   0  0  0  908
108  904  2   0  904
109  906  2   0  906
110  908  2   0  908
111  898  2   1  897
112  906  2   1  905
113  908  3   0  0  908
114  902  3   0  0  902
115  908  3   0  0  908
116  908  2   1  907
117  899  3   0  0  899
118  902  3   0  0  902
119  906  3   0  0  906
120  908  2   0  908
121  908  3   0  0  908
122  908  5   0  0  0  0  908
123  908  2   0  908
124  902  3   0  0  902
125  880  2   0  880
126  906  2   0  906
127  908  2   0  908
128  906  2   0  906
129  906  3   0  0  906
130  908  2   0  908
131  904  2   0  904
132  908  3   0  0  908
133  902  2   0  902
134  904  2   0  904
135  860  2   0  860
136  906  2   0  906
137  906  2   0  906
138  906  3   0  0  906
139  906  2   0  906
140  908  2   0  908
141  898  2   0  898
142  904  2   1  903
143  908  2   0  908
144  906  2   0  906
145  898  2   0  898
146  904  2   0  904
147  906  3   0  0  906
148  902  2   0  902
149  904  5   0  0  0  0  904
150  906  2   0  906
151  902  2   0  902
152  902  2   0  902
153  904  2   0  904
154  904  2   0  904
155  898  2   0  898
156  902  3   0  0  902
157  904  2   0  904
158  902  2   0  902
159  906  3   0  0  906
160  904  2   0  904
161  884  2   0  884
162  902  2   0  902
163  850  2   1  849
164  902  2   0  902
165  902  3   0  0  902
166  902  3   0  0  902
167  906  2   0  906
168  894  3   0  0  894
169  908  2   0  908
170  906  3   0  0  906
171  900  3   0  0  900
172  860  2   0  860
173  890  3   0  0  890
174  894  2   0  894
175  864  2   0  864
176  900  3   0  0  900
177  902  3   0  0  902
178  860  2   0  860
179  902  2   0  902
180  902  4   0  0  0  902
181  904  2   0  904
182  902  3   0  0  902
183  906  3   0  0  906
184  908  3   0  0  908
185  906  2   0  906
186  868  2   0  868
187  893  3   0  11  882
188  908  3   0  0  908
189  900  2   0  900
190  904  2   0  904
191  892  3   0  0  892
192  908  2   0  908
193  896  2   0  896
194  884  2   0  884
195  904  2   0  904
196  896  3   0  0  896
197  908  2   0  908
198  891  3   0  0  891
199  904  2   0  904
200  908  2   0  908
201  906  3   0  0  906
202  896  2   0  896
203  896  2   0  896
204  892  3   0  0  892
205  908  3   0  0  908
206  898  3   0  0  898
207  908  2   0  908
208  906  2   0  906
209  894  3   0  0  894
210  900  3   0  0  900
211  898  3   0  0  898
212  896  2   0  896
213  908  2   0  908
214  906  2   1  905
215  896  2   0  896
216  900  2   0  900
217  906  2   0  906
218  898  3   0  0  898
219  898  2   0  898
220  888  3   0  0  888
221  898  2   0  898
222  906  3   0  0  906
223  862  2   1  861
224  906  2   0  906
225  904  2   0  904
226  898  2   0  898
227  882  3   0  0  882
228  870  2   0  870
229  906  2   0  906
230  856  2   0  856
231  900  2   0  900
232  894  2   0  894
233  904  3   0  0  904
234  850  2   0  850
235  904  4   0  0  0  904
236  882  2   0  882
237  904  2   0  904
238  814  3   0  0  814
239  904  2   0  904
240  880  2   0  880
241  905  3   0  0  905
242  900  3   0  0  900
243  900  2   12  888
244  908  2   0  908
245  906  3   0  0  906
246  905  3   0  0  905
247  904  2   0  904
248  906  2   0  906
249  897  3   0  0  897
250  892  2   0  892
251  908  2   0  908
252  902  2   0  902
253  872  2   0  872
254  900  3   0  0  900
255  904  2   0  904
256  904  2   0  904
257  906  2   0  906
258  906  2   0  906
259  898  2   0  898
260  906  2   0  906
261  898  2   0  898
262  750  2   0  750
263  894  2   0  894
264  906  3   0  0  906
265  896  2   0  896
266  903  3   0  0  903
267  906  3   0  0  906
268  902  3   0  0  902
269  908  2   0  908
270  894  3   0  0  894
271  908  3   0  0  908
272  906  2   0  906
273  892  2   0  892
274  902  2   0  902
275  908  3   0  0  908
276  898  3   0  0  898
277  906  2   0  906
278  906  2   0  906
279  906  2   0  906
280  908  2   190  718
281  894  2   2  892
282  898  3   0  0  898
283  888  2   0  888
284  908  3   0  0  908
285  908  2   0  908
286  896  3   0  0  896
287  906  2   0  906
288  898  2   0  898
289  882  2   0  882
290  908  2   0  908
291  675  3   0  0  675
292  902  2   0  902
293  908  2   0  908
294  906  2   0  906
295  868  2   0  868
296  876  2   0  876
297  906  2   0  906
298  906  3   0  0  906
299  642  2   117  525
300  898  2   0  898
301  864  2   0  864
302  903  3   0  0  903
303  874  2   0  874

[pop]=7
1  14891  4   0  1  0  14890
2  16510  3   0  0  16510
3  16492  3   170  0  16322
4  16495  3   0  0  16495
5  16512  2   1231  15281
6  16226  2   0  16226
7  16510  2   1  16509
8  16446  2   0  16446
9  12156  3   0  0  12156
10  16510  2   1  16509
11  14130  2   0  14130
12  16510  2   0  16510
13  15912  3   0  0  15912
14  14067  3   0  0  14067
15  16506  2   0  16506
16  16504  2   0  16504
17  16512  2   0  16512
18  16499  3   1  1  16497
19  12306  2   0  12306
20  16512  2   1  16511
21  16462  2   0  16462
22  16506  3   0  0  16506
23  16388  3   0  0  16388
24  16512  2   2  16510
25  16512  2   0  16512
26  16512  2   0  16512
27  16496  2   0  16496
28  16510  3   0  0  16510
29  16388  2   0  16388
30  16420  3   1  1  16418
31  16510  2   2  16508
32  16352  2   1  16351
33  7914  2   29  7885
34  16512  3   1  0  16511
35  16506  3   0  0  16506
36  1666  3   0  0  1666
37  16332  3   0  0  16332
38  16364  2   0  16364
39  16468  2   0  16468
40  16512  3   0  0  16512
41  16500  2   0  16500
42  16502  2   0  16502
43  16512  2   0  16512
44  16282  2   0  16282
45  16512  4   0  0  0  16512
46  16510  2   0  16510
47  16502  3   0  11  16491
48  16512  4   0  0  0  16512
49  16488  2   1  16487
50  16512  3   1  0  16511
51  14082  2   0  14082
52  16512  2   0  16512
53  15184  2   0  15184
54  16484  2   4  16480
55  16490  2   0  16490
56  16512  2   1  16511
57  16502  2   0  16502
58  16490  3   0  0  16490
59  16510  2   0  16510
60  16510  2   0  16510
61  16512  2   3  16509
62  16498  3   0  1  16497
63  16512  2   2  16510
64  16496  2   0  16496
65  16512  2   4  16508
66  16174  2   0  16174
67  16507  3   0  0  16507
68  16406  3   0  0  16406
69  16504  2   2  16502
70  16474  2   7  16467
71  16510  2   0  16510
72  16492  2   0  16492
73  16504  3   0  2  16502
74  15138  2   0  15138
75  16502  2   13  16489
76  16496  2   0  16496
77  15660  2   0  15660
78  16508  2   0  16508
79  16468  2   0  16468
80  16510  4   0  0  0  16510
81  16356  2   9  16347
82  16276  2   0  16276
83  15738  3   0  1  15737
84  16512  3   0  0  16512
85  7914  2   2  7912
86  16502  2   0  16502
87  16504  2   0  16504
88  16508  2   0  16508
89  16512  3   0  1  16511
90  16512  2   0  16512
91  16508  2   1  16507
92  16512  2   0  16512
93  7914  2   0  7914
94  16506  2   0  16506
95  16512  4   0  1  0  16511
96  16512  2   0  16512
97  16070  2   1  16069
98  16506  2   4  16502
99  16503  3   0  0  16503
100  16447  3   1  0  16446
101  16512  4   0  0  0  16512
102  16512  2   0  16512
103  16512  2   1  16511
104  16506  3   1  0  16505
105  16478  2   0  16478
106  16498  3   0  2  16496
107  16512  4   0  0  1  16511
108  16504  2   4  16500
109  16478  2   1  16477
110  16512  2   0  16512
111  16510  2   0  16510
112  16488  2   0  16488
113  16512  3   0  0  16512
114  16505  3   0  0  16505
115  16512  3   0  0  16512
116  16512  2   1  16511
117  16289  3   0  0  16289
118  16506  3   0  5  16501
119  16498  3   0  1  16497
120  16512  2   0  16512
121  16512  3   0  0  16512
122  16507  5   0  0  0  0  16507
123  16512  2   1  16511
124  16512  3   0  0  16512
125  14418  2   1  14417
126  16510  2   0  16510
127  16512  2   0  16512
128  16512  2   0  16512
129  16504  3   0  0  16504
130  16512  2   0  16512
131  16398  2   2  16396
132  16512  3   1  0  16511
133  16380  2   4  16376
134  16506  2   0  16506
135  15898  2   0  15898
136  16486  2   0  16486
137  16510  2   0  16510
138  16507  3   0  1  16506
139  16476  2   0  16476
140  16512  2   4  16508
141  16508  2   0  16508
142  16432  2   0  16432
143  16512  2   0  16512
144  16512  2   2  16510
145  16508  2   0  16508
146  16138  2   1  16137
147  16512  3   0  1  16511
148  16502  2   1  16501
149  16506  5   0  0  0  1  16505
150  16512  2   0  16512
151  16504  2   0  16504
152  16504  2   0  16504
153  16506  2   1  16505
154  16396  2   0  16396
155  16508  2   0  16508
156  16280  3   0  0  16280
157  16512  2   0  16512
158  16502  2   1  16501
159  16492  3   0  0  16492
160  16510  2   2  16508
161  15062  2   0  15062
162  16498  2   0  16498
163  13884  2   0  13884
164  16186  2   0  16186
165  16502  3   0  0  16502
166  16500  3   1  0  16499
167  16512  2   0  16512
168  16425  3   0  1  16424
169  16508  2   0  16508
170  16504  3   0  1  16503
171  16248  3   0  0  16248
172  14764  2   1  14763
173  16109  3   1  3  16105
174  15652  2   0  15652
175  14836  2   0  14836
176  16286  3   0  0  16286
177  16331  3   1  0  16330
178  15838  2   0  15838
179  16502  2   2  16500
180  16492  4   0  0  0  16492
181  16448  2   1  16447
182  16501  3   1  0  16500
183  16512  3   0  0  16512
184  16512  3   0  1  16511
185  16512  2   0  16512
186  16026  2   0  16026
187  16421  3   0  177  16244
188  16512  3   0  1  16511
189  16208  2   0  16208
190  16508  2   1  16507
191  16201  3   0  0  16201
192  16512  2   2  16510
193  16512  2   1  16511
194  16182  2   0  16182
195  16490  2   0  16490
196  16512  3   0  0  16512
197  16458  2   0  16458
198  16422  3   0  0  16422
199  16360  2   0  16360
200  16494  2   12  16482
201  16510  3   0  0  16510
202  16272  2   4  16268
203  16336  2   0  16336
204  16418  3   0  0  16418
205  16512  3   1  1  16510
206  16316  3   0  0  16316
207  16512  2   0  16512
208  16508  2   2  16506
209  16277  3   0  0  16277
210  16512  3   0  0  16512
211  16341  3   0  0  16341
212  16510  2   0  16510
213  16500  2   0  16500
214  16510  2   0  16510
215  16508  2   1  16507
216  16410  2   0  16410
217  16508  2   0  16508
218  16384  3   0  2  16382
219  16336  2   44  16292
220  16113  3   1  0  16112
221  16500  2   0  16500
222  16512  3   0  0  16512
223  15736  2   0  15736
224  16506  2   0  16506
225  16508  2   0  16508
226  16358  2   2  16356
227  16022  3   0  0  16022
228  15954  2   0  15954
229  16502  2   0  16502
230  16074  2   0  16074
231  16512  2   0  16512
232  16496  2   1  16495
233  16479  3   0  0  16479
234  15962  2   0  15962
235  16483  4   0  0  0  16483
236  16030  2   1  16029
237  16490  2   0  16490
238  15616  3   0  0  15616
239  16508  2   0  16508
240  16208  2   0  16208
241  16510  3   0  0  16510
242  16510  3   0  0  16510
243  16510  2   71  16439
244  16470  2   2  16468
245  16510  3   1  19  16490
246  16494  3   0  0  16494
247  16444  2   0  16444
248  16510  2   0  16510
249  16274  3   0  2  16272
250  16468  2   0  16468
251  16510  2   0  16510
252  16508  2   0  16508
253  15758  2   0  15758
254  16507  3   0  0  16507
255  16504  2   0  16504
256  16504  2   0  16504
257  16420  2   0  16420
258  16440  2   2  16438
259  16388  2   0  16388
260  16414  2   1  16413
261  16278  2   1  16277
262  14738  2   0  14738
263  16146  2   3  16143
264  16504  3   0  0  16504
265  16254  2   0  16254
266  16467  3   1  0  16466
267  16510  3   1  0  16509
268  16508  3   1  0  16507
269  16490  2   3  16487
270  16424  3   0  0  16424
271  16496  3   1  0  16495
272  16508  2   1  16507
273  16050  2   0  16050
274  16508  2   0  16508
275  16510  3   1  0  16509
276  16204  3   0  0  16204
277  16476  2   0  16476
278  16344  2   4  16340
279  16510  2   0  16510
280  16504  2   1564  14940
281  16428  2   37  16391
282  16260  3   0  0  16260
283  16010  2   0  16010
284  16510  3   0  0  16510
285  16506  2   3  16503
286  16124  3   0  0  16124
287  16484  2   0  16484
288  16508  2   0  16508
289  15814  2   0  15814
290  16494  2   0  16494
291  13951  3   0  0  13951
292  16508  2   0  16508
293  16512  2   0  16512
294  16488  2   0  16488
295  15678  2   0  15678
296  15650  2   0  15650
297  16510  2   23  16487
298  16503  3   0  0  16503
299  13672  2   3437  10235
300  16508  2   0  16508
301  15572  2   0  15572
302  16166  3   0  0  16166
303  15358  2   0  15358

