[loci]=117

[populations]=7

[pop]=1
1  560  2   11  549
2  9800  3   0  0  9800
3  10166  3   0  0  10166
4  6270  4   0  0  0  6270
5  10166  2   7  10159
6  556  2   45  511
7  9656  2   2  9654
8  10176  3   1  0  10175
9  9684  2   0  9684
10  10190  2   0  10190
11  7888  2   3  7885
12  10189  4   0  1  0  10188
13  10312  3   0  0  10312
14  7892  3   0  0  7892
15  10196  2   3  10193
16  9796  2   0  9796
17  7369  3   0  0  7369
18  9853  3   0  1  9852
19  10212  2   0  10212
20  7534  3   0  0  7534
21  10314  3   0  0  10314
22  7982  2   0  7982
23  558  4   0  0  0  558
24  7514  4   0  0  0  7514
25  8516  2   0  8516
26  9948  2   1  9947
27  8516  2   0  8516
28  10264  3   0  0  10264
29  9800  2   2  9798
30  8332  2   1  8331
31  8516  4   3  0  0  8513
32  8342  2   0  8342
33  8516  2   0  8516
34  10322  2   0  10322
35  10276  2   0  10276
36  10392  3   0  0  10392
37  7988  2   0  7988
38  10392  3   0  0  10392
39  554  2   0  554
40  10394  3   0  453  9941
41  10288  2   0  10288
42  9800  2   0  9800
43  8470  2   1  8469
44  10395  3   0  1  10394
45  8560  4   0  0  0  8560
46  8584  2   0  8584
47  10402  2   0  10402
48  10402  2   0  10402
49  10314  3   0  0  10314
50  2236  2   0  2236
51  9800  2   2  9798
52  8785  3   1  1  8783
53  10367  3   1  0  10366
54  10399  3   0  0  10399
55  8798  2   1  8797
56  10384  2   2  10382
57  5842  2   0  5842
58  8515  2   0  8515
59  10368  3   0  0  10368
60  9798  2   0  9798
61  10158  2   0  10158
62  10400  2   0  10400
63  10309  3   0  0  10309
64  10400  3   0  0  10400
65  10388  2   0  10388
66  10380  3   0  0  10380
67  10400  4   0  32  0  10368
68  10306  3   0  0  10306
69  10158  2   0  10158
70  10392  2   0  10392
71  10178  2   0  10178
72  10174  3   0  0  10174
73  10388  4   0  0  0  10388
74  10378  4   0  0  0  10378
75  10378  2   34  10344
76  10398  2   0  10398
77  10388  2   0  10388
78  10316  2   1  10315
79  10396  2   2  10394
80  10314  2   0  10314
81  10188  3   0  0  10188
82  10312  2   3  10309
83  10396  2   0  10396
84  10308  3   1  0  10307
85  10191  4   0  0  0  10191
86  2438  2   4  2434
87  5343  4   1  0  1  5341
88  9804  3   0  0  9804
89  10394  2   0  10394
90  9804  2   1  9803
91  8516  2   69  8447
92  10382  4   0  0  0  10382
93  10166  3   0  362  9804
94  10382  3   0  1  10381
95  10384  4   0  0  0  10384
96  9802  2   966  8836
97  10285  3   0  1289  8996
98  10264  2   0  10264
99  5468  2   0  5468
100  7968  3   0  0  7968
101  10246  2   0  10246
102  9798  3   0  0  9798
103  2476  2   0  2476
104  8478  3   0  0  8478
105  10326  3   0  0  10326
106  10293  3   0  0  10293
107  6133  4   0  0  0  6133
108  8383  4   0  0  0  8383
109  10268  2   0  10268
110  9794  2   1  9793
111  10362  2   0  10362
112  10224  2   0  10224
113  576  2   2  574
114  6376  2   0  6376
115  9794  2   993  8801
116  10390  2   0  10390
117  6420  3   1  1  6418

[pop]=2
1  186  2   0  186
2  11576  3   0  0  11576
3  11412  3   0  0  11412
4  7055  4   0  0  0  7055
5  11402  2   0  11402
6  186  2   38  148
7  10812  2   0  10812
8  11422  3   0  1  11421
9  10840  2   3  10837
10  11426  2   0  11426
11  9760  2   0  9760
12  11420  4   3  0  0  11417
13  11288  3   0  0  11288
14  9771  3   0  0  9771
15  11436  2   0  11436
16  11574  2   2  11572
17  8755  3   1  0  8754
18  11031  3   0  0  11031
19  11448  2   0  11448
20  9111  3   0  1  9110
21  11286  3   0  0  11286
22  9814  2   0  9814
23  184  4   0  0  0  184
24  9591  4   0  0  0  9591
25  9320  2   0  9320
26  11120  2   2  11118
27  9321  2   0  9321
28  11479  3   0  0  11479
29  11576  2   0  11576
30  10252  2   0  10252
31  9321  4   0  1  0  9320
32  10258  2   0  10258
33  9321  2   0  9321
34  11520  2   0  11520
35  11272  2   0  11272
36  11567  3   0  0  11567
37  9788  2   0  9788
38  11566  3   0  0  11566
39  184  2   0  184
40  11567  3   0  20  11547
41  11508  2   0  11508
42  11576  2   0  11576
43  10414  2   0  10414
44  11577  3   0  2  11575
45  10502  4   0  0  1  10501
46  10528  2   0  10528
47  11570  2   1  11569
48  11570  2   0  11570
49  11516  3   0  0  11516
50  416  2   0  416
51  11576  2   0  11576
52  10669  3   0  0  10669
53  11572  3   0  0  11572
54  11571  3   0  0  11571
55  10684  2   0  10684
56  11358  2   0  11358
57  3298  2   0  3298
58  9315  2   0  9315
59  11575  3   2  0  11573
60  11576  2   1  11575
61  11490  2   0  11490
62  11572  2   2  11570
63  11523  3   0  1  11522
64  11570  3   1  0  11569
65  11384  2   0  11384
66  11575  3   0  1  11574
67  11572  4   0  61  0  11511
68  11526  3   0  0  11526
69  11482  2   1  11481
70  11576  2   0  11576
71  11492  2   1  11491
72  11498  3   0  1  11497
73  11393  4   0  0  1  11392
74  11574  4   0  0  0  11574
75  11572  2   1  11571
76  11570  2   0  11570
77  11576  2   0  11576
78  11536  2   0  11536
79  11568  2   0  11568
80  11536  2   2  11534
81  11500  3   1  0  11499
82  11542  2   0  11542
83  11564  2   0  11564
84  11542  3   0  0  11542
85  11499  4   0  0  1  11498
86  446  2   0  446
87  2445  4   0  0  1  2444
88  11572  3   1  0  11571
89  11414  2   0  11414
90  11572  2   0  11572
91  9317  2   0  9317
92  11550  4   0  0  0  11550
93  11493  3   0  906  10587
94  11550  3   0  0  11550
95  11574  4   0  0  0  11574
96  11574  2   70  11504
97  11533  3   0  1471  10062
98  11526  2   0  11526
99  2518  2   2  2516
100  8181  3   0  0  8181
101  11512  2   2  11510
102  11574  3   0  0  11574
103  454  2   0  454
104  10135  3   1  0  10134
105  11507  3   0  0  11507
106  11492  3   1  0  11491
107  2668  4   0  1  0  2667
108  9193  4   1  5  0  9187
109  11474  2   3  11471
110  11572  2   0  11572
111  11572  2   0  11572
112  11418  2   2  11416
113  190  2   0  190
114  2878  2   0  2878
115  11572  2   72  11500
116  11482  2   0  11482
117  2892  3   0  0  2892

[pop]=3
1  198  2   0  198
2  8626  3   0  0  8626
3  8569  3   0  0  8569
4  5997  4   0  0  0  5997
5  8568  2   0  8568
6  198  2   5  193
7  8322  2   0  8322
8  8584  3   0  0  8584
9  8338  2   0  8338
10  8582  2   0  8582
11  7616  2   3  7613
12  8584  4   0  0  0  8584
13  8472  3   0  0  8472
14  7594  3   0  0  7594
15  8590  2   0  8590
16  8626  2   0  8626
17  7053  3   0  3  7050
18  8436  3   0  0  8436
19  8604  2   5  8599
20  7278  3   0  0  7278
21  8463  3   0  0  8463
22  7596  2   0  7596
23  198  4   0  0  0  198
24  7620  4   0  0  3  7617
25  6638  2   0  6638
26  8468  2   0  8468
27  6638  2   0  6638
28  8620  3   0  0  8620
29  8626  2   0  8626
30  8026  2   0  8026
31  6638  4   0  0  0  6638
32  8026  2   1  8025
33  6638  2   0  6638
34  8634  2   0  8634
35  8434  2   0  8434
36  8637  3   1  0  8636
37  7464  2   2  7462
38  8638  3   1  0  8637
39  198  2   0  198
40  8643  3   11  0  8632
41  8628  2   0  8628
42  8626  2   0  8626
43  8088  2   0  8088
44  8652  3   0  0  8652
45  8136  4   0  3  0  8133
46  8144  2   0  8144
47  8654  2   0  8654
48  8654  2   2  8652
49  8628  3   0  0  8628
50  624  2   0  624
51  8626  2   0  8626
52  8221  3   0  0  8221
53  8652  3   0  1  8651
54  8654  3   25  0  8629
55  8230  2   0  8230
56  8540  2   0  8540
57  4396  2   0  4396
58  6638  2   0  6638
59  8654  3   0  0  8654
60  8624  2   0  8624
61  8580  2   0  8580
62  8654  2   0  8654
63  8624  3   0  0  8624
64  8654  3   0  4  8650
65  8568  2   0  8568
66  8654  3   2  0  8652
67  8652  4   0  2  0  8650
68  8624  3   0  3  8621
69  8570  2   0  8570
70  8650  2   2  8648
71  8576  2   0  8576
72  8570  3   1  30  8539
73  8587  4   0  0  0  8587
74  8654  4   0  0  0  8654
75  8652  2   0  8652
76  8650  2   0  8650
77  8654  2   0  8654
78  8628  2   0  8628
79  8650  2   0  8650
80  8626  2   0  8626
81  8572  3   0  0  8572
82  8626  2   1  8625
83  8650  2   0  8650
84  8628  3   1  0  8627
85  8575  4   0  1  0  8574
86  628  2   0  628
87  3923  4   0  0  0  3923
88  8626  3   0  0  8626
89  8618  2   0  8618
90  8626  2   0  8626
91  6638  2   0  6638
92  8649  4   0  0  0  8649
93  8571  3   0  51  8520
94  8646  3   0  0  8646
95  8654  4   0  0  1  8653
96  8626  2   1  8625
97  8607  3   0  1778  6829
98  8612  2   2  8610
99  4112  2   0  4112
100  6960  3   0  0  6960
101  8598  2   290  8308
102  8626  3   0  2  8624
103  628  2   0  628
104  6083  3   0  0  6083
105  8639  3   0  0  8639
106  8637  3   2  1  8634
107  4255  4   0  0  0  4255
108  7471  4   2  0  0  7469
109  8632  2   0  8632
110  8626  2   0  8626
111  8650  2   1  8649
112  8618  2   0  8618
113  200  2   0  200
114  4532  2   0  4532
115  8626  2   1  8625
116  8628  2   0  8628
117  4568  3   0  0  4568

[pop]=4
1  1526  2   0  1526
2  6614  3   0  0  6614
3  6367  3   0  0  6367
4  3095  4   0  0  0  3095
5  6380  2   0  6380
6  1556  2   473  1083
7  6288  2   0  6288
8  6380  3   0  0  6380
9  6306  2   52  6254
10  6396  2   0  6396
11  4052  2   0  4052
12  6397  4   0  0  0  6397
13  6500  3   0  0  6500
14  4039  3   0  0  4039
15  6406  2   0  6406
16  6614  2   0  6614
17  3948  3   0  0  3948
18  6406  3   0  0  6406
19  6420  2   0  6420
20  4101  3   0  0  4101
21  6500  3   0  0  6500
22  4022  2   0  4022
23  1574  4   0  0  0  1574
24  4087  4   0  0  0  4087
25  4530  2   0  4530
26  6450  2   0  6450
27  4530  2   0  4530
28  6455  3   0  0  6455
29  6614  2   0  6614
30  4780  2   0  4780
31  4529  4   0  0  0  4529
32  4772  2   0  4772
33  4530  2   0  4530
34  6610  2   0  6610
35  6494  2   0  6494
36  6614  3   0  0  6614
37  3868  2   0  3868
38  6614  3   0  0  6614
39  1558  2   0  1558
40  6614  3   0  0  6614
41  6472  2   0  6472
42  6614  2   0  6614
43  4942  2   0  4942
44  6610  3   0  0  6610
45  5047  4   0  0  0  5047
46  5108  2   0  5108
47  6614  2   0  6614
48  6614  2   0  6614
49  6510  3   0  0  6510
50  1654  2   0  1654
51  6614  2   0  6614
52  5261  3   0  0  5261
53  6614  3   0  0  6614
54  6614  3   0  0  6614
55  5298  2   0  5298
56  6578  2   0  6578
57  3664  2   0  3664
58  4527  2   0  4527
59  6614  3   0  0  6614
60  6614  2   0  6614
61  6458  2   0  6458
62  6614  2   0  6614
63  6536  3   0  0  6536
64  6614  3   0  0  6614
65  6584  2   0  6584
66  6614  3   0  0  6614
67  6614  4   0  30  0  6584
68  6538  3   0  0  6538
69  6448  2   0  6448
70  6610  2   0  6610
71  6480  2   0  6480
72  6484  3   0  0  6484
73  6586  4   0  0  0  6586
74  6614  4   0  0  0  6614
75  6614  2   0  6614
76  6614  2   0  6614
77  6610  2   0  6610
78  6544  2   5  6539
79  6612  2   0  6612
80  6544  2   0  6544
81  6501  3   0  0  6501
82  6540  2   0  6540
83  6612  2   0  6612
84  6538  3   0  0  6538
85  6512  4   0  0  0  6512
86  1728  2   0  1728
87  3275  4   0  0  0  3275
88  6614  3   0  0  6614
89  6584  2   0  6584
90  6612  2   0  6612
91  4528  2   0  4528
92  6610  4   0  0  0  6610
93  6502  3   0  967  5535
94  6610  3   0  0  6610
95  6610  4   0  0  0  6610
96  6614  2   0  6614
97  6506  3   0  2409  4097
98  6416  2   0  6416
99  3350  2   0  3350
100  3813  3   0  0  3813
101  6380  2   0  6380
102  6614  3   0  0  6614
103  1748  2   0  1748
104  5868  3   0  0  5868
105  6593  3   0  0  6593
106  6586  3   0  0  6586
107  3655  4   0  0  0  3655
108  4103  4   0  14  0  4089
109  6578  2   0  6578
110  6614  2   0  6614
111  6612  2   0  6612
112  6560  2   0  6560
113  1614  2   0  1614
114  3764  2   0  3764
115  6614  2   0  6614
116  6604  2   0  6604
117  3786  3   0  0  3786

[pop]=5
1  3874  2   1  3873
2  66710  3   2  2  66706
3  65568  3   1  0  65567
4  41894  4   0  2  1  41891
5  65590  2   31  65559
6  3886  2   1054  2832
7  62446  2   0  62446
8  65710  3   0  0  65710
9  62702  2   83  62619
10  65736  2   3  65733
11  56386  2   4  56382
12  65751  4   3  0  2  65746
13  65986  3   0  1  65985
14  56443  3   1  4  56438
15  65814  2   0  65814
16  66708  2   0  66708
17  50530  3   0  0  50530
18  63669  3   1  16  63652
19  65922  2   0  65922
20  52196  3   1  0  52195
21  65972  3   0  1  65971
22  56488  2   0  56488
23  3869  4   0  1  1  3867
24  53917  4   1  1  0  53915
25  47993  2   7  47986
26  64218  2   7  64211
27  47993  2   1  47992
28  66138  3   0  0  66138
29  66684  2   0  66684
30  57990  2   2  57988
31  47993  4   0  0  0  47993
32  58000  2   1  57999
33  47996  2   3  47993
34  65778  2   2  65776
35  65830  2   0  65830
36  66657  3   0  1  66656
37  55496  2   0  55496
38  66667  3   0  0  66667
39  3808  2   13  3795
40  66677  3   0  8  66669
41  66272  2   13  66259
42  66656  2   0  66656
43  58836  2   1  58835
44  66507  3   1  1  66505
45  59420  4   1  2  0  59417
46  59602  2   2  59600
47  66710  2   0  66710
48  66710  2   0  66710
49  66374  3   0  1  66373
50  9240  2   0  9240
51  66632  2   0  66632
52  60401  3   0  0  60401
53  66706  3   0  0  66706
54  66716  3   0  1  66715
55  60484  2   1  60483
56  66310  2   2  66308
57  31120  2   3  31117
58  47973  2   0  47973
59  66704  3   0  1  66703
60  66618  2   4  66614
61  65498  2   5  65493
62  66726  2   0  66726
63  66414  3   34  0  66380
64  66722  3   1  1  66720
65  66382  2   3  66379
66  66704  3   0  0  66704
67  66724  4   1  1308  0  65415
68  66407  3   0  1  66406
69  65454  2   7  65447
70  66700  2   0  66700
71  65534  2   1  65533
72  65530  3   0  3  65527
73  66436  4   0  1  0  66435
74  66706  4   1  1  0  66704
75  66706  2   0  66706
76  66724  2   2  66722
77  66706  2   0  66706
78  66398  2   0  66398
79  66716  2   0  66716
80  66404  2   1  66403
81  65562  3   0  0  65562
82  66416  2   0  66416
83  66710  2   2  66708
84  66404  3   0  3  66401
85  65601  4   0  0  0  65601
86  9808  2   0  9808
87  26046  4   0  0  0  26046
88  66726  3   0  1  66725
89  66454  2   2  66452
90  66726  2   3  66723
91  47989  2   0  47989
92  66689  4   0  1  1  66687
93  65614  3   10  12897  52707
94  66682  3   5  0  66677
95  66709  4   1  1  0  66707
96  66708  2   35  66673
97  66349  3   1  21180  45168
98  66120  2   2  66118
99  26872  2   6  26866
100  52413  3   0  1  52412
101  66024  2   0  66024
102  66704  3   0  0  66704
103  9972  2   2  9970
104  52598  3   0  1  52597
105  66517  3   5  3  66509
106  66439  3   0  4  66435
107  28530  4   0  0  1  28529
108  55672  4   4  161  0  55507
109  66398  2   4  66394
110  66690  2   16  66674
111  66654  2   0  66654
112  66206  2   0  66206
113  3910  2   0  3910
114  29936  2   3  29933
115  66682  2   35  66647
116  66440  2   2  66438
117  30233  3   0  0  30233

[pop]=6
1  184  2   0  184
2  898  3   0  0  898
3  875  3   0  0  875
4  514  4   0  0  0  514
5  878  2   0  878
6  184  2   40  144
7  844  2   0  844
8  880  3   0  0  880
9  846  2   0  846
10  882  2   0  882
11  692  2   1  691
12  885  4   0  0  0  885
13  902  3   0  0  902
14  689  3   0  0  689
15  886  2   0  886
16  900  2   0  900
17  627  3   0  0  627
18  856  3   0  2  854
19  890  2   0  890
20  640  3   0  0  640
21  902  3   0  0  902
22  680  2   0  680
23  184  4   0  0  0  184
24  656  4   0  0  0  656
25  633  2   0  633
26  858  2   0  858
27  633  2   0  633
28  895  3   0  0  895
29  900  2   0  900
30  728  2   0  728
31  633  4   0  0  0  633
32  726  2   0  726
33  633  2   0  633
34  864  2   0  864
35  900  2   0  900
36  906  3   0  0  906
37  668  2   0  668
38  906  3   0  0  906
39  184  2   0  184
40  906  3   0  0  906
41  896  2   0  896
42  898  2   0  898
43  748  2   0  748
44  900  3   0  0  900
45  750  4   0  0  0  750
46  746  2   0  746
47  906  2   0  906
48  906  2   0  906
49  894  3   0  0  894
50  244  2   0  244
51  894  2   0  894
52  764  3   0  0  764
53  906  3   0  0  906
54  906  3   1  0  905
55  768  2   0  768
56  902  2   0  902
57  506  2   0  506
58  633  2   0  633
59  906  3   0  0  906
60  894  2   0  894
61  890  2   0  890
62  906  2   0  906
63  894  3   0  0  894
64  906  3   0  0  906
65  904  2   0  904
66  906  3   0  0  906
67  906  4   0  8  0  898
68  894  3   0  0  894
69  886  2   0  886
70  906  2   0  906
71  886  2   0  886
72  886  3   0  0  886
73  905  4   0  0  0  905
74  906  4   0  0  0  906
75  906  2   0  906
76  906  2   0  906
77  906  2   0  906
78  892  2   0  892
79  906  2   0  906
80  892  2   0  892
81  888  3   0  0  888
82  890  2   0  890
83  906  2   0  906
84  890  3   0  0  890
85  888  4   0  0  0  888
86  256  2   0  256
87  419  4   0  0  0  419
88  900  3   0  0  900
89  908  2   0  908
90  900  2   0  900
91  633  2   0  633
92  901  4   0  0  0  901
93  883  3   0  167  716
94  902  3   0  0  902
95  906  4   0  0  0  906
96  900  2   4  896
97  890  3   0  299  591
98  882  2   0  882
99  428  2   0  428
100  624  3   0  0  624
101  882  2   0  882
102  898  3   1  0  897
103  256  2   0  256
104  809  3   0  0  809
105  902  3   0  0  902
106  902  3   0  0  902
107  483  4   0  0  0  483
108  661  4   0  0  0  661
109  902  2   0  902
110  898  2   0  898
111  906  2   0  906
112  898  2   0  898
113  184  2   0  184
114  512  2   0  512
115  898  2   4  894
116  904  2   0  904
117  512  3   0  0  512

[pop]=7
1  7620  2   0  7620
2  16510  3   0  0  16510
3  16454  3   0  3  16451
4  10894  4   1  0  0  10893
5  16462  2   14  16448
6  7620  2   908  6712
7  15062  2   0  15062
8  16470  3   0  0  16470
9  15110  2   0  15110
10  16472  2   0  16472
11  14032  2   2  14030
12  16469  4   1  0  0  16468
13  16434  3   1  0  16433
14  14036  3   0  0  14036
15  16466  2   0  16466
16  16512  2   0  16512
17  12927  3   0  0  12927
18  15369  3   0  0  15369
19  16478  2   1  16477
20  13329  3   1  0  13328
21  16430  3   1  0  16429
22  14030  2   3  14027
23  7620  4   1  0  0  7619
24  14048  4   0  1  0  14047
25  10123  2   0  10123
26  15550  2   1  15549
27  10124  2   2  10122
28  16480  3   1  1  16478
29  16508  2   0  16508
30  15084  2   1  15083
31  10123  4   1  0  1  10121
32  15096  2   1  15095
33  10125  2   0  10125
34  13902  2   0  13902
35  16400  2   3  16397
36  16512  3   0  0  16512
37  13880  2   0  13880
38  16511  3   0  1  16510
39  7618  2   0  7618
40  16512  3   0  0  16512
41  16492  2   0  16492
42  16466  2   3  16463
43  15378  2   0  15378
44  16068  3   0  0  16068
45  15547  4   0  0  0  15547
46  15574  2   1  15573
47  16512  2   9  16503
48  16512  2   0  16512
49  16501  3   2  0  16499
50  7914  2   7  7907
51  16366  2   0  16366
52  15787  3   0  0  15787
53  16508  3   0  0  16508
54  16512  3   0  0  16512
55  15824  2   0  15824
56  16462  2   0  16462
57  9944  2   0  9944
58  10123  2   3  10120
59  16508  3   77  0  16431
60  16300  2   0  16300
61  16490  2   3  16487
62  16512  2   0  16512
63  16504  3   0  0  16504
64  16512  3   0  0  16512
65  16480  2   0  16480
66  16510  3   0  0  16510
67  16512  4   0  272  1  16239
68  16504  3   3  0  16501
69  16490  2   0  16490
70  16496  2   0  16496
71  16490  2   0  16490
72  16490  3   0  5  16485
73  16483  4   1  0  0  16482
74  16510  4   0  0  6  16504
75  16510  2   0  16510
76  16512  2   0  16512
77  16504  2   2  16502
78  16506  2   1  16505
79  16510  2   0  16510
80  16508  2   0  16508
81  16491  3   0  1  16490
82  16508  2   1  16507
83  16510  2   0  16510
84  16504  3   105  0  16399
85  16491  4   1  0  0  16490
86  7914  2   0  7914
87  9655  4   0  0  0  9655
88  16512  3   0  0  16512
89  16492  2   0  16492
90  16512  2   0  16512
91  10122  2   0  10122
92  16504  4   1  0  0  16503
93  16487  3   0  2088  14399
94  16502  3   0  0  16502
95  16502  4   0  0  0  16502
96  16512  2   3  16509
97  16502  3   0  7618  8884
98  16490  2   0  16490
99  9762  2   0  9762
100  13558  3   1  0  13557
101  16480  2   3  16477
102  16510  3   0  0  16510
103  7914  2   0  7914
104  13932  3   0  0  13932
105  16452  3   0  0  16452
106  16429  3   1  0  16428
107  10127  4   1  0  0  10126
108  14186  4   0  6  15  14165
109  16410  2   0  16410
110  16510  2   0  16510
111  16440  2   1  16439
112  16372  2   0  16372
113  7586  2   0  7586
114  10290  2   0  10290
115  16510  2   3  16507
116  16304  2   0  16304
117  10358  3   0  0  10358

