[loci]=301

[populations]=7

[pop]=1
1  9968  3   0  0  9968
2  10406  2   0  10406
3  10406  3   0  0  10406
4  10318  2   1  10317
5  10394  2   2  10392
6  10052  2   0  10052
7  10370  4   0  0  0  10370
8  10406  3   2  0  10404
9  10325  3   0  2  10323
10  10064  2   0  10064
11  9970  2   0  9970
12  10396  2   3  10393
13  10088  3   0  0  10088
14  10406  2   1  10405
15  10338  2   0  10338
16  9952  2   7  9945
17  9954  2   0  9954
18  10400  2   0  10400
19  10368  2   0  10368
20  10404  2   0  10404
21  10406  3   1  0  10405
22  10150  2   0  10150
23  10404  3   0  0  10404
24  10404  2   0  10404
25  10402  2   17  10385
26  10392  3   0  0  10392
27  10406  2   0  10406
28  10406  2   0  10406
29  10380  3   0  0  10380
30  10404  2   1  10403
31  10360  2   1  10359
32  10402  3   0  0  10402
33  9796  2   0  9796
34  9896  2   0  9896
35  10356  2   33  10323
36  10406  2   0  10406
37  10406  2   0  10406
38  10361  3   0  0  10361
39  10404  2   2  10402
40  10402  2   0  10402
41  10406  3   0  0  10406
42  10400  2   0  10400
43  9888  2   0  9888
44  10228  2   0  10228
45  9687  3   0  0  9687
46  10402  2   0  10402
47  10366  2   5  10361
48  10406  2   1  10405
49  10367  3   0  0  10367
50  9636  2   0  9636
51  10244  3   0  0  10244
52  10231  3   0  0  10231
53  10404  2   2  10402
54  10342  2   0  10342
55  10402  2   0  10402
56  10402  2   0  10402
57  10406  3   1  0  10405
58  10406  2   0  10406
59  10266  3   8  0  10258
60  10406  2   6  10400
61  10386  2   0  10386
62  10260  2   1  10259
63  10386  2   0  10386
64  10391  3   17  0  10374
65  10396  2   2  10394
66  10406  2   38  10368
67  10330  2   0  10330
68  10390  2   0  10390
69  10388  2   213  10175
70  10396  4   0  0  0  10396
71  10392  2   1  10391
72  10406  2   0  10406
73  10394  2   8  10386
74  10395  3   0  1  10394
75  10392  4   0  0  0  10392
76  10406  3   0  0  10406
77  10292  3   1  0  10291
78  10396  2   0  10396
79  10396  2   0  10396
80  10348  3   0  0  10348
81  10298  2   1  10297
82  10388  2   2  10386
83  10406  3   0  0  10406
84  10396  3   184  0  10212
85  10406  3   0  0  10406
86  10324  2   96  10228
87  10406  3   0  0  10406
88  10303  3   0  8  10295
89  10406  2   1  10405
90  10304  2   0  10304
91  10406  2   1  10405
92  10374  4   0  11  0  10363
93  9910  3   0  1  9909
94  10406  2   0  10406
95  10406  2   0  10406
96  10396  2   0  10396
97  10304  2   0  10304
98  9952  3   0  2  9950
99  10406  3   49  0  10357
100  10372  2   2  10370
101  10396  2   245  10151
102  10406  2   0  10406
103  10406  3   0  0  10406
104  10406  2   0  10406
105  10406  2   0  10406
106  10378  3   0  2  10376
107  10395  3   0  0  10395
108  10374  2   1  10373
109  10306  2   0  10306
110  10068  2   0  10068
111  10306  4   1  0  0  10305
112  10382  2   0  10382
113  10396  3   0  0  10396
114  10406  2   0  10406
115  10382  2   1  10381
116  10406  2   3  10403
117  10406  2   0  10406
118  10406  2   2  10404
119  10406  4   0  0  0  10406
120  10406  2   0  10406
121  10194  3   0  0  10194
122  10394  2   0  10394
123  10394  2   0  10394
124  10406  2   2  10404
125  10301  4   0  0  0  10301
126  10406  3   3  0  10403
127  10394  3   1  0  10393
128  10402  2   0  10402
129  10298  4   0  0  0  10298
130  10404  2   0  10404
131  10296  2   0  10296
132  10406  3   0  0  10406
133  10400  2   0  10400
134  10404  2   1  10403
135  10396  3   0  1  10395
136  10380  3   1  0  10379
137  10406  4   2  0  0  10404
138  10405  4   2  0  1  10402
139  10380  3   1  1  10378
140  10390  2   0  10390
141  10406  3   0  6  10400
142  10404  2   0  10404
143  10297  3   0  0  10297
144  10406  3   0  0  10406
145  10406  4   0  0  0  10406
146  10404  2   2  10402
147  10389  3   0  0  10389
148  10390  2   5  10385
149  10374  3   1  0  10373
150  10382  3   0  0  10382
151  10275  3   0  1  10274
152  10406  2   0  10406
153  10382  2   0  10382
154  10406  3   0  0  10406
155  10404  2   2  10402
156  10394  2   8  10386
157  10362  3   0  0  10362
158  10274  3   1  1  10272
159  10406  2   2  10404
160  10368  3   0  0  10368
161  10390  2   0  10390
162  10354  3   0  0  10354
163  10273  3   2  6  10265
164  10406  4   1  0  1  10404
165  10264  3   1  0  10263
166  10406  2   0  10406
167  10402  3   0  0  10402
168  10402  2   2  10400
169  10406  2   0  10406
170  10406  2   0  10406
171  10406  2   0  10406
172  10346  2   0  10346
173  10358  2   0  10358
174  10406  2   3  10403
175  10406  2   0  10406
176  10306  2   0  10306
177  10348  2   0  10348
178  9784  2   0  9784
179  10311  3   0  0  10311
180  9987  3   0  0  9987
181  10392  2   0  10392
182  10402  2   0  10402
183  10406  2   2  10404
184  10316  3   0  305  10011
185  10400  2   0  10400
186  10346  2   283  10063
187  10406  2   0  10406
188  10392  3   0  0  10392
189  10340  2   0  10340
190  10342  2   0  10342
191  10400  3   0  0  10400
192  9751  3   0  0  9751
193  9852  2   1  9851
194  10228  3   0  0  10228
195  10404  2   0  10404
196  10400  2   0  10400
197  10102  3   0  0  10102
198  9982  2   0  9982
199  10404  3   0  0  10404
200  10130  2   1  10129
201  10400  2   1  10399
202  10230  3   0  1496  8734
203  10201  3   0  0  10201
204  10406  2   3  10403
205  10297  3   1  0  10296
206  10196  2   0  10196
207  10362  2   503  9859
208  10186  3   4  0  10182
209  10381  4   1  0  1  10379
210  10358  2   0  10358
211  10182  2   2  10180
212  10406  3   0  0  10406
213  10396  2   2  10394
214  10306  2   219  10087
215  10280  2   0  10280
216  10178  2   2  10176
217  10384  2   0  10384
218  10290  3   0  1  10289
219  10160  2   0  10160
220  10210  2   0  10210
221  10360  2   0  10360
222  10172  2   0  10172
223  10360  2   1355  9005
224  10406  3   0  0  10406
225  10184  2   0  10184
226  10166  2   0  10166
227  10406  2   0  10406
228  10398  3   0  247  10151
229  10189  3   1  6  10182
230  10154  2   2  10152
231  10342  2   827  9515
232  10144  2   0  10144
233  9680  3   0  6  9674
234  10406  2   0  10406
235  10388  2   0  10388
236  10358  3   1  0  10357
237  10141  4   0  0  1  10140
238  10390  2   0  10390
239  10394  3   0  0  10394
240  10350  2   0  10350
241  10370  3   0  0  10370
242  10406  2   0  10406
243  10395  4   0  2  0  10393
244  10406  2   3  10403
245  10353  3   0  0  10353
246  10399  3   11  0  10388
247  10402  2   0  10402
248  10190  2   6  10184
249  10399  3   0  0  10399
250  10135  3   2  0  10133
251  10090  3   1  0  10089
252  10396  3   0  0  10396
253  10362  2   0  10362
254  10400  2   2  10398
255  10406  3   0  0  10406
256  10406  3   0  0  10406
257  10384  2   0  10384
258  10382  3   0  0  10382
259  10380  2   0  10380
260  10404  2   0  10404
261  10398  3   0  0  10398
262  10360  2   0  10360
263  10406  2   0  10406
264  10398  2   0  10398
265  10392  3   0  0  10392
266  10360  3   0  28  10332
267  10242  2   0  10242
268  10406  2   0  10406
269  10404  3   0  0  10404
270  10398  3   0  0  10398
271  10166  2   0  10166
272  10400  2   5177  5223
273  10406  2   1  10405
274  10346  3   0  6  10340
275  10283  3   0  0  10283
276  10192  2   0  10192
277  10400  2   0  10400
278  10340  2   0  10340
279  10406  2   0  10406
280  10403  3   1  0  10402
281  10190  2   0  10190
282  10402  2   0  10402
283  10328  2   0  10328
284  10406  2   0  10406
285  10406  2   0  10406
286  10330  2   0  10330
287  10406  4   1  0  0  10405
288  10406  2   0  10406
289  10336  2   0  10336
290  10182  3   0  0  10182
291  10324  3   0  0  10324
292  10188  2   0  10188
293  10404  2   0  10404
294  10389  3   0  1  10388
295  10406  2   0  10406
296  10318  2   1  10317
297  10406  3   0  0  10406
298  10406  5   0  0  0  0  10406
299  10308  2   0  10308
300  10406  3   1  0  10405
301  10326  2   0  10326

[pop]=2
1  11174  3   0  0  11174
2  11578  2   2  11576
3  11578  3   0  0  11578
4  11532  2   2  11530
5  11572  2   4  11568
6  11422  2   1  11421
7  11529  4   0  0  1  11528
8  11578  3   0  0  11578
9  11532  3   0  0  11532
10  11424  2   1  11423
11  11192  2   0  11192
12  11572  2   0  11572
13  11435  3   0  1  11434
14  11578  2   3  11575
15  11538  2   1  11537
16  11492  2   1  11491
17  11182  2   0  11182
18  11574  2   1  11573
19  11528  2   0  11528
20  11578  2   1  11577
21  11578  3   0  1  11577
22  11472  2   0  11472
23  11578  3   0  0  11578
24  11562  2   0  11562
25  11576  2   51  11525
26  11450  3   0  0  11450
27  11578  2   0  11578
28  11578  2   0  11578
29  11440  3   0  1  11439
30  11578  2   44  11534
31  11558  2   0  11558
32  11549  3   0  0  11549
33  11382  2   0  11382
34  11158  2   0  11158
35  11472  2   4  11468
36  11578  2   0  11578
37  11578  2   0  11578
38  11554  3   0  0  11554
39  11576  2   0  11576
40  11578  2   2  11576
41  11578  3   1  0  11577
42  11548  2   0  11548
43  11172  2   0  11172
44  11512  2   0  11512
45  11318  3   0  1  11317
46  11574  2   0  11574
47  11418  2   2  11416
48  11578  2   3  11575
49  11557  3   0  0  11557
50  11284  2   1  11283
51  11520  3   0  0  11520
52  11364  3   0  3  11361
53  11576  2   0  11576
54  11530  2   0  11530
55  11574  2   13  11561
56  11574  2   0  11574
57  11578  3   0  0  11578
58  11578  2   0  11578
59  11530  3   2  1  11527
60  11578  2   0  11578
61  11566  2   0  11566
62  11532  2   0  11532
63  11568  2   0  11568
64  11554  3   0  2  11552
65  11576  2   4  11572
66  11578  2   1  11577
67  11474  2   11  11463
68  11558  2   0  11558
69  11578  2   10  11568
70  11576  4   0  0  0  11576
71  11568  2   0  11568
72  11578  2   0  11578
73  11568  2   18  11550
74  11578  3   0  0  11578
75  11574  4   0  0  0  11574
76  11577  3   0  1  11576
77  11543  3   4  0  11539
78  11578  2   0  11578
79  11570  2   0  11570
80  11490  3   0  0  11490
81  11552  2   0  11552
82  11574  2   0  11574
83  11578  3   1  0  11577
84  11568  3   0  0  11568
85  11572  3   0  0  11572
86  11554  2   13  11541
87  11578  3   0  0  11578
88  11556  3   0  0  11556
89  11578  2   0  11578
90  11554  2   2  11552
91  11578  2   0  11578
92  11558  4   44  0  0  11514
93  10843  3   0  0  10843
94  11578  2   0  11578
95  11578  2   0  11578
96  11570  2   0  11570
97  11556  2   0  11556
98  10882  3   0  0  10882
99  11578  3   8  1  11569
100  11562  2   0  11562
101  11570  2   17  11553
102  11578  2   0  11578
103  11576  3   0  0  11576
104  11578  2   12  11566
105  11578  2   0  11578
106  11568  3   0  6  11562
107  11572  3   0  0  11572
108  11560  2   0  11560
109  11554  2   0  11554
110  11052  2   0  11052
111  11553  4   0  0  0  11553
112  11574  2   0  11574
113  11570  3   0  0  11570
114  11578  2   0  11578
115  11568  2   0  11568
116  11578  2   0  11578
117  11578  2   0  11578
118  11578  2   0  11578
119  11578  4   0  9  0  11569
120  11578  2   7  11571
121  11218  3   1  0  11217
122  11570  2   0  11570
123  11562  2   0  11562
124  11576  2   4  11572
125  11547  4   0  0  0  11547
126  11578  3   8  0  11570
127  11570  3   0  0  11570
128  11568  2   0  11568
129  11543  4   0  0  0  11543
130  11568  2   0  11568
131  11544  2   0  11544
132  11578  3   0  0  11578
133  11574  2   1  11573
134  11568  2   0  11568
135  11572  3   0  0  11572
136  11564  3   0  0  11564
137  11578  4   0  0  0  11578
138  11576  4   0  0  0  11576
139  11562  3   0  0  11562
140  11570  2   0  11570
141  11578  3   0  0  11578
142  11576  2   5  11571
143  11369  3   0  2  11367
144  11578  3   0  0  11578
145  11578  4   0  1  0  11577
146  11576  2   0  11576
147  11577  3   2  1  11574
148  11572  2   0  11572
149  11558  3   0  2  11556
150  11538  3   1  0  11537
151  11526  3   1  0  11525
152  11578  2   0  11578
153  11566  2   1  11565
154  11578  3   0  0  11578
155  11576  2   0  11576
156  11568  2   0  11568
157  11549  3   0  0  11549
158  11522  3   0  0  11522
159  11578  2   0  11578
160  11526  3   0  0  11526
161  11576  2   0  11576
162  11550  3   0  0  11550
163  11512  3   13  1  11498
164  11578  4   0  0  5  11573
165  11511  3   0  1  11510
166  11578  2   0  11578
167  11570  3   0  0  11570
168  11570  2   0  11570
169  11576  2   0  11576
170  11578  2   0  11578
171  11578  2   1  11577
172  11422  2   0  11422
173  11548  2   0  11548
174  11578  2   0  11578
175  11576  2   0  11576
176  11562  2   0  11562
177  11424  2   0  11424
178  11524  2   0  11524
179  11561  3   0  0  11561
180  11468  3   0  0  11468
181  11570  2   0  11570
182  11570  2   0  11570
183  11574  2   0  11574
184  11564  3   1  21  11542
185  11570  2   2  11568
186  11558  2   13  11545
187  11578  2   0  11578
188  11576  3   0  1  11575
189  11566  2   0  11566
190  11420  2   0  11420
191  11569  3   0  0  11569
192  11013  3   0  0  11013
193  11086  2   0  11086
194  11471  3   0  0  11471
195  11578  2   0  11578
196  11572  2   0  11572
197  11544  3   1  1  11542
198  11218  2   0  11218
199  11578  3   0  0  11578
200  11546  2   0  11546
201  11572  2   1  11571
202  11532  3   1  169  11362
203  11449  3   0  0  11449
204  11578  2   0  11578
205  11573  3   0  0  11573
206  11450  2   0  11450
207  11570  2   26  11544
208  11439  3   0  1  11438
209  11558  4   0  0  0  11558
210  11572  2   0  11572
211  11430  2   1  11429
212  11578  3   0  0  11578
213  11572  2   0  11572
214  11552  2   2  11550
215  11554  2   0  11554
216  11424  2   0  11424
217  11560  2   1  11559
218  11556  3   0  1  11555
219  11320  2   0  11320
220  11564  2   1  11563
221  11570  2   0  11570
222  11422  2   0  11422
223  11568  2   186  11382
224  11578  3   0  0  11578
225  11554  2   0  11554
226  11418  2   0  11418
227  11578  2   0  11578
228  11574  3   0  12  11562
229  11331  3   1  14  11316
230  11402  2   0  11402
231  11562  2   368  11194
232  11406  2   3  11403
233  10930  3   1  0  10929
234  11578  2   1  11577
235  11558  2   0  11558
236  11562  3   0  1  11561
237  11401  4   0  3  0  11398
238  11566  2   0  11566
239  11566  3   1  2  11563
240  11566  2   0  11566
241  11576  3   0  0  11576
242  11578  2   0  11578
243  11566  4   0  0  0  11566
244  11578  2   0  11578
245  11566  3   0  1  11565
246  11574  3   0  0  11574
247  11576  2   0  11576
248  11350  2   14  11336
249  11572  3   0  0  11572
250  11389  3   0  2  11387
251  11262  3   0  0  11262
252  11568  3   0  0  11568
253  11570  2   0  11570
254  11570  2   0  11570
255  11578  3   0  0  11578
256  11578  3   0  0  11578
257  11576  2   0  11576
258  11560  3   1  0  11559
259  11560  2   0  11560
260  11576  2   0  11576
261  11572  3   0  0  11572
262  11552  2   0  11552
263  11578  2   0  11578
264  11572  2   0  11572
265  11576  3   0  0  11576
266  11550  3   0  3  11547
267  11420  2   0  11420
268  11578  2   0  11578
269  11575  3   0  0  11575
270  11572  3   0  0  11572
271  11430  2   0  11430
272  11562  2   5993  5569
273  11578  2   0  11578
274  11546  3   0  1  11545
275  11441  3   2  0  11439
276  11360  2   0  11360
277  11574  2   0  11574
278  11542  2   0  11542
279  11578  2   4  11574
280  11578  3   0  0  11578
281  11364  2   1  11363
282  11574  2   0  11574
283  11538  2   0  11538
284  11578  2   0  11578
285  11578  2   6  11572
286  11532  2   0  11532
287  11578  4   0  0  0  11578
288  11578  2   0  11578
289  11528  2   0  11528
290  11374  3   0  0  11374
291  11529  3   0  0  11529
292  11456  2   0  11456
293  11574  2   0  11574
294  11571  3   1  0  11570
295  11578  2   0  11578
296  11520  2   0  11520
297  11578  3   0  0  11578
298  11578  5   0  0  0  0  11578
299  11526  2   0  11526
300  11578  3   0  0  11578
301  11506  2   7  11499

[pop]=3
1  8559  3   0  0  8559
2  8654  2   0  8654
3  8654  3   0  0  8654
4  8636  2   0  8636
5  8648  2   1  8647
6  8578  2   0  8578
7  8649  4   0  0  0  8649
8  8654  3   0  0  8654
9  8636  3   0  0  8636
10  8576  2   0  8576
11  8554  2   0  8554
12  8648  2   0  8648
13  8580  3   0  0  8580
14  8654  2   0  8654
15  8638  2   0  8638
16  8564  2   0  8564
17  8558  2   0  8558
18  8648  2   0  8648
19  8650  2   0  8650
20  8654  2   2  8652
21  8654  3   0  0  8654
22  8598  2   0  8598
23  8654  3   0  1  8653
24  8654  2   0  8654
25  8648  2   0  8648
26  8646  3   0  1  8645
27  8654  2   0  8654
28  8654  2   0  8654
29  8646  3   0  1  8645
30  8654  2   17  8637
31  8638  2   0  8638
32  8654  3   0  0  8654
33  8478  2   1  8477
34  8502  2   2  8500
35  8648  2   0  8648
36  8654  2   0  8654
37  8654  2   1  8653
38  8641  3   0  2  8639
39  8652  2   0  8652
40  8654  2   0  8654
41  8654  3   0  7  8647
42  8652  2   0  8652
43  8514  2   0  8514
44  8614  2   0  8614
45  8428  3   0  0  8428
46  8630  2   0  8630
47  8640  2   0  8640
48  8654  2   0  8654
49  8643  3   0  4  8639
50  8412  2   0  8412
51  8614  3   0  0  8614
52  8573  3   0  0  8573
53  8654  2   0  8654
54  8560  2   0  8560
55  8634  2   0  8634
56  8648  2   19  8629
57  8654  3   0  0  8654
58  8654  2   0  8654
59  8620  3   0  0  8620
60  8654  2   0  8654
61  8648  2   0  8648
62  8620  2   0  8620
63  8650  2   0  8650
64  8649  3   0  0  8649
65  8652  2   0  8652
66  8654  2   0  8654
67  8620  2   0  8620
68  8650  2   0  8650
69  8654  2   0  8654
70  8652  4   0  0  0  8652
71  8650  2   0  8650
72  8654  2   0  8654
73  8650  2   0  8650
74  8654  3   0  0  8654
75  8652  4   71  0  1  8580
76  8654  3   0  0  8654
77  8621  3   0  0  8621
78  8654  2   1  8653
79  8650  2   0  8650
80  8631  3   0  0  8631
81  8628  2   0  8628
82  8652  2   0  8652
83  8653  3   1  0  8652
84  8648  3   0  0  8648
85  8654  3   0  0  8654
86  8646  2   0  8646
87  8652  3   0  0  8652
88  8632  3   0  0  8632
89  8654  2   0  8654
90  8632  2   0  8632
91  8654  2   0  8654
92  8614  4   0  0  0  8614
93  8121  3   1  0  8120
94  8652  2   5  8647
95  8654  2   6  8648
96  8652  2   0  8652
97  8634  2   0  8634
98  8174  3   1  0  8173
99  8654  3   0  0  8654
100  8648  2   0  8648
101  8652  2   0  8652
102  8654  2   3  8651
103  8654  3   0  0  8654
104  8652  2   0  8652
105  8652  2   0  8652
106  8648  3   0  0  8648
107  8652  3   0  0  8652
108  8620  2   21  8599
109  8636  2   0  8636
110  8284  2   0  8284
111  8637  4   0  0  1  8636
112  8648  2   0  8648
113  8652  3   1  2  8649
114  8654  2   2  8652
115  8642  2   0  8642
116  8654  2   0  8654
117  8654  2   0  8654
118  8654  2   0  8654
119  8652  4   0  0  0  8652
120  8654  2   0  8654
121  8415  3   0  2  8413
122  8648  2   0  8648
123  8644  2   1  8643
124  8654  2   1  8653
125  8638  4   1  1  0  8636
126  8654  3   0  0  8654
127  8650  3   0  0  8650
128  8654  2   0  8654
129  8638  4   0  0  0  8638
130  8654  2   7  8647
131  8638  2   0  8638
132  8654  3   0  0  8654
133  8650  2   0  8650
134  8654  2   1  8653
135  8652  3   0  0  8652
136  8616  3   0  10  8606
137  8654  4   0  0  0  8654
138  8654  4   0  0  0  8654
139  8614  3   0  0  8614
140  8652  2   0  8652
141  8654  3   0  0  8654
142  8654  2   0  8654
143  8512  3   0  0  8512
144  8654  3   1  0  8653
145  8654  4   0  0  0  8654
146  8654  2   0  8654
147  8647  3   0  0  8647
148  8650  2   0  8650
149  8611  3   0  0  8611
150  8630  3   0  0  8630
151  8632  3   2  0  8630
152  8654  2   0  8654
153  8652  2   3  8649
154  8654  3   1  0  8653
155  8654  2   0  8654
156  8654  2   0  8654
157  8607  3   0  0  8607
158  8632  3   0  0  8632
159  8654  2   0  8654
160  8612  3   1  0  8611
161  8648  2   0  8648
162  8605  3   0  0  8605
163  8634  3   1  0  8633
164  8654  4   0  0  0  8654
165  8634  3   0  0  8634
166  8654  2   0  8654
167  8650  3   1  11  8638
168  8650  2   0  8650
169  8654  2   0  8654
170  8654  2   0  8654
171  8654  2   0  8654
172  8538  2   8  8530
173  8636  2   0  8636
174  8654  2   0  8654
175  8654  2   0  8654
176  8614  2   0  8614
177  8542  2   1  8541
178  8614  2   0  8614
179  8617  3   0  0  8617
180  8570  3   0  0  8570
181  8654  2   4  8650
182  8652  2   0  8652
183  8654  2   0  8654
184  8621  3   0  0  8621
185  8652  2   0  8652
186  8654  2   1  8653
187  8652  2   0  8652
188  8646  3   0  0  8646
189  8620  2   0  8620
190  8540  2   0  8540
191  8652  3   1  0  8651
192  8439  3   0  0  8439
193  8502  2   0  8502
194  8630  3   0  0  8630
195  8654  2   0  8654
196  8652  2   2  8650
197  8620  3   0  6  8614
198  8550  2   0  8550
199  8654  3   0  0  8654
200  8620  2   0  8620
201  8652  2   0  8652
202  8625  3   0  1  8624
203  8620  3   0  0  8620
204  8654  2   0  8654
205  8638  3   0  0  8638
206  8618  2   0  8618
207  8626  2   0  8626
208  8615  3   0  0  8615
209  8654  4   0  0  0  8654
210  8626  2   0  8626
211  8608  2   0  8608
212  8654  3   0  0  8654
213  8652  2   0  8652
214  8642  2   0  8642
215  8624  2   3  8621
216  8608  2   0  8608
217  8654  2   0  8654
218  8627  3   0  0  8627
219  8592  2   0  8592
220  8632  2   59  8573
221  8630  2   0  8630
222  8612  2   0  8612
223  8628  2   1  8627
224  8654  3   11  0  8643
225  8628  2   0  8628
226  8612  2   0  8612
227  8654  2   0  8654
228  8652  3   1  0  8651
229  8601  3   0  0  8601
230  8604  2   1  8603
231  8644  2   6  8638
232  8612  2   0  8612
233  8244  3   0  0  8244
234  8654  2   0  8654
235  8654  2   2  8652
236  8632  3   0  0  8632
237  8599  4   0  0  0  8599
238  8646  2   0  8646
239  8648  3   0  0  8648
240  8644  2   2  8642
241  8650  3   0  0  8650
242  8654  2   0  8654
243  8648  4   2  0  0  8646
244  8654  2   0  8654
245  8644  3   0  5  8639
246  8654  3   0  2  8652
247  8654  2   0  8654
248  8596  2   0  8596
249  8654  3   0  0  8654
250  8583  3   0  0  8583
251  8520  3   0  7  8513
252  8648  3   1  1  8646
253  8648  2   0  8648
254  8654  2   0  8654
255  8654  3   0  0  8654
256  8654  3   0  0  8654
257  8652  2   0  8652
258  8646  3   0  0  8646
259  8642  2   3  8639
260  8652  2   0  8652
261  8654  3   0  0  8654
262  8638  2   3  8635
263  8654  2   4  8650
264  8654  2   0  8654
265  8652  3   0  0  8652
266  8640  3   0  0  8640
267  8586  2   0  8586
268  8654  2   0  8654
269  8652  3   0  0  8652
270  8650  3   0  0  8650
271  8606  2   0  8606
272  8620  2   3226  5394
273  8654  2   0  8654
274  8635  3   0  0  8635
275  8620  3   0  0  8620
276  8590  2   0  8590
277  8654  2   2  8652
278  8636  2   0  8636
279  8654  2   0  8654
280  8652  3   0  0  8652
281  8592  2   0  8592
282  8654  2   0  8654
283  8632  2   0  8632
284  8654  2   1  8653
285  8654  2   0  8654
286  8636  2   0  8636
287  8654  4   0  0  1  8653
288  8654  2   0  8654
289  8616  2   0  8616
290  8582  3   0  0  8582
291  8635  3   0  0  8635
292  8606  2   1  8605
293  8654  2   0  8654
294  8652  3   0  0  8652
295  8654  2   0  8654
296  8630  2   5  8625
297  8654  3   0  0  8654
298  8654  5   5  0  0  0  8649
299  8592  2   14  8578
300  8654  3   0  0  8654
301  8632  2   0  8632

[pop]=4
1  6157  3   0  0  6157
2  6614  2   0  6614
3  6614  3   0  0  6614
4  6596  2   0  6596
5  6614  2   19  6595
6  6206  2   0  6206
7  6523  4   2  0  0  6521
8  6614  3   0  0  6614
9  6591  3   0  0  6591
10  6208  2   3  6205
11  6192  2   0  6192
12  6614  2   1  6613
13  6216  3   0  0  6216
14  6614  2   0  6614
15  6598  2   0  6598
16  6494  2   0  6494
17  6202  2   57  6145
18  6614  2   0  6614
19  6508  2   0  6508
20  6614  2   0  6614
21  6614  3   0  0  6614
22  6258  2   0  6258
23  6614  3   0  0  6614
24  6614  2   0  6614
25  6614  2   81  6533
26  6602  3   0  0  6602
27  6614  2   0  6614
28  6614  2   0  6614
29  6602  3   0  0  6602
30  6614  2   60  6554
31  6600  2   0  6600
32  6614  3   0  0  6614
33  6304  2   0  6304
34  6168  2   0  6168
35  6596  2   0  6596
36  6614  2   0  6614
37  6614  2   0  6614
38  6600  3   0  0  6600
39  6614  2   0  6614
40  6614  2   0  6614
41  6614  3   0  0  6614
42  6614  2   0  6614
43  6192  2   0  6192
44  6340  2   0  6340
45  6192  3   0  0  6192
46  6614  2   0  6614
47  6594  2   0  6594
48  6614  2   0  6614
49  6598  3   0  0  6598
50  6132  2   0  6132
51  6360  3   0  0  6360
52  6346  3   0  0  6346
53  6614  2   0  6614
54  6600  2   2  6598
55  6614  2   0  6614
56  6612  2   0  6612
57  6614  3   0  0  6614
58  6614  2   0  6614
59  6383  3   0  0  6383
60  6614  2   0  6614
61  6608  2   0  6608
62  6384  2   1  6383
63  6608  2   0  6608
64  6611  3   0  0  6611
65  6614  2   1  6613
66  6614  2   0  6614
67  6470  2   0  6470
68  6612  2   0  6612
69  6614  2   0  6614
70  6614  4   0  0  0  6614
71  6608  2   0  6608
72  6614  2   3  6611
73  6606  2   15  6591
74  6614  3   0  0  6614
75  6614  4   0  0  0  6614
76  6614  3   0  0  6614
77  6402  3   1  0  6401
78  6614  2   0  6614
79  6610  2   0  6610
80  6506  3   0  0  6506
81  6404  2   0  6404
82  6614  2   0  6614
83  6614  3   0  0  6614
84  6612  3   0  0  6612
85  6614  3   0  0  6614
86  6606  2   0  6606
87  6614  3   0  0  6614
88  6412  3   0  0  6412
89  6614  2   0  6614
90  6416  2   0  6416
91  6614  2   0  6614
92  6604  4   0  0  0  6604
93  6402  3   0  0  6402
94  6614  2   0  6614
95  6614  2   0  6614
96  6614  2   0  6614
97  6428  2   0  6428
98  6416  3   0  0  6416
99  6614  3   0  0  6614
100  6614  2   0  6614
101  6614  2   0  6614
102  6614  2   0  6614
103  6614  3   1  0  6613
104  6614  2   0  6614
105  6614  2   0  6614
106  6614  3   0  0  6614
107  6614  3   0  0  6614
108  6608  2   0  6608
109  6446  2   0  6446
110  6462  2   0  6462
111  6444  4   0  0  0  6444
112  6614  2   0  6614
113  6614  3   0  0  6614
114  6614  2   0  6614
115  6604  2   0  6604
116  6614  2   0  6614
117  6614  2   0  6614
118  6614  2   0  6614
119  6614  4   0  0  0  6614
120  6614  2   0  6614
121  6495  3   1  0  6494
122  6614  2   0  6614
123  6608  2   0  6608
124  6614  2   0  6614
125  6431  4   0  0  4  6427
126  6614  3   0  0  6614
127  6614  3   0  0  6614
128  6614  2   0  6614
129  6427  4   0  0  0  6427
130  6612  2   0  6612
131  6422  2   0  6422
132  6614  3   0  0  6614
133  6614  2   0  6614
134  6612  2   1  6611
135  6614  3   0  0  6614
136  6608  3   0  0  6608
137  6614  4   6  0  0  6608
138  6614  4   0  0  0  6614
139  6608  3   0  0  6608
140  6614  2   0  6614
141  6614  3   0  0  6614
142  6614  2   0  6614
143  6534  3   3  0  6531
144  6614  3   0  0  6614
145  6614  4   0  0  0  6614
146  6614  2   0  6614
147  6614  3   0  0  6614
148  6614  2   0  6614
149  6610  3   0  0  6610
150  6586  3   0  0  6586
151  6363  3   0  0  6363
152  6614  2   0  6614
153  6614  2   0  6614
154  6614  3   0  0  6614
155  6614  2   0  6614
156  6608  2   0  6608
157  6610  3   0  0  6610
158  6342  3   0  0  6342
159  6614  2   0  6614
160  6558  3   0  0  6558
161  6614  2   0  6614
162  6606  3   0  0  6606
163  6334  3   0  0  6334
164  6614  4   0  0  11  6603
165  6310  3   0  0  6310
166  6614  2   0  6614
167  6614  3   0  0  6614
168  6614  2   0  6614
169  6614  2   0  6614
170  6614  2   0  6614
171  6614  2   0  6614
172  6534  2   0  6534
173  6610  2   0  6610
174  6614  2   0  6614
175  6614  2   0  6614
176  6610  2   0  6610
177  6536  2   0  6536
178  6614  2   0  6614
179  6610  3   1  0  6609
180  6580  3   0  0  6580
181  6614  2   0  6614
182  6612  2   0  6612
183  6614  2   0  6614
184  6610  3   0  0  6610
185  6612  2   0  6612
186  6608  2   0  6608
187  6614  2   0  6614
188  6614  3   0  2  6612
189  6608  2   0  6608
190  6534  2   0  6534
191  6613  3   0  0  6613
192  6271  3   0  0  6271
193  6338  2   0  6338
194  6181  3   0  0  6181
195  6614  2   0  6614
196  6614  2   0  6614
197  6614  3   0  0  6614
198  6430  2   0  6430
199  6614  3   0  0  6614
200  6614  2   0  6614
201  6614  2   0  6614
202  6608  3   0  53  6555
203  6132  3   0  0  6132
204  6614  2   0  6614
205  6614  3   0  0  6614
206  6118  2   0  6118
207  6604  2   0  6604
208  6099  3   0  0  6099
209  6614  4   0  0  0  6614
210  6604  2   0  6604
211  6096  2   3  6093
212  6614  3   0  4  6610
213  6614  2   0  6614
214  6610  2   0  6610
215  6614  2   0  6614
216  6076  2   0  6076
217  6614  2   0  6614
218  6614  3   0  0  6614
219  6504  2   0  6504
220  6612  2   0  6612
221  6598  2   0  6598
222  6058  2   0  6058
223  6592  2   4  6588
224  6614  3   0  0  6614
225  6610  2   0  6610
226  6038  2   0  6038
227  6614  2   0  6614
228  6614  3   0  0  6614
229  6508  3   0  15  6493
230  6006  2   1  6005
231  6612  2   669  5943
232  5994  2   0  5994
233  6462  3   0  0  6462
234  6614  2   1  6613
235  6614  2   0  6614
236  6584  3   0  0  6584
237  5990  4   0  0  0  5990
238  6610  2   0  6610
239  6610  3   0  0  6610
240  6614  2   0  6614
241  6612  3   0  0  6612
242  6614  2   0  6614
243  6612  4   0  0  0  6612
244  6614  2   0  6614
245  6614  3   0  0  6614
246  6614  3   0  0  6614
247  6614  2   0  6614
248  6492  2   6  6486
249  6614  3   0  0  6614
250  5989  3   0  0  5989
251  6543  3   0  0  6543
252  6611  3   0  0  6611
253  6614  2   0  6614
254  6614  2   0  6614
255  6614  3   0  0  6614
256  6614  3   0  0  6614
257  6612  2   3  6609
258  6612  3   0  0  6612
259  6612  2   0  6612
260  6614  2   0  6614
261  6614  3   0  0  6614
262  6552  2   0  6552
263  6614  2   0  6614
264  6614  2   0  6614
265  6614  3   0  0  6614
266  6535  3   0  0  6535
267  6568  2   0  6568
268  6614  2   0  6614
269  6614  3   0  0  6614
270  6612  3   0  0  6612
271  6046  2   0  6046
272  6608  2   3185  3423
273  6614  2   0  6614
274  6507  3   0  0  6507
275  6572  3   0  2  6570
276  6420  2   0  6420
277  6614  2   0  6614
278  6498  2   0  6498
279  6614  2   0  6614
280  6614  3   0  0  6614
281  6422  2   0  6422
282  6614  2   0  6614
283  6486  2   0  6486
284  6614  2   0  6614
285  6614  2   0  6614
286  6474  2   0  6474
287  6614  4   0  0  0  6614
288  6614  2   0  6614
289  6600  2   0  6600
290  6398  3   0  0  6398
291  6467  3   0  0  6467
292  6094  2   0  6094
293  6612  2   0  6612
294  6608  3   0  0  6608
295  6614  2   0  6614
296  6456  2   0  6456
297  6614  3   0  0  6614
298  6614  5   0  0  0  0  6614
299  6596  2   0  6596
300  6614  3   0  0  6614
301  6600  2   0  6600

[pop]=5
1  64896  3   1  0  64895
2  66740  2   0  66740
3  66740  3   1  1  66738
4  66502  2   0  66502
5  66718  2   192  66526
6  65310  2   0  65310
7  66571  4   0  0  0  66571
8  66740  3   0  2  66738
9  66512  3   1  0  66511
10  65338  2   8  65330
11  64920  2   0  64920
12  66724  2   3  66721
13  65420  3   1  0  65419
14  66740  2   55  66685
15  66538  2   1  66537
16  64668  2   7  64661
17  64924  2   28  64896
18  66726  2   3  66723
19  66550  2   2  66548
20  66738  2   0  66738
21  66740  3   0  0  66740
22  65710  2   2  65708
23  66738  3   0  0  66738
24  66730  2   3  66727
25  66738  2   936  65802
26  66598  3   2  0  66596
27  66740  2   1  66739
28  66740  2   9  66731
29  66558  3   1  0  66557
30  66738  2   52  66686
31  66630  2   9  66621
32  66716  3   1  0  66715
33  63554  2   2  63552
34  64814  2   4  64810
35  66598  2   5  66593
36  66740  2   3  66737
37  66740  2   2  66738
38  66636  3   1  0  66635
39  66728  2   0  66728
40  66738  2   0  66738
41  66740  3   1  0  66739
42  66706  2   2  66704
43  64836  2   3  64833
44  66016  2   4  66012
45  62860  3   4  0  62856
46  66736  2   4  66732
47  66482  2   218  66264
48  66740  2   14  66726
49  66625  3   2  1  66622
50  62636  2   1  62635
51  66106  3   1  1  66104
52  65514  3   0  1  65513
53  66736  2   0  66736
54  66498  2   0  66498
55  66734  2   0  66734
56  66716  2   0  66716
57  66739  3   0  1  66738
58  66740  2   0  66740
59  66183  3   2  10  66171
60  66740  2   2  66738
61  66678  2   2  66676
62  66176  2   0  66176
63  66686  2   0  66686
64  66705  3   0  7  66698
65  66736  2   84  66652
66  66740  2   4  66736
67  66164  2   0  66164
68  66706  2   0  66706
69  66738  2   1  66737
70  66737  4   1  1  1  66734
71  66686  2   1  66685
72  66738  2   5  66733
73  66696  2   282  66414
74  66738  3   4  0  66734
75  66738  4   0  1  0  66737
76  66738  3   4  0  66734
77  66262  3   12  1  66249
78  66738  2   1  66737
79  66696  2   1  66695
80  66221  3   0  0  66221
81  66294  2   12  66282
82  66736  2   0  66736
83  66739  3   5  0  66734
84  66688  3   1  0  66687
85  66732  3   1  1  66730
86  66390  2   2  66388
87  66727  3   1  0  66726
88  66312  3   1  4  66307
89  66738  2   1  66737
90  66308  2   1  66307
91  66738  2   1  66737
92  66634  4   0  0  1  66633
93  62919  3   0  0  62919
94  66734  2   0  66734
95  66740  2   1  66739
96  66724  2   2  66722
97  66338  2   3  66335
98  63200  3   1  0  63199
99  66740  3   5  4  66731
100  66586  2   0  66586
101  66724  2   4  66720
102  66740  2   0  66740
103  66738  3   0  1  66737
104  66734  2   3  66731
105  66734  2   1  66733
106  66614  3   1  16  66597
107  66720  3   0  4  66716
108  66648  2   0  66648
109  66352  2   0  66352
110  64182  2   6  64176
111  66342  4   6  11  0  66325
112  66646  2   4  66642
113  66722  3   0  0  66722
114  66740  2   0  66740
115  66688  2   0  66688
116  66740  2   0  66740
117  66740  2   2  66738
118  66740  2   1  66739
119  66738  4   1  0  0  66737
120  66740  2   0  66740
121  65223  3   3  1  65219
122  66712  2   2  66710
123  66698  2   1  66697
124  66740  2   63  66677
125  66340  4   1  1  70  66268
126  66738  3   5  0  66733
127  66706  3   0  1  66705
128  66726  2   2  66724
129  66341  4   2  1  1  66337
130  66720  2   0  66720
131  66340  2   2  66338
132  66740  3   1  1  66738
133  66724  2   5  66719
134  66718  2   0  66718
135  66720  3   1  0  66719
136  66630  3   0  0  66630
137  66740  4   2  1  2  66735
138  66739  4   0  11  0  66728
139  66622  3   0  0  66622
140  66704  2   2  66702
141  66740  3   1  0  66739
142  66740  2   0  66740
143  66025  3   1  2  66022
144  66738  3   0  3  66735
145  66740  4   1  2  0  66737
146  66740  2   2  66738
147  66684  3   0  1  66683
148  66722  2   0  66722
149  66613  3   2  4  66607
150  66624  3   0  2  66622
151  66271  3   1  6  66264
152  66740  2   1  66739
153  66686  2   0  66686
154  66740  3   2  1  66737
155  66740  2   0  66740
156  66642  2   1  66641
157  66591  3   1  1  66589
158  66232  3   1  0  66231
159  66738  2   0  66738
160  66520  3   0  1  66519
161  66686  2   0  66686
162  66590  3   1  0  66589
163  66220  3   8  4  66208
164  66740  4   0  1  125  66614
165  66205  3   4  0  66201
166  66740  2   4  66736
167  66724  3   0  0  66724
168  66724  2   0  66724
169  66736  2   5  66731
170  66740  2   2  66738
171  66740  2   1  66739
172  66274  2   0  66274
173  66646  2   2  66644
174  66740  2   0  66740
175  66738  2   3  66735
176  66440  2   3  66437
177  66278  2   1  66277
178  66136  2   2  66134
179  66439  3   0  1  66438
180  65626  3   0  0  65626
181  66730  2   0  66730
182  66714  2   2  66712
183  66734  2   20  66714
184  66457  3   1  8  66448
185  66722  2   0  66722
186  66700  2   3  66697
187  66740  2   1  66739
188  66691  3   1  23  66667
189  66492  2   5  66487
190  66322  2   3  66319
191  66725  3   0  1  66724
192  63849  3   0  2  63847
193  64474  2   4  64470
194  66059  3   1  1  66057
195  66736  2   2  66734
196  66728  2   0  66728
197  66372  3   0  0  66372
198  65162  2   3  65159
199  66737  3   1  1  66735
200  66392  2   28  66364
201  66730  2   0  66730
202  66276  3   0  1595  64681
203  65924  3   3  2  65919
204  66740  2   2  66738
205  66358  3   0  1  66357
206  65930  2   2  65928
207  66530  2   3  66527
208  65883  3   34  1  65848
209  66716  4   0  2  0  66714
210  66538  2   3  66535
211  65876  2   176  65700
212  66737  3   1  1  66735
213  66724  2   0  66724
214  66468  2   1  66467
215  66534  2   0  66534
216  65816  2   0  65816
217  66718  2   1  66717
218  66554  3   1  0  66553
219  65854  2   2  65852
220  66178  2   1  66177
221  66532  2   2  66530
222  65774  2   3  65771
223  66526  2   29  66497
224  66739  3   0  1  66738
225  66112  2   1  66111
226  65756  2   5  65751
227  66732  2   4  66728
228  66730  3   0  2  66728
229  65939  3   1  313  65625
230  65696  2   5  65691
231  66652  2   5158  61494
232  65698  2   0  65698
233  62290  3   0  0  62290
234  66740  2   13  66727
235  66728  2   0  66728
236  66508  3   0  0  66508
237  65651  4   10  0  0  65641
238  66652  2   2  66650
239  66664  3   0  2  66662
240  66668  2   0  66668
241  66654  3   4  0  66650
242  66740  2   2  66738
243  66675  4   0  0  3  66672
244  66738  2   0  66738
245  66677  3   1  1  66675
246  66713  3   0  0  66713
247  66734  2   0  66734
248  66056  2   108  65948
249  66718  3   1  1  66716
250  65606  3   1  2  65603
251  65024  3   0  0  65024
252  66692  3   0  0  66692
253  66692  2   3  66689
254  66716  2   0  66716
255  66740  3   1  1  66738
256  66740  3   1  1  66738
257  66668  2   0  66668
258  66712  3   0  3  66709
259  66706  2   0  66706
260  66736  2   0  66736
261  66722  3   0  4  66718
262  66506  2   0  66506
263  66740  2   4  66736
264  66726  2   2  66724
265  66679  3   1  0  66678
266  66489  3   0  1  66488
267  65972  2   0  65972
268  66740  2   10  66730
269  66734  3   1  1  66732
270  66714  3   1  2  66711
271  65822  2   2  65820
272  66694  2   34568  32126
273  66740  2   2  66738
274  66476  3   1  0  66475
275  66197  3   2  4  66191
276  65918  2   5  65913
277  66732  2   0  66732
278  66466  2   1  66465
279  66740  2   0  66740
280  66736  3   0  0  66736
281  65928  2   2  65926
282  66730  2   5  66725
283  66446  2   3  66443
284  66740  2   2  66738
285  66738  2   0  66738
286  66438  2   2  66436
287  66732  4   0  1  0  66731
288  66740  2   0  66740
289  66592  2   2  66590
290  65874  3   1  4  65869
291  66427  3   2  1  66424
292  65958  2   1  65957
293  66686  2   2  66684
294  66693  3   1  3  66689
295  66740  2   0  66740
296  66398  2   0  66398
297  66740  3   0  1  66739
298  66740  5   0  0  1  0  66739
299  66542  2   0  66542
300  66734  3   0  0  66734
301  66478  2   0  66478

[pop]=6
1  863  3   0  0  863
2  908  2   0  908
3  908  3   0  0  908
4  904  2   0  904
5  906  2   0  906
6  868  2   0  868
7  904  4   0  0  0  904
8  908  3   0  0  908
9  904  3   0  0  904
10  870  2   0  870
11  860  2   0  860
12  906  2   0  906
13  875  3   0  0  875
14  908  2   0  908
15  902  2   0  902
16  872  2   0  872
17  856  2   2  854
18  906  2   0  906
19  904  2   0  904
20  908  2   0  908
21  908  3   0  0  908
22  880  2   0  880
23  908  3   0  0  908
24  906  2   0  906
25  906  2   5  901
26  904  3   0  0  904
27  908  2   0  908
28  908  2   0  908
29  904  3   0  0  904
30  904  2   3  901
31  904  2   0  904
32  906  3   0  0  906
33  842  2   1  841
34  860  2   0  860
35  904  2   0  904
36  908  2   0  908
37  908  2   0  908
38  906  3   0  0  906
39  908  2   0  908
40  908  2   0  908
41  908  3   0  0  908
42  906  2   0  906
43  862  2   0  862
44  890  2   1  889
45  815  3   0  0  815
46  908  2   0  908
47  904  2   4  900
48  908  2   0  908
49  904  3   0  0  904
50  804  2   0  804
51  892  3   0  0  892
52  888  3   0  0  888
53  908  2   0  908
54  908  2   1  907
55  908  2   0  908
56  908  2   0  908
57  908  3   0  0  908
58  908  2   0  908
59  893  3   0  0  893
60  908  2   0  908
61  906  2   0  906
62  892  2   0  892
63  906  2   0  906
64  908  3   0  0  908
65  908  2   0  908
66  906  2   0  906
67  898  2   0  898
68  908  2   0  908
69  908  2   1  907
70  908  4   0  0  0  908
71  906  2   0  906
72  908  2   1  907
73  908  2   2  906
74  908  3   0  0  908
75  908  4   0  0  0  908
76  906  3   1  0  905
77  891  3   0  0  891
78  908  2   0  908
79  908  2   0  908
80  902  3   0  0  902
81  892  2   0  892
82  908  2   0  908
83  906  3   0  0  906
84  908  3   2  0  906
85  908  3   0  0  908
86  902  2   1  901
87  908  3   0  0  908
88  892  3   0  0  892
89  908  2   0  908
90  892  2   0  892
91  908  2   0  908
92  908  4   1  0  0  907
93  854  3   0  0  854
94  908  2   0  908
95  908  2   0  908
96  908  2   0  908
97  892  2   0  892
98  856  3   0  0  856
99  908  3   1  0  907
100  906  2   0  906
101  908  2   0  908
102  908  2   0  908
103  908  3   0  0  908
104  908  2   0  908
105  908  2   0  908
106  906  3   0  0  906
107  908  3   0  0  908
108  908  2   0  908
109  890  2   0  890
110  862  2   0  862
111  890  4   1  0  0  889
112  906  2   0  906
113  908  3   0  0  908
114  908  2   0  908
115  908  2   0  908
116  908  2   0  908
117  908  2   0  908
118  908  2   0  908
119  908  4   0  0  0  908
120  908  2   0  908
121  885  3   0  0  885
122  908  2   0  908
123  908  2   0  908
124  908  2   0  908
125  889  4   0  0  1  888
126  908  3   0  0  908
127  908  3   0  0  908
128  908  2   0  908
129  890  4   0  0  0  890
130  908  2   0  908
131  890  2   0  890
132  908  3   0  0  908
133  908  2   0  908
134  908  2   0  908
135  908  3   0  0  908
136  908  3   0  0  908
137  908  4   0  0  0  908
138  908  4   0  0  0  908
139  908  3   0  0  908
140  908  2   0  908
141  908  3   0  0  908
142  908  2   0  908
143  898  3   0  0  898
144  908  3   0  0  908
145  908  4   0  0  0  908
146  908  2   0  908
147  906  3   0  0  906
148  908  2   0  908
149  908  3   0  0  908
150  906  3   0  0  906
151  886  3   0  0  886
152  908  2   0  908
153  908  2   0  908
154  908  3   0  0  908
155  908  2   0  908
156  908  2   0  908
157  908  3   0  0  908
158  886  3   0  0  886
159  908  2   0  908
160  904  3   0  0  904
161  906  2   0  906
162  908  3   0  0  908
163  883  3   0  0  883
164  908  4   0  0  0  908
165  885  3   0  0  885
166  908  2   0  908
167  908  3   0  0  908
168  906  2   0  906
169  908  2   0  908
170  908  2   0  908
171  908  2   0  908
172  896  2   0  896
173  906  2   0  906
174  908  2   0  908
175  908  2   0  908
176  904  2   0  904
177  894  2   0  894
178  896  2   0  896
179  904  3   0  0  904
180  888  3   0  0  888
181  908  2   0  908
182  908  2   0  908
183  908  2   0  908
184  904  3   0  0  904
185  908  2   0  908
186  906  2   1  905
187  908  2   0  908
188  906  3   0  0  906
189  904  2   0  904
190  896  2   0  896
191  908  3   0  0  908
192  859  3   0  0  859
193  858  2   0  858
194  874  3   0  0  874
195  908  2   0  908
196  908  2   0  908
197  900  3   0  0  900
198  864  2   0  864
199  908  3   0  0  908
200  902  2   0  902
201  908  2   0  908
202  894  3   0  13  881
203  870  3   0  0  870
204  908  2   1  907
205  902  3   0  0  902
206  872  2   0  872
207  906  2   2  904
208  871  3   1  0  870
209  906  4   0  0  0  906
210  906  2   0  906
211  872  2   1  871
212  908  3   0  0  908
213  908  2   0  908
214  896  2   2  894
215  902  2   0  902
216  868  2   0  868
217  906  2   0  906
218  904  3   0  0  904
219  878  2   0  878
220  902  2   0  902
221  908  2   0  908
222  866  2   0  866
223  906  2   2  904
224  908  3   0  0  908
225  900  2   0  900
226  862  2   0  862
227  908  2   0  908
228  908  3   0  1  907
229  878  3   0  2  876
230  856  2   0  856
231  906  2   57  849
232  856  2   0  856
233  854  3   0  0  854
234  908  2   0  908
235  906  2   0  906
236  904  3   0  0  904
237  855  4   0  0  0  855
238  904  2   0  904
239  904  3   0  0  904
240  906  2   0  906
241  906  3   0  0  906
242  908  2   0  908
243  904  4   0  0  0  904
244  908  2   0  908
245  906  3   0  0  906
246  908  3   0  0  908
247  908  2   1  907
248  886  2   0  886
249  908  3   0  0  908
250  858  3   0  0  858
251  881  3   0  0  881
252  904  3   0  0  904
253  906  2   0  906
254  908  2   0  908
255  908  3   0  0  908
256  908  3   0  0  908
257  908  2   0  908
258  906  3   0  0  906
259  906  2   0  906
260  908  2   0  908
261  908  3   0  0  908
262  904  2   0  904
263  908  2   0  908
264  908  2   0  908
265  908  3   0  0  908
266  904  3   0  0  904
267  896  2   0  896
268  908  2   0  908
269  908  3   0  0  908
270  904  3   0  0  904
271  864  2   0  864
272  908  2   461  447
273  908  2   0  908
274  901  3   0  0  901
275  898  3   0  0  898
276  886  2   0  886
277  908  2   0  908
278  898  2   1  897
279  908  2   0  908
280  908  3   0  0  908
281  884  2   0  884
282  908  2   1  907
283  898  2   0  898
284  908  2   0  908
285  908  2   0  908
286  898  2   0  898
287  908  4   0  0  0  908
288  908  2   0  908
289  906  2   0  906
290  890  3   0  0  890
291  898  3   0  0  898
292  862  2   0  862
293  908  2   0  908
294  904  3   0  0  904
295  908  2   0  908
296  898  2   0  898
297  908  3   0  0  908
298  908  5   0  0  0  0  908
299  906  2   0  906
300  908  3   2  0  906
301  902  2   0  902

[pop]=7
1  15900  3   0  1  15899
2  16510  2   0  16510
3  16512  3   0  0  16512
4  16422  2   0  16422
5  16512  2   3  16509
6  16318  2   1  16317
7  16475  4   1  13  0  16461
8  16510  3   0  0  16510
9  16425  3   0  0  16425
10  16316  2   3  16313
11  15912  2   4  15908
12  16512  2   0  16512
13  16345  3   0  0  16345
14  16512  2   0  16512
15  16446  2   0  16446
16  15500  2   0  15500
17  15934  2   0  15934
18  16510  2   0  16510
19  16468  2   0  16468
20  16512  2   0  16512
21  16512  3   0  0  16512
22  16412  2   0  16412
23  16512  3   1  0  16511
24  16508  2   0  16508
25  16512  2   90  16422
26  16494  3   0  0  16494
27  16512  2   1  16511
28  16512  2   0  16512
29  16480  3   0  0  16480
30  16512  2   2  16510
31  16482  2   2  16480
32  16502  3   0  1  16501
33  14072  2   0  14072
34  15908  2   1  15907
35  16438  2   0  16438
36  16512  2   0  16512
37  16512  2   0  16512
38  16482  3   0  0  16482
39  16510  2   0  16510
40  16512  2   0  16512
41  16512  3   1  0  16511
42  16494  2   0  16494
43  15908  2   0  15908
44  16480  2   0  16480
45  13364  3   0  0  13364
46  16512  2   0  16512
47  16472  2   73  16399
48  16512  2   1  16511
49  16479  3   0  0  16479
50  13160  2   0  13160
51  16484  3   0  0  16484
52  16165  3   1  2  16162
53  16510  2   0  16510
54  16490  2   0  16490
55  16512  2   0  16512
56  16506  2   6  16500
57  16512  3   0  12  16500
58  16512  2   2  16510
59  16495  3   0  0  16495
60  16512  2   1  16511
61  16496  2   0  16496
62  16494  2   1  16493
63  16498  2   2  16496
64  16501  3   0  0  16501
65  16510  2   0  16510
66  16512  2   0  16512
67  16340  2   0  16340
68  16506  2   7  16499
69  16512  2   0  16512
70  16510  4   0  0  0  16510
71  16498  2   0  16498
72  16512  2   0  16512
73  16502  2   14  16488
74  16512  3   0  0  16512
75  16510  4   3  0  0  16507
76  16512  3   0  0  16512
77  16498  3   0  0  16498
78  16512  2   0  16512
79  16504  2   6  16498
80  16397  3   3  1  16393
81  16502  2   0  16502
82  16510  2   0  16510
83  16512  3   0  1  16511
84  16502  3   0  37  16465
85  16510  3   0  0  16510
86  16354  2   0  16354
87  16512  3   0  2  16510
88  16502  3   0  0  16502
89  16512  2   12  16500
90  16504  2   0  16504
91  16512  2   0  16512
92  16496  4   2  0  0  16494
93  15623  3   0  1  15622
94  16512  2   0  16512
95  16512  2   0  16512
96  16512  2   0  16512
97  16502  2   0  16502
98  15680  3   0  0  15680
99  16512  3   0  0  16512
100  16502  2   0  16502
101  16512  2   0  16512
102  16512  2   0  16512
103  16510  3   0  0  16510
104  16512  2   0  16512
105  16512  2   3  16509
106  16510  3   4  5  16501
107  16512  3   1  0  16511
108  16498  2   2  16496
109  16504  2   3  16501
110  15874  2   0  15874
111  16505  4   56  1  0  16448
112  16512  2   0  16512
113  16512  3   0  0  16512
114  16512  2   0  16512
115  16506  2   1  16505
116  16512  2   0  16512
117  16512  2   0  16512
118  16512  2   0  16512
119  16512  4   0  0  1  16511
120  16512  2   0  16512
121  16123  3   1  0  16122
122  16506  2   0  16506
123  16508  2   0  16508
124  16512  2   3  16509
125  16502  4   0  0  8  16494
126  16510  3   0  1  16509
127  16508  3   0  0  16508
128  16510  2   0  16510
129  16505  4   0  0  0  16505
130  16510  2   0  16510
131  16506  2   0  16506
132  16512  3   0  0  16512
133  16512  2   0  16512
134  16510  2   1  16509
135  16512  3   0  0  16512
136  16502  3   0  0  16502
137  16512  4   0  0  0  16512
138  16512  4   0  1  0  16511
139  16502  3   0  0  16502
140  16494  2   0  16494
141  16512  3   0  0  16512
142  16512  2   0  16512
143  16351  3   1  0  16350
144  16510  3   0  0  16510
145  16512  4   0  0  1  16511
146  16512  2   0  16512
147  16512  3   0  0  16512
148  16510  2   0  16510
149  16502  3   0  1  16501
150  16448  3   0  0  16448
151  16501  3   7  0  16494
152  16512  2   1  16511
153  16476  2   1  16475
154  16512  3   0  0  16512
155  16512  2   0  16512
156  16510  2   0  16510
157  16500  3   0  1  16499
158  16496  3   0  1  16495
159  16510  2   0  16510
160  16428  3   0  0  16428
161  16512  2   21  16491
162  16500  3   0  2  16498
163  16496  3   1  0  16495
164  16512  4   0  0  11  16501
165  16490  3   6  0  16484
166  16512  2   0  16512
167  16511  3   0  0  16511
168  16512  2   0  16512
169  16510  2   1  16509
170  16512  2   0  16512
171  16512  2   0  16512
172  16456  2   0  16456
173  16436  2   0  16436
174  16512  2   0  16512
175  16510  2   0  16510
176  16494  2   0  16494
177  16458  2   0  16458
178  16452  2   0  16452
179  16494  3   0  0  16494
180  16438  3   1  1  16436
181  16512  2   0  16512
182  16510  2   1  16509
183  16510  2   0  16510
184  16497  3   0  2  16495
185  16510  2   0  16510
186  16506  2   0  16506
187  16512  2   1  16511
188  16512  3   0  42  16470
189  16502  2   0  16502
190  16490  2   0  16490
191  16510  3   0  0  16510
192  15778  3   1  0  15777
193  15922  2   0  15922
194  16441  3   0  0  16441
195  16512  2   0  16512
196  16510  2   0  16510
197  16472  3   0  3  16469
198  16106  2   0  16106
199  16512  3   0  0  16512
200  16472  2   0  16472
201  16510  2   0  16510
202  16475  3   0  384  16091
203  16384  3   1  0  16383
204  16512  2   5  16507
205  16510  3   0  0  16510
206  16382  2   0  16382
207  16510  2   4  16506
208  16369  3   0  0  16369
209  16509  4   0  0  0  16509
210  16512  2   0  16512
211  16360  2   0  16360
212  16512  3   0  2  16510
213  16510  2   0  16510
214  16490  2   3  16487
215  16486  2   0  16486
216  16334  2   0  16334
217  16512  2   0  16512
218  16484  3   1  0  16483
219  16300  2   0  16300
220  16494  2   1  16493
221  16512  2   0  16512
222  16322  2   0  16322
223  16512  2   10  16502
224  16512  3   0  0  16512
225  16472  2   69  16403
226  16320  2   0  16320
227  16512  2   0  16512
228  16510  3   0  0  16510
229  16304  3   0  39  16265
230  16264  2   3  16261
231  16496  2   857  15639
232  16266  2   0  16266
233  15848  3   0  0  15848
234  16512  2   0  16512
235  16512  2   0  16512
236  16512  3   0  0  16512
237  16243  4   0  11  1  16231
238  16506  2   0  16506
239  16504  3   0  0  16504
240  16498  2   0  16498
241  16510  3   0  1  16509
242  16512  2   0  16512
243  16506  4   0  0  0  16506
244  16512  2   0  16512
245  16500  3   0  1  16499
246  16509  3   0  0  16509
247  16512  2   2  16510
248  16322  2   8  16314
249  16510  3   0  0  16510
250  16229  3   0  3  16226
251  16244  3   0  0  16244
252  16507  3   0  0  16507
253  16502  2   0  16502
254  16510  2   0  16510
255  16512  3   0  0  16512
256  16512  3   0  0  16512
257  16510  2   1  16509
258  16510  3   0  0  16510
259  16510  2   0  16510
260  16512  2   2  16510
261  16512  3   1  4  16507
262  16502  2   0  16502
263  16512  2   6  16506
264  16512  2   0  16512
265  16510  3   0  1  16509
266  16494  3   1  0  16493
267  16376  2   3  16373
268  16512  2   0  16512
269  16512  3   0  0  16512
270  16506  3   0  0  16506
271  16326  2   0  16326
272  16510  2   9131  7379
273  16512  2   0  16512
274  16482  3   0  0  16482
275  16412  3   0  23  16389
276  16300  2   1  16299
277  16512  2   0  16512
278  16476  2   0  16476
279  16512  2   0  16512
280  16512  3   0  5  16507
281  16302  2   0  16302
282  16512  2   2  16510
283  16464  2   1  16463
284  16512  2   0  16512
285  16512  2   0  16512
286  16462  2   0  16462
287  16512  4   0  0  0  16512
288  16512  2   2  16510
289  16492  2   0  16492
290  16308  3   0  0  16308
291  16455  3   0  0  16455
292  16364  2   0  16364
293  16512  2   0  16512
294  16500  3   1  0  16499
295  16512  2   13  16499
296  16448  2   0  16448
297  16512  3   1  0  16511
298  16512  5   0  1  0  1  16510
299  16482  2   0  16482
300  16512  3   111  1  16400
301  16460  2   0  16460

