[loci]=384

[populations]=7

[pop]=1
1  10404  2   0  10404
2  10370  2   0  10370
3  10406  2   2  10404
4  10382  3   0  0  10382
5  10400  3   0  0  10400
6  10292  2   1322  8970
7  10378  3   0  1  10377
8  10404  2   1487  8917
9  10172  2   0  10172
10  10400  2   1  10399
11  10232  2   0  10232
12  10404  3   0  0  10404
13  10406  2   0  10406
14  10166  3   0  0  10166
15  10406  4   0  0  0  10406
16  10392  2   0  10392
17  10384  3   0  0  10384
18  10384  2   2  10382
19  10158  2   0  10158
20  10392  3   0  0  10392
21  10164  2   0  10164
22  10406  2   0  10406
23  10404  3   0  0  10404
24  10406  2   0  10406
25  10400  3   0  0  10400
26  10394  3   0  0  10394
27  10364  3   0  0  10364
28  10370  3   0  0  10370
29  10106  2   0  10106
30  10396  2   0  10396
31  10382  2   0  10382
32  10376  2   0  10376
33  10398  4   0  0  0  10398
34  10050  2   0  10050
35  10388  2   0  10388
36  7173  3   0  0  7173
37  10354  3   0  0  10354
38  10372  2   1  10371
39  10402  2   2  10400
40  10396  3   0  0  10396
41  10369  3   0  0  10369
42  10370  3   0  0  10370
43  10308  2   1  10307
44  10330  2   0  10330
45  10404  2   0  10404
46  10311  3   39  0  10272
47  10137  3   0  0  10137
48  10156  2   0  10156
49  7810  2   1  7809
50  10404  2   0  10404
51  10161  4   0  0  0  10161
52  10404  4   0  0  0  10404
53  10302  2   8  10294
54  10369  4   2  0  68  10299
55  10404  2   1  10403
56  10386  2   0  10386
57  10370  2   0  10370
58  8452  2   1  8451
59  10402  2   0  10402
60  10370  2   0  10370
61  10316  2   0  10316
62  10402  2   0  10402
63  10370  2   0  10370
64  10200  2   0  10200
65  10368  2   0  10368
66  10341  3   0  0  10341
67  10205  3   0  0  10205
68  10400  2   2  10398
69  10344  2   0  10344
70  10402  3   0  0  10402
71  3762  2   0  3762
72  10402  2   1  10401
73  10406  2   0  10406
74  10207  3   0  1  10206
75  10380  2   0  10380
76  9193  3   0  0  9193
77  10404  3   2  2  10400
78  10206  3   0  1  10205
79  3474  3   0  0  3474
80  10348  2   4  10344
81  9210  2   0  9210
82  10382  2   0  10382
83  10308  3   0  2  10306
84  10338  2   3  10335
85  10392  2   2  10390
86  2939  3   0  0  2939
87  10204  2   0  10204
88  10384  2   0  10384
89  10400  2   0  10400
90  2748  2   0  2748
91  10398  2   0  10398
92  10402  2   3  10399
93  10382  2   2  10380
94  10406  4   0  0  0  10406
95  10188  3   16  0  10172
96  9642  2   0  9642
97  10396  2   0  10396
98  10404  2   0  10404
99  2044  2   1  2043
100  9729  3   0  0  9729
101  10382  3   0  0  10382
102  10248  2   2  10246
103  10192  2   0  10192
104  1696  2   0  1696
105  10292  3   0  0  10292
106  10404  2   0  10404
107  9972  2   0  9972
108  10406  2   0  10406
109  10406  2   3  10403
110  10402  2   0  10402
111  10406  3   1  0  10405
112  10396  3   0  1  10395
113  10176  2   0  10176
114  10396  2   0  10396
115  10402  2   2  10400
116  10406  3   0  1  10405
117  10404  2   0  10404
118  10170  2   6  10164
119  10336  3   6174  0  4162
120  10404  2   5  10399
121  10171  3   1  0  10170
122  10396  3   0  1  10395
123  10370  3   0  0  10370
124  10328  2   0  10328
125  10085  3   0  0  10085
126  10168  3   2  4  10162
127  10396  2   0  10396
128  10308  3   0  1  10307
129  10378  2   0  10378
130  10400  3   0  0  10400
131  10406  2   0  10406
132  10158  2   0  10158
133  10400  3   0  0  10400
134  10394  2   0  10394
135  10138  3   3  1  10134
136  10114  2   0  10114
137  10404  2   0  10404
138  762  2   400  362
139  10317  3   0  1  10316
140  10402  3   1  0  10401
141  10404  2   8  10396
142  10390  3   0  0  10390
143  10367  3   0  0  10367
144  10402  3   4  1  10397
145  10067  3   0  1  10066
146  10362  3   2  0  10360
147  10400  3   0  0  10400
148  10390  2   0  10390
149  10400  3   0  0  10400
150  10204  3   3  0  10201
151  10392  2   0  10392
152  10404  2   0  10404
153  10396  2   0  10396
154  10388  3   6  0  10382
155  10396  3   0  1  10395
156  10290  2   0  10290
157  10345  4   0  0  1  10344
158  10404  2   0  10404
159  10338  2   1  10337
160  10404  4   0  0  0  10404
161  10388  2   0  10388
162  108  2   0  108
163  10406  2   48  10358
164  10218  3   0  0  10218
165  10292  2   1  10291
166  9620  2   1  9619
167  10393  3   0  0  10393
168  10396  3   0  0  10396
169  1928  2   0  1928
170  10394  2   131  10263
171  10392  2   0  10392
172  10398  2   0  10398
173  10246  2   0  10246
174  10382  2   0  10382
175  10388  3   0  0  10388
176  10406  2   0  10406
177  10390  2   31  10359
178  2046  3   0  5  2041
179  10400  4   0  0  50  10350
180  10384  2   0  10384
181  10380  2   0  10380
182  10404  2   0  10404
183  10330  2   0  10330
184  10406  2   0  10406
185  2434  2   2174  260
186  10380  2   0  10380
187  10386  3   0  0  10386
188  10240  3   0  0  10240
189  10400  2   0  10400
190  10388  2   0  10388
191  10381  3   0  0  10381
192  9380  3   0  0  9380
193  10224  3   0  0  10224
194  10217  3   0  0  10217
195  10302  2   0  10302
196  10218  2   0  10218
197  10394  2   0  10394
198  9623  4   1  0  0  9622
199  9922  2   0  9922
200  10220  4   1  0  0  10219
201  9664  2   0  9664
202  9946  2   0  9946
203  10348  2   1  10347
204  8964  2   1  8963
205  9922  2   4  9918
206  10360  2   0  10360
207  2186  2   0  2186
208  10381  3   0  1  10380
209  9231  4   0  16  0  9215
210  10400  3   0  114  10286
211  9970  5   0  0  0  0  9970
212  10400  2   0  10400
213  9266  3   0  0  9266
214  10406  2   0  10406
215  2142  2   0  2142
216  2132  2   0  2132
217  10060  2   0  10060
218  10400  4   0  0  0  10400
219  10406  3   1  1  10404
220  10346  2   0  10346
221  9986  2   0  9986
222  10400  3   1  24  10375
223  10400  2   50  10350
224  9840  3   0  0  9840
225  10224  2   2  10222
226  9818  2   0  9818
227  10222  2   0  10222
228  10122  2   1  10121
229  10042  3   0  0  10042
230  10130  2   0  10130
231  10159  3   0  0  10159
232  10016  2   2  10014
233  9168  2   740  8428
234  10088  2   1  10087
235  10402  2   13  10389
236  10142  2   0  10142
237  10406  3   0  0  10406
238  3806  2   0  3806
239  10406  3   3  0  10403
240  10148  2   13  10135
241  10148  4   2  0  1  10145
242  4280  2   832  3448
243  10402  2   0  10402
244  10152  2   1  10151
245  10132  2   0  10132
246  10406  2   0  10406
247  10159  3   0  0  10159
248  10139  3   0  0  10139
249  10402  2   0  10402
250  10165  3   0  0  10165
251  10372  2   0  10372
252  8442  2   2  8440
253  10402  2   2  10400
254  10404  2   0  10404
255  10052  2   0  10052
256  10242  2   9996  246
257  10369  3   0  0  10369
258  10402  4   0  0  0  10402
259  10406  2   2  10404
260  10172  3   0  8  10164
261  10344  2   0  10344
262  10086  2   0  10086
263  10068  2   0  10068
264  10311  3   0  0  10311
265  10064  2   0  10064
266  2652  3   2  0  2650
267  10294  2   0  10294
268  10402  2   0  10402
269  9994  2   0  9994
270  6910  2   0  6910
271  10144  2   2  10142
272  10404  3   0  0  10404
273  1991  3   0  0  1991
274  10404  2   0  10404
275  10376  2   0  10376
276  10406  3   0  0  10406
277  10406  3   0  1  10405
278  10400  2   0  10400
279  9994  3   0  0  9994
280  2484  2   0  2484
281  10406  2   35  10371
282  10406  2   1  10405
283  1436  2   0  1436
284  10400  2   0  10400
285  10402  3   3  0  10399
286  10406  2   0  10406
287  10406  2   9297  1109
288  10384  2   1  10383
289  2656  3   0  1  2655
290  10406  2   0  10406
291  9966  3   0  3  9963
292  10402  4   0  3  0  10399
293  9954  3   0  0  9954
294  1172  2   0  1172
295  9944  3   0  0  9944
296  10406  2   0  10406
297  10406  3   0  0  10406
298  10402  4   0  1  0  10401
299  10406  2   0  10406
300  9846  2   0  9846
301  10386  3   0  0  10386
302  4082  2   513  3569
303  10386  2   0  10386
304  844  2   0  844
305  10406  2   0  10406
306  9874  2   2  9872
307  4160  2   0  4160
308  9864  3   0  1  9863
309  736  3   0  24  712
310  10213  3   0  0  10213
311  9842  2   0  9842
312  10406  3   0  0  10406
313  10404  3   1  6  10397
314  9828  3   0  9  9819
315  10404  2   2  10402
316  9816  3   0  0  9816
317  10402  2   988  9414
318  10152  2   1  10151
319  10404  2   2  10402
320  10404  3   0  0  10404
321  10406  3   0  0  10406
322  9793  3   1  0  9792
323  10406  2   0  10406
324  9761  3   0  0  9761
325  10406  2   1  10405
326  10070  3   0  0  10070
327  10402  3   1  0  10401
328  10396  3   0  0  10396
329  10400  3   0  0  10400
330  10406  2   0  10406
331  9766  2   1  9765
332  5104  3   0  15  5089
333  10406  2   0  10406
334  9772  2   7407  2365
335  10396  2   12  10384
336  10406  3   0  1  10405
337  10406  2   1141  9265
338  10404  2   1  10403
339  9236  2   0  9236
340  5696  2   0  5696
341  9924  2   0  9924
342  10369  4   0  0  0  10369
343  10406  3   0  0  10406
344  10406  2   0  10406
345  5674  2   0  5674
346  3086  2   0  3086
347  10348  3   0  0  10348
348  10406  2   1  10405
349  10394  2   3  10391
350  10394  2   0  10394
351  10404  3   0  1  10403
352  2912  2   0  2912
353  6032  2   14  6018
354  10406  2   0  10406
355  10390  2   0  10390
356  10380  2   0  10380
357  6227  4   0  1  0  6226
358  10406  3   0  0  10406
359  10389  3   0  1  10388
360  5144  2   0  5144
361  2654  2   0  2654
362  10404  2   1  10403
363  10394  2   0  10394
364  10289  3   1  1  10287
365  10405  3   0  3  10402
366  10382  2   3  10379
367  5092  3   0  0  5092
368  10396  2   3  10393
369  10400  2   2  10398
370  2458  2   0  2458
371  10390  3   0  0  10390
372  5141  3   0  0  5141
373  10396  2   0  10396
374  5134  3   0  0  5134
375  5974  5   0  0  0  0  5974
376  5130  2   4  5126
377  10404  3   0  5  10399
378  10400  2   0  10400
379  10405  3   0  2  10403
380  10384  2   0  10384
381  10402  2   0  10402
382  5030  2   0  5030
383  10406  2   0  10406
384  10334  3   0  0  10334

[pop]=2
1  11578  2   1  11577
2  11552  2   0  11552
3  11574  2   0  11574
4  11570  3   0  0  11570
5  11572  3   0  0  11572
6  11544  2   961  10583
7  11393  3   0  0  11393
8  11578  2   57  11521
9  11478  2   0  11478
10  11572  2   6  11566
11  11536  2   1  11535
12  11578  3   0  0  11578
13  11578  2   0  11578
14  11478  3   0  1  11477
15  11572  4   0  1  0  11571
16  11572  2   0  11572
17  11396  3   0  0  11396
18  11400  2   1  11399
19  11482  2   0  11482
20  11572  3   0  0  11572
21  11482  2   0  11482
22  11572  2   35  11537
23  11578  3   0  0  11578
24  11576  2   0  11576
25  11566  3   0  0  11566
26  11574  3   0  0  11574
27  11572  3   0  2  11570
28  11555  3   0  0  11555
29  11458  2   2  11456
30  11574  2   0  11574
31  11560  2   0  11560
32  11390  2   0  11390
33  11576  4   0  0  0  11576
34  11366  2   2  11364
35  11564  2   0  11564
36  6235  3   0  0  6235
37  11533  3   0  0  11533
38  11556  2   0  11556
39  11576  2   3  11573
40  11564  3   0  0  11564
41  11504  3   1  0  11503
42  11558  3   0  0  11558
43  11542  2   1  11541
44  11300  2   0  11300
45  11570  2   0  11570
46  11540  3   1  2  11537
47  11434  3   6  7  11421
48  11456  2   1  11455
49  7166  2   0  7166
50  11568  2   0  11568
51  11459  4   0  1  0  11458
52  11568  4   0  0  0  11568
53  11440  2   1  11439
54  11556  4   0  11  112  11433
55  11566  2   0  11566
56  11514  2   0  11514
57  11556  2   0  11556
58  8342  2   0  8342
59  11574  2   0  11574
60  11558  2   0  11558
61  11456  2   0  11456
62  11566  2   0  11566
63  11552  2   0  11552
64  11500  2   0  11500
65  11502  2   0  11502
66  11546  3   0  5  11541
67  11500  3   0  0  11500
68  11552  2   0  11552
69  11546  2   0  11546
70  11566  3   1  0  11565
71  3290  2   0  3290
72  11558  2   0  11558
73  11576  2   0  11576
74  11502  3   0  0  11502
75  11518  2   0  11518
76  9862  3   1  0  9861
77  11563  3   6  6  11551
78  11504  3   0  0  11504
79  2775  3   2  0  2773
80  11530  2   0  11530
81  9898  2   0  9898
82  11520  2   58  11462
83  11545  3   0  0  11545
84  11530  2   0  11530
85  11362  2   0  11362
86  1976  3   0  1  1975
87  11514  2   1  11513
88  11530  2   0  11530
89  11578  2   0  11578
90  1752  2   0  1752
91  11578  2   1  11577
92  11520  2   0  11520
93  11368  2   2  11366
94  11578  4   0  0  1  11577
95  11398  3   0  0  11398
96  10764  2   0  10764
97  11530  2   0  11530
98  11562  2   0  11562
99  990  2   0  990
100  10874  3   0  0  10874
101  11368  3   0  0  11368
102  11456  2   3  11453
103  11510  2   13  11497
104  706  2   0  706
105  11502  3   0  0  11502
106  11554  2   0  11554
107  11152  2   0  11152
108  11536  2   0  11536
109  11578  2   1  11577
110  11562  2   0  11562
111  11539  3   0  0  11539
112  11524  3   0  0  11524
113  11500  2   0  11500
114  11524  2   0  11524
115  11578  2   0  11578
116  11540  3   0  0  11540
117  11560  2   1  11559
118  11498  2   0  11498
119  11453  3   5170  0  6283
120  11560  2   0  11560
121  11496  3   0  0  11496
122  11522  3   0  0  11522
123  11562  3   3  0  11559
124  11478  2   0  11478
125  11365  3   0  0  11365
126  11496  3   0  0  11496
127  11522  2   0  11522
128  11474  3   0  0  11474
129  11374  2   0  11374
130  11578  3   0  0  11578
131  11540  2   0  11540
132  11488  2   0  11488
133  11578  3   0  0  11578
134  11526  2   2  11524
135  11472  3   1  1  11470
136  11454  2   1  11453
137  11558  2   0  11558
138  152  2   43  109
139  11478  3   0  0  11478
140  11570  3   0  0  11570
141  11560  2   0  11560
142  11574  3   0  1  11573
143  11366  3   0  0  11366
144  11568  3   1  0  11567
145  11437  3   0  0  11437
146  11366  3   0  1  11365
147  11578  3   0  1  11577
148  11574  2   1  11573
149  11578  3   0  0  11578
150  11490  3   0  0  11490
151  11574  2   1  11573
152  11558  2   0  11558
153  11564  2   0  11564
154  11521  3   0  0  11521
155  11574  3   0  5  11569
156  11466  2   1  11465
157  11359  4   0  0  0  11359
158  11558  2   0  11558
159  11354  2   0  11354
160  11558  4   0  0  3  11555
161  11516  2   0  11516
162  50  2   0  50
163  11546  2   1  11545
164  11467  3   0  0  11467
165  11340  2   21  11319
166  11146  2   0  11146
167  11574  3   0  0  11574
168  11422  3   0  0  11422
169  220  2   0  220
170  11562  2   4  11558
171  11574  2   0  11574
172  11428  2   0  11428
173  11538  2   0  11538
174  11562  2   0  11562
175  11503  3   0  1  11502
176  11536  2   0  11536
177  11574  2   2  11572
178  246  3   0  0  246
179  11434  4   0  0  1  11433
180  11564  2   0  11564
181  11546  2   0  11546
182  11576  2   5  11571
183  11536  2   2  11534
184  11536  2   0  11536
185  350  2   295  55
186  11548  2   0  11548
187  11496  3   0  0  11496
188  11535  3   1  0  11534
189  11434  2   0  11434
190  11568  2   0  11568
191  11493  3   0  0  11493
192  9872  3   0  0  9872
193  11534  3   0  0  11534
194  11536  3   0  2  11534
195  11376  2   0  11376
196  11536  2   2  11534
197  11576  2   0  11576
198  10377  4   0  2  0  10375
199  11052  2   0  11052
200  11532  4   0  0  0  11532
201  10492  2   0  10492
202  11088  2   0  11088
203  11434  2   0  11434
204  10294  2   2  10292
205  11066  2   2  11064
206  11454  2   0  11454
207  318  2   0  318
208  11485  3   0  0  11485
209  10687  4   1  1  0  10685
210  11576  3   0  20  11556
211  11097  5   0  0  1  0  11096
212  11576  2   0  11576
213  10744  3   0  0  10744
214  11578  2   0  11578
215  322  2   0  322
216  324  2   0  324
217  11088  2   0  11088
218  11430  4   0  0  0  11430
219  11578  3   0  0  11578
220  11528  2   0  11528
221  11130  2   0  11130
222  11433  3   0  5  11428
223  11432  2   5  11427
224  11553  3   0  0  11553
225  11538  2   0  11538
226  11554  2   0  11554
227  11536  2   4  11532
228  11182  2   0  11182
229  11318  3   1  0  11317
230  11520  2   0  11520
231  11215  3   0  1  11214
232  11138  2   1  11137
233  10854  2   3955  6899
234  11348  2   0  11348
235  11472  2   0  11472
236  11528  2   4  11524
237  11576  3   0  0  11576
238  5804  2   0  5804
239  11575  3   0  0  11575
240  11526  2   11  11515
241  11528  4   0  0  0  11528
242  5832  2   45  5787
243  11564  2   2  11562
244  11530  2   0  11530
245  11392  2   0  11392
246  11576  2   0  11576
247  11532  3   0  0  11532
248  11400  3   0  0  11400
249  11484  2   0  11484
250  11536  3   0  0  11536
251  11470  2   0  11470
252  9704  2   0  9704
253  11482  2   0  11482
254  11566  2   0  11566
255  11166  2   0  11166
256  11544  2   9391  2153
257  11460  3   1  0  11459
258  11482  4   0  0  0  11482
259  11576  2   0  11576
260  11435  3   0  19  11416
261  11490  2   0  11490
262  11048  2   2  11046
263  11194  2   3  11191
264  11374  3   0  0  11374
265  10926  2   0  10926
266  3764  3   0  0  3764
267  11340  2   0  11340
268  11476  2   0  11476
269  11502  2   0  11502
270  7386  2   0  7386
271  11278  2   0  11278
272  11574  3   0  0  11574
273  2659  3   0  0  2659
274  11576  2   3  11573
275  11572  2   0  11572
276  11576  3   0  1  11575
277  11574  3   1  0  11573
278  11506  2   0  11506
279  11492  3   0  0  11492
280  1100  2   0  1100
281  11576  2   23  11553
282  11576  2   0  11576
283  1626  2   0  1626
284  11510  2   0  11510
285  11468  3   4  0  11464
286  11576  2   0  11576
287  11578  2   9923  1655
288  11574  2   0  11574
289  1263  3   0  0  1263
290  11576  2   0  11576
291  11489  3   1  0  11488
292  11461  4   0  3  0  11458
293  11488  3   0  0  11488
294  1218  2   0  1218
295  11486  3   0  0  11486
296  11522  2   2  11520
297  11578  3   0  0  11578
298  11455  4   0  1  0  11454
299  11578  2   0  11578
300  11484  2   0  11484
301  11576  3   1  1  11574
302  2294  2   65  2229
303  11576  2   0  11576
304  778  2   0  778
305  11576  2   0  11576
306  11486  2   0  11486
307  2516  2   0  2516
308  11484  3   1  0  11483
309  636  3   0  0  636
310  11486  3   0  0  11486
311  11480  2   0  11480
312  11578  3   0  0  11578
313  11578  3   0  1  11577
314  11478  3   0  0  11478
315  11578  2   0  11578
316  11476  3   15  0  11461
317  11524  2   43  11481
318  11496  2   0  11496
319  11578  2   0  11578
320  11526  3   0  0  11526
321  11577  3   0  27  11550
322  11473  3   1  0  11472
323  11576  2   0  11576
324  11471  3   1  0  11470
325  11578  2   3  11575
326  11493  3   0  1  11492
327  11458  3   0  2  11456
328  11552  3   0  0  11552
329  11455  3   0  0  11455
330  11576  2   0  11576
331  11472  2   1  11471
332  3792  3   0  6  3786
333  11578  2   0  11578
334  11450  2   9139  2311
335  11556  2   46  11510
336  11578  3   0  0  11578
337  11538  2   68  11470
338  11576  2   1  11575
339  11348  2   0  11348
340  4502  2   2  4500
341  11470  2   0  11470
342  11571  4   0  0  0  11571
343  11574  3   0  0  11574
344  11578  2   0  11578
345  4466  2   0  4466
346  1342  2   0  1342
347  11519  3   0  0  11519
348  11578  2   0  11578
349  11574  2   0  11574
350  11574  2   0  11574
351  11539  3   0  0  11539
352  1066  2   0  1066
353  4906  2   0  4906
354  11576  2   0  11576
355  11574  2   0  11574
356  11530  2   0  11530
357  5208  4   0  0  0  5208
358  11576  3   0  0  11576
359  11574  3   0  0  11574
360  9222  2   1  9221
361  676  2   0  676
362  11546  2   0  11546
363  11538  2   0  11538
364  11525  3   0  0  11525
365  11575  3   0  0  11575
366  11578  2   0  11578
367  9124  3   0  0  9124
368  11574  2   0  11574
369  11536  2   0  11536
370  496  2   0  496
371  11574  3   0  0  11574
372  9062  3   0  0  9062
373  11574  2   0  11574
374  9014  3   0  0  9014
375  4198  5   0  0  0  1  4197
376  9018  2   40  8978
377  11548  3   0  6  11542
378  11536  2   0  11536
379  11578  3   0  0  11578
380  11570  2   12  11558
381  11574  2   0  11574
382  8838  2   0  8838
383  11578  2   0  11578
384  11578  3   6  0  11572

[pop]=3
1  8654  2   0  8654
2  8642  2   0  8642
3  8654  2   0  8654
4  8627  3   0  0  8627
5  8652  3   0  1  8651
6  8594  2   33  8561
7  8636  3   0  0  8636
8  8654  2   1  8653
9  8610  2   0  8610
10  8648  2   0  8648
11  8596  2   0  8596
12  8654  3   0  0  8654
13  8654  2   0  8654
14  8611  3   0  0  8611
15  8654  4   0  0  0  8654
16  8642  2   4  8638
17  8640  3   1  0  8639
18  8640  2   0  8640
19  8600  2   0  8600
20  8642  3   0  0  8642
21  8608  2   5  8603
22  8654  2   0  8654
23  8654  3   0  0  8654
24  8654  2   0  8654
25  8648  3   0  0  8648
26  8649  3   0  0  8649
27  8640  3   0  0  8640
28  8648  3   0  0  8648
29  8580  2   0  8580
30  8650  2   2  8648
31  8644  2   0  8644
32  8632  2   0  8632
33  8653  4   89  0  0  8564
34  8582  2   0  8582
35  8644  2   0  8644
36  5525  3   0  0  5525
37  8624  3   0  0  8624
38  8642  2   0  8642
39  8654  2   0  8654
40  8646  3   0  0  8646
41  8650  3   0  0  8650
42  8646  3   0  0  8646
43  8640  2   0  8640
44  8558  2   0  8558
45  8644  2   0  8644
46  8642  3   0  0  8642
47  8613  3   0  0  8613
48  8614  2   0  8614
49  6240  2   0  6240
50  8640  2   0  8640
51  8616  4   0  0  0  8616
52  8641  4   0  0  0  8641
53  8634  2   0  8634
54  8644  4   0  0  2  8642
55  8642  2   1  8641
56  8654  2   0  8654
57  8644  2   0  8644
58  7022  2   0  7022
59  8654  2   0  8654
60  8646  2   0  8646
61  8638  2   0  8638
62  8646  2   2  8644
63  8644  2   0  8644
64  8610  2   0  8610
65  8640  2   0  8640
66  8639  3   0  0  8639
67  8610  3   0  0  8610
68  8646  2   0  8646
69  8636  2   0  8636
70  8644  3   0  0  8644
71  3860  2   0  3860
72  8646  2   4  8642
73  8654  2   0  8654
74  8610  3   0  19  8591
75  8634  2   0  8634
76  7784  3   0  0  7784
77  8645  3   0  0  8645
78  8610  3   0  0  8610
79  3491  3   0  0  3491
80  8634  2   0  8634
81  7786  2   0  7786
82  8632  2   0  8632
83  8637  3   0  0  8637
84  8632  2   0  8632
85  8612  2   0  8612
86  2866  3   0  0  2866
87  8608  2   0  8608
88  8638  2   0  8638
89  8652  2   0  8652
90  2638  2   10  2628
91  8652  2   0  8652
92  8572  2   0  8572
93  8614  2   0  8614
94  8654  4   0  0  0  8654
95  8476  3   0  0  8476
96  8240  2   0  8240
97  8640  2   0  8640
98  8646  2   0  8646
99  1820  2   0  1820
100  8297  3   0  0  8297
101  8616  3   0  0  8616
102  8528  2   0  8528
103  8608  2   0  8608
104  1462  2   0  1462
105  8562  3   0  0  8562
106  8646  2   0  8646
107  8448  2   0  8448
108  8610  2   0  8610
109  8654  2   0  8654
110  8652  2   0  8652
111  8606  3   0  0  8606
112  8635  3   0  0  8635
113  8596  2   0  8596
114  8636  2   0  8636
115  8652  2   0  8652
116  8604  3   0  2  8602
117  8640  2   0  8640
118  8596  2   0  8596
119  8614  3   1192  0  7422
120  8642  2   11  8631
121  8596  3   0  4  8592
122  8638  3   0  0  8638
123  8650  3   0  3  8647
124  8638  2   9  8629
125  8506  3   2  0  8504
126  8596  3   0  0  8596
127  8640  2   0  8640
128  8640  3   3  0  8637
129  8618  2   0  8618
130  8652  3   0  1  8651
131  8600  2   0  8600
132  8592  2   1  8591
133  8652  3   0  8  8644
134  8638  2   0  8638
135  8590  3   0  0  8590
136  8576  2   0  8576
137  8640  2   0  8640
138  368  2   116  252
139  8646  3   0  0  8646
140  8652  3   0  0  8652
141  8640  2   0  8640
142  8652  3   1  1  8650
143  8611  3   1  0  8610
144  8652  3   0  0  8652
145  8570  3   0  0  8570
146  8609  3   0  4  8605
147  8652  3   1  0  8651
148  8652  2   0  8652
149  8652  3   0  0  8652
150  8604  3   0  0  8604
151  8652  2   0  8652
152  8638  2   0  8638
153  8640  2   0  8640
154  8638  3   0  0  8638
155  8652  3   0  0  8652
156  8640  2   2  8638
157  8604  4   0  0  0  8604
158  8638  2   0  8638
159  8604  2   0  8604
160  8636  4   0  0  0  8636
161  8640  2   0  8640
162  100  2   0  100
163  8586  2   0  8586
164  8616  3   0  0  8616
165  8602  2   0  8602
166  8424  2   0  8424
167  8652  3   0  0  8652
168  8645  3   0  0  8645
169  384  2   0  384
170  8634  2   0  8634
171  8652  2   0  8652
172  8648  2   0  8648
173  8610  2   1  8609
174  8630  2   0  8630
175  8632  3   0  0  8632
176  8580  2   2  8578
177  8652  2   0  8652
178  438  3   0  0  438
179  8648  4   1  0  0  8647
180  8640  2   0  8640
181  8622  2   3  8619
182  8652  2   0  8652
183  8636  2   0  8636
184  8568  2   0  8568
185  560  2   522  38
186  8622  2   1  8621
187  8632  3   0  0  8632
188  8605  3   1  0  8604
189  8648  2   0  8648
190  8648  2   0  8648
191  8631  3   0  0  8631
192  7930  3   0  3  7927
193  8602  3   0  0  8602
194  8602  3   0  0  8602
195  8498  2   0  8498
196  8602  2   0  8602
197  8652  2   0  8652
198  8243  4   0  0  0  8243
199  8472  2   0  8472
200  8600  4   0  0  0  8600
201  8274  2   0  8274
202  8480  2   0  8480
203  8498  2   1  8497
204  8054  2   7  8047
205  8470  2   0  8470
206  8508  2   0  8508
207  532  2   0  532
208  8526  3   0  0  8526
209  8270  4   0  0  1  8269
210  8652  3   0  653  7999
211  8481  5   0  0  0  6  8475
212  8652  2   0  8652
213  8295  3   0  0  8295
214  8654  2   5  8649
215  528  2   0  528
216  532  2   0  532
217  8580  2   0  8580
218  8646  4   0  6  0  8640
219  8654  3   0  1  8653
220  8628  2   0  8628
221  8498  2   0  8498
222  8646  3   0  2  8644
223  8646  2   2  8644
224  8636  3   0  0  8636
225  8606  2   0  8606
226  8638  2   2  8636
227  8606  2   0  8606
228  8602  2   0  8602
229  8532  3   0  1  8531
230  8584  2   0  8584
231  8607  3   0  0  8607
232  8482  2   0  8482
233  8352  2   2826  5526
234  8556  2   0  8556
235  8650  2   0  8650
236  8588  2   0  8588
237  8654  3   0  0  8654
238  4872  2   0  4872
239  8654  3   0  1  8653
240  8590  2   0  8590
241  8590  4   0  2  19  8569
242  4868  2   0  4868
243  8644  2   0  8644
244  8590  2   0  8590
245  8584  2   0  8584
246  8654  2   0  8654
247  8593  3   0  0  8593
248  8584  3   0  0  8584
249  8648  2   0  8648
250  8598  3   0  0  8598
251  8510  2   0  8510
252  7660  2   0  7660
253  8648  2   0  8648
254  8646  2   0  8646
255  8480  2   0  8480
256  8608  2   8213  395
257  8504  3   0  0  8504
258  8648  4   0  0  0  8648
259  8654  2   0  8654
260  8596  3   0  15  8581
261  8622  2   0  8622
262  8560  2   0  8560
263  8472  2   0  8472
264  8469  3   0  0  8469
265  8532  2   0  8532
266  3382  3   0  0  3382
267  8444  2   0  8444
268  8650  2   0  8650
269  8580  2   0  8580
270  6070  2   2  6068
271  8508  2   0  8508
272  8643  3   0  0  8643
273  2551  3   0  1  2550
274  8648  2   0  8648
275  8642  2   0  8642
276  8654  3   0  0  8654
277  8651  3   0  0  8651
278  8542  2   0  8542
279  8573  3   1  0  8572
280  1492  2   0  1492
281  8654  2   0  8654
282  8654  2   0  8654
283  1750  2   6  1744
284  8544  2   0  8544
285  8648  3   1  0  8647
286  8654  2   0  8654
287  8654  2   7856  798
288  8646  2   0  8646
289  1652  3   0  0  1652
290  8654  2   0  8654
291  8568  3   0  0  8568
292  8648  4   0  0  0  8648
293  8566  3   0  12  8554
294  1300  2   0  1300
295  8566  3   0  0  8566
296  8536  2   16  8520
297  8654  3   0  0  8654
298  8652  4   0  0  0  8652
299  8654  2   0  8654
300  8560  2   0  8560
301  8646  3   0  0  8646
302  2684  2   0  2684
303  8646  2   0  8646
304  902  2   14  888
305  8654  2   2  8652
306  8556  2   0  8556
307  2946  2   0  2946
308  8552  3   0  0  8552
309  690  3   0  0  690
310  8602  3   0  0  8602
311  8554  2   0  8554
312  8652  3   0  0  8652
313  8651  3   0  0  8651
314  8552  3   0  0  8552
315  8654  2   0  8654
316  8546  3   0  1  8545
317  8548  2   0  8548
318  8600  2   0  8600
319  8654  2   0  8654
320  8542  3   0  0  8542
321  8654  3   3  0  8651
322  8546  3   0  0  8546
323  8654  2   11  8643
324  8545  3   0  0  8545
325  8654  2   0  8654
326  8591  3   0  0  8591
327  8652  3   0  0  8652
328  8638  3   0  0  8638
329  8647  3   0  1  8646
330  8654  2   0  8654
331  8544  2   0  8544
332  4188  3   0  0  4188
333  8654  2   0  8654
334  8534  2   7996  538
335  8636  2   347  8289
336  8654  3   0  0  8654
337  8546  2   0  8546
338  8652  2   1  8651
339  8422  2   0  8422
340  4824  2   0  4824
341  8586  2   0  8586
342  8639  4   1  1  0  8637
343  8648  3   0  0  8648
344  8654  2   0  8654
345  4820  2   0  4820
346  1664  2   0  1664
347  8646  3   0  0  8646
348  8652  2   0  8652
349  8646  2   0  8646
350  8648  2   0  8648
351  8547  3   1  0  8546
352  1428  2   0  1428
353  5258  2   0  5258
354  8654  2   0  8654
355  8648  2   1  8647
356  8650  2   0  8650
357  5477  4   0  0  0  5477
358  8652  3   0  0  8652
359  8650  3   0  0  8650
360  6594  2   0  6594
361  1094  2   0  1094
362  8550  2   0  8550
363  8652  2   0  8652
364  8638  3   0  0  8638
365  8651  3   0  0  8651
366  8652  2   0  8652
367  6494  3   0  0  6494
368  8654  2   0  8654
369  8652  2   0  8652
370  960  2   1  959
371  8648  3   0  0  8648
372  6425  3   0  0  6425
373  8654  2   0  8654
374  6361  3   0  0  6361
375  5098  5   0  0  0  0  5098
376  6334  2   0  6334
377  8545  3   0  0  8545
378  8652  2   0  8652
379  8651  3   1  0  8650
380  8654  2   0  8654
381  8652  2   0  8652
382  6184  2   0  6184
383  8654  2   0  8654
384  8652  3   0  0  8652

[pop]=4
1  6614  2   0  6614
2  6608  2   0  6608
3  6612  2   0  6612
4  6614  3   0  0  6614
5  6614  3   0  1  6613
6  6614  2   1353  5261
7  6568  3   0  0  6568
8  6614  2   0  6614
9  6362  2   0  6362
10  6614  2   0  6614
11  6614  2   0  6614
12  6614  3   0  0  6614
13  6614  2   0  6614
14  6364  3   0  0  6364
15  6614  4   0  0  0  6614
16  6614  2   0  6614
17  6574  3   0  0  6574
18  6574  2   0  6574
19  6358  2   0  6358
20  6614  3   0  0  6614
21  6360  2   0  6360
22  6614  2   0  6614
23  6614  3   0  0  6614
24  6614  2   0  6614
25  6614  3   0  0  6614
26  6614  3   0  0  6614
27  6612  3   0  0  6612
28  6608  3   0  0  6608
29  6294  2   0  6294
30  6614  2   0  6614
31  6612  2   0  6612
32  6564  2   0  6564
33  6614  4   0  0  0  6614
34  6308  2   0  6308
35  6612  2   0  6612
36  4131  3   0  0  4131
37  6606  3   0  0  6606
38  6588  2   0  6588
39  6614  2   0  6614
40  6612  3   0  0  6612
41  6595  3   0  0  6595
42  6590  3   0  0  6590
43  6610  2   0  6610
44  6530  2   0  6530
45  6612  2   0  6612
46  6610  3   0  0  6610
47  6361  3   0  6  6355
48  6380  2   0  6380
49  4566  2   0  4566
50  6612  2   0  6612
51  6383  4   0  0  0  6383
52  6612  4   0  0  0  6612
53  6500  2   0  6500
54  6602  4   0  0  372  6230
55  6612  2   0  6612
56  6600  2   0  6600
57  6600  2   0  6600
58  5160  2   6  5154
59  6614  2   0  6614
60  6600  2   0  6600
61  6526  2   0  6526
62  6612  2   0  6612
63  6586  2   1  6585
64  6468  2   0  6468
65  6594  2   0  6594
66  6610  3   1  0  6609
67  6467  3   0  0  6467
68  6610  2   0  6610
69  6610  2   0  6610
70  6612  3   0  0  6612
71  1408  2   0  1408
72  6610  2   0  6610
73  6614  2   0  6614
74  6474  3   0  0  6474
75  6608  2   2  6606
76  5830  3   0  0  5830
77  6611  3   0  0  6611
78  6475  3   0  0  6475
79  1193  3   0  0  1193
80  6580  2   0  6580
81  5832  2   0  5832
82  6610  2   0  6610
83  6610  3   0  0  6610
84  6558  2   0  6558
85  6572  2   0  6572
86  848  3   0  0  848
87  6470  2   0  6470
88  6612  2   0  6612
89  6614  2   0  6614
90  760  2   0  760
91  6614  2   0  6614
92  6586  2   0  6586
93  6578  2   8  6570
94  6614  4   0  0  0  6614
95  6490  3   0  0  6490
96  6204  2   0  6204
97  6610  2   0  6610
98  6612  2   0  6612
99  470  2   0  470
100  6265  3   0  0  6265
101  6580  3   0  0  6580
102  6532  2   1  6531
103  6442  2   0  6442
104  342  2   0  342
105  6554  3   0  0  6554
106  6612  2   0  6612
107  6412  2   0  6412
108  6606  2   0  6606
109  6614  2   0  6614
110  6612  2   0  6612
111  6606  3   0  0  6606
112  6610  3   0  0  6610
113  6418  2   0  6418
114  6608  2   0  6608
115  6614  2   0  6614
116  6607  3   0  0  6607
117  6608  2   0  6608
118  6414  2   0  6414
119  6570  3   2534  0  4036
120  6606  2   0  6606
121  6395  3   0  0  6395
122  6609  3   0  0  6609
123  6610  3   0  0  6610
124  6582  2   0  6582
125  6408  3   0  0  6408
126  6367  3   0  0  6367
127  6610  2   0  6610
128  6582  3   0  0  6582
129  6582  2   0  6582
130  6614  3   0  0  6614
131  6610  2   0  6610
132  6302  2   0  6302
133  6614  3   0  1  6613
134  6608  2   0  6608
135  6252  3   0  0  6252
136  6172  2   0  6172
137  6608  2   0  6608
138  52  2   26  26
139  6579  3   0  0  6579
140  6612  3   0  0  6612
141  6608  2   0  6608
142  6614  3   0  0  6614
143  6584  3   0  0  6584
144  6612  3   0  0  6612
145  6054  3   1  0  6053
146  6581  3   0  0  6581
147  6614  3   0  0  6614
148  6614  2   0  6614
149  6614  3   0  0  6614
150  6610  3   0  0  6610
151  6614  2   0  6614
152  6608  2   0  6608
153  6612  2   1  6611
154  6608  3   0  0  6608
155  6614  3   0  1  6613
156  6562  2   0  6562
157  6583  4   0  0  0  6583
158  6608  2   0  6608
159  6576  2   0  6576
160  6608  4   0  0  0  6608
161  6608  2   1  6607
162  0  2   0  0
163  6604  2   0  6604
164  6548  3   0  0  6548
165  6574  2   0  6574
166  5386  2   0  5386
167  6614  3   0  0  6614
168  6580  3   0  0  6580
169  30  2   0  30
170  6612  2   0  6612
171  6614  2   0  6614
172  6582  2   0  6582
173  6596  2   0  6596
174  6614  2   0  6614
175  6607  3   0  0  6607
176  6602  2   0  6602
177  6614  2   0  6614
178  38  3   0  0  38
179  6586  4   0  0  0  6586
180  6614  2   0  6614
181  6610  2   0  6610
182  6610  2   0  6610
183  6614  2   0  6614
184  6602  2   0  6602
185  44  2   41  3
186  6606  2   0  6606
187  6606  3   1  1  6604
188  6606  3   0  0  6606
189  6590  2   0  6590
190  6614  2   1  6613
191  6607  3   0  0  6607
192  5942  3   0  0  5942
193  6608  3   0  0  6608
194  6607  3   0  0  6607
195  6574  2   0  6574
196  6608  2   0  6608
197  6614  2   0  6614
198  6163  4   0  0  0  6163
199  6000  2   0  6000
200  6608  4   0  0  0  6608
201  6194  2   0  6194
202  6018  2   0  6018
203  6578  2   0  6578
204  5060  2   0  5060
205  5970  2   0  5970
206  6580  2   0  6580
207  38  2   0  38
208  6584  3   0  0  6584
209  5261  4   0  0  0  5261
210  6614  3   0  496  6118
211  5977  5   0  0  0  0  5977
212  6614  2   0  6614
213  5316  3   0  0  5316
214  6614  2   0  6614
215  40  2   0  40
216  38  2   0  38
217  6474  2   0  6474
218  6592  4   0  0  0  6592
219  6614  3   0  0  6614
220  6610  2   0  6610
221  6008  2   0  6008
222  6592  3   0  0  6592
223  6592  2   0  6592
224  6610  3   0  0  6610
225  6614  2   0  6614
226  6608  2   0  6608
227  6614  2   0  6614
228  6518  2   0  6518
229  6266  3   0  0  6266
230  6572  2   0  6572
231  6529  3   0  0  6529
232  6022  2   0  6022
233  5606  2   1798  3808
234  6324  2   0  6324
235  6614  2   0  6614
236  6576  2   0  6576
237  6614  3   0  1  6613
238  1430  2   0  1430
239  6614  3   0  0  6614
240  6582  2   3  6579
241  6587  4   0  0  0  6587
242  1422  2   0  1422
243  6612  2   0  6612
244  6590  2   0  6590
245  6344  2   0  6344
246  6614  2   1  6613
247  6594  3   0  0  6594
248  6360  3   0  0  6360
249  6612  2   0  6612
250  6596  3   0  0  6596
251  6568  2   0  6568
252  4526  2   0  4526
253  6612  2   0  6612
254  6614  2   0  6614
255  6058  2   1  6057
256  6614  2   6027  587
257  6561  3   0  0  6561
258  6612  4   0  39  0  6573
259  6614  2   0  6614
260  6406  3   0  9  6397
261  6582  2   0  6582
262  6494  2   0  6494
263  6130  2   0  6130
264  6550  3   0  0  6550
265  6464  2   0  6464
266  814  3   0  0  814
267  6550  2   0  6550
268  6612  2   0  6612
269  6606  2   0  6606
270  3472  2   0  3472
271  6202  2   0  6202
272  6614  3   0  0  6614
273  554  3   0  0  554
274  6614  2   1  6613
275  6610  2   0  6610
276  6614  3   0  0  6614
277  6614  3   0  0  6614
278  6596  2   0  6596
279  6606  3   0  0  6606
280  408  2   0  408
281  6614  2   29  6585
282  6614  2   0  6614
283  386  2   0  386
284  6600  2   1  6599
285  6612  3   1  0  6611
286  6614  2   0  6614
287  6614  2   5162  1452
288  6614  2   0  6614
289  459  3   0  0  459
290  6614  2   0  6614
291  6603  3   0  0  6603
292  6612  4   0  9  0  6603
293  6602  3   0  0  6602
294  288  2   0  288
295  6600  3   0  0  6600
296  6600  2   0  6600
297  6614  3   0  1  6613
298  6613  4   0  1  0  6612
299  6614  2   0  6614
300  6596  2   0  6596
301  6614  3   0  0  6614
302  774  2   0  774
303  6614  2   0  6614
304  138  2   0  138
305  6614  2   0  6614
306  6590  2   0  6590
307  900  2   1  899
308  6594  3   0  0  6594
309  98  3   0  0  98
310  6482  3   0  0  6482
311  6592  2   0  6592
312  6614  3   0  0  6614
313  6614  3   0  1  6613
314  6586  3   0  0  6586
315  6614  2   0  6614
316  6592  3   0  0  6592
317  6604  2   0  6604
318  6480  2   0  6480
319  6614  2   0  6614
320  6602  3   0  0  6602
321  6613  3   0  0  6613
322  6592  3   2  0  6590
323  6614  2   0  6614
324  6583  3   0  0  6583
325  6614  2   0  6614
326  6442  3   0  0  6442
327  6612  3   0  0  6612
328  6606  3   0  0  6606
329  6612  3   0  0  6612
330  6614  2   0  6614
331  6590  2   0  6590
332  1366  3   0  11  1355
333  6614  2   0  6614
334  6578  2   5899  679
335  6606  2   1  6605
336  6614  3   0  0  6614
337  6608  2   0  6608
338  6614  2   0  6614
339  6440  2   0  6440
340  1760  2   0  1760
341  6364  2   0  6364
342  6614  4   0  0  0  6614
343  6614  3   0  1  6613
344  6614  2   1  6613
345  1730  2   0  1730
346  788  2   0  788
347  6612  3   0  0  6612
348  6614  2   0  6614
349  6614  2   0  6614
350  6614  2   0  6614
351  6607  3   0  0  6607
352  604  2   0  604
353  1946  2   0  1946
354  6614  2   0  6614
355  6614  2   0  6614
356  6612  2   1  6611
357  2080  4   0  0  0  2080
358  6614  3   0  0  6614
359  6614  3   0  0  6614
360  3292  2   0  3292
361  344  2   0  344
362  6610  2   0  6610
363  6612  2   0  6612
364  6608  3   0  0  6608
365  6613  3   0  0  6613
366  6614  2   0  6614
367  3223  3   0  0  3223
368  6614  2   0  6614
369  6612  2   0  6612
370  214  2   0  214
371  6614  3   0  0  6614
372  3326  3   0  0  3326
373  6614  2   0  6614
374  3289  3   0  0  3289
375  1973  5   0  0  0  0  1973
376  3288  2   9  3279
377  6608  3   0  2  6606
378  6612  2   0  6612
379  6614  3   0  0  6614
380  6612  2   0  6612
381  6614  2   0  6614
382  3204  2   0  3204
383  6614  2   0  6614
384  6614  3   0  0  6614

[pop]=5
1  66740  2   10  66730
2  66664  2   0  66664
3  66736  2   24  66712
4  66568  3   1  0  66567
5  66720  3   0  1  66719
6  66216  2   13582  52634
7  66496  3   0  0  66496
8  66732  2   17  66715
9  65090  2   2  65088
10  66720  2   1  66719
11  65972  2   5  65967
12  66740  3   4  1  66735
13  66734  2   0  66734
14  65093  3   2  1  65090
15  66735  4   5  0  0  66730
16  66594  2   0  66594
17  66503  3   0  1  66502
18  66512  2   5  66507
19  65064  2   3  65061
20  66578  3   1  1  66576
21  65086  2   0  65086
22  66734  2   0  66734
23  66733  3   1  11  66721
24  66734  2   2  66732
25  66679  3   2  1  66676
26  66701  3   0  1  66700
27  66514  3   1  0  66513
28  66675  3   1  2  66672
29  64864  2   0  64864
30  66704  2   0  66704
31  66680  2   3  66677
32  66482  2   2  66480
33  66713  4   0  0  2  66711
34  64162  2   0  64162
35  66680  2   2  66678
36  43477  3   2  2  43473
37  66295  3   2  0  66293
38  66334  2   2  66332
39  66720  2   1  66719
40  66680  3   0  1  66679
41  66604  3   0  1  66603
42  66334  3   1  2  66331
43  66586  2   1  66585
44  66054  2   0  66054
45  66718  2   0  66718
46  66595  3   1  0  66594
47  64579  3   0  73  64506
48  64758  2   1  64757
49  48244  2   1  48243
50  66718  2   2  66716
51  64783  4   3  1  1  64778
52  66722  4   0  2  7  66713
53  66356  2   0  66356
54  66346  4   0  4  2462  63880
55  66722  2   3  66719
56  66648  2   5  66643
57  66312  2   0  66312
58  53776  2   111  53665
59  66714  2   5  66709
60  66300  2   0  66300
61  66452  2   0  66452
62  66726  2   1  66725
63  66286  2   1  66285
64  65456  2   3  65453
65  66552  2   2  66550
66  66660  3   1  0  66659
67  65458  3   2  1  65455
68  66680  2   0  66680
69  66666  2   2  66664
70  66728  3   0  2  66726
71  26624  2   0  26624
72  66700  2   0  66700
73  66734  2   2  66732
74  65475  3   2  0  65473
75  66624  2   0  66624
76  60127  3   1  9  60117
77  66725  3   0  0  66725
78  65488  3   1  0  65487
79  23609  3   0  1  23608
80  66148  2   1  66147
81  60176  2   3  60173
82  66660  2   0  66660
83  66669  3   1  0  66668
84  66098  2   0  66098
85  66494  2   0  66494
86  18713  3   4  1  18708
87  65484  2   13  65471
88  66688  2   0  66688
89  66724  2   4  66720
90  17164  2   1  17163
91  66724  2   11  66713
92  66532  2   0  66532
93  66506  2   59  66447
94  66735  4   1  0  0  66734
95  65438  3   0  1  65437
96  63664  2   2  63662
97  66694  2   2  66692
98  66724  2   0  66724
99  11548  2   1  11547
100  64108  3   1  0  64107
101  66494  3   3  0  66491
102  65714  2   13  65701
103  65478  2   0  65478
104  9212  2   2  9210
105  65936  3   0  2  65934
106  66720  2   3  66717
107  65242  2   0  65242
108  66692  2   0  66692
109  66732  2   5  66727
110  66730  2   13  66717
111  66691  3   1  3  66687
112  66687  3   3  0  66684
113  65408  2   0  65408
114  66688  2   1  66687
115  66730  2   0  66730
116  66692  3   14  11  66667
117  66704  2   1  66703
118  65392  2   0  65392
119  66415  3   23001  1  43413
120  66706  2   0  66706
121  65354  3   0  0  65354
122  66695  3   1  0  66694
123  66438  3   1  3  66434
124  66444  2   0  66444
125  65575  3   0  1  65574
126  65306  3   4  1  65301
127  66692  2   8  66684
128  66418  3   1  0  66417
129  66496  2   3  66493
130  66732  3   0  0  66732
131  66708  2   3  66705
132  65188  2   4  65184
133  66731  3   0  1  66730
134  66684  2   14  66670
135  65054  3   0  0  65054
136  64846  2   1  64845
137  66682  2   3  66679
138  3914  2   1294  2620
139  66400  3   2  0  66398
140  66722  3   0  1  66721
141  66674  2   7  66667
142  66523  3   0  2  66521
143  66431  3   0  1  66430
144  66720  3   3  16  66701
145  64466  3   0  0  64466
146  66416  3   3  3  66410
147  66732  3   0  0  66732
148  66538  2   4  66534
149  66730  3   1  3  66726
150  65996  3   0  1  65995
151  66560  2   1  66559
152  66654  2   2  66652
153  66684  2   11  66673
154  66658  3   0  0  66658
155  66574  3   1  24  66549
156  66236  2   0  66236
157  66336  4   1  0  0  66335
158  66652  2   3  66649
159  66268  2   1  66267
160  66631  4   1  0  5  66625
161  66646  2   1  66645
162  1048  2   0  1048
163  66678  2   0  66678
164  65985  3   0  1  65984
165  66126  2   2  66124
166  62072  2   2  62070
167  66585  3   1  1  66583
168  66537  3   0  0  66537
169  4482  2   6  4476
170  66628  2   5  66623
171  66590  2   2  66588
172  66570  2   4  66566
173  66264  2   2  66262
174  66692  2   4  66688
175  66625  3   0  0  66625
176  66604  2   0  66604
177  66552  2   2  66550
178  5272  3   0  0  5272
179  66599  4   9  1  0  66589
180  66704  2   2  66702
181  66516  2   1  66515
182  66664  2   0  66664
183  66420  2   0  66420
184  66556  2   2  66554
185  7144  2   6212  932
186  66496  2   1  66495
187  66600  3   9  0  66591
188  66316  3   0  4  66312
189  66612  2   4  66608
190  66712  2   20  66692
191  66581  3   2  1  66578
192  58368  3   0  0  58368
193  66302  3   0  0  66302
194  66291  3   1  0  66290
195  66230  2   3  66227
196  66298  2   15  66283
197  66722  2   2  66720
198  61012  4   0  0  0  61012
199  64818  2   3  64815
200  66262  4   2  1  1  66258
201  61466  2   2  61464
202  64922  2   2  64920
203  66418  2   0  66418
204  60712  2   16  60696
205  64822  2   3  64819
206  66446  2   9  66437
207  6396  2   2  6394
208  66556  3   1  0  66555
209  62238  4   2  2  0  62234
210  66725  3   0  375  66350
211  64970  5   1  3  0  0  64966
212  66728  2   2  66726
213  62479  3   2  2  62475
214  66734  2   0  66734
215  6240  2   2  6238
216  6196  2   3  6193
217  65222  2   2  65220
218  66617  4   1  0  0  66616
219  66736  3   0  3  66733
220  66568  2   0  66568
221  65088  2   3  65085
222  66622  3   0  5  66617
223  66622  2   2  66620
224  66423  3   1  1  66421
225  66214  2   0  66214
226  66386  2   0  66386
227  66208  2   0  66208
228  65702  2   2  65700
229  65264  3   1  3  65260
230  64952  2   2  64950
231  65867  3   0  0  65867
232  65096  2   3  65093
233  62854  2   15724  47130
234  65484  2   3  65481
235  66462  2   2  66460
236  65050  2   0  65050
237  66738  3   0  1  66737
238  30062  2   0  30062
239  66740  3   5  0  66735
240  65108  2   324  64784
241  65119  4   0  0  17  65102
242  30180  2   19  30161
243  66610  2   0  66610
244  65158  2   0  65158
245  65674  2   7  65667
246  66740  2   1  66739
247  65197  3   0  2  65195
248  65704  3   0  1  65703
249  66572  2   2  66570
250  65223  3   5  1  65217
251  66506  2   0  66506
252  57754  2   1  57753
253  66592  2   0  66592
254  66670  2   2  66668
255  65140  2   1  65139
256  65642  2   59080  6562
257  66465  3   51  0  66414
258  66608  4   1  79  1  66527
259  66740  2   1  66739
260  65853  3   1  152  65700
261  66244  2   2  66242
262  65654  2   0  65654
263  65226  2   8  65218
264  66258  3   0  1  66257
265  65446  2   6  65440
266  21938  3   0  1  21937
267  66154  2   0  66154
268  66626  2   0  66626
269  65010  2   5  65005
270  46774  2   1  46773
271  65562  2   2  65560
272  66722  3   0  2  66720
273  16662  3   0  0  16662
274  66726  2   32  66694
275  66626  2   1  66625
276  66739  3   1  0  66738
277  66728  3   0  0  66728
278  66500  2   3  66497
279  64940  3   0  3  64937
280  12904  2   2  12902
281  66738  2   821  65917
282  66732  2   2  66730
283  11384  2   0  11384
284  66530  2   1  66529
285  66622  3   152  1  66469
286  66738  2   8  66730
287  66736  2   57506  9230
288  66664  2   0  66664
289  14119  3   0  0  14119
290  66738  2   3  66735
291  64854  3   0  0  64854
292  66626  4   1  95  1  66529
293  64814  3   1  0  64813
294  9090  2   0  9090
295  64783  3   0  1  64782
296  66590  2   0  66590
297  66738  3   3  1  66734
298  66625  4   6  23  0  66596
299  66738  2   2  66736
300  64522  2   2  64520
301  66689  3   0  0  66689
302  20968  2   16  20952
303  66692  2   1  66691
304  6538  2   0  6538
305  66740  2   0  66740
306  64578  2   0  64578
307  22898  2   1  22897
308  64567  3   1  1  64565
309  5538  3   0  0  5538
310  66110  3   1  5  66104
311  64504  2   0  64504
312  66736  3   1  1  66734
313  66718  3   0  8  66710
314  64474  3   0  0  64474
315  66718  2   0  66718
316  64456  3   6  0  64450
317  66602  2   45  66557
318  65954  2   1  65953
319  66708  2   0  66708
320  66618  3   1  1  66616
321  66738  3   0  1  66737
322  64448  3   25  3  64420
323  66738  2   1  66737
324  64376  3   4  1  64371
325  66736  2   0  66736
326  65701  3   0  0  65701
327  66574  3   0  0  66574
328  66678  3   2  2  66674
329  66526  3   1  0  66525
330  66738  2   2  66736
331  64442  2   59  64383
332  31600  3   3  245  31352
333  66654  2   1  66653
334  64588  2   57739  6849
335  66678  2   4  66674
336  66723  3   1  0  66722
337  66658  2   28  66630
338  66600  2   4  66596
339  62786  2   3  62783
340  36628  2   0  36628
341  65170  2   5  65165
342  66473  4   5  0  1  66467
343  66736  3   1  2  66733
344  66686  2   0  66686
345  36620  2   3  36617
346  15178  2   6  15172
347  65680  3   1  2  65677
348  66740  2   1  66739
349  66700  2   0  66700
350  66700  2   10  66690
351  66674  3   5  5  66664
352  13378  2   2  13376
353  39600  2   0  39600
354  66738  2   0  66738
355  66700  2   1  66699
356  66166  2   25  66141
357  41473  4   1  8  4  41460
358  66738  3   1  1  66736
359  66698  3   1  0  66697
360  45632  2   1  45631
361  10488  2   2  10486
362  66686  2   2  66684
363  66504  2   1  66503
364  66681  3   0  0  66681
365  66738  3   0  0  66738
366  66604  2   0  66604
367  45250  3   1  2  45247
368  66728  2   0  66728
369  66610  2   0  66610
370  9036  2   0  9036
371  66696  3   1  0  66695
372  45423  3   1  2  45420
373  66728  2   3  66725
374  45099  3   0  0  45099
375  38867  5   2  1  1  2  38861
376  45022  2   192  44830
377  66686  3   0  152  66534
378  66640  2   0  66640
379  66738  3   0  0  66738
380  66638  2   1  66637
381  66738  2   3  66735
382  44226  2   2  44224
383  66740  2   1  66739
384  66715  3   22  2  66691

[pop]=6
1  908  2   0  908
2  902  2   0  902
3  908  2   0  908
4  908  3   0  0  908
5  908  3   0  0  908
6  898  2   175  723
7  904  3   0  0  904
8  908  2   2  906
9  866  2   0  866
10  908  2   0  908
11  894  2   0  894
12  908  3   0  0  908
13  908  2   0  908
14  866  3   0  0  866
15  908  4   0  0  0  908
16  904  2   0  904
17  904  3   0  0  904
18  904  2   0  904
19  866  2   0  866
20  904  3   0  0  904
21  864  2   0  864
22  908  2   0  908
23  908  3   0  0  908
24  908  2   0  908
25  908  3   0  0  908
26  908  3   0  0  908
27  904  3   0  0  904
28  904  3   0  0  904
29  858  2   0  858
30  908  2   0  908
31  908  2   0  908
32  902  2   0  902
33  908  4   1  0  0  907
34  852  2   0  852
35  908  2   0  908
36  614  3   0  0  614
37  900  3   0  0  900
38  902  2   0  902
39  908  2   0  908
40  908  3   0  0  908
41  908  3   0  0  908
42  904  3   0  0  904
43  906  2   1  905
44  894  2   0  894
45  906  2   0  906
46  906  3   1  0  905
47  861  3   0  0  861
48  868  2   0  868
49  676  2   0  676
50  906  2   0  906
51  869  4   0  0  0  869
52  906  4   0  0  0  906
53  894  2   0  894
54  900  4   0  0  20  880
55  906  2   0  906
56  906  2   0  906
57  900  2   0  900
58  740  2   0  740
59  908  2   0  908
60  900  2   0  900
61  902  2   0  902
62  908  2   0  908
63  900  2   0  900
64  882  2   0  882
65  904  2   0  904
66  908  3   0  0  908
67  884  3   0  0  884
68  906  2   0  906
69  908  2   0  908
70  908  3   0  0  908
71  266  2   0  266
72  906  2   0  906
73  908  2   0  908
74  884  3   0  0  884
75  906  2   1  905
76  800  3   0  0  800
77  908  3   0  0  908
78  884  3   0  0  884
79  238  3   0  0  238
80  896  2   0  896
81  802  2   0  802
82  906  2   0  906
83  908  3   0  0  908
84  896  2   0  896
85  904  2   0  904
86  198  3   1  0  197
87  884  2   0  884
88  906  2   0  906
89  908  2   0  908
90  186  2   0  186
91  908  2   0  908
92  906  2   0  906
93  904  2   0  904
94  908  4   0  0  0  908
95  888  3   0  0  888
96  856  2   0  856
97  908  2   0  908
98  908  2   0  908
99  156  2   0  156
100  862  3   0  0  862
101  904  3   0  0  904
102  896  2   0  896
103  880  2   0  880
104  146  2   0  146
105  898  3   0  0  898
106  906  2   0  906
107  874  2   0  874
108  908  2   0  908
109  908  2   0  908
110  906  2   0  906
111  908  3   0  0  908
112  908  3   0  0  908
113  880  2   0  880
114  908  2   0  908
115  908  2   0  908
116  908  3   0  0  908
117  906  2   0  906
118  880  2   0  880
119  902  3   356  0  546
120  906  2   2  904
121  880  3   0  0  880
122  908  3   0  0  908
123  906  3   0  0  906
124  902  2   0  902
125  898  3   0  0  898
126  880  3   0  0  880
127  908  2   0  908
128  898  3   0  0  898
129  904  2   0  904
130  908  3   0  0  908
131  908  2   0  908
132  874  2   0  874
133  908  3   0  1  907
134  908  2   0  908
135  872  3   0  0  872
136  868  2   0  868
137  906  2   0  906
138  118  2   27  91
139  898  3   0  0  898
140  908  3   0  0  908
141  906  2   0  906
142  906  3   0  1  905
143  903  3   0  0  903
144  908  3   0  4  904
145  845  3   0  0  845
146  902  3   2  0  900
147  908  3   0  0  908
148  906  2   0  906
149  908  3   0  0  908
150  892  3   0  0  892
151  906  2   0  906
152  906  2   0  906
153  908  2   0  908
154  906  3   0  0  906
155  906  3   0  2  904
156  894  2   0  894
157  902  4   0  0  0  902
158  906  2   0  906
159  902  2   0  902
160  906  4   0  0  0  906
161  904  2   0  904
162  48  2   0  48
163  908  2   1  907
164  887  3   0  0  887
165  898  2   0  898
166  786  2   0  786
167  906  3   0  0  906
168  906  3   0  0  906
169  98  2   0  98
170  906  2   2  904
171  906  2   0  906
172  908  2   0  908
173  896  2   0  896
174  906  2   0  906
175  904  3   0  0  904
176  902  2   0  902
177  906  2   1  905
178  124  3   0  0  124
179  908  4   0  0  0  908
180  906  2   0  906
181  906  2   0  906
182  906  2   0  906
183  904  2   0  904
184  900  2   0  900
185  174  2   164  10
186  906  2   0  906
187  904  3   0  0  904
188  898  3   0  0  898
189  908  2   0  908
190  906  2   0  906
191  904  3   0  0  904
192  808  3   0  0  808
193  898  3   0  0  898
194  898  3   0  0  898
195  894  2   0  894
196  898  2   0  898
197  908  2   0  908
198  827  4   0  0  0  827
199  848  2   0  848
200  898  4   0  0  0  898
201  826  2   0  826
202  848  2   0  848
203  900  2   0  900
204  762  2   0  762
205  850  2   0  850
206  900  2   0  900
207  164  2   0  164
208  902  3   0  0  902
209  791  4   0  0  0  791
210  908  3   0  22  886
211  852  5   0  0  0  0  852
212  908  2   0  908
213  793  3   0  0  793
214  908  2   0  908
215  164  2   0  164
216  164  2   0  164
217  872  2   0  872
218  908  4   0  0  0  908
219  908  3   0  0  908
220  906  2   0  906
221  854  2   0  854
222  908  3   0  0  908
223  908  2   0  908
224  902  3   0  0  902
225  898  2   0  898
226  900  2   0  900
227  898  2   0  898
228  882  2   0  882
229  880  3   0  0  880
230  876  2   0  876
231  884  3   0  0  884
232  858  2   0  858
233  824  2   240  584
234  882  2   0  882
235  904  2   0  904
236  882  2   0  882
237  908  3   0  0  908
238  280  2   0  280
239  908  3   0  0  908
240  884  2   1  883
241  885  4   0  0  0  885
242  290  2   3  287
243  904  2   0  904
244  886  2   0  886
245  884  2   0  884
246  908  2   0  908
247  884  3   0  0  884
248  883  3   0  0  883
249  906  2   0  906
250  886  3   0  0  886
251  898  2   0  898
252  730  2   0  730
253  908  2   0  908
254  908  2   0  908
255  854  2   0  854
256  890  2   816  74
257  898  3   2  0  896
258  908  4   0  6  0  902
259  908  2   0  908
260  890  3   0  3  887
261  906  2   0  906
262  872  2   0  872
263  868  2   1  867
264  898  3   0  0  898
265  874  2   0  874
266  256  3   0  0  256
267  894  2   0  894
268  908  2   0  908
269  884  2   0  884
270  580  2   0  580
271  878  2   0  878
272  908  3   0  0  908
273  217  3   0  0  217
274  908  2   1  907
275  908  2   0  908
276  908  3   0  0  908
277  908  3   0  0  908
278  902  2   0  902
279  881  3   0  0  881
280  210  2   0  210
281  908  2   3  905
282  908  2   0  908
283  198  2   0  198
284  902  2   0  902
285  908  3   0  0  908
286  908  2   0  908
287  908  2   777  131
288  908  2   0  908
289  222  3   0  0  222
290  908  2   0  908
291  880  3   0  0  880
292  908  4   0  0  0  908
293  880  3   0  0  880
294  186  2   0  186
295  880  3   0  0  880
296  902  2   0  902
297  908  3   0  0  908
298  908  4   0  0  0  908
299  908  2   0  908
300  880  2   0  880
301  908  3   0  0  908
302  276  2   3  273
303  908  2   0  908
304  150  2   0  150
305  908  2   0  908
306  880  2   0  880
307  288  2   0  288
308  877  3   0  0  877
309  146  3   0  0  146
310  895  3   0  0  895
311  878  2   0  878
312  908  3   0  0  908
313  908  3   0  0  908
314  878  3   0  0  878
315  908  2   0  908
316  878  3   0  0  878
317  902  2   9  893
318  894  2   1  893
319  908  2   0  908
320  904  3   0  0  904
321  908  3   0  0  908
322  878  3   0  0  878
323  908  2   0  908
324  876  3   0  0  876
325  908  2   0  908
326  885  3   1  0  884
327  904  3   0  0  904
328  908  3   0  0  908
329  904  3   0  0  904
330  908  2   0  908
331  878  2   1  877
332  370  3   0  1  369
333  906  2   0  906
334  878  2   791  87
335  908  2   4  904
336  908  3   0  0  908
337  908  2   4  904
338  904  2   0  904
339  838  2   0  838
340  404  2   0  404
341  864  2   0  864
342  904  4   0  0  0  904
343  908  3   0  0  908
344  906  2   0  906
345  400  2   0  400
346  296  2   0  296
347  872  3   0  0  872
348  908  2   0  908
349  908  2   0  908
350  908  2   0  908
351  908  3   0  0  908
352  266  2   0  266
353  442  2   0  442
354  908  2   0  908
355  908  2   0  908
356  896  2   1  895
357  455  4   0  0  0  455
358  908  3   0  0  908
359  906  3   0  0  906
360  538  2   0  538
361  236  2   0  236
362  908  2   0  908
363  900  2   0  900
364  908  3   0  0  908
365  908  3   0  0  908
366  908  2   0  908
367  529  3   0  0  529
368  908  2   0  908
369  904  2   0  904
370  208  2   0  208
371  906  3   0  0  906
372  530  3   0  0  530
373  908  2   0  908
374  528  3   1  0  527
375  423  5   0  0  0  0  423
376  522  2   1  521
377  908  3   0  3  905
378  908  2   0  908
379  908  3   0  0  908
380  908  2   0  908
381  908  2   0  908
382  508  2   0  508
383  908  2   0  908
384  908  3   1  0  907

[pop]=7
1  16512  2   2  16510
2  16502  2   3  16499
3  16512  2   0  16512
4  16507  3   0  1  16506
5  16511  3   3  0  16508
6  16496  2   3355  13141
7  16502  3   1  8  16493
8  16512  2   1  16511
9  16262  2   1  16261
10  16510  2   0  16510
11  16490  2   3  16487
12  16512  3   0  0  16512
13  16512  2   4  16508
14  16240  3   0  0  16240
15  16512  4   0  0  2  16510
16  16512  2   0  16512
17  16504  3   0  0  16504
18  16504  2   15  16489
19  16188  2   0  16188
20  16512  3   0  0  16512
21  16174  2   1  16173
22  16512  2   0  16512
23  16512  3   0  0  16512
24  16512  2   0  16512
25  16502  3   0  0  16502
26  16507  3   1  0  16506
27  16512  3   0  0  16512
28  16505  3   0  0  16505
29  15872  2   0  15872
30  16508  2   0  16508
31  16506  2   0  16506
32  16494  2   0  16494
33  16508  4   0  1  0  16507
34  14536  2   0  14536
35  16506  2   0  16506
36  11754  3   0  0  11754
37  16475  3   0  1  16474
38  16506  2   0  16506
39  16510  2   0  16510
40  16506  3   1  0  16505
41  16499  3   0  0  16499
42  16506  3   0  0  16506
43  16492  2   1  16491
44  16392  2   10  16382
45  16496  2   5  16491
46  16494  3   1  0  16493
47  15167  3   0  0  15167
48  15402  2   0  15402
49  12522  2   0  12522
50  16504  2   0  16504
51  15476  4   0  0  1  15475
52  16506  4   1  0  0  16505
53  16396  2   0  16396
54  16509  4   0  0  118  16391
55  16506  2   0  16506
56  16502  2   0  16502
57  16510  2   6  16504
58  13420  2   1  13419
59  16504  2   0  16504
60  16510  2   2  16508
61  16432  2   5  16427
62  16512  2   1  16511
63  16510  2   0  16510
64  16420  2   0  16420
65  16496  2   0  16496
66  16502  3   0  2  16500
67  16431  3   0  0  16431
68  16504  2   0  16504
69  16502  2   0  16502
70  16510  3   0  0  16510
71  6478  2   2  6476
72  16510  2   0  16510
73  16512  2   0  16512
74  16454  3   0  0  16454
75  16476  2   0  16476
76  14454  3   0  1  14453
77  16512  3   0  0  16512
78  16461  3   0  0  16461
79  6360  3   0  0  6360
80  16508  2   0  16508
81  14480  2   0  14480
82  16480  2   0  16480
83  16502  3   0  0  16502
84  16504  2   0  16504
85  16486  2   0  16486
86  6157  3   0  11  6146
87  16470  2   0  16470
88  16488  2   3  16485
89  16512  2   0  16512
90  6022  2   0  6022
91  16512  2   3  16509
92  16332  2   0  16332
93  16488  2   0  16488
94  16512  4   0  1  0  16511
95  16370  3   0  0  16370
96  15202  2   0  15202
97  16486  2   0  16486
98  16512  2   2  16510
99  6106  2   0  6106
100  15335  3   0  1  15334
101  16490  3   0  1  16489
102  16404  2   0  16404
103  16456  2   0  16456
104  6216  2   0  6216
105  16446  3   11  0  16435
106  16510  2   0  16510
107  15676  2   2  15674
108  16510  2   2  16508
109  16508  2   0  16508
110  16510  2   0  16510
111  16510  3   0  3  16507
112  16468  3   0  0  16468
113  16404  2   3  16401
114  16466  2   1  16465
115  16512  2   0  16512
116  16510  3   1  2  16507
117  16508  2   0  16508
118  16390  2   0  16390
119  16310  3   7820  0  8490
120  16508  2   1  16507
121  16345  3   0  0  16345
122  16455  3   0  0  16455
123  16510  3   0  1  16509
124  16268  2   0  16268
125  16439  3   0  1  16438
126  16307  3   1  0  16306
127  16456  2   0  16456
128  16254  3   0  0  16254
129  16486  2   0  16486
130  16512  3   1  0  16511
131  16512  2   1  16511
132  16196  2   0  16196
133  16512  3   1  0  16511
134  16454  2   0  16454
135  16003  3   1  0  16002
136  15698  2   1  15697
137  16504  2   0  16504
138  6864  2   2189  4675
139  16178  3   0  0  16178
140  16510  3   0  0  16510
141  16494  2   0  16494
142  16512  3   0  6  16506
143  16453  3   0  0  16453
144  16510  3   0  179  16331
145  15109  3   0  0  15109
146  16446  3   0  0  16446
147  16512  3   0  0  16512
148  16512  2   0  16512
149  16512  3   0  1  16511
150  16070  3   0  0  16070
151  16512  2   0  16512
152  16500  2   0  16500
153  16494  2   0  16494
154  16443  3   0  1  16442
155  16512  3   0  0  16512
156  15902  2   1  15901
157  16395  4   0  8  0  16387
158  16488  2   0  16488
159  16322  2   0  16322
160  16477  4   0  1  1  16475
161  16434  2   0  16434
162  3080  2   2  3078
163  16508  2   0  16508
164  15731  3   1  0  15730
165  16084  2   2  16082
166  12284  2   0  12284
167  16512  3   0  0  16512
168  16498  3   2  2  16494
169  4320  2   0  4320
170  16490  2   0  16490
171  16512  2   0  16512
172  16500  2   0  16500
173  16478  2   1  16477
174  16504  2   0  16504
175  16422  3   1  2  16419
176  16466  2   0  16466
177  16512  2   0  16512
178  5370  3   0  0  5370
179  16502  4   0  0  0  16502
180  16504  2   0  16504
181  16478  2   0  16478
182  16440  2   2  16438
183  16422  2   0  16422
184  16396  2   0  16396
185  7552  2   6643  909
186  16474  2   0  16474
187  16404  3   0  0  16404
188  16486  3   0  0  16486
189  16502  2   0  16502
190  16508  2   0  16508
191  16396  3   0  0  16396
192  14126  3   2  1  14123
193  16486  3   1  1  16484
194  16486  3   0  0  16486
195  16346  2   1  16345
196  16484  2   0  16484
197  16510  2   0  16510
198  14534  4   0  0  1  14533
199  16212  2   1  16211
200  16486  4   0  0  0  16486
201  14610  2   0  14610
202  16236  2   0  16236
203  16404  2   0  16404
204  14718  2   0  14718
205  16210  2   1  16209
206  16410  2   0  16410
207  7610  2   0  7610
208  16459  3   0  0  16459
209  15093  4   0  0  0  15093
210  16512  3   1  465  16046
211  16225  5   0  0  1  0  16224
212  16512  2   0  16512
213  15123  3   0  0  15123
214  16512  2   1  16511
215  7638  2   0  7638
216  7642  2   0  7642
217  15334  2   0  15334
218  16498  4   0  0  1  16497
219  16512  3   0  2  16510
220  16502  2   3  16499
221  16248  2   1  16247
222  16498  3   0  1  16497
223  16498  2   1  16497
224  16297  3   0  0  16297
225  16488  2   0  16488
226  16258  2   0  16258
227  16486  2   0  16486
228  15550  2   0  15550
229  16008  3   1  0  16007
230  16296  2   0  16296
231  15626  3   2  0  15624
232  16260  2   0  16260
233  15392  2   4907  10485
234  16100  2   0  16100
235  15934  2   1  15933
236  16376  2   0  16376
237  16512  3   1  0  16511
238  4238  2   2  4236
239  16510  3   0  0  16510
240  16398  2   0  16398
241  16403  4   0  0  0  16403
242  4454  2   2  4452
243  16310  2   4  16306
244  16426  2   1  16425
245  16178  2   1  16177
246  16512  2   0  16512
247  16442  3   1  0  16441
248  16192  3   1  0  16191
249  16344  2   0  16344
250  16456  3   3  0  16453
251  16434  2   3  16431
252  13814  2   0  13814
253  16390  2   0  16390
254  16456  2   1  16455
255  16272  2   0  16272
256  16504  2   14723  1781
257  16416  3   0  1  16415
258  16416  4   0  0  0  16416
259  16512  2   0  16512
260  16298  3   0  2  16296
261  16462  2   1  16461
262  15556  2   0  15556
263  16294  2   4  16290
264  16325  3   2  2  16321
265  15492  2   0  15492
266  7134  3   0  0  7134
267  16278  2   2  16276
268  16454  2   4  16450
269  16464  2   0  16464
270  12466  2   1  12465
271  16350  2   1  16349
272  16512  3   1  0  16511
273  7502  3   5  0  7497
274  16512  2   6  16506
275  16512  2   1  16511
276  16512  3   0  0  16512
277  16507  3   0  0  16507
278  16382  2   0  16382
279  16461  3   0  0  16461
280  8272  2   0  8272
281  16512  2   15  16497
282  16508  2   0  16508
283  7708  2   0  7708
284  16424  2   0  16424
285  16442  3   13  0  16429
286  16512  2   0  16512
287  16512  2   14408  2104
288  16512  2   1  16511
289  8388  3   1  0  8387
290  16512  2   0  16512
291  16456  3   0  0  16456
292  16427  4   0  0  0  16427
293  16454  3   0  1  16453
294  7692  2   3  7689
295  16456  3   2  0  16454
296  16482  2   0  16482
297  16512  3   0  0  16512
298  16414  4   0  0  5  16409
299  16512  2   0  16512
300  16456  2   0  16456
301  16512  3   0  0  16512
302  9110  2   2  9108
303  16512  2   1  16511
304  7692  2   1  7691
305  16512  2   0  16512
306  16456  2   0  16456
307  9328  2   1  9327
308  16451  3   9  0  16442
309  7720  3   1  0  7719
310  16398  3   5  1  16392
311  16448  2   2  16446
312  16512  3   0  0  16512
313  16512  3   0  14  16498
314  16448  3   1  0  16447
315  16512  2   0  16512
316  16440  3   2  0  16438
317  16494  2   3  16491
318  16408  2   0  16408
319  16512  2   0  16512
320  16500  3   0  0  16500
321  16512  3   0  0  16512
322  16436  3   0  0  16436
323  16512  2   4  16508
324  16435  3   2  3  16430
325  16512  2   0  16512
326  16395  3   0  0  16395
327  16296  3   0  0  16296
328  16506  3   0  0  16506
329  16163  3   0  0  16163
330  16512  2   0  16512
331  16438  2   0  16438
332  10314  3   0  7  10307
333  16460  2   1  16459
334  16426  2   14608  1818
335  16506  2   6  16500
336  16510  3   0  0  16510
337  16508  2   3  16505
338  16352  2   0  16352
339  16128  2   0  16128
340  10830  2   0  10830
341  16142  2   0  16142
342  16369  4   0  0  0  16369
343  16510  3   0  0  16510
344  16494  2   1  16493
345  10812  2   0  10812
346  9486  2   0  9486
347  13737  3   0  0  13737
348  16510  2   0  16510
349  16512  2   0  16512
350  16512  2   0  16512
351  16510  3   0  0  16510
352  9178  2   0  9178
353  11092  2   0  11092
354  16510  2   10  16500
355  16512  2   0  16512
356  15234  2   0  15234
357  11209  4   0  0  0  11209
358  16510  3   0  0  16510
359  16512  3   0  0  16512
360  10168  2   0  10168
361  8592  2   0  8592
362  16512  2   0  16512
363  16026  2   1  16025
364  16500  3   0  0  16500
365  16509  3   1  0  16508
366  16510  2   0  16510
367  10372  3   0  0  10372
368  16508  2   0  16508
369  16350  2   0  16350
370  8306  2   1  8305
371  16512  3   0  2  16510
372  10434  3   0  0  10434
373  16508  2   0  16508
374  10431  3   0  1  10430
375  10827  5   0  0  0  0  10827
376  10476  2   11  10465
377  16510  3   1  57  16452
378  16426  2   3  16423
379  16510  3   0  0  16510
380  16512  2   0  16512
381  16510  2   1  16509
382  10354  2   0  10354
383  16512  2   101  16411
384  16512  3   0  1  16511

