[loci]=177

[populations]=7

[pop]=1
1  9384  3   0  0  9384
2  10406  2   2  10404
3  10404  2   0  10404
4  1708  2   0  1708
5  9758  2   0  9758
6  10405  3   0  0  10405
7  10406  3   0  0  10406
8  10246  2   2  10244
9  10398  3   1  0  10397
10  9792  2   0  9792
11  10406  2   0  10406
12  10406  3   0  0  10406
13  10404  2   0  10404
14  10406  3   1  0  10405
15  10406  2   1  10405
16  9864  3   0  0  9864
17  10406  2   0  10406
18  10324  2   0  10324
19  10238  2   0  10238
20  10406  2   0  10406
21  10400  3   0  0  10400
22  9870  2   0  9870
23  10406  3   4  0  10402
24  10406  2   0  10406
25  10400  2   584  9816
26  10404  3   0  1  10403
27  10330  5   0  3  148  0  10179
28  10236  2   0  10236
29  9678  3   1  0  9677
30  10404  4   0  0  1  10403
31  10406  2   0  10406
32  10232  2   0  10232
33  9640  2   0  9640
34  10340  2   1  10339
35  10198  2   0  10198
36  9524  2   0  9524
37  10406  2   1  10405
38  9482  2   2  9480
39  10365  3   0  0  10365
40  10406  4   0  0  0  10406
41  10406  3   0  0  10406
42  10219  3   0  0  10219
43  10406  2   0  10406
44  9414  2   0  9414
45  10372  4   0  0  0  10372
46  10406  3   1  0  10405
47  10143  3   0  1  10142
48  10406  3   0  0  10406
49  10216  3   0  0  10216
50  10402  2   0  10402
51  10124  2   0  10124
52  10376  2   1  10375
53  10404  3   0  1  10403
54  10406  3   0  0  10406
55  10374  2   0  10374
56  10406  2   0  10406
57  10404  3   0  0  10404
58  10362  2   0  10362
59  10205  3   0  2  10203
60  8912  3   0  0  8912
61  10358  2   0  10358
62  8466  2   0  8466
63  10200  2   0  10200
64  10366  2   0  10366
65  10188  2   0  10188
66  10106  2   0  10106
67  10398  3   0  0  10398
68  10300  4   0  0  0  10300
69  10182  3   0  1  10181
70  10210  2   0  10210
71  10204  2   0  10204
72  10368  3   0  0  10368
73  10234  2   0  10234
74  9394  2   0  9394
75  10284  2   0  10284
76  10390  2   0  10390
77  10368  3   0  0  10368
78  10175  3   0  0  10175
79  10384  3   0  0  10384
80  10380  2   0  10380
81  10238  2   0  10238
82  10370  2   0  10370
83  10382  2   0  10382
84  10342  2   0  10342
85  10370  2   0  10370
86  10332  2   1  10331
87  10402  3   0  0  10402
88  10171  3   0  0  10171
89  10404  3   0  0  10404
90  10272  2   2  10270
91  10368  2   0  10368
92  10328  2   0  10328
93  10402  3   0  33  10369
94  10336  2   0  10336
95  10288  2   1  10287
96  10360  2   7  10353
97  10392  2   0  10392
98  10394  2   0  10394
99  10348  3   0  0  10348
100  10168  3   0  0  10168
101  10404  3   3  1  10400
102  10398  3   0  0  10398
103  10350  2   0  10350
104  10166  2   0  10166
105  10328  2   0  10328
106  10340  2   0  10340
107  10400  2   0  10400
108  10290  2   0  10290
109  10400  3   0  0  10400
110  10403  4   0  17  0  10386
111  10318  2   3  10315
112  10192  2   0  10192
113  10402  2   0  10402
114  10300  3   1  0  10299
115  10402  2   0  10402
116  10292  2   0  10292
117  10402  3   0  0  10402
118  10186  5   1  0  0  0  10185
119  10404  3   1  0  10403
120  10286  3   0  0  10286
121  10402  2   0  10402
122  9948  3   0  2  9946
123  10325  3   0  0  10325
124  10404  2   0  10404
125  10332  2   0  10332
126  10226  2   0  10226
127  9612  2   1  9611
128  10340  3   0  1  10339
129  10232  3   0  0  10232
130  10340  3   1  0  10339
131  10247  4   0  0  0  10247
132  10314  2   344  9970
133  10402  2   0  10402
134  9626  2   0  9626
135  10256  3   0  2  10254
136  10304  2   110  10194
137  10306  3   0  0  10306
138  10402  2   2  10400
139  9521  4   0  0  0  9521
140  10300  3   0  1  10299
141  9468  3   0  19  9449
142  10404  3   0  0  10404
143  10146  3   0  2  10144
144  8474  2   0  8474
145  10308  2   1  10307
146  10404  2   0  10404
147  10115  3   1  1  10113
148  10048  2   0  10048
149  10076  2   28  10048
150  10404  3   0  0  10404
151  10074  2   7  10067
152  8822  2   288  8534
153  9900  2   0  9900
154  10389  4   7963  1  28  2397
155  9896  2   0  9896
156  10363  3   0  0  10363
157  8538  3   0  1  8537
158  10299  3   0  0  10299
159  10396  3   0  0  10396
160  8459  3   0  0  8459
161  10404  2   1  10403
162  10406  2   0  10406
163  8100  4   0  0  1  8099
164  10288  2   0  10288
165  10350  4   0  0  0  10350
166  10020  3   1  0  10019
167  10398  3   0  0  10398
168  8080  2   0  8080
169  10350  2   0  10350
170  9234  2   0  9234
171  10162  2   0  10162
172  10398  2   0  10398
173  7628  2   2  7626
174  10176  2   0  10176
175  10324  2   0  10324
176  8642  2   0  8642
177  10210  2   1  10209

[pop]=2
1  10950  3   0  0  10950
2  11578  2   0  11578
3  11578  2   4  11574
4  522  2   1  521
5  11508  2   1  11507
6  11578  3   1  0  11577
7  11578  3   1  0  11577
8  11512  2   0  11512
9  11454  3   0  0  11454
10  11520  2   3  11517
11  11578  2   0  11578
12  11578  3   1  0  11577
13  11578  2   0  11578
14  11578  3   0  0  11578
15  11578  2   1  11577
16  11528  3   0  0  11528
17  11578  2   0  11578
18  11566  2   2  11564
19  11504  2   0  11504
20  11578  2   4  11574
21  11478  3   0  0  11478
22  11530  2   0  11530
23  11578  3   0  3  11575
24  11578  2   0  11578
25  11462  2   1080  10382
26  11578  3   0  0  11578
27  11567  5   0  0  338  0  11229
28  11512  2   0  11512
29  11136  3   0  0  11136
30  11578  4   0  0  0  11578
31  11578  2   0  11578
32  11512  2   0  11512
33  11122  2   0  11122
34  11564  2   0  11564
35  11476  2   0  11476
36  11030  2   0  11030
37  11578  2   0  11578
38  11004  2   0  11004
39  11578  3   0  0  11578
40  11576  4   1  0  0  11575
41  11578  3   0  3  11575
42  11514  3   0  0  11514
43  11578  2   0  11578
44  10936  2   0  10936
45  11578  4   0  1  0  11577
46  11576  3   0  0  11576
47  11440  3   0  0  11440
48  11578  3   0  0  11578
49  11513  3   0  0  11513
50  11498  2   0  11498
51  11418  2   0  11418
52  11578  2   9  11569
53  11578  3   0  1  11577
54  11576  3   0  0  11576
55  11578  2   0  11578
56  11576  2   0  11576
57  11578  3   0  0  11578
58  11510  2   0  11510
59  11516  3   0  0  11516
60  10532  3   0  0  10532
61  11512  2   0  11512
62  9866  2   0  9866
63  11558  2   0  11558
64  11526  2   0  11526
65  11516  2   4  11512
66  11362  2   0  11362
67  11502  3   0  0  11502
68  11517  4   0  0  0  11517
69  11514  3   0  0  11514
70  11480  2   0  11480
71  11458  2   0  11458
72  11529  3   0  0  11529
73  11486  2   0  11486
74  11234  2   0  11234
75  11562  2   2  11560
76  11494  2   0  11494
77  11531  3   1  0  11530
78  11515  3   0  0  11515
79  11482  3   0  0  11482
80  11480  2   2  11478
81  11494  2   0  11494
82  11524  2   0  11524
83  11566  2   0  11566
84  11564  2   0  11564
85  11526  2   1  11525
86  11570  2   11  11559
87  11578  3   0  0  11578
88  11511  3   1  1  11509
89  11578  3   0  0  11578
90  11502  2   0  11502
91  11530  2   2  11528
92  11562  2   0  11562
93  11578  3   0  3  11575
94  11554  2   0  11554
95  11552  2   0  11552
96  11522  2   0  11522
97  11492  2   0  11492
98  11492  2   0  11492
99  11516  3   0  1  11515
100  11514  3   0  0  11514
101  11576  3   0  0  11576
102  11570  3   0  0  11570
103  11506  2   0  11506
104  11514  2   0  11514
105  11560  2   0  11560
106  11494  2   0  11494
107  11578  2   0  11578
108  11556  2   0  11556
109  11578  3   1  0  11577
110  11578  4   1  39  0  11538
111  11492  2   0  11492
112  11552  2   0  11552
113  11578  2   1  11577
114  11550  3   0  0  11550
115  11578  2   0  11578
116  11548  2   0  11548
117  11578  3   0  0  11578
118  11524  5   0  1  0  0  11523
119  11486  3   0  1  11485
120  11544  3   0  0  11544
121  11578  2   0  11578
122  11529  3   0  29  11500
123  11563  3   0  0  11563
124  11484  2   0  11484
125  11564  2   0  11564
126  11534  2   2  11532
127  11454  2   7  11447
128  11565  3   0  0  11565
129  11534  3   0  0  11534
130  11566  3   0  0  11566
131  11534  4   0  0  1  11533
132  11572  2   12  11560
133  11576  2   0  11576
134  11176  2   0  11176
135  11532  3   3  0  11529
136  11572  2   9  11563
137  11561  3   0  0  11561
138  11576  2   0  11576
139  11082  4   0  0  0  11082
140  11572  3   0  0  11572
141  11014  3   0  4  11010
142  11578  3   0  2  11576
143  11540  3   4  0  11536
144  11314  2   0  11314
145  11572  2   0  11572
146  11578  2   0  11578
147  11540  3   0  0  11540
148  11394  2   0  11394
149  11544  2   3  11541
150  11484  3   0  0  11484
151  11544  2   3  11541
152  10230  2   19  10211
153  11292  2   0  11292
154  11548  4   1727  0  2  9819
155  11292  2   0  11292
156  11573  3   0  0  11573
157  9864  3   1  0  9863
158  11571  3   0  0  11571
159  11576  3   1  1  11574
160  9726  3   0  0  9726
161  11482  2   38  11444
162  11578  2   0  11578
163  10961  4   0  0  0  10961
164  11572  2   3  11569
165  11566  4   0  0  0  11566
166  11525  3   0  0  11525
167  11571  3   0  0  11571
168  10928  2   0  10928
169  11566  2   0  11566
170  10690  2   1  10689
171  11494  2   0  11494
172  11572  2   0  11572
173  10488  2   5  10483
174  11496  2   0  11496
175  11552  2   0  11552
176  10054  2   0  10054
177  11486  2   0  11486

[pop]=3
1  8145  3   0  1  8144
2  8654  2   0  8654
3  8652  2   0  8652
4  618  2   0  618
5  8632  2   0  8632
6  8654  3   0  0  8654
7  8654  3   0  0  8654
8  8614  2   0  8614
9  8616  3   0  0  8616
10  8642  2   3  8639
11  8654  2   0  8654
12  8654  3   0  0  8654
13  8654  2   0  8654
14  8654  3   0  0  8654
15  8654  2   0  8654
16  8648  3   0  4  8644
17  8654  2   0  8654
18  8638  2   0  8638
19  8612  2   0  8612
20  8654  2   0  8654
21  8626  3   0  0  8626
22  8642  2   0  8642
23  8654  3   0  0  8654
24  8654  2   0  8654
25  8624  2   3  8621
26  8654  3   0  0  8654
27  8640  5   0  0  147  0  8493
28  8612  2   9  8603
29  8395  3   0  0  8395
30  8654  4   0  0  0  8654
31  8654  2   0  8654
32  8612  2   0  8612
33  8378  2   0  8378
34  8642  2   0  8642
35  8568  2   0  8568
36  8316  2   2  8314
37  8654  2   0  8654
38  8290  2   0  8290
39  8654  3   0  0  8654
40  8654  4   0  1  0  8653
41  8654  3   0  0  8654
42  8616  3   0  0  8616
43  8654  2   0  8654
44  8246  2   1  8245
45  8654  4   0  0  0  8654
46  8654  3   1  0  8653
47  8548  3   0  0  8548
48  8654  3   0  0  8654
49  8614  3   0  0  8614
50  8644  2   0  8644
51  8546  2   4  8542
52  8654  2   0  8654
53  8654  3   0  0  8654
54  8654  3   0  0  8654
55  8654  2   2  8652
56  8654  2   0  8654
57  8654  3   0  0  8654
58  8612  2   0  8612
59  8615  3   0  0  8615
60  7782  3   0  0  7782
61  8610  2   0  8610
62  7252  2   0  7252
63  8606  2   0  8606
64  8634  2   0  8634
65  8618  2   0  8618
66  8574  2   3  8571
67  8647  3   0  0  8647
68  8629  4   0  0  0  8629
69  8614  3   0  0  8614
70  8604  2   0  8604
71  8606  2   0  8606
72  8639  3   2  0  8637
73  8608  2   0  8608
74  8400  2   13  8387
75  8628  2   0  8628
76  8644  2   0  8644
77  8641  3   0  0  8641
78  8614  3   1  0  8613
79  8644  3   0  0  8644
80  8638  2   0  8638
81  8616  2   0  8616
82  8644  2   0  8644
83  8648  2   0  8648
84  8624  2   29  8595
85  8642  2   0  8642
86  8634  2   0  8634
87  8654  3   0  0  8654
88  8615  3   0  0  8615
89  8652  3   1  0  8651
90  8622  2   0  8622
91  8644  2   0  8644
92  8622  2   0  8622
93  8654  3   0  0  8654
94  8632  2   7  8625
95  8588  2   0  8588
96  8560  2   0  8560
97  8648  2   0  8648
98  8648  2   0  8648
99  8548  3   0  0  8548
100  8615  3   0  0  8615
101  8654  3   0  0  8654
102  8650  3   0  0  8650
103  8542  2   0  8542
104  8612  2   0  8612
105  8628  2   6  8622
106  8526  2   0  8526
107  8650  2   0  8650
108  8592  2   0  8592
109  8650  3   0  0  8650
110  8654  4   0  0  0  8654
111  8532  2   0  8532
112  8592  2   3  8589
113  8650  2   4  8646
114  8628  3   0  0  8628
115  8654  2   0  8654
116  8628  2   0  8628
117  8654  3   0  0  8654
118  8616  5   0  0  0  0  8616
119  8650  3   0  0  8650
120  8628  3   0  0  8628
121  8654  2   0  8654
122  8566  3   0  0  8566
123  8642  3   0  0  8642
124  8652  2   0  8652
125  8642  2   0  8642
126  8628  2   1  8627
127  8528  2   0  8528
128  8643  3   0  0  8643
129  8626  3   0  0  8626
130  8641  3   0  1  8640
131  8631  4   1  0  0  8630
132  8646  2   2  8644
133  8654  2   0  8654
134  8416  2   0  8416
135  8634  3   0  0  8634
136  8646  2   0  8646
137  8613  3   0  0  8613
138  8654  2   0  8654
139  8357  4   0  0  0  8357
140  8646  3   0  0  8646
141  8306  3   0  0  8306
142  8654  3   0  0  8654
143  8646  3   0  0  8646
144  8416  2   0  8416
145  8646  2   0  8646
146  8654  2   0  8654
147  8648  3   0  0  8648
148  8528  2   0  8528
149  8648  2   0  8648
150  8654  3   0  0  8654
151  8648  2   0  8648
152  7678  2   0  7678
153  8458  2   0  8458
154  8632  4   1118  0  0  7514
155  8458  2   6  8452
156  8650  3   0  0  8650
157  7389  3   0  1  7388
158  8646  3   0  0  8646
159  8651  3   0  0  8651
160  7313  3   0  4  7309
161  8650  2   0  8650
162  8654  2   0  8654
163  7931  4   1  0  0  7930
164  8646  2   0  8646
165  8648  4   0  0  0  8648
166  8625  3   0  0  8625
167  8648  3   0  0  8648
168  7918  2   0  7918
169  8646  2   1  8645
170  8088  2   0  8088
171  8608  2   0  8608
172  8648  2   18  8630
173  7526  2   0  7526
174  8614  2   0  8614
175  8622  2   0  8622
176  7598  2   0  7598
177  8614  2   1  8613

[pop]=4
1  5546  3   0  0  5546
2  6614  2   0  6614
3  6614  2   0  6614
4  74  2   0  74
5  6568  2   0  6568
6  6614  3   0  0  6614
7  6614  3   0  0  6614
8  6612  2   0  6612
9  6576  3   0  0  6576
10  6586  2   0  6586
11  6614  2   0  6614
12  6614  3   0  0  6614
13  6614  2   0  6614
14  6614  3   0  0  6614
15  6614  2   0  6614
16  6604  3   0  0  6604
17  6614  2   1  6613
18  6614  2   0  6614
19  6612  2   0  6612
20  6614  2   0  6614
21  6596  3   0  0  6596
22  6606  2   0  6606
23  6614  3   0  0  6614
24  6614  2   0  6614
25  6596  2   1357  5239
26  6614  3   0  0  6614
27  6613  5   0  0  338  0  6275
28  6612  2   0  6612
29  5827  3   0  0  5827
30  6614  4   0  0  0  6614
31  6614  2   0  6614
32  6612  2   0  6612
33  5780  2   0  5780
34  6614  2   0  6614
35  6340  2   0  6340
36  5680  2   0  5680
37  6614  2   0  6614
38  5638  2   0  5638
39  6614  3   0  0  6614
40  6614  4   0  0  0  6614
41  6614  3   0  0  6614
42  6612  3   0  0  6612
43  6614  2   0  6614
44  5592  2   0  5592
45  6614  4   0  0  0  6614
46  6614  3   0  0  6614
47  6261  3   0  0  6261
48  6614  3   0  0  6614
49  6612  3   0  1  6611
50  6602  2   0  6602
51  6220  2   0  6220
52  6614  2   0  6614
53  6614  3   0  0  6614
54  6614  3   0  0  6614
55  6614  2   0  6614
56  6614  2   0  6614
57  6614  3   0  0  6614
58  6592  2   0  6592
59  6612  3   0  0  6612
60  5116  3   0  0  5116
61  6594  2   0  6594
62  4734  2   0  4734
63  6610  2   0  6610
64  6594  2   0  6594
65  6612  2   0  6612
66  6164  2   0  6164
67  6604  3   0  0  6604
68  6607  4   0  0  0  6607
69  6612  3   0  0  6612
70  6316  2   0  6316
71  6392  2   0  6392
72  6595  3   0  0  6595
73  6342  2   0  6342
74  6176  2   0  6176
75  6604  2   0  6604
76  6602  2   0  6602
77  6597  3   0  0  6597
78  6612  3   0  0  6612
79  6600  3   0  0  6600
80  6596  2   0  6596
81  6432  2   0  6432
82  6594  2   0  6594
83  6612  2   0  6612
84  6612  2   0  6612
85  6596  2   0  6596
86  6612  2   4  6608
87  6614  3   0  0  6614
88  6610  3   0  0  6610
89  6614  3   0  0  6614
90  6452  2   0  6452
91  6592  2   0  6592
92  6612  2   0  6612
93  6614  3   0  0  6614
94  6550  2   0  6550
95  6610  2   0  6610
96  6606  2   0  6606
97  6606  2   0  6606
98  6606  2   0  6606
99  6604  3   0  0  6604
100  6612  3   0  0  6612
101  6614  3   0  0  6614
102  6614  3   0  0  6614
103  6600  2   1  6599
104  6612  2   0  6612
105  6590  2   0  6590
106  6604  2   1  6603
107  6614  2   0  6614
108  6612  2   0  6612
109  6614  3   0  0  6614
110  6614  4   0  8  0  6606
111  6600  2   0  6600
112  6610  2   0  6610
113  6614  2   0  6614
114  6564  3   0  0  6564
115  6614  2   0  6614
116  6556  2   0  6556
117  6614  3   0  0  6614
118  6612  5   0  0  0  0  6612
119  6603  3   0  0  6603
120  6546  3   0  0  6546
121  6614  2   0  6614
122  6593  3   0  8  6585
123  6614  3   0  0  6614
124  6604  2   0  6604
125  6614  2   2  6612
126  6612  2   0  6612
127  6564  2   0  6564
128  6614  3   0  0  6614
129  6612  3   0  0  6612
130  6614  3   0  0  6614
131  6612  4   0  0  0  6612
132  6614  2   0  6614
133  6614  2   0  6614
134  5952  2   0  5952
135  6612  3   0  0  6612
136  6614  2   0  6614
137  6608  3   0  0  6608
138  6612  2   0  6612
139  5807  4   0  0  0  5807
140  6614  3   0  0  6614
141  5724  3   0  0  5724
142  6614  3   0  0  6614
143  6612  3   0  0  6612
144  6354  2   0  6354
145  6614  2   3  6611
146  6614  2   0  6614
147  6612  3   0  0  6612
148  6354  2   0  6354
149  6610  2   0  6610
150  6598  3   0  0  6598
151  6610  2   60  6550
152  5118  2   0  5118
153  6260  2   0  6260
154  6614  4   1410  0  0  5204
155  6256  2   0  6256
156  6614  3   0  0  6614
157  4781  3   0  0  4781
158  6614  3   0  0  6614
159  6614  3   0  0  6614
160  4681  3   0  0  4681
161  6596  2   0  6596
162  6614  2   0  6614
163  6036  4   0  0  0  6036
164  6614  2   0  6614
165  6614  4   6  0  0  6608
166  6611  3   3  0  6608
167  6614  3   0  0  6614
168  6008  2   0  6008
169  6614  2   0  6614
170  5838  2   0  5838
171  6608  2   0  6608
172  6614  2   0  6614
173  5670  2   0  5670
174  6606  2   0  6606
175  6610  2   0  6610
176  5410  2   0  5410
177  6608  2   0  6608

[pop]=5
1  62296  3   1  0  62295
2  66740  2   0  66740
3  66552  2   0  66552
4  6766  2   13  6753
5  65746  2   4  65742
6  66740  3   0  0  66740
7  66740  3   0  7  66733
8  66282  2   0  66282
9  66502  3   1  1  66500
10  65826  2   5  65821
11  66740  2   3  66737
12  66740  3   2  1  66737
13  66740  2   0  66740
14  66740  3   0  0  66740
15  66722  2   25  66697
16  65982  3   0  0  65982
17  66740  2   1  66739
18  66258  2   3  66255
19  66262  2   7  66255
20  66674  2   12  66662
21  66616  3   1  1  66614
22  66018  2   0  66018
23  66740  3   0  0  66740
24  66676  2   5  66671
25  66614  2   14492  52122
26  66740  3   0  0  66740
27  66316  5   0  0  5770  2  60544
28  66258  2   0  66258
29  63802  3   0  6  63796
30  66740  4   0  1  0  66739
31  66740  2   2  66738
32  66254  2   0  66254
33  63642  2   3  63639
34  66366  2   1  66365
35  64430  2   2  64428
36  63078  2   0  63078
37  66740  2   1  66739
38  62872  2   0  62872
39  66719  3   1  1  66717
40  66740  4   0  0  1  66739
41  66716  3   1  0  66715
42  66238  3   1  0  66237
43  66662  2   2  66660
44  62530  2   1  62529
45  66722  4   1  0  1  66720
46  66740  3   0  1  66739
47  64095  3   1  0  64094
48  66718  3   1  1  66716
49  66224  3   1  20  66203
50  66646  2   0  66646
51  63994  2   0  63994
52  66722  2   41  66681
53  66740  3   0  0  66740
54  66632  3   0  4  66628
55  66730  2   0  66730
56  66738  2   0  66738
57  66740  3   1  0  66739
58  66366  2   1  66365
59  66214  3   1  0  66213
60  59860  3   1  0  59859
61  66364  2   1  66363
62  57146  2   2  57144
63  66392  2   3  66389
64  66460  2   2  66458
65  66182  2   0  66182
66  64798  2   0  64798
67  66590  3   2  2  66586
68  66439  4   0  1  1  66437
69  66170  3   0  0  66170
70  65488  2   1  65487
71  65766  2   0  65766
72  66486  3   0  0  66486
73  65560  2   1  65559
74  63422  2   0  63422
75  66540  2   6  66534
76  66506  2   0  66506
77  66503  3   0  2  66501
78  66152  3   0  1  66151
79  66488  3   1  1  66486
80  66440  2   0  66440
81  65930  2   0  65930
82  66492  2   8  66484
83  66690  2   0  66690
84  66550  2   0  66550
85  66498  2   0  66498
86  66588  2   170  66418
87  66738  3   1  0  66737
88  66150  3   0  0  66150
89  66618  3   0  1  66617
90  66028  2   0  66028
91  66500  2   0  66500
92  66512  2   2  66510
93  66740  3   1  4  66735
94  66132  2   0  66132
95  66064  2   2  66062
96  66234  2   2  66232
97  66616  2   2  66614
98  66644  2   2  66642
99  66178  3   1  0  66177
100  66170  3   1  1  66168
101  66734  3   0  4  66730
102  66403  3   1  0  66402
103  66156  2   17  66139
104  66174  2   2  66172
105  66174  2   0  66174
106  66146  2   1  66145
107  66728  2   0  66728
108  66074  2   2  66072
109  66729  3   0  2  66727
110  66735  4   0  486  1  66248
111  66168  2   0  66168
112  65946  2   0  65946
113  66734  2   1  66733
114  66018  3   0  1  66017
115  66726  2   3  66723
116  65972  2   2  65970
117  66720  3   1  1  66718
118  66242  5   0  0  0  1  66241
119  66683  3   0  0  66683
120  65938  3   0  1  65937
121  66714  2   6  66708
122  65338  3   3  334  65001
123  66583  3   1  0  66582
124  66688  2   15  66673
125  66600  2   1  66599
126  66312  2   0  66312
127  64408  2   13  64395
128  66609  3   1  0  66608
129  66338  3   1  1  66336
130  66618  3   5  4  66609
131  66352  4   0  2  0  66350
132  66486  2   8  66478
133  66706  2   2  66704
134  63542  2   0  63542
135  66358  3   0  18  66340
136  66462  2   6  66456
137  66640  3   1  1  66638
138  66704  2   66  66638
139  63007  4   1  1  2  63003
140  66472  3   1  0  66471
141  62674  3   0  1  62673
142  66738  3   0  0  66738
143  66584  3   1  0  66583
144  61126  2   2  61124
145  66440  2   34  66406
146  66738  2   4  66734
147  66603  3   0  0  66603
148  64480  2   0  64480
149  66598  2   0  66598
150  66644  3   0  1  66643
151  66606  2   344  66262
152  58794  2   5  58789
153  63696  2   3  63693
154  66625  4   15847  0  0  50778
155  63694  2   0  63694
156  66635  3   1  1  66633
157  56929  3   0  1  56928
158  66401  3   2  0  66399
159  66683  3   0  0  66683
160  56241  3   0  0  56241
161  66612  2   3  66609
162  66738  2   2  66736
163  59257  4   0  0  2  59255
164  66372  2   7  66365
165  66578  4   1  1  1  66575
166  66416  3   31  1  66384
167  66700  3   1  0  66699
168  59040  2   7  59033
169  66636  2   0  66636
170  60276  2   1  60275
171  66232  2   2  66230
172  66706  2   0  66706
173  56066  2   0  56066
174  66226  2   1  66225
175  66422  2   2  66420
176  56984  2   2  56982
177  66206  2   0  66206

[pop]=6
1  801  3   0  0  801
2  908  2   0  908
3  904  2   0  904
4  170  2   0  170
5  890  2   0  890
6  908  3   0  0  908
7  908  3   0  0  908
8  902  2   0  902
9  904  3   0  0  904
10  890  2   0  890
11  908  2   0  908
12  908  3   0  0  908
13  908  2   0  908
14  908  3   0  0  908
15  908  2   0  908
16  892  3   0  0  892
17  908  2   0  908
18  902  2   0  902
19  902  2   0  902
20  904  2   0  904
21  906  3   0  0  906
22  894  2   0  894
23  908  3   0  0  908
24  904  2   0  904
25  904  2   135  769
26  908  3   0  0  908
27  902  5   0  0  51  0  851
28  902  2   0  902
29  836  3   0  0  836
30  908  4   0  0  0  908
31  908  2   0  908
32  902  2   0  902
33  834  2   0  834
34  902  2   0  902
35  830  2   0  830
36  826  2   0  826
37  908  2   0  908
38  826  2   0  826
39  906  3   0  0  906
40  908  4   0  0  0  908
41  908  3   0  0  908
42  900  3   0  0  900
43  906  2   0  906
44  822  2   0  822
45  906  4   0  0  0  906
46  908  3   0  0  908
47  814  3   0  0  814
48  908  3   0  0  908
49  900  3   0  0  900
50  904  2   0  904
51  812  2   0  812
52  906  2   1  905
53  908  3   0  0  908
54  906  3   0  0  906
55  906  2   0  906
56  908  2   0  908
57  908  3   0  0  908
58  902  2   0  902
59  900  3   0  0  900
60  782  3   0  0  782
61  902  2   0  902
62  754  2   0  754
63  906  2   0  906
64  904  2   0  904
65  900  2   0  900
66  866  2   0  866
67  904  3   0  0  904
68  902  4   0  0  0  902
69  900  3   0  0  900
70  880  2   1  879
71  876  2   0  876
72  904  3   0  0  904
73  886  2   0  886
74  856  2   0  856
75  908  2   0  908
76  902  2   0  902
77  902  3   0  0  902
78  898  3   0  0  898
79  902  3   0  0  902
80  898  2   0  898
81  886  2   0  886
82  902  2   0  902
83  908  2   0  908
84  902  2   0  902
85  902  2   0  902
86  908  2   1  907
87  908  3   0  0  908
88  898  3   0  0  898
89  906  3   0  0  906
90  888  2   0  888
91  902  2   0  902
92  902  2   0  902
93  908  3   0  0  908
94  900  2   0  900
95  900  2   3  897
96  904  2   0  904
97  908  2   0  908
98  906  2   0  906
99  902  3   0  0  902
100  900  3   0  0  900
101  908  3   0  0  908
102  902  3   0  0  902
103  902  2   0  902
104  900  2   0  900
105  902  2   0  902
106  904  2   0  904
107  908  2   0  908
108  902  2   0  902
109  908  3   0  0  908
110  908  4   0  2  0  906
111  904  2   0  904
112  902  2   0  902
113  908  2   0  908
114  898  3   0  0  898
115  908  2   0  908
116  896  2   0  896
117  908  3   0  0  908
118  902  5   0  0  0  0  902
119  906  3   0  0  906
120  894  3   0  0  894
121  908  2   0  908
122  894  3   0  12  882
123  904  3   0  0  904
124  906  2   0  906
125  904  2   0  904
126  902  2   0  902
127  880  2   0  880
128  904  3   0  0  904
129  902  3   0  0  902
130  904  3   0  0  904
131  902  4   0  0  0  902
132  904  2   2  902
133  908  2   0  908
134  840  2   0  840
135  902  3   0  0  902
136  904  2   1  903
137  908  3   0  0  908
138  908  2   0  908
139  829  4   0  0  0  829
140  904  3   0  0  904
141  824  3   0  0  824
142  908  3   0  0  908
143  906  3   0  0  906
144  832  2   0  832
145  906  2   1  905
146  908  2   0  908
147  906  3   0  0  906
148  846  2   0  846
149  906  2   0  906
150  908  3   0  0  908
151  906  2   2  904
152  760  2   2  758
153  822  2   0  822
154  907  4   209  0  0  698
155  820  2   0  820
156  908  3   0  0  908
157  729  3   0  0  729
158  906  3   0  0  906
159  905  3   0  0  905
160  725  3   0  0  725
161  906  2   0  906
162  908  2   0  908
163  801  4   0  0  0  801
164  904  2   0  904
165  908  4   0  0  0  908
166  903  3   0  0  903
167  906  3   0  0  906
168  798  2   0  798
169  904  2   0  904
170  754  2   2  752
171  900  2   0  900
172  906  2   0  906
173  748  2   0  748
174  900  2   0  900
175  908  2   0  908
176  674  2   0  674
177  900  2   0  900

[pop]=7
1  15562  3   0  0  15562
2  16512  2   0  16512
3  16302  2   0  16302
4  8022  2   13  8009
5  16474  2   0  16474
6  16512  3   0  1  16511
7  16512  3   0  0  16512
8  16448  2   0  16448
9  16488  3   0  0  16488
10  16474  2   0  16474
11  16512  2   0  16512
12  16512  3   0  0  16512
13  16512  2   2  16510
14  16512  3   0  5  16507
15  16510  2   3  16507
16  16476  3   1  0  16475
17  16512  2   0  16512
18  16510  2   1  16509
19  16448  2   1  16447
20  16490  2   0  16490
21  16498  3   0  0  16498
22  16472  2   4  16468
23  16512  3   0  0  16512
24  16500  2   0  16500
25  16500  2   1069  15431
26  16512  3   2  0  16510
27  16510  5   1  0  360  0  16149
28  16444  2   0  16444
29  15927  3   0  0  15927
30  16512  4   2  0  0  16510
31  16512  2   0  16512
32  16444  2   3  16441
33  15904  2   0  15904
34  16510  2   0  16510
35  12594  2   0  12594
36  15732  2   1  15731
37  16512  2   1  16511
38  15684  2   0  15684
39  16512  3   0  0  16512
40  16512  4   0  0  0  16512
41  16506  3   0  0  16506
42  16446  3   0  1  16445
43  16458  2   0  16458
44  15612  2   0  15612
45  16512  4   0  0  0  16512
46  16512  3   0  0  16512
47  12017  3   0  0  12017
48  16510  3   0  0  16510
49  16442  3   0  1  16441
50  16506  2   2  16504
51  11862  2   0  11862
52  16512  2   0  16512
53  16512  3   6  0  16506
54  16386  3   1  0  16385
55  16512  2   1  16511
56  16510  2   6  16504
57  16512  3   0  1  16511
58  16480  2   1  16479
59  16444  3   0  0  16444
60  14992  3   0  2  14990
61  16476  2   1  16475
62  14440  2   0  14440
63  16484  2   0  16484
64  16484  2   0  16484
65  16436  2   0  16436
66  16232  2   0  16232
67  16496  3   0  0  16496
68  16381  4   2  0  0  16379
69  16435  3   1  0  16434
70  16438  2   0  16438
71  16478  2   5  16473
72  16490  3   0  4  16486
73  16456  2   1  16455
74  16330  2   0  16330
75  16508  2   2  16506
76  16468  2   3  16465
77  16489  3   0  0  16489
78  16434  3   0  0  16434
79  16452  3   0  0  16452
80  16416  2   0  16416
81  16500  2   4  16496
82  16490  2   0  16490
83  16502  2   2  16500
84  16478  2   1  16477
85  16490  2   11  16479
86  16510  2   22  16488
87  16512  3   0  1  16511
88  16434  3   0  0  16434
89  16306  3   0  0  16306
90  16506  2   0  16506
91  16494  2   0  16494
92  16492  2   0  16492
93  16512  3   0  0  16512
94  16508  2   0  16508
95  16508  2   50  16458
96  16488  2   0  16488
97  16496  2   0  16496
98  16500  2   0  16500
99  16486  3   0  0  16486
100  16437  3   0  0  16437
101  16512  3   0  0  16512
102  15827  3   0  4  15823
103  16488  2   1  16487
104  16440  2   0  16440
105  16510  2   0  16510
106  16484  2   0  16484
107  16512  2   19  16493
108  16506  2   0  16506
109  16512  3   0  0  16512
110  16512  4   0  8  0  16504
111  16482  2   0  16482
112  16506  2   0  16506
113  16512  2   0  16512
114  16468  3   0  0  16468
115  16512  2   0  16512
116  16440  2   0  16440
117  16512  3   0  0  16512
118  16452  5   0  0  9  0  16443
119  16510  3   0  0  16510
120  16414  3   1  0  16413
121  16512  2   0  16512
122  16503  3   0  117  16386
123  16496  3   0  1  16495
124  16510  2   0  16510
125  16498  2   0  16498
126  16456  2   1  16455
127  16498  2   0  16498
128  16498  3   0  0  16498
129  16456  3   0  0  16456
130  16498  3   0  0  16498
131  16457  4   0  1  0  16456
132  16304  2   1  16303
133  16510  2   3  16507
134  16236  2   2  16234
135  16460  3   0  0  16460
136  16306  2   1  16305
137  16501  3   0  0  16501
138  16510  2   0  16510
139  16157  4   0  0  0  16157
140  16330  3   0  0  16330
141  16094  3   1  1  16092
142  16512  3   1  0  16511
143  16490  3   0  0  16490
144  16398  2   0  16398
145  16370  2   0  16370
146  16512  2   0  16512
147  16491  3   0  0  16491
148  14872  2   2  14870
149  16490  2   0  16490
150  16506  3   1  0  16505
151  16490  2   21  16469
152  15514  2   2  15512
153  14184  2   0  14184
154  16499  4   3131  0  1  13367
155  14168  2   0  14168
156  16510  3   0  0  16510
157  15201  3   0  0  15201
158  16409  3   0  1  16408
159  16508  3   0  0  16508
160  15076  3   3  0  15073
161  16494  2   0  16494
162  16512  2   0  16512
163  16121  4   0  1  0  16120
164  16408  2   0  16408
165  16510  4   0  0  0  16510
166  16465  3   0  0  16465
167  16508  3   0  4  16504
168  16100  2   0  16100
169  16500  2   1  16499
170  11826  2   60  11766
171  16454  2   0  16454
172  16508  2   0  16508
173  15678  2   0  15678
174  16454  2   1  16453
175  16500  2   0  16500
176  10396  2   0  10396
177  16442  2   0  16442

