[loci]=416

[populations]=7

[pop]=1
1  4882  2   0  4882
2  10374  2   0  10374
3  10100  2   0  10100
4  10404  2   0  10404
5  10344  2   1  10343
6  10100  2   0  10100
7  10352  2   0  10352
8  10376  3   1  0  10375
9  10376  3   0  0  10376
10  9652  2   0  9652
11  3319  2   3  3316
12  10073  4   0  0  0  10073
13  10401  3   0  2  10399
14  10396  2   1  10395
15  10338  2   70  10268
16  10399  4   0  0  0  10399
17  10378  2   0  10378
18  3667  2   0  3667
19  10360  2   0  10360
20  10402  2   3  10399
21  10378  3   0  0  10378
22  10056  2   2  10054
23  10360  3   1  1  10358
24  10278  2   0  10278
25  10012  2   0  10012
26  10361  4   0  0  0  10361
27  10381  3   1  3  10377
28  4164  3   1  0  4163
29  10138  2   0  10138
30  10400  2   0  10400
31  10383  3   1  0  10382
32  9878  2   0  9878
33  10402  4   0  0  0  10402
34  9810  2   4  9806
35  10316  2   0  10316
36  9948  3   0  0  9948
37  10385  3   0  0  10385
38  10402  2   0  10402
39  10357  3   0  0  10357
40  10330  2   0  10330
41  10204  3   0  0  10204
42  4915  3   0  0  4915
43  10390  2   2  10388
44  10386  2   4  10382
45  10404  3   0  1  10403
46  9996  2   0  9996
47  10402  3   0  0  10402
48  10406  3   2  1  10403
49  10396  3   0  1  10395
50  10404  2   2  10402
51  10243  4   0  0  0  10243
52  10389  4   0  0  0  10389
53  10170  2   0  10170
54  10406  2   0  10406
55  9856  2   0  9856
56  10392  2   0  10392
57  10178  2   0  10178
58  10404  5   0  1  0  0  10403
59  10355  3   0  0  10355
60  10288  2   0  10288
61  10352  2   0  10352
62  10406  2   0  10406
63  9641  4   0  0  0  9641
64  10308  2   448  9860
65  10392  2   0  10392
66  6116  3   0  0  6116
67  10406  2   0  10406
68  10406  3   0  0  10406
69  9589  3   0  0  9589
70  10324  3   0  0  10324
71  10346  2   2  10344
72  7608  2   0  7608
73  10406  2   0  10406
74  10392  3   0  0  10392
75  10338  4   0  0  48  10290
76  10404  2   0  10404
77  10388  3   6039  0  4349
78  7654  2   0  7654
79  10404  3   0  0  10404
80  10406  2   0  10406
81  10357  3   0  179  10178
82  10404  4   0  0  0  10404
83  10406  2   0  10406
84  6678  2   1  6677
85  7665  2   0  7665
86  10406  3   0  0  10406
87  10364  2   0  10364
88  10406  2   0  10406
89  10404  2   0  10404
90  7644  2   0  7644
91  10406  2   1  10405
92  10356  2   0  10356
93  10404  2   3  10401
94  10406  2   0  10406
95  10256  2   0  10256
96  10356  2   0  10356
97  10406  2   0  10406
98  10366  2   6  10360
99  10351  4   0  0  152  10199
100  10356  2   0  10356
101  7076  2   0  7076
102  10365  4   0  0  0  10365
103  10354  3   0  0  10354
104  7096  3   0  1  7095
105  10280  2   1  10279
106  7487  3   0  0  7487
107  10406  4   193  4  8678  1531
108  10280  3   0  0  10280
109  10406  2   0  10406
110  10366  2   0  10366
111  10318  2   0  10318
112  9602  2   2  9600
113  10282  2   0  10282
114  10406  3   0  0  10406
115  10402  3   0  0  10402
116  10286  2   0  10286
117  10400  2   0  10400
118  10406  2   0  10406
119  10288  2   1  10287
120  10406  3   0  0  10406
121  10398  2   0  10398
122  10284  2   0  10284
123  6999  3   0  0  6999
124  10346  2   0  10346
125  10406  2   0  10406
126  10400  2   30  10370
127  10342  2   0  10342
128  7057  2   0  7057
129  10406  3   0  1  10405
130  10232  2   1  10231
131  10362  2   1  10361
132  10217  3   0  1  10216
133  6925  2   1  6924
134  10406  2   0  10406
135  10365  3   0  0  10365
136  10400  2   0  10400
137  10406  2   0  10406
138  6774  2   0  6774
139  10311  3   0  0  10311
140  10202  2   0  10202
141  10367  3   0  1  10366
142  6822  2   287  6535
143  10368  3   0  0  10368
144  10406  2   4  10402
145  6606  2   1  6605
146  10404  2   0  10404
147  6675  3   0  0  6675
148  10368  3   0  0  10368
149  10396  2   0  10396
150  10308  3   0  0  10308
151  10406  2   0  10406
152  10406  3   0  4  10402
153  10376  2   0  10376
154  10406  2   0  10406
155  10369  3   0  0  10369
156  10392  2   0  10392
157  10262  2   1  10261
158  10032  2   0  10032
159  10140  2   0  10140
160  10406  2   2  10404
161  10394  2   0  10394
162  10406  2   0  10406
163  9848  3   0  0  9848
164  10402  3   0  0  10402
165  5115  3   0  0  5115
166  10365  3   0  0  10365
167  10198  2   0  10198
168  10366  3   0  0  10366
169  9568  3   1  0  9567
170  10194  2   0  10194
171  10364  2   195  10169
172  9425  3   491  0  8934
173  10404  3   0  3  10401
174  10392  3   0  0  10392
175  10369  3   0  1  10368
176  10196  2   0  10196
177  4573  3   0  0  4573
178  10372  3   0  0  10372
179  10084  3   0  1  10083
180  4221  2   0  4221
181  10372  3   0  1  10371
182  10374  2   0  10374
183  10080  2   0  10080
184  8848  2   0  8848
185  4074  2   2  4072
186  10366  2   4  10362
187  3987  2   0  3987
188  10365  3   0  2  10363
189  10384  3   0  0  10384
190  10034  3   0  0  10034
191  10352  3   0  0  10352
192  10022  2   0  10022
193  3712  3   0  0  3712
194  10386  2   0  10386
195  10402  3   0  0  10402
196  10404  3   0  0  10404
197  10200  3   0  0  10200
198  3621  2   0  3621
199  10402  2   11  10391
200  10277  4   0  0  2  10275
201  10402  2   0  10402
202  10214  2   0  10214
203  10214  2   0  10214
204  10404  2   1  10403
205  10287  4   0  0  0  10287
206  10290  3   0  1  10289
207  10306  2   0  10306
208  10194  2   0  10194
209  10394  2   0  10394
210  10406  2   0  10406
211  10281  4   2  2  0  10277
212  10402  3   0  0  10402
213  10250  2   0  10250
214  9983  4   0  2  2  9979
215  10402  2   0  10402
216  10402  2   2  10400
217  10402  2   0  10402
218  10406  2   0  10406
219  10400  3   0  0  10400
220  10402  2   0  10402
221  10328  2   0  10328
222  10335  3   0  0  10335
223  10378  2   0  10378
224  10108  2   3  10105
225  10198  2   0  10198
226  10406  3   0  5  10401
227  10406  2   0  10406
228  10404  3   0  0  10404
229  10356  3   0  0  10356
230  10404  2   0  10404
231  10404  2   1  10403
232  10358  2   1  10357
233  10404  3   0  0  10404
234  10152  3   0  0  10152
235  1666  3   0  2  1664
236  10360  2   0  10360
237  10360  3   0  0  10360
238  10406  3   0  0  10406
239  10380  2   0  10380
240  10404  2   0  10404
241  10358  2   1  10357
242  10360  4   1  0  0  10359
243  10357  4   0  0  0  10357
244  10366  2   0  10366
245  10352  2   0  10352
246  10062  2   0  10062
247  10404  4   0  0  0  10404
248  10372  2   0  10372
249  10346  2   0  10346
250  10404  3   5  0  10399
251  10372  3   1  0  10371
252  10346  2   0  10346
253  10403  3   1  1  10401
254  10402  2   0  10402
255  10406  2   0  10406
256  10138  2   0  10138
257  10244  2   0  10244
258  10404  2   0  10404
259  10052  2   0  10052
260  1224  3   4  0  1220
261  10144  2   0  10144
262  10378  3   1  12  10365
263  10104  2   0  10104
264  10404  2   9  10395
265  10402  2   0  10402
266  10404  3   1  0  10403
267  10406  2   0  10406
268  10379  4   0  0  0  10379
269  10404  2   0  10404
270  1264  3   51  0  1213
271  10206  3   2  0  10204
272  10248  2   0  10248
273  10404  3   0  0  10404
274  10218  3   0  0  10218
275  10404  3   0  0  10404
276  10380  3   0  0  10380
277  10406  2   1  10405
278  1240  3   0  0  1240
279  10406  3   0  0  10406
280  10380  3   2  0  10378
281  10225  3   0  0  10225
282  10406  4   0  1  0  10405
283  10210  2   0  10210
284  10314  3   0  0  10314
285  10290  2   1  10289
286  10231  3   0  0  10231
287  10401  8   0  0  0  0  0  0  700  9701
288  10318  2   0  10318
289  10404  2   0  10404
290  10381  4   0  0  0  10381
291  10406  4   1  0  6  10399
292  10334  2   222  10112
293  10196  3   0  0  10196
294  10404  3   1  0  10403
295  10338  2   0  10338
296  10320  3   0  2  10318
297  10388  5   0  0  5975  0  4413
298  10404  2   0  10404
299  10328  3   0  1  10327
300  10404  2   0  10404
301  10336  3   0  0  10336
302  10400  2   0  10400
303  10402  2   5  10397
304  10280  2   0  10280
305  1564  4   0  0  0  1564
306  10336  2   1  10335
307  10400  2   1  10399
308  10406  3   2  2  10402
309  10406  2   0  10406
310  10320  2   195  10125
311  10400  3   0  0  10400
312  10254  3   0  0  10254
313  10338  2   0  10338
314  10332  2   0  10332
315  10249  3   0  6  10243
316  10277  3   0  0  10277
317  10326  2   2  10324
318  10318  3   0  0  10318
319  1994  5   0  1  3  3  1987
320  10252  3   0  1  10251
321  10400  2   0  10400
322  2048  2   0  2048
323  10406  2   0  10406
324  10332  3   5  0  10327
325  9513  4   0  1  1  9511
326  10404  2   1  10403
327  9122  2   0  9122
328  9557  3   0  1  9556
329  9942  2   0  9942
330  8966  3   0  0  8966
331  10399  4   0  0  1  10398
332  10177  3   1  0  10176
333  2404  2   0  2404
334  10330  2   2813  7517
335  10390  2   0  10390
336  4052  2   0  4052
337  10390  4   0  0  0  10390
338  4141  2   81  4060
339  10400  4   0  0  0  10400
340  10155  3   0  1  10154
341  4166  3   0  0  4166
342  10397  3   0  0  10397
343  10396  2   0  10396
344  10122  2   126  9996
345  4399  2   0  4399
346  10391  3   0  0  10391
347  10099  3   0  0  10099
348  10388  3   0  0  10388
349  10388  3   0  0  10388
350  10336  5   1  0  0  0  10335
351  9967  3   0  0  9967
352  10395  4   0  27  1  10367
353  4487  2   0  4487
354  10398  3   0  0  10398
355  10086  2   0  10086
356  10074  3   0  0  10074
357  10404  3   0  0  10404
358  10398  2   8037  2361
359  10404  4   0  0  1  10403
360  4564  2   0  4564
361  10044  3   0  1  10043
362  4598  2   0  4598
363  10404  2   0  10404
364  10406  2   0  10406
365  10332  2   0  10332
366  10340  2   0  10340
367  10404  2   2  10402
368  10397  3   0  0  10397
369  10403  4   0  0  328  10075
370  10402  2   3  10399
371  10370  2   2  10368
372  9988  3   0  0  9988
373  4583  2   0  4583
374  10334  3   1  0  10333
375  10112  2   0  10112
376  10404  2   0  10404
377  10370  2   38  10332
378  10397  3   0  0  10397
379  10337  3   0  0  10337
380  10404  3   0  0  10404
381  10280  2   0  10280
382  10406  3   0  0  10406
383  10338  2   0  10338
384  10092  2   0  10092
385  10370  2   2  10368
386  10286  3   0  0  10286
387  4528  2   1  4527
388  10360  2   0  10360
389  10254  2   0  10254
390  10364  2   1  10363
391  4541  4   0  0  0  4541
392  10270  2   0  10270
393  10364  4   0  0  0  10364
394  10368  2   0  10368
395  4517  2   0  4517
396  10276  2   447  9829
397  10308  2   0  10308
398  10340  2   0  10340
399  10268  2   0  10268
400  10406  2   1  10405
401  10309  3   0  0  10309
402  10374  3   0  2  10372
403  10272  2   0  10272
404  10353  3   0  0  10353
405  10404  2   0  10404
406  10349  3   0  0  10349
407  10404  2   0  10404
408  10272  2   0  10272
409  10382  2   1  10381
410  10404  3   0  0  10404
411  10350  2   0  10350
412  10406  2   0  10406
413  10328  2   0  10328
414  10342  2   0  10342
415  10350  3   0  0  10350
416  10212  2   1  10211

[pop]=2
1  3274  2   1  3273
2  11572  2   12  11560
3  11438  2   0  11438
4  11574  2   0  11574
5  11504  2   0  11504
6  11434  2   0  11434
7  11572  2   0  11572
8  11574  3   0  0  11574
9  11574  3   0  0  11574
10  10916  2   0  10916
11  2686  2   2  2684
12  11427  4   6  0  0  11421
13  11578  3   0  1  11577
14  11578  2   0  11578
15  11502  2   1  11501
16  11575  4   0  0  0  11575
17  11570  2   0  11570
18  3191  2   0  3191
19  11564  2   0  11564
20  11576  2   0  11576
21  11570  3   0  0  11570
22  10930  2   0  10930
23  11572  3   0  0  11572
24  11518  2   0  11518
25  11388  2   0  11388
26  11571  4   0  0  0  11571
27  11570  3   0  0  11570
28  3868  3   3  0  3865
29  11032  2   0  11032
30  11578  2   0  11578
31  11570  3   0  0  11570
32  11260  2   2  11258
33  11578  4   0  0  1  11577
34  11218  2   0  11218
35  11530  2   0  11530
36  11348  3   0  0  11348
37  11570  3   3  0  11567
38  11568  2   0  11568
39  11569  3   0  0  11569
40  11536  2   0  11536
41  11472  3   0  0  11472
42  4881  3   0  0  4881
43  11574  2   0  11574
44  11570  2   1  11569
45  11578  3   0  0  11578
46  11366  2   0  11366
47  11578  3   0  0  11578
48  11570  3   0  0  11570
49  11576  3   0  0  11576
50  11578  2   1  11577
51  11497  4   0  0  0  11497
52  11570  4   4  0  0  11566
53  11124  2   0  11124
54  11572  2   0  11572
55  11276  2   0  11276
56  11572  2   0  11572
57  11136  2   0  11136
58  11578  5   0  0  0  0  11578
59  11538  3   0  0  11538
60  11516  2   1  11515
61  11564  2   0  11564
62  11578  2   0  11578
63  11109  4   0  0  0  11109
64  11530  2   48  11482
65  11574  2   0  11574
66  6779  3   0  0  6779
67  11572  2   0  11572
68  11578  3   0  0  11578
69  11045  3   0  1  11044
70  11540  3   0  0  11540
71  11566  2   1  11565
72  8808  2   1  8807
73  11578  2   0  11578
74  11568  3   0  0  11568
75  11541  4   0  1  80  11460
76  11576  2   0  11576
77  11564  3   8352  0  3212
78  8836  2   0  8836
79  11576  3   0  0  11576
80  11578  2   0  11578
81  11567  3   1  9  11557
82  11576  4   0  0  0  11576
83  11578  2   5  11573
84  6328  2   0  6328
85  8859  2   0  8859
86  11578  3   0  0  11578
87  11558  2   1  11557
88  11578  2   0  11578
89  11576  2   0  11576
90  8866  2   1  8865
91  11578  2   0  11578
92  11568  2   0  11568
93  11576  2   0  11576
94  11578  2   0  11578
95  11452  2   0  11452
96  11568  2   0  11568
97  11578  2   2  11576
98  11562  2   37  11525
99  11558  4   0  0  8  11550
100  11568  2   0  11568
101  7338  2   0  7338
102  11559  4   2  0  0  11557
103  11567  3   2  0  11565
104  7397  3   0  0  7397
105  11480  2   0  11480
106  8828  3   1  0  8827
107  11577  4   353  0  7177  4047
108  11484  3   0  0  11484
109  11578  2   1  11577
110  11560  2   0  11560
111  11558  2   0  11558
112  10352  2   0  10352
113  11486  2   0  11486
114  11578  3   0  0  11578
115  11576  3   0  0  11576
116  11488  2   1  11487
117  11576  2   2  11574
118  11578  2   0  11578
119  11490  2   1  11489
120  11578  3   0  0  11578
121  11568  2   1  11567
122  11550  2   0  11550
123  7201  3   1  2  7198
124  11558  2   0  11558
125  11578  2   0  11578
126  11576  2   2  11574
127  11558  2   0  11558
128  8595  2   0  8595
129  11577  3   0  0  11577
130  11544  2   0  11544
131  11568  2   1  11567
132  11538  3   1  1  11536
133  8491  2   0  8491
134  11578  2   0  11578
135  11568  3   0  0  11568
136  11576  2   0  11576
137  11578  2   0  11578
138  6662  2   0  6662
139  11554  3   2  0  11552
140  11534  2   1  11533
141  11569  3   3  0  11566
142  8404  2   0  8404
143  11544  3   0  0  11544
144  11578  2   0  11578
145  6200  2   0  6200
146  11574  2   0  11574
147  8364  3   1  0  8363
148  11570  3   0  0  11570
149  11572  2   2  11570
150  11550  3   0  0  11550
151  11578  2   0  11578
152  11578  3   0  0  11578
153  11542  2   2  11540
154  11578  2   0  11578
155  11570  3   0  0  11570
156  11556  2   0  11556
157  11536  2   0  11536
158  11476  2   2  11474
159  11490  2   0  11490
160  11578  2   0  11578
161  11562  2   3  11559
162  11578  2   0  11578
163  11405  3   0  0  11405
164  11569  3   0  0  11569
165  6992  3   0  0  6992
166  11572  3   0  0  11572
167  11518  2   0  11518
168  11572  3   0  0  11572
169  11281  3   0  0  11281
170  11442  2   0  11442
171  11546  2   74  11472
172  11219  3   93  0  11126
173  11574  3   0  1  11573
174  11570  3   0  0  11570
175  11572  3   0  0  11572
176  11452  2   0  11452
177  6427  3   0  1  6426
178  11572  3   0  0  11572
179  11492  3   2  0  11490
180  6050  2   0  6050
181  11572  3   0  0  11572
182  11558  2   0  11558
183  11492  2   0  11492
184  10778  2   0  10778
185  5844  2   0  5844
186  11572  2   0  11572
187  5768  2   0  5768
188  11547  3   0  0  11547
189  11561  3   0  0  11561
190  11464  3   0  0  11464
191  11540  3   0  22  11518
192  11458  2   0  11458
193  5349  3   3  0  5346
194  11566  2   2  11564
195  11570  3   0  0  11570
196  11572  3   0  0  11572
197  11540  3   0  0  11540
198  5075  2   0  5075
199  11578  2   6  11572
200  11561  4   0  0  0  11561
201  11578  2   0  11578
202  11544  2   0  11544
203  11484  2   2  11482
204  11576  2   0  11576
205  11564  4   0  2  0  11562
206  11564  3   0  0  11564
207  11572  2   0  11572
208  11482  2   0  11482
209  11570  2   0  11570
210  11578  2   2  11576
211  11570  4   2  0  0  11568
212  11574  3   0  0  11574
213  11546  2   0  11546
214  11565  4   1  0  0  11564
215  11578  2   0  11578
216  11574  2   0  11574
217  11574  2   0  11574
218  11578  2   0  11578
219  11578  3   0  0  11578
220  11574  2   0  11574
221  11564  2   0  11564
222  11564  3   0  0  11564
223  11488  2   0  11488
224  11422  2   3  11419
225  11570  2   0  11570
226  11578  3   0  2  11576
227  11578  2   0  11578
228  11576  3   0  3  11573
229  11566  3   2  0  11564
230  11578  2   0  11578
231  11564  2   0  11564
232  11566  2   1  11565
233  11578  3   0  0  11578
234  11570  3   0  0  11570
235  1409  3   0  0  1409
236  11566  2   0  11566
237  11566  3   0  0  11566
238  11572  3   0  0  11572
239  11554  2   0  11554
240  11576  2   0  11576
241  11566  2   0  11566
242  11565  4   0  0  0  11565
243  11566  4   0  0  0  11566
244  11568  2   0  11568
245  11562  2   0  11562
246  11518  2   0  11518
247  11576  4   0  0  1  11575
248  11568  2   0  11568
249  11556  2   0  11556
250  11576  3   0  0  11576
251  11568  3   0  0  11568
252  11564  2   0  11564
253  11571  3   0  6  11565
254  11576  2   0  11576
255  11574  2   0  11574
256  11534  2   0  11534
257  11568  2   0  11568
258  11576  2   4  11572
259  11552  2   0  11552
260  862  3   0  5  857
261  11540  2   0  11540
262  11568  3   2  0  11566
263  11398  2   6  11392
264  11576  2   1  11575
265  11576  2   0  11576
266  11570  3   0  0  11570
267  11574  2   0  11574
268  11572  4   0  0  0  11572
269  11570  2   0  11570
270  898  3   2  0  896
271  11556  3   0  0  11556
272  11546  2   10  11536
273  11576  3   0  1  11575
274  11555  3   0  0  11555
275  11576  3   0  0  11576
276  11572  3   0  0  11572
277  11576  2   0  11576
278  946  3   0  0  946
279  11576  3   0  0  11576
280  11572  3   0  4  11568
281  11496  3   0  0  11496
282  11576  4   0  1  0  11575
283  11552  2   0  11552
284  11554  3   0  0  11554
285  11546  2   0  11546
286  11497  3   0  0  11497
287  11572  8   0  0  0  1  0  0  30  11541
288  11554  2   2  11552
289  11576  2   1  11575
290  11572  4   0  0  0  11572
291  11578  4   0  0  0  11578
292  11564  2   12  11552
293  11547  3   0  0  11547
294  11576  3   0  0  11576
295  11564  2   0  11564
296  11554  3   0  0  11554
297  11570  5   0  0  8301  1  3268
298  11574  2   0  11574
299  11536  3   0  0  11536
300  11574  2   0  11574
301  11564  3   0  0  11564
302  11578  2   0  11578
303  11576  2   0  11576
304  11532  2   0  11532
305  1176  4   0  0  0  1176
306  11562  2   0  11562
307  11578  2   0  11578
308  11578  3   0  0  11578
309  11578  2   0  11578
310  11552  2   74  11478
311  11578  3   0  0  11578
312  11516  3   0  0  11516
313  11560  2   0  11560
314  11564  2   0  11564
315  11518  3   0  0  11518
316  11514  3   0  0  11514
317  11564  2   0  11564
318  11564  3   0  0  11564
319  1734  5   0  0  1  2  1731
320  11509  3   0  0  11509
321  11578  2   0  11578
322  1797  2   0  1797
323  11578  2   0  11578
324  11560  3   1  0  11559
325  11051  4   1  0  0  11050
326  11570  2   0  11570
327  11282  2   0  11282
328  11085  3   0  0  11085
329  11494  2   2  11492
330  11244  3   0  0  11244
331  11575  4   0  0  0  11575
332  11558  3   0  0  11558
333  2133  2   0  2133
334  11552  2   2302  9250
335  11532  2   0  11532
336  3590  2   0  3590
337  11532  4   0  0  0  11532
338  3667  2   4  3663
339  11574  4   0  0  0  11574
340  11544  3   0  0  11544
341  3673  3   0  0  3673
342  11535  3   0  0  11535
343  11578  2   0  11578
344  11534  2   1  11533
345  3918  2   2  3916
346  11578  3   0  0  11578
347  11532  3   0  0  11532
348  11562  3   0  0  11562
349  11576  3   0  0  11576
350  11556  5   0  0  0  0  11556
351  11344  3   0  0  11344
352  11571  4   0  3  0  11568
353  3978  2   0  3978
354  11562  3   0  0  11562
355  11524  2   0  11524
356  11530  3   0  0  11530
357  11544  3   0  0  11544
358  11544  2   8717  2827
359  11544  4   0  1  0  11543
360  4030  2   6  4024
361  11510  3   0  0  11510
362  4083  2   0  4083
363  11554  2   0  11554
364  11578  2   2  11576
365  11488  2   47  11441
366  11558  2   0  11558
367  11558  2   1  11557
368  11568  3   0  0  11568
369  11553  4   0  1  13  11539
370  11566  2   0  11566
371  11556  2   0  11556
372  11515  3   0  0  11515
373  4000  2   1  3999
374  11557  3   0  0  11557
375  11426  2   0  11426
376  11552  2   0  11552
377  11556  2   1  11555
378  11564  3   0  0  11564
379  11558  3   2  0  11556
380  11554  3   0  0  11554
381  11554  2   0  11554
382  11564  3   0  0  11564
383  11558  2   2  11556
384  11430  2   0  11430
385  11550  2   1  11549
386  11558  3   0  0  11558
387  3597  2   0  3597
388  11514  2   0  11514
389  11496  2   0  11496
390  11522  2   0  11522
391  3431  4   1  0  2  3428
392  11508  2   0  11508
393  11546  4   0  0  0  11546
394  11524  2   1  11523
395  3374  2   0  3374
396  11546  2   12  11534
397  11526  2   0  11526
398  11558  2   0  11558
399  11546  2   0  11546
400  11574  2   0  11574
401  11556  3   0  0  11556
402  11524  3   0  1  11523
403  11546  2   0  11546
404  11542  3   0  0  11542
405  11554  2   0  11554
406  11542  3   0  0  11542
407  11558  2   0  11558
408  11546  2   0  11546
409  11544  2   6  11538
410  11558  3   0  0  11558
411  11560  2   0  11560
412  11578  2   0  11578
413  11530  2   0  11530
414  11558  2   0  11558
415  11560  3   0  1  11559
416  11532  2   0  11532

[pop]=3
1  3632  2   0  3632
2  8632  2   0  8632
3  8628  2   0  8628
4  8654  2   0  8654
5  8626  2   1  8625
6  8630  2   0  8630
7  8644  2   0  8644
8  8632  3   0  0  8632
9  8633  3   0  0  8633
10  8026  2   0  8026
11  2120  2   0  2120
12  8634  4   0  0  0  8634
13  8654  3   0  0  8654
14  8654  2   0  8654
15  8632  2   0  8632
16  8651  4   0  1  0  8650
17  8634  2   0  8634
18  2416  2   0  2416
19  8640  2   0  8640
20  8652  2   1  8651
21  8634  3   0  0  8634
22  8506  2   0  8506
23  8637  3   0  0  8637
24  8628  2   0  8628
25  8636  2   0  8636
26  8636  4   0  0  1  8635
27  8635  3   0  0  8635
28  2905  3   0  0  2905
29  8566  2   0  8566
30  8654  2   0  8654
31  8635  3   0  0  8635
32  8626  2   0  8626
33  8654  4   0  0  0  8654
34  8618  2   0  8618
35  8634  2   0  8634
36  8458  3   0  0  8458
37  8634  3   0  0  8634
38  8648  2   0  8648
39  8632  3   0  1  8631
40  8638  2   0  8638
41  8586  3   1  0  8585
42  3493  3   0  0  3493
43  8654  2   0  8654
44  8636  2   0  8636
45  8654  3   1  0  8653
46  8560  2   0  8560
47  8654  3   0  1  8653
48  8650  3   0  0  8650
49  8654  3   0  0  8654
50  8654  2   0  8654
51  8614  4   0  0  0  8614
52  8636  4   0  0  3  8633
53  8590  2   4  8586
54  8652  2   10  8642
55  8472  2   0  8472
56  8636  2   5  8631
57  8598  2   0  8598
58  8654  5   0  0  0  0  8654
59  8642  3   0  0  8642
60  8630  2   0  8630
61  8630  2   0  8630
62  8654  2   0  8654
63  8257  4   0  0  0  8257
64  8630  2   0  8630
65  8636  2   0  8636
66  4747  3   0  3  4744
67  8652  2   0  8652
68  8654  3   0  0  8654
69  8188  3   0  0  8188
70  8630  3   1  1  8628
71  8634  2   0  8634
72  6280  2   0  6280
73  8654  2   1  8653
74  8650  3   0  0  8650
75  8631  4   0  0  0  8631
76  8654  2   0  8654
77  8629  3   6849  1  1779
78  6315  2   0  6315
79  8654  3   0  1  8653
80  8654  2   0  8654
81  8632  3   0  0  8632
82  8654  4   0  0  1  8653
83  8654  2   2  8652
84  6012  2   0  6012
85  6345  2   0  6345
86  8654  3   1  0  8653
87  8634  2   0  8634
88  8654  2   0  8654
89  8654  2   2  8652
90  6351  2   0  6351
91  8654  2   0  8654
92  8634  2   0  8634
93  8654  2   0  8654
94  8654  2   1  8653
95  8634  2   0  8634
96  8632  2   0  8632
97  8654  2   0  8654
98  8636  2   0  8636
99  8617  4   0  1  0  8616
100  8632  2   0  8632
101  6680  2   0  6680
102  8636  4   0  1  0  8635
103  8631  3   0  1  8630
104  6712  3   0  33  6679
105  8642  2   0  8642
106  6325  3   0  0  6325
107  8648  4   161  0  6281  2206
108  8642  3   0  0  8642
109  8654  2   0  8654
110  8638  2   3  8635
111  8610  2   0  8610
112  8188  2   0  8188
113  8642  2   0  8642
114  8654  3   1  1  8652
115  8654  3   0  0  8654
116  8644  2   0  8644
117  8654  2   0  8654
118  8654  2   0  8654
119  8644  2   0  8644
120  8654  3   0  0  8654
121  8652  2   0  8652
122  8602  2   1  8601
123  6640  3   0  0  6640
124  8634  2   0  8634
125  8654  2   0  8654
126  8654  2   0  8654
127  8632  2   0  8632
128  6140  2   0  6140
129  8654  3   0  0  8654
130  8598  2   0  8598
131  8628  2   0  8628
132  8595  3   0  0  8595
133  6040  2   3  6037
134  8654  2   0  8654
135  8629  3   3  0  8626
136  8654  2   0  8654
137  8654  2   3  8651
138  6274  2   0  6274
139  8625  3   0  5  8620
140  8596  2   0  8596
141  8628  3   0  0  8628
142  5956  2   0  5956
143  8640  3   0  0  8640
144  8654  2   0  8654
145  5996  2   0  5996
146  8652  2   0  8652
147  5908  3   0  1  5907
148  8630  3   0  0  8630
149  8652  2   0  8652
150  8621  3   0  0  8621
151  8654  2   0  8654
152  8654  3   0  0  8654
153  8636  2   0  8636
154  8654  2   0  8654
155  8631  3   0  4  8627
156  8636  2   0  8636
157  8606  2   0  8606
158  8562  2   0  8562
159  8642  2   0  8642
160  8654  2   0  8654
161  8644  2   0  8644
162  8652  2   1  8651
163  8492  3   0  4  8488
164  8652  3   0  0  8652
165  4642  3   0  1  4641
166  8627  3   0  0  8627
167  8578  2   2  8576
168  8627  3   1  0  8626
169  8427  3   0  0  8427
170  8608  2   0  8608
171  8646  2   0  8646
172  8374  3   0  0  8374
173  8654  3   0  0  8654
174  8650  3   6  0  8644
175  8627  3   0  1  8626
176  8614  2   0  8614
177  4197  3   1  0  4196
178  8628  3   0  0  8628
179  8538  3   0  0  8538
180  3911  2   2  3909
181  8629  3   0  0  8629
182  8648  2   0  8648
183  8536  2   0  8536
184  8050  2   8  8042
185  3803  2   0  3803
186  8634  2   0  8634
187  3765  2   1  3764
188  8639  3   0  0  8639
189  8648  3   2  0  8646
190  8520  3   1  0  8519
191  8635  3   0  0  8635
192  8514  2   14  8500
193  3510  3   0  0  3510
194  8648  2   0  8648
195  8648  3   0  0  8648
196  8654  3   0  0  8654
197  8632  3   0  0  8632
198  3404  2   0  3404
199  8654  2   0  8654
200  8627  4   5  0  0  8622
201  8654  2   0  8654
202  8638  2   0  8638
203  8624  2   0  8624
204  8654  2   0  8654
205  8628  4   0  0  0  8628
206  8628  3   0  0  8628
207  8632  2   0  8632
208  8622  2   0  8622
209  8646  2   0  8646
210  8654  2   0  8654
211  8634  4   0  0  0  8634
212  8654  3   0  0  8654
213  8640  2   6  8634
214  8618  4   0  0  0  8618
215  8654  2   0  8654
216  8654  2   0  8654
217  8654  2   0  8654
218  8654  2   26  8628
219  8654  3   0  0  8654
220  8654  2   0  8654
221  8638  2   3  8635
222  8640  3   0  0  8640
223  8640  2   0  8640
224  8600  2   0  8600
225  8646  2   2  8644
226  8654  3   1  1  8652
227  8654  2   0  8654
228  8654  3   0  0  8654
229  8632  3   0  0  8632
230  8650  2   0  8650
231  8654  2   0  8654
232  8632  2   0  8632
233  8650  3   0  0  8650
234  8644  3   0  1  8643
235  1431  3   2  0  1429
236  8632  2   0  8632
237  8632  3   2  0  8630
238  8654  3   0  0  8654
239  8648  2   0  8648
240  8650  2   0  8650
241  8644  2   0  8644
242  8644  4   1  0  0  8643
243  8630  4   1  0  1  8628
244  8644  2   0  8644
245  8630  2   0  8630
246  8634  2   0  8634
247  8650  4   0  0  0  8650
248  8644  2   0  8644
249  8642  2   0  8642
250  8649  3   0  0  8649
251  8644  3   0  0  8644
252  8628  2   0  8628
253  8650  3   0  0  8650
254  8654  2   0  8654
255  8654  2   0  8654
256  8642  2   0  8642
257  8634  2   0  8634
258  8650  2   0  8650
259  8654  2   0  8654
260  1082  3   0  0  1082
261  8642  2   0  8642
262  8648  3   1  0  8647
263  8604  2   0  8604
264  8650  2   0  8650
265  8654  2   0  8654
266  8654  3   0  0  8654
267  8654  2   0  8654
268  8648  4   0  0  0  8648
269  8654  2   2  8652
270  1156  3   0  1  1155
271  8648  3   0  0  8648
272  8624  2   0  8624
273  8650  3   0  0  8650
274  8647  3   0  0  8647
275  8650  3   0  0  8650
276  8648  3   2  0  8646
277  8654  2   0  8654
278  1190  3   0  0  1190
279  8654  3   1  2  8651
280  8648  3   0  0  8648
281  8632  3   0  0  8632
282  8654  4   1  0  0  8653
283  8652  2   0  8652
284  8640  3   0  0  8640
285  8652  2   6  8646
286  8634  3   0  0  8634
287  8653  8   10  0  0  0  0  0  0  8643
288  8644  2   0  8644
289  8650  2   0  8650
290  8649  4   1  0  1  8647
291  8654  4   0  0  0  8654
292  8624  2   0  8624
293  8644  3   0  0  8644
294  8650  3   0  1  8649
295  8624  2   1  8623
296  8644  3   0  0  8644
297  8642  5   0  0  6845  0  1797
298  8654  2   0  8654
299  8640  3   0  0  8640
300  8654  2   0  8654
301  8626  3   1  0  8625
302  8654  2   0  8654
303  8650  2   0  8650
304  8652  2   2  8650
305  1552  4   0  0  0  1552
306  8628  2   0  8628
307  8654  2   0  8654
308  8654  3   1  0  8653
309  8654  2   0  8654
310  8644  2   0  8644
311  8654  3   1  0  8653
312  8648  3   0  0  8648
313  8628  2   0  8628
314  8636  2   0  8636
315  8648  3   0  0  8648
316  8635  3   0  0  8635
317  8636  2   0  8636
318  8634  3   0  1  8633
319  2058  5   0  0  0  1  2057
320  8628  3   0  0  8628
321  8654  2   0  8654
322  2111  2   5  2106
323  8654  2   3  8651
324  8628  3   0  0  8628
325  8136  4   0  0  0  8136
326  8654  2   4  8650
327  7968  2   0  7968
328  8164  3   0  0  8164
329  8634  2   0  8634
330  7788  3   0  0  7788
331  8651  4   0  0  0  8651
332  8621  3   1  0  8620
333  2411  2   7  2404
334  8600  2   2649  5951
335  8650  2   0  8650
336  3515  2   2  3513
337  8652  4   0  0  0  8652
338  3580  2   0  3580
339  8648  4   1  0  0  8647
340  8612  3   0  0  8612
341  3595  3   0  0  3595
342  8652  3   0  0  8652
343  8652  2   0  8652
344  8606  2   0  8606
345  3744  2   0  3744
346  8652  3   0  0  8652
347  8606  3   0  0  8606
348  8648  3   0  0  8648
349  8652  3   0  1  8651
350  8637  5   0  0  1  0  8636
351  8479  3   0  0  8479
352  8650  4   1  1  0  8648
353  3760  2   0  3760
354  8652  3   0  0  8652
355  8604  2   0  8604
356  8633  3   1  0  8632
357  8654  3   0  0  8654
358  8620  2   6464  2156
359  8654  4   0  0  0  8654
360  3851  2   0  3851
361  8599  3   0  0  8599
362  3872  2   0  3872
363  8642  2   0  8642
364  8654  2   0  8654
365  8618  2   0  8618
366  8640  2   0  8640
367  8644  2   0  8644
368  8652  3   0  0  8652
369  8653  4   0  0  0  8653
370  8652  2   0  8652
371  8616  2   0  8616
372  8630  3   0  0  8630
373  3854  2   0  3854
374  8639  3   0  0  8639
375  8562  2   0  8562
376  8652  2   0  8652
377  8614  2   0  8614
378  8652  3   0  1  8651
379  8639  3   0  0  8639
380  8652  3   0  1  8651
381  8622  2   0  8622
382  8652  3   0  1  8651
383  8640  2   0  8640
384  8560  2   0  8560
385  8606  2   0  8606
386  8622  3   0  0  8622
387  3717  2   0  3717
388  8646  2   0  8646
389  8604  2   0  8604
390  8646  2   0  8646
391  3607  4   0  3  0  3604
392  8608  2   0  8608
393  8603  4   0  0  0  8603
394  8646  2   1  8645
395  3591  2   3  3588
396  8632  2   0  8632
397  8630  2   0  8630
398  8640  2   0  8640
399  8632  2   0  8632
400  8654  2   0  8654
401  8617  3   0  0  8617
402  8646  3   2  0  8644
403  8630  2   0  8630
404  8592  3   0  0  8592
405  8652  2   0  8652
406  8588  3   0  0  8588
407  8652  2   0  8652
408  8634  2   0  8634
409  8648  2   0  8648
410  8652  3   0  0  8652
411  8642  2   0  8642
412  8654  2   0  8654
413  8572  2   0  8572
414  8642  2   0  8642
415  8644  3   0  0  8644
416  8610  2   0  8610

[pop]=4
1  1614  2   0  1614
2  6608  2   0  6608
3  6578  2   0  6578
4  6614  2   0  6614
5  6604  2   0  6604
6  6576  2   0  6576
7  6614  2   0  6614
8  6610  3   0  0  6610
9  6611  3   0  0  6611
10  5762  2   0  5762
11  759  2   0  759
12  6559  4   0  0  0  6559
13  6614  3   1  0  6613
14  6614  2   0  6614
15  6604  2   0  6604
16  6614  4   0  0  0  6614
17  6614  2   0  6614
18  894  2   0  894
19  6592  2   0  6592
20  6614  2   0  6614
21  6614  3   0  0  6614
22  6474  2   0  6474
23  6614  3   0  0  6614
24  6614  2   0  6614
25  6556  2   0  6556
26  6614  4   0  0  0  6614
27  6614  3   0  0  6614
28  1141  3   0  0  1141
29  6526  2   0  6526
30  6614  2   0  6614
31  6614  3   0  0  6614
32  6518  2   0  6518
33  6614  4   0  0  0  6614
34  6486  2   0  6486
35  6614  2   0  6614
36  6292  3   0  0  6292
37  6614  3   0  0  6614
38  6610  2   0  6610
39  6614  3   0  0  6614
40  6614  2   0  6614
41  6438  3   0  1  6437
42  1486  3   0  0  1486
43  6614  2   0  6614
44  6614  2   0  6614
45  6614  3   0  0  6614
46  6528  2   0  6528
47  6614  3   0  0  6614
48  6614  3   0  0  6614
49  6614  3   0  0  6614
50  6614  2   0  6614
51  6485  4   0  0  0  6485
52  6614  4   0  0  0  6614
53  6556  2   0  6556
54  6614  2   0  6614
55  6502  2   0  6502
56  6614  2   0  6614
57  6568  2   0  6568
58  6614  5   0  0  0  0  6614
59  6614  3   0  0  6614
60  6510  2   0  6510
61  6614  2   4  6610
62  6614  2   0  6614
63  6463  4   0  0  0  6463
64  6522  2   0  6522
65  6614  2   0  6614
66  2161  3   0  0  2161
67  6614  2   0  6614
68  6614  3   0  0  6614
69  6449  3   0  0  6449
70  6554  3   0  0  6554
71  6614  2   0  6614
72  3382  2   0  3382
73  6614  2   0  6614
74  6614  3   0  0  6614
75  6555  4   0  0  474  6081
76  6614  2   0  6614
77  6613  3   6191  0  422
78  3418  2   0  3418
79  6614  3   0  0  6614
80  6614  2   0  6614
81  6614  3   0  0  6614
82  6614  4   0  0  0  6614
83  6614  2   0  6614
84  3260  2   0  3260
85  3438  2   5  3433
86  6614  3   0  0  6614
87  6582  2   0  6582
88  6614  2   0  6614
89  6614  2   0  6614
90  3452  2   0  3452
91  6614  2   0  6614
92  6614  2   0  6614
93  6614  2   0  6614
94  6614  2   0  6614
95  6574  2   0  6574
96  6614  2   0  6614
97  6614  2   0  6614
98  6592  2   143  6449
99  6610  4   0  0  0  6610
100  6614  2   0  6614
101  3692  2   0  3692
102  6593  4   0  0  0  6593
103  6614  3   0  0  6614
104  3729  3   0  0  3729
105  6570  2   0  6570
106  3385  3   0  0  3385
107  6613  4   344  0  3555  2714
108  6567  3   0  5  6562
109  6614  2   0  6614
110  6598  2   0  6598
111  6606  2   0  6606
112  6200  2   0  6200
113  6570  2   0  6570
114  6614  3   0  0  6614
115  6614  3   0  0  6614
116  6568  2   0  6568
117  6614  2   0  6614
118  6614  2   0  6614
119  6568  2   0  6568
120  6614  3   0  0  6614
121  6614  2   0  6614
122  6596  2   0  6596
123  3665  3   0  0  3665
124  6600  2   0  6600
125  6614  2   0  6614
126  6614  2   0  6614
127  6600  2   0  6600
128  3072  2   0  3072
129  6614  3   0  0  6614
130  6588  2   0  6588
131  6614  2   0  6614
132  6579  3   0  0  6579
133  2943  2   0  2943
134  6614  2   0  6614
135  6614  3   0  0  6614
136  6614  2   0  6614
137  6614  2   0  6614
138  3452  2   0  3452
139  6592  3   0  0  6592
140  6576  2   0  6576
141  6614  3   0  0  6614
142  2856  2   0  2856
143  6614  3   0  0  6614
144  6614  2   0  6614
145  3260  2   0  3260
146  6614  2   0  6614
147  2808  3   0  0  2808
148  6614  3   0  0  6614
149  6614  2   0  6614
150  6594  3   0  0  6594
151  6614  2   0  6614
152  6614  3   0  0  6614
153  6602  2   0  6602
154  6614  2   0  6614
155  6613  3   0  0  6613
156  6614  2   0  6614
157  6588  2   0  6588
158  6440  2   0  6440
159  6556  2   0  6556
160  6614  2   0  6614
161  6614  2   0  6614
162  6614  2   0  6614
163  6244  3   0  0  6244
164  6614  3   0  0  6614
165  1970  3   5  0  1965
166  6614  3   0  0  6614
167  6560  2   0  6560
168  6614  3   0  0  6614
169  6103  3   0  0  6103
170  6590  2   0  6590
171  6592  2   0  6592
172  6030  3   36  0  5994
173  6612  3   0  0  6612
174  6614  3   0  0  6614
175  6614  3   0  0  6614
176  6594  2   0  6594
177  1693  3   0  0  1693
178  6614  3   0  4  6610
179  6506  3   0  0  6506
180  1525  2   0  1525
181  6614  3   0  0  6614
182  6604  2   0  6604
183  6508  2   0  6508
184  5682  2   0  5682
185  1429  2   0  1429
186  6614  2   0  6614
187  1410  2   0  1410
188  6614  3   0  0  6614
189  6604  3   0  0  6604
190  6468  3   0  0  6468
191  6614  3   0  0  6614
192  6456  2   0  6456
193  1254  3   0  0  1254
194  6604  2   0  6604
195  6614  3   0  0  6614
196  6614  3   0  0  6614
197  6614  3   0  1  6613
198  1191  2   0  1191
199  6614  2   5  6609
200  6614  4   0  11  0  6603
201  6614  2   0  6614
202  6614  2   0  6614
203  6598  2   0  6598
204  6614  2   0  6614
205  6614  4   0  0  1  6613
206  6614  3   0  0  6614
207  6614  2   0  6614
208  6598  2   0  6598
209  6614  2   0  6614
210  6614  2   0  6614
211  6611  4   0  0  5  6606
212  6614  3   0  0  6614
213  6614  2   0  6614
214  6546  4   0  0  0  6546
215  6614  2   0  6614
216  6614  2   0  6614
217  6614  2   0  6614
218  6614  2   0  6614
219  6614  3   0  0  6614
220  6614  2   0  6614
221  6614  2   0  6614
222  6614  3   0  0  6614
223  6550  2   0  6550
224  6586  2   0  6586
225  6614  2   1  6613
226  6614  3   0  0  6614
227  6614  2   0  6614
228  6614  3   0  0  6614
229  6612  3   0  0  6612
230  6614  2   0  6614
231  6612  2   0  6612
232  6612  2   0  6612
233  6614  3   0  0  6614
234  6614  3   0  0  6614
235  330  3   0  0  330
236  6612  2   0  6612
237  6612  3   0  0  6612
238  6614  3   0  0  6614
239  6598  2   0  6598
240  6614  2   0  6614
241  6614  2   0  6614
242  6614  4   0  0  0  6614
243  6612  4   0  0  0  6612
244  6614  2   0  6614
245  6612  2   0  6612
246  6564  2   0  6564
247  6614  4   0  0  0  6614
248  6614  2   0  6614
249  6612  2   0  6612
250  6614  3   0  0  6614
251  6614  3   0  0  6614
252  6612  2   0  6612
253  6614  3   0  0  6614
254  6614  2   0  6614
255  6614  2   2  6612
256  6578  2   0  6578
257  6614  2   0  6614
258  6614  2   9  6605
259  6606  2   0  6606
260  208  3   0  0  208
261  6580  2   0  6580
262  6614  3   0  0  6614
263  6570  2   0  6570
264  6614  2   0  6614
265  6614  2   0  6614
266  6612  3   0  1  6611
267  6614  2   0  6614
268  6614  4   0  0  0  6614
269  6612  2   0  6612
270  250  3   0  0  250
271  6592  3   0  0  6592
272  6610  2   0  6610
273  6612  3   0  0  6612
274  6591  3   0  0  6591
275  6612  3   0  0  6612
276  6614  3   0  0  6614
277  6614  2   0  6614
278  267  3   0  0  267
279  6614  3   0  0  6614
280  6614  3   0  0  6614
281  6594  3   0  0  6594
282  6614  4   0  0  0  6614
283  6598  2   0  6598
284  6614  3   41  0  6573
285  6608  2   0  6608
286  6583  3   0  0  6583
287  6614  8   0  0  0  0  0  0  0  6614
288  6614  2   0  6614
289  6612  2   0  6612
290  6614  4   0  0  0  6614
291  6614  4   0  0  0  6614
292  6612  2   0  6612
293  6594  3   0  2  6592
294  6612  3   0  0  6612
295  6612  2   0  6612
296  6614  3   0  0  6614
297  6614  5   0  0  6180  0  434
298  6610  2   0  6610
299  6612  3   0  0  6612
300  6610  2   0  6610
301  6612  3   0  0  6612
302  6614  2   0  6614
303  6612  2   0  6612
304  6604  2   0  6604
305  324  4   0  0  0  324
306  6612  2   0  6612
307  6614  2   0  6614
308  6614  3   0  0  6614
309  6614  2   0  6614
310  6612  2   0  6612
311  6614  3   0  0  6614
312  6594  3   0  0  6594
313  6612  2   0  6612
314  6614  2   0  6614
315  6592  3   0  0  6592
316  6612  3   0  0  6612
317  6614  2   0  6614
318  6614  3   0  0  6614
319  510  5   0  0  50  0  460
320  6612  3   0  0  6612
321  6614  2   0  6614
322  519  2   0  519
323  6614  2   0  6614
324  6612  3   0  0  6612
325  6246  4   0  0  0  6246
326  6608  2   0  6608
327  6382  2   0  6382
328  6295  3   0  0  6295
329  6588  2   1  6587
330  6350  3   0  0  6350
331  6610  4   1  0  0  6609
332  6614  3   0  0  6614
333  659  2   0  659
334  6584  2   2565  4019
335  6610  2   0  6610
336  1037  2   0  1037
337  6610  4   0  0  0  6610
338  1057  2   0  1057
339  6609  4   0  0  0  6609
340  6610  3   0  0  6610
341  1059  3   0  0  1059
342  6610  3   0  0  6610
343  6614  2   0  6614
344  6606  2   0  6606
345  1104  2   0  1104
346  6614  3   0  2  6612
347  6606  3   0  0  6606
348  6553  3   0  0  6553
349  6614  3   0  0  6614
350  6612  5   0  0  0  0  6612
351  6504  3   0  0  6504
352  6607  4   0  0  0  6607
353  1122  2   0  1122
354  6614  3   0  0  6614
355  6606  2   0  6606
356  6598  3   0  0  6598
357  6610  3   0  0  6610
358  6582  2   4978  1604
359  6610  4   0  0  0  6610
360  1165  2   0  1165
361  6599  3   0  0  6599
362  1168  2   0  1168
363  6606  2   0  6606
364  6614  2   0  6614
365  6438  2   0  6438
366  6612  2   0  6612
367  6608  2   0  6608
368  6577  3   0  0  6577
369  6611  4   0  0  0  6611
370  6614  2   0  6614
371  6606  2   0  6606
372  6594  3   0  0  6594
373  1160  2   0  1160
374  6611  3   0  0  6611
375  6572  2   0  6572
376  6612  2   0  6612
377  6606  2   0  6606
378  6580  3   0  0  6580
379  6611  3   0  0  6611
380  6612  3   0  0  6612
381  6614  2   0  6614
382  6612  3   0  0  6612
383  6612  2   0  6612
384  6568  2   0  6568
385  6606  2   0  6606
386  6612  3   0  0  6612
387  1100  2   0  1100
388  6608  2   0  6608
389  6584  2   0  6584
390  6608  2   0  6608
391  1058  4   0  0  0  1058
392  6588  2   0  6588
393  6606  4   0  0  0  6606
394  6610  2   1  6609
395  1047  2   0  1047
396  6612  2   0  6612
397  6600  2   0  6600
398  6612  2   0  6612
399  6612  2   0  6612
400  6614  2   0  6614
401  6611  3   0  0  6611
402  6610  3   0  0  6610
403  6612  2   0  6612
404  6604  3   0  0  6604
405  6614  2   0  6614
406  6604  3   0  0  6604
407  6614  2   0  6614
408  6612  2   0  6612
409  6610  2   0  6610
410  6614  3   0  0  6614
411  6614  2   0  6614
412  6614  2   0  6614
413  6604  2   0  6604
414  6612  2   0  6612
415  6614  3   1  0  6613
416  6586  2   0  6586

[pop]=5
1  28730  2   54  28676
2  66448  2   0  66448
3  66210  2   0  66210
4  66730  2   54  66676
5  66478  2   0  66478
6  66238  2   2  66236
7  66592  2   0  66592
8  66468  3   1  2  66465
9  66474  3   0  1  66473
10  62726  2   1  62725
11  14642  2   85  14557
12  66235  4   0  2  1  66232
13  66711  3   0  0  66711
14  66698  2   11  66687
15  66514  2   2  66512
16  66672  4   0  0  1  66671
17  66516  2   1  66515
18  16798  2   0  16798
19  66562  2   2  66560
20  66676  2   0  66676
21  66513  3   1  1  66511
22  64968  2   0  64968
23  66569  3   0  0  66569
24  66382  2   2  66380
25  66138  2   3  66135
26  66564  4   0  0  0  66564
27  66537  3   5  0  66532
28  19771  3   0  0  19771
29  65490  2   2  65488
30  66688  2   2  66686
31  66546  3   1  1  66544
32  65602  2   0  65602
33  66691  4   1  1  0  66689
34  65356  2   0  65356
35  66480  2   0  66480
36  64686  3   0  26  64660
37  66559  3   1  1  66557
38  66632  2   0  66632
39  66533  3   0  0  66533
40  66498  2   48  66450
41  65859  3   0  0  65859
42  23946  3   0  0  23946
43  66726  2   1  66725
44  66564  2   2  66562
45  66710  3   0  3  66707
46  65110  2   2  65108
47  66710  3   5  0  66705
48  66678  3   0  0  66678
49  66728  3   1  0  66727
50  66714  2   0  66714
51  66157  4   1  0  0  66156
52  66572  4   4  0  1  66567
53  65796  2   0  65796
54  66690  2   1  66689
55  64354  2   0  64354
56  66576  2   0  66576
57  65830  2   0  65830
58  66722  5   1  2  1  0  66718
59  66555  3   1  1  66553
60  66368  2   2  66366
61  66492  2   0  66492
62  66732  2   4  66728
63  63225  4   3  2  1  63219
64  66444  2   33  66411
65  66586  2   0  66586
66  31853  3   0  0  31853
67  66704  2   3  66701
68  66732  3   2  0  66730
69  62958  3   1  3  62954
70  66482  3   0  1  66481
71  66516  2   3  66513
72  42874  2   0  42874
73  66734  2   0  66734
74  66278  3   0  2  66276
75  66504  4   1  0  2106  64397
76  66624  2   2  66622
77  66548  3   62164  0  4384
78  43172  2   2  43170
79  66628  3   1  0  66627
80  66730  2   3  66727
81  66530  3   5  2  66523
82  66642  4   1  3  1  66637
83  66730  2   8  66722
84  38366  2   2  38364
85  43391  2   19  43372
86  66730  3   0  0  66730
87  66578  2   1  66577
88  66738  2   11  66727
89  66660  2   0  66660
90  43412  2   0  43412
91  66738  2   0  66738
92  66514  2   2  66512
93  66668  2   0  66668
94  66728  2   0  66728
95  65886  2   3  65883
96  66502  2   2  66500
97  66730  2   0  66730
98  66578  2   377  66201
99  66376  4   0  0  1  66375
100  66510  2   3  66507
101  42920  2   0  42920
102  66575  4   5  0  1  66569
103  66496  3   0  2  66494
104  43207  3   1  0  43206
105  66064  2   1  66063
106  42988  3   0  5  42983
107  66729  4   5951  0  41457  19321
108  66084  3   0  24  66060
109  66726  2   7  66719
110  66556  2   0  66556
111  66290  2   12  66278
112  62092  2   0  62092
113  66098  2   0  66098
114  66724  3   0  0  66724
115  66682  3   0  1  66681
116  66154  2   3  66151
117  66686  2   1  66685
118  66724  2   1  66723
119  66180  2   1  66179
120  66721  3   1  1  66719
121  66384  2   2  66382
122  66164  2   7  66157
123  42752  3   1  3  42748
124  66514  2   0  66514
125  66718  2   0  66718
126  66680  2   0  66680
127  66492  2   0  66492
128  40754  2   0  40754
129  66648  3   1  0  66647
130  66054  2   16  66038
131  66482  2   1  66481
132  66032  3   0  0  66032
133  39777  2   0  39777
134  66700  2   10  66690
135  66477  3   0  1  66476
136  66666  2   4  66662
137  66710  2   1  66709
138  40542  2   4  40538
139  66348  3   1  0  66347
140  65976  2   3  65973
141  66482  3   0  0  66482
142  39074  2   1  39073
143  66664  3   1  5  66658
144  66706  2   0  66706
145  38900  2   2  38898
146  66606  2   2  66604
147  38670  3   0  1  38669
148  66472  3   1  0  66471
149  66634  2   0  66634
150  66319  3   2  0  66317
151  66646  2   2  66644
152  66688  3   4  42  66642
153  66674  2   0  66674
154  66616  2   2  66614
155  66468  3   1  0  66467
156  66634  2   0  66634
157  66220  2   2  66218
158  65490  2   4  65486
159  66000  2   0  66000
160  66670  2   0  66670
161  66644  2   0  66644
162  66706  2   1  66705
163  64880  3   1  0  64879
164  66710  3   2  0  66708
165  29784  3   13  11  29760
166  66462  3   1  0  66461
167  66000  2   0  66000
168  66464  3   2  1  66461
169  64196  3   0  1  64195
170  66010  2   2  66008
171  66452  2   94  66358
172  63791  3   671  0  63120
173  66732  3   0  0  66732
174  66385  3   1  2  66382
175  66457  3   0  1  66456
176  66030  2   8  66022
177  26349  3   0  0  26349
178  66463  3   1  2  66460
179  65578  3   4  0  65574
180  24228  2   0  24228
181  66456  3   1  1  66454
182  66502  2   3  66499
183  65572  2   3  65569
184  61300  2   0  61300
185  23261  2   1  23260
186  66464  2   14  66450
187  22863  2   1  22862
188  65943  3   1  0  65942
189  66540  3   1  0  66539
190  65344  3   0  3  65341
191  65826  3   1  0  65825
192  65318  2   0  65318
193  20824  3   1  1  20822
194  66562  2   8  66554
195  66604  3   0  3  66601
196  66739  3   1  2  66736
197  66312  3   0  1  66311
198  19994  2   4  19990
199  66738  2   230  66508
200  66137  4   0  6  0  66131
201  66738  2   0  66738
202  66336  2   0  66336
203  66300  2   0  66300
204  66738  2   0  66738
205  66185  4   2  0  0  66183
206  66222  3   0  0  66222
207  66342  2   0  66342
208  66274  2   2  66272
209  66508  2   2  66506
210  66740  2   4  66736
211  66294  4   2  1  18  66273
212  66739  3   2  7  66730
213  66382  2   0  66382
214  65705  4   0  16  5  65684
215  66732  2   0  66732
216  66740  2   0  66740
217  66740  2   3  66737
218  66740  2   0  66740
219  66728  3   0  0  66728
220  66740  2   2  66738
221  66380  2   0  66380
222  66399  3   1  1  66397
223  66394  2   0  66394
224  65928  2   36  65892
225  66416  2   0  66416
226  66740  3   0  1  66739
227  66740  2   2  66738
228  66740  3   0  0  66740
229  66466  3   3  0  66463
230  66710  2   2  66708
231  66658  2   0  66658
232  66486  2   3  66483
233  66710  3   1  2  66707
234  66317  3   1  0  66316
235  7194  3   0  0  7194
236  66480  2   0  66480
237  66478  3   0  1  66477
238  66696  3   1  2  66693
239  66538  2   1  66537
240  66720  2   0  66720
241  66476  2   4  66472
242  66490  4   0  1  4  66485
243  66474  4   0  2  0  66472
244  66542  2   0  66542
245  66474  2   3  66471
246  66006  2   2  66004
247  66713  4   1  1  0  66711
248  66550  2   13  66537
249  66482  2   2  66480
250  66716  3   1  0  66715
251  66554  3   0  1  66553
252  66444  2   2  66442
253  66710  3   0  4  66706
254  66736  2   4  66732
255  66722  2   0  66722
256  66238  2   0  66238
257  66642  2   2  66640
258  66716  2   25  66691
259  66478  2   0  66478
260  5356  3   0  0  5356
261  66282  2   8  66274
262  66583  3   2  2  66579
263  66116  2   0  66116
264  66712  2   0  66712
265  66734  2   2  66732
266  66627  3   1  0  66626
267  66738  2   3  66735
268  66596  4   2  1  1  66592
269  66630  2   0  66630
270  5794  3   1  0  5793
271  66424  3   1  1  66422
272  66246  2   0  66246
273  66708  3   2  1  66705
274  66442  3   0  0  66442
275  66707  3   0  0  66707
276  66606  3   0  1  66605
277  66736  2   1  66735
278  6199  3   0  2  6197
279  66738  3   0  18  66720
280  66608  3   0  0  66608
281  66449  3   0  1  66448
282  66737  4   0  0  1  66736
283  66462  2   4  66458
284  66377  3   20  2  66355
285  66574  2   0  66574
286  66435  3   1  1  66433
287  66721  8   0  1  1  9  0  3  3  66704
288  66384  2   0  66384
289  66704  2   3  66701
290  66623  4   0  1  1  66621
291  66738  4   2  1  1  66734
292  66438  2   2  66436
293  66349  3   2  4  66343
294  66702  3   0  3  66699
295  66438  2   1  66437
296  66387  3   2  2  66383
297  66666  5   1  1  61609  0  5055
298  66672  2   6  66666
299  66290  3   0  0  66290
300  66676  2   3  66673
301  66440  3   0  0  66440
302  66724  2   3  66721
303  66700  2   0  66700
304  66484  2   0  66484
305  8106  4   1  1  1  8103
306  66440  2   2  66438
307  66724  2   0  66724
308  66738  3   0  13  66725
309  66736  2   0  66736
310  66374  2   94  66280
311  66728  3   0  0  66728
312  66388  3   1  0  66387
313  66436  2   20  66416
314  66508  2   1  66507
315  66372  3   0  0  66372
316  65946  3   4  1  65941
317  66502  2   1  66501
318  66490  3   11  1  66478
319  11120  5   0  1  296  5  10818
320  65756  3   2  0  65754
321  66726  2   3  66723
322  11411  2   0  11411
323  66730  2   0  66730
324  66438  3   0  1  66437
325  62648  4   0  0  0  62648
326  66678  2   0  66678
327  61932  2   2  61930
328  62889  3   0  1  62888
329  65918  2   3  65915
330  61222  3   0  0  61222
331  66631  4   2  1  2  66626
332  66247  3   0  8  66239
333  13220  2   1  13219
334  66502  2   28943  37559
335  66722  2   2  66720
336  20871  2   0  20871
337  66728  4   0  0  1  66727
338  21268  2   5  21263
339  66641  4   0  1  1  66639
340  66182  3   2  0  66180
341  21378  3   0  0  21378
342  66730  3   1  4  66725
343  66706  2   0  66706
344  66046  2   2  66044
345  22654  2   5  22649
346  66689  3   0  0  66689
347  66012  3   3  13  65996
348  66539  3   1  2  66536
349  66670  3   2  0  66668
350  66512  5   1  1  0  0  66510
351  64694  3   0  1  64693
352  66609  4   1  2  0  66606
353  22974  2   6  22968
354  66627  3   0  1  66626
355  65952  2   5  65947
356  66202  3   0  1  66201
357  66734  3   1  2  66731
358  66646  2   56456  10190
359  66734  4   6  0  0  66728
360  23359  2   30  23329
361  65798  3   12  0  65786
362  23553  2   2  23551
363  66656  2   0  66656
364  66726  2   2  66724
365  66136  2   2  66134
366  66506  2   0  66506
367  66696  2   34  66662
368  66511  3   0  0  66511
369  66733  4   0  0  8  66725
370  66706  2   0  66706
371  66582  2   0  66582
372  66048  3   0  1  66047
373  23370  2   1  23369
374  66502  3   0  1  66501
375  65160  2   0  65160
376  66736  2   5  66731
377  66564  2   2  66562
378  66446  3   1  0  66445
379  66508  3   2  1  66505
380  66738  3   1  0  66737
381  66226  2   12  66214
382  66722  3   1  0  66721
383  66510  2   0  66510
384  65076  2   2  65074
385  66542  2   2  66540
386  66254  3   0  4  66250
387  22437  2   1  22436
388  66556  2   4  66552
389  66372  2   2  66370
390  66566  2   0  66566
391  22003  4   0  0  1  22002
392  66410  2   1  66409
393  66535  4   1  1  0  66533
394  66580  2   43  66537
395  21833  2   0  21833
396  66506  2   2  66504
397  66516  2   3  66513
398  66520  2   2  66518
399  66510  2   1  66509
400  66740  2   1  66739
401  66300  3   0  2  66298
402  66592  3   0  0  66592
403  66506  2   3  66503
404  66510  3   0  0  66510
405  66738  2   2  66736
406  66485  3   1  1  66483
407  66738  2   4  66734
408  66502  2   4  66498
409  66642  2   27  66615
410  66738  3   1  0  66737
411  66396  2   3  66393
412  66740  2   0  66740
413  66470  2   2  66468
414  66536  2   11  66525
415  66400  3   0  0  66400
416  66068  2   16  66052

[pop]=6
1  344  2   6  338
2  906  2   0  906
3  894  2   0  894
4  908  2   0  908
5  906  2   0  906
6  894  2   0  894
7  906  2   0  906
8  908  3   0  0  908
9  908  3   0  0  908
10  850  2   0  850
11  177  2   1  176
12  896  4   0  0  0  896
13  908  3   0  0  908
14  908  2   1  907
15  906  2   0  906
16  907  4   0  0  0  907
17  908  2   0  908
18  196  2   0  196
19  904  2   0  904
20  908  2   0  908
21  908  3   0  1  907
22  864  2   0  864
23  906  3   0  0  906
24  902  2   0  902
25  890  2   0  890
26  906  4   0  0  0  906
27  908  3   0  0  908
28  232  3   0  0  232
29  868  2   0  868
30  908  2   0  908
31  908  3   0  0  908
32  876  2   0  876
33  908  4   0  0  0  908
34  868  2   0  868
35  904  2   0  904
36  880  3   0  0  880
37  908  3   0  0  908
38  904  2   0  904
39  906  3   0  0  906
40  904  2   0  904
41  888  3   0  0  888
42  282  3   0  0  282
43  904  2   0  904
44  908  2   0  908
45  908  3   0  0  908
46  892  2   0  892
47  908  3   0  0  908
48  908  3   0  0  908
49  906  3   0  0  906
50  908  2   0  908
51  893  4   0  0  0  893
52  908  4   0  0  0  908
53  878  2   0  878
54  908  2   0  908
55  890  2   0  890
56  908  2   0  908
57  878  2   0  878
58  908  5   0  0  0  0  908
59  905  3   0  0  905
60  898  2   0  898
61  906  2   1  905
62  906  2   0  906
63  879  4   0  0  0  879
64  896  2   4  892
65  908  2   0  908
66  368  3   0  0  368
67  908  2   0  908
68  906  3   0  0  906
69  876  3   0  0  876
70  896  3   0  0  896
71  906  2   0  906
72  497  2   0  497
73  906  2   0  906
74  902  3   0  0  902
75  897  4   0  0  28  869
76  906  2   0  906
77  903  3   805  0  98
78  502  2   0  502
79  906  3   0  0  906
80  908  2   1  907
81  906  3   0  0  906
82  906  4   0  0  0  906
83  908  2   0  908
84  538  2   0  538
85  501  2   0  501
86  908  3   0  0  908
87  902  2   0  902
88  906  2   0  906
89  908  2   0  908
90  502  2   0  502
91  906  2   0  906
92  906  2   0  906
93  908  2   0  908
94  908  2   0  908
95  900  2   0  900
96  906  2   0  906
97  908  2   0  908
98  902  2   6  896
99  898  4   0  0  1  897
100  906  2   0  906
101  580  2   0  580
102  902  4   0  1  0  901
103  906  3   0  0  906
104  584  3   0  0  584
105  900  2   0  900
106  504  3   0  0  504
107  908  4   51  0  574  283
108  900  3   0  0  900
109  908  2   0  908
110  902  2   0  902
111  898  2   0  898
112  822  2   0  822
113  900  2   0  900
114  908  3   0  0  908
115  908  3   0  0  908
116  902  2   1  901
117  908  2   0  908
118  908  2   0  908
119  902  2   0  902
120  908  3   0  0  908
121  902  2   0  902
122  898  2   0  898
123  568  3   0  0  568
124  902  2   0  902
125  906  2   0  906
126  908  2   0  908
127  902  2   0  902
128  475  2   0  475
129  906  3   0  0  906
130  896  2   0  896
131  906  2   0  906
132  896  3   0  0  896
133  467  2   0  467
134  906  2   0  906
135  906  3   0  0  906
136  908  2   0  908
137  908  2   0  908
138  558  2   1  557
139  902  3   0  0  902
140  892  2   0  892
141  906  3   0  0  906
142  462  2   0  462
143  908  3   0  0  908
144  908  2   0  908
145  548  2   0  548
146  906  2   0  906
147  455  3   0  0  455
148  902  3   0  0  902
149  908  2   0  908
150  901  3   0  0  901
151  904  2   0  904
152  908  3   0  0  908
153  908  2   0  908
154  902  2   0  902
155  904  3   0  0  904
156  908  2   0  908
157  904  2   0  904
158  886  2   6  880
159  898  2   0  898
160  908  2   0  908
161  908  2   0  908
162  908  2   0  908
163  878  3   0  0  878
164  908  3   0  0  908
165  353  3   0  0  353
166  904  3   0  1  903
167  898  2   0  898
168  904  3   0  0  904
169  868  3   0  0  868
170  894  2   0  894
171  900  2   5  895
172  864  3   11  0  853
173  908  3   0  0  908
174  888  3   1  0  887
175  906  3   0  2  904
176  894  2   0  894
177  318  3   0  0  318
178  906  3   0  0  906
179  894  3   0  0  894
180  293  2   1  292
181  906  3   0  0  906
182  904  2   0  904
183  892  2   0  892
184  834  2   0  834
185  280  2   0  280
186  906  2   0  906
187  281  2   0  281
188  874  3   0  0  874
189  904  3   0  0  904
190  885  3   0  0  885
191  870  3   0  0  870
192  886  2   0  886
193  249  3   0  0  249
194  904  2   0  904
195  908  3   0  0  908
196  908  3   0  0  908
197  904  3   0  0  904
198  243  2   0  243
199  908  2   2  906
200  902  4   0  0  0  902
201  908  2   0  908
202  904  2   0  904
203  894  2   0  894
204  908  2   0  908
205  903  4   0  0  0  903
206  904  3   2  0  902
207  906  2   0  906
208  896  2   0  896
209  906  2   0  906
210  908  2   0  908
211  903  4   0  0  1  902
212  908  3   0  0  908
213  904  2   0  904
214  899  4   0  0  0  899
215  908  2   0  908
216  908  2   0  908
217  908  2   0  908
218  908  2   0  908
219  908  3   0  0  908
220  908  2   0  908
221  904  2   0  904
222  904  3   0  0  904
223  898  2   0  898
224  892  2   1  891
225  904  2   0  904
226  908  3   0  0  908
227  908  2   0  908
228  908  3   0  0  908
229  904  3   0  0  904
230  908  2   0  908
231  904  2   0  904
232  904  2   0  904
233  908  3   0  0  908
234  896  3   0  0  896
235  102  3   0  0  102
236  902  2   0  902
237  902  3   0  0  902
238  908  3   0  0  908
239  906  2   0  906
240  908  2   0  908
241  904  2   0  904
242  904  4   0  0  0  904
243  900  4   0  0  0  900
244  904  2   0  904
245  900  2   0  900
246  902  2   0  902
247  908  4   0  0  0  908
248  904  2   0  904
249  904  2   0  904
250  908  3   0  0  908
251  904  3   0  0  904
252  900  2   0  900
253  908  3   0  1  907
254  908  2   0  908
255  908  2   0  908
256  902  2   0  902
257  900  2   0  900
258  908  2   0  908
259  906  2   0  906
260  90  3   0  0  90
261  902  2   0  902
262  904  3   0  0  904
263  898  2   0  898
264  908  2   0  908
265  908  2   0  908
266  908  3   0  0  908
267  908  2   0  908
268  904  4   0  0  0  904
269  908  2   0  908
270  98  3   0  0  98
271  902  3   1  0  901
272  898  2   0  898
273  908  3   0  0  908
274  902  3   0  0  902
275  908  3   0  0  908
276  904  3   0  0  904
277  908  2   0  908
278  96  3   0  0  96
279  908  3   0  0  908
280  904  3   0  0  904
281  904  3   0  0  904
282  908  4   0  0  0  908
283  904  2   0  904
284  898  3   1  0  897
285  906  2   0  906
286  905  3   0  0  905
287  908  8   0  0  0  0  0  0  3  905
288  898  2   0  898
289  908  2   0  908
290  904  4   0  0  0  904
291  908  4   0  0  0  908
292  904  2   0  904
293  904  3   0  0  904
294  908  3   0  0  908
295  904  2   0  904
296  899  3   0  0  899
297  906  5   0  0  803  0  103
298  908  2   0  908
299  896  3   0  0  896
300  908  2   0  908
301  904  3   0  0  904
302  908  2   0  908
303  908  2   0  908
304  904  2   0  904
305  114  4   0  0  0  114
306  904  2   0  904
307  908  2   0  908
308  908  3   0  0  908
309  908  2   0  908
310  900  2   5  895
311  908  3   0  0  908
312  900  3   0  0  900
313  898  2   0  898
314  902  2   0  902
315  900  3   0  0  900
316  885  3   0  0  885
317  902  2   0  902
318  902  3   0  1  901
319  140  5   0  0  2  0  138
320  876  3   0  0  876
321  906  2   0  906
322  146  2   0  146
323  908  2   0  908
324  896  3   0  0  896
325  856  4   0  0  0  856
326  908  2   0  908
327  874  2   0  874
328  857  3   0  0  857
329  896  2   5  891
330  866  3   0  0  866
331  908  4   0  0  0  908
332  900  3   0  0  900
333  169  2   0  169
334  904  2   315  589
335  908  2   0  908
336  255  2   0  255
337  908  4   0  0  0  908
338  256  2   2  254
339  908  4   0  0  0  908
340  898  3   0  0  898
341  258  3   0  0  258
342  908  3   0  0  908
343  908  2   0  908
344  896  2   0  896
345  264  2   0  264
346  908  3   0  0  908
347  896  3   0  0  896
348  900  3   0  0  900
349  908  3   1  0  907
350  903  5   0  0  0  0  903
351  884  3   0  0  884
352  908  4   0  1  0  907
353  269  2   0  269
354  908  3   1  0  907
355  894  2   0  894
356  896  3   0  0  896
357  908  3   0  0  908
358  904  2   748  156
359  908  4   0  0  0  908
360  280  2   1  279
361  892  3   0  0  892
362  282  2   0  282
363  908  2   0  908
364  908  2   0  908
365  888  2   0  888
366  904  2   0  904
367  908  2   1  907
368  900  3   0  0  900
369  908  4   0  0  0  908
370  908  2   0  908
371  906  2   0  906
372  896  3   1  0  895
373  271  2   0  271
374  904  3   0  0  904
375  892  2   0  892
376  908  2   0  908
377  906  2   0  906
378  898  3   0  0  898
379  904  3   0  0  904
380  908  3   0  0  908
381  904  2   0  904
382  908  3   0  0  908
383  904  2   0  904
384  890  2   0  890
385  906  2   0  906
386  904  3   0  0  904
387  261  2   0  261
388  908  2   0  908
389  900  2   0  900
390  908  2   0  908
391  254  4   0  0  0  254
392  904  2   0  904
393  906  4   0  0  0  906
394  908  2   0  908
395  256  2   0  256
396  904  2   3  901
397  906  2   0  906
398  904  2   0  904
399  904  2   1  903
400  908  2   0  908
401  902  3   0  0  902
402  908  3   0  0  908
403  904  2   0  904
404  906  3   0  0  906
405  908  2   0  908
406  906  3   0  0  906
407  908  2   0  908
408  906  2   0  906
409  908  2   2  906
410  908  3   0  0  908
411  906  2   0  906
412  908  2   0  908
413  904  2   0  904
414  904  2   0  904
415  906  3   0  1  905
416  900  2   0  900

[pop]=7
1  6272  2   19  6253
2  16512  2   0  16512
3  16198  2   2  16196
4  16512  2   0  16512
5  16458  2   0  16458
6  16198  2   0  16198
7  16510  2   7  16503
8  16512  3   0  0  16512
9  16512  3   1  0  16511
10  16184  2   1  16183
11  2253  2   1  2252
12  16173  4   0  2  3  16168
13  16512  3   0  0  16512
14  16508  2   8  16500
15  16480  2   2  16478
16  16512  4   2  0  0  16510
17  16512  2   1  16511
18  2732  2   2  2730
19  16512  2   0  16512
20  16512  2   0  16512
21  16512  3   0  0  16512
22  15172  2   0  15172
23  16510  3   0  0  16510
24  16460  2   0  16460
25  16100  2   0  16100
26  16510  4   1  1  0  16508
27  16512  3   0  0  16512
28  3345  3   0  0  3345
29  15432  2   0  15432
30  16512  2   0  16512
31  16512  3   0  0  16512
32  15876  2   0  15876
33  16512  4   0  0  0  16512
34  15670  2   0  15670
35  16476  2   3  16473
36  16444  3   1  0  16443
37  16511  3   1  1  16509
38  16470  2   2  16468
39  16510  3   1  0  16509
40  16480  2   0  16480
41  16492  3   0  0  16492
42  4051  3   0  2  4049
43  16512  2   0  16512
44  16512  2   1  16511
45  16512  3   0  0  16512
46  16228  2   0  16228
47  16512  3   0  1  16511
48  16490  3   0  0  16490
49  16512  3   0  0  16512
50  16512  2   0  16512
51  16501  4   0  1  12  16488
52  16512  4   1  2  1  16508
53  15612  2   0  15612
54  16496  2   1  16495
55  16046  2   6  16040
56  16512  2   0  16512
57  15592  2   2  15590
58  16512  5   0  0  0  2  16510
59  16482  3   0  0  16482
60  16508  2   0  16508
61  16510  2   0  16510
62  16512  2   0  16512
63  15703  4   0  0  0  15703
64  16510  2   3  16507
65  16512  2   2  16510
66  5030  3   0  0  5030
67  16506  2   0  16506
68  16512  3   0  1  16511
69  15593  3   0  0  15593
70  16512  3   0  0  16512
71  16508  2   1  16507
72  6490  2   1  6489
73  16512  2   1  16511
74  15350  3   2  0  15348
75  16512  4   0  0  133  16379
76  16438  2   8  16430
77  16512  3   13934  0  2578
78  6608  2   0  6608
79  16453  3   0  0  16453
80  16512  2   0  16512
81  16508  3   0  0  16508
82  16474  4   0  0  0  16474
83  16512  2   0  16512
84  11062  2   0  11062
85  6716  2   0  6716
86  16512  3   0  1  16511
87  16512  2   0  16512
88  16512  2   0  16512
89  16496  2   0  16496
90  6788  2   1  6787
91  16512  2   1  16511
92  16508  2   1  16507
93  16498  2   0  16498
94  16512  2   1  16511
95  16346  2   0  16346
96  16506  2   0  16506
97  16512  2   30  16482
98  16512  2   12  16500
99  16512  4   13  0  2  16497
100  16506  2   0  16506
101  11528  2   3  11525
102  16512  4   3  1  0  16508
103  16506  3   0  0  16506
104  11561  3   0  1  11560
105  16386  2   0  16386
106  6876  3   0  0  6876
107  16512  4   357  0  9064  7091
108  16399  3   1  0  16398
109  16512  2   1  16511
110  16512  2   0  16512
111  16512  2   5  16507
112  14592  2   0  14592
113  16406  2   3  16403
114  16512  3   0  0  16512
115  16502  3   1  0  16501
116  16426  2   0  16426
117  16502  2   0  16502
118  16512  2   1  16511
119  16428  2   428  16000
120  16512  3   0  0  16512
121  15706  2   3  15703
122  16510  2   0  16510
123  11540  3   0  0  11540
124  16512  2   2  16510
125  16512  2   7  16505
126  16504  2   0  16504
127  16512  2   3  16509
128  6851  2   2  6849
129  16469  3   0  0  16469
130  16510  2   2  16508
131  16504  2   1  16503
132  16508  3   0  0  16508
133  6765  2   0  6765
134  16500  2   0  16500
135  16506  3   0  0  16506
136  16500  2   0  16500
137  16512  2   0  16512
138  11312  2   0  11312
139  16512  3   1  0  16511
140  16504  2   0  16504
141  16506  3   0  0  16506
142  6833  2   0  6833
143  16494  3   0  4  16490
144  16512  2   0  16512
145  11142  2   1  11141
146  16250  2   0  16250
147  6872  3   0  0  6872
148  16506  3   0  2  16504
149  16470  2   0  16470
150  16511  3   0  1  16510
151  16466  2   0  16466
152  16510  3   0  0  16510
153  16496  2   0  16496
154  16400  2   0  16400
155  16506  3   0  0  16506
156  16488  2   6  16482
157  16508  2   0  16508
158  16478  2   589  15889
159  16264  2   4  16260
160  16506  2   0  16506
161  16496  2   0  16496
162  16478  2   0  16478
163  16397  3   0  0  16397
164  16508  3   0  1  16507
165  5940  3   0  0  5940
166  16506  3   0  4  16502
167  16502  2   0  16502
168  16507  3   0  0  16507
169  16310  3   0  0  16310
170  16204  2   0  16204
171  16498  2   1  16497
172  16253  3   475  1  15777
173  16508  3   21  0  16487
174  15721  3   1  0  15720
175  16508  3   1  0  16507
176  16244  2   0  16244
177  5500  3   0  0  5500
178  16508  3   0  0  16508
179  16478  3   0  0  16478
180  5163  2   172  4991
181  16508  3   0  0  16508
182  16504  2   0  16504
183  16478  2   0  16478
184  15954  2   0  15954
185  4944  2   0  4944
186  16508  2   0  16508
187  4864  2   0  4864
188  14489  3   0  0  14489
189  16506  3   0  1  16505
190  16466  3   0  0  16466
191  14063  3   0  0  14063
192  16460  2   0  16460
193  4486  3   0  1  4485
194  16510  2   1  16509
195  16410  3   10  0  16400
196  16510  3   0  0  16510
197  16406  3   1  0  16405
198  4309  2   0  4309
199  16512  2   11  16501
200  16482  4   0  0  0  16482
201  16512  2   2  16510
202  16438  2   2  16436
203  16342  2   0  16342
204  16508  2   1  16507
205  16499  4   0  0  0  16499
206  16503  3   0  0  16503
207  16510  2   14  16496
208  16340  2   0  16340
209  16208  2   0  16208
210  16512  2   0  16512
211  16510  4   2  0  0  16508
212  16509  3   0  0  16509
213  16454  2   0  16454
214  16510  4   0  1  0  16509
215  16510  2   3  16507
216  16510  2   0  16510
217  16510  2   0  16510
218  16512  2   3  16509
219  16510  3   1  1  16508
220  16510  2   0  16510
221  16508  2   0  16508
222  16508  3   0  0  16508
223  16094  2   2  16092
224  16206  2   0  16206
225  16242  2   0  16242
226  16512  3   0  0  16512
227  16512  2   0  16512
228  16510  3   1  0  16509
229  16512  3   0  1  16511
230  16510  2   0  16510
231  16418  2   2  16416
232  16512  2   1  16511
233  16510  3   0  1  16509
234  15965  3   0  0  15965
235  2068  3   0  0  2068
236  16512  2   2  16510
237  16512  3   0  0  16512
238  16454  3   0  0  16454
239  16510  2   1  16509
240  16510  2   2  16508
241  16512  2   0  16512
242  16512  4   0  0  0  16512
243  16512  4   0  0  0  16512
244  16512  2   3  16509
245  16512  2   0  16512
246  16450  2   0  16450
247  16510  4   0  0  0  16510
248  16512  2   1  16511
249  16292  2   0  16292
250  16510  3   0  2  16508
251  16512  3   0  0  16512
252  16512  2   4  16508
253  16510  3   0  0  16510
254  16508  2   14  16494
255  16496  2   0  16496
256  16484  2   3  16481
257  16436  2   0  16436
258  16510  2   18  16492
259  16470  2   2  16468
260  2046  3   0  0  2046
261  16484  2   0  16484
262  16512  3   0  0  16512
263  16342  2   0  16342
264  16510  2   0  16510
265  16508  2   0  16508
266  16433  3   0  0  16433
267  16504  2   1  16503
268  16512  4   0  0  0  16512
269  16448  2   0  16448
270  2500  3   0  1  2499
271  16490  3   1  0  16489
272  16464  2   0  16464
273  16510  3   0  4  16506
274  16490  3   1  1  16488
275  16510  3   1  1  16508
276  16512  3   0  0  16512
277  16508  2   0  16508
278  2796  3   2  0  2794
279  16508  3   0  1  16507
280  16512  3   0  0  16512
281  16416  3   1  0  16415
282  16509  4   0  0  3  16506
283  16496  2   0  16496
284  16494  3   0  1  16493
285  16488  2   0  16488
286  16420  3   0  0  16420
287  16502  8   0  0  0  0  2  0  3  16497
288  16496  2   0  16496
289  16510  2   0  16510
290  16512  4   0  0  0  16512
291  16511  4   1  0  1  16509
292  16510  2   0  16510
293  16488  3   0  0  16488
294  16510  3   2  0  16508
295  16512  2   0  16512
296  16499  3   0  0  16499
297  16511  5   0  0  13771  0  2740
298  16498  2   0  16498
299  15786  3   1  0  15785
300  16500  2   0  16500
301  16510  3   0  5  16505
302  16510  2   1  16509
303  16510  2   0  16510
304  16444  2   0  16444
305  3791  4   1  25  0  3765
306  16512  2   0  16512
307  16510  2   1  16509
308  16511  3   0  0  16511
309  16508  2   4  16504
310  16502  2   1  16501
311  16510  3   0  1  16509
312  16336  3   0  2  16334
313  16510  2   0  16510
314  16506  2   2  16504
315  16328  3   1  0  16327
316  14978  3   0  0  14978
317  16504  2   0  16504
318  16504  3   0  1  16503
319  4274  5   1  0  21  14  4238
320  14513  3   0  0  14513
321  16510  2   1  16509
322  4320  2   0  4320
323  16506  2   0  16506
324  16508  3   0  0  16508
325  15717  4   0  0  0  15717
326  16498  2   0  16498
327  15762  2   0  15762
328  15744  3   13  0  15731
329  16486  2   0  16486
330  15630  3   2  1  15627
331  16511  4   2  0  0  16509
332  16494  3   1  5  16488
333  4542  2   0  4542
334  16498  2   5240  11258
335  16510  2   0  16510
336  5705  2   0  5705
337  16510  4   5  12  0  16493
338  5767  2   1  5766
339  16512  4   0  0  0  16512
340  16475  3   0  0  16475
341  5780  3   6  2  5772
342  16510  3   0  0  16510
343  16488  2   2  16486
344  16432  2   0  16432
345  6034  2   0  6034
346  16463  3   4  0  16459
347  16422  3   0  0  16422
348  16280  3   0  0  16280
349  16449  3   0  0  16449
350  16503  5   0  0  0  2  16501
351  16142  3   1  0  16141
352  16500  4   0  2  0  16498
353  6094  2   0  6094
354  16427  3   0  0  16427
355  16406  2   0  16406
356  16494  3   0  0  16494
357  16510  3   0  0  16510
358  16506  2   14458  2048
359  16510  4   0  0  0  16510
360  6208  2   0  6208
361  16312  3   0  0  16312
362  6275  2   0  6275
363  16504  2   11  16493
364  16504  2   0  16504
365  16154  2   0  16154
366  16504  2   2  16502
367  16506  2   20  16486
368  16174  3   1  1  16172
369  16511  4   1  0  3  16507
370  16504  2   0  16504
371  16502  2   0  16502
372  16481  3   0  3  16478
373  6319  2   0  6319
374  16502  3   1  0  16501
375  16230  2   2  16228
376  16512  2   0  16512
377  16506  2   1  16505
378  15989  3   0  0  15989
379  16503  3   0  7  16496
380  16512  3   0  0  16512
381  16502  2   0  16502
382  16508  3   0  0  16508
383  16504  2   0  16504
384  16148  2   2  16146
385  16504  2   0  16504
386  16500  3   1  1  16498
387  6246  2   0  6246
388  16458  2   0  16458
389  16424  2   0  16424
390  16458  2   1  16457
391  6216  4   0  0  1  6215
392  16442  2   1  16441
393  16504  4   0  0  1  16503
394  16462  2   18  16444
395  6180  2   0  6180
396  16476  2   0  16476
397  16482  2   0  16482
398  16504  2   0  16504
399  16476  2   0  16476
400  16512  2   0  16512
401  16494  3   1  1  16492
402  16466  3   11  0  16455
403  16476  2   0  16476
404  16503  3   1  1  16501
405  16512  2   0  16512
406  16504  3   0  0  16504
407  16512  2   0  16512
408  16478  2   0  16478
409  16490  2   90  16400
410  16512  3   0  2  16510
411  16512  2   0  16512
412  16512  2   2  16510
413  16498  2   0  16498
414  16502  2   0  16502
415  16512  3   1  0  16511
416  16446  2   0  16446

