[loci]=160

[populations]=7

[pop]=1
1  10390  3   0  0  10390
2  10305  4   0  0  0  10305
3  10382  2   2  10380
4  9428  2   4  9424
5  10404  2   2  10402
6  10380  4   0  0  0  10380
7  10322  2   0  10322
8  10406  2   5  10401
9  10406  2   1  10405
10  10380  2   0  10380
11  10405  3   0  0  10405
12  10404  2   0  10404
13  10372  2   0  10372
14  10394  2   0  10394
15  10406  2   0  10406
16  10376  2   0  10376
17  10394  2   1  10393
18  10298  2   0  10298
19  10406  2   21  10385
20  10404  2   0  10404
21  10400  3   1  0  10399
22  10404  2   0  10404
23  10404  2   0  10404
24  10354  3   1  0  10353
25  10404  3   0  0  10404
26  10398  3   0  3  10395
27  10402  2   36  10366
28  10390  2   0  10390
29  10404  2   0  10404
30  10352  3   1  0  10351
31  10404  2   0  10404
32  10386  3   0  0  10386
33  10406  2   2  10404
34  10386  2   0  10386
35  10386  2   2  10384
36  10406  3   0  0  10406
37  10406  3   0  0  10406
38  10402  2   6  10396
39  10406  2   0  10406
40  10389  3   0  0  10389
41  10406  3   0  0  10406
42  10406  2   0  10406
43  10406  2   0  10406
44  10392  2   0  10392
45  10404  2   0  10404
46  10406  3   0  0  10406
47  10406  2   0  10406
48  10352  2   0  10352
49  10406  4   0  0  0  10406
50  10404  3   0  1  10403
51  10406  2   0  10406
52  10404  3   0  1  10403
53  10356  2   0  10356
54  10370  2   0  10370
55  10396  2   0  10396
56  10406  2   0  10406
57  10406  2   0  10406
58  10402  4   0  1  0  10401
59  10378  2   0  10378
60  10402  3   0  60  10342
61  10406  2   0  10406
62  10406  2   0  10406
63  10406  2   2  10404
64  10382  3   0  1  10381
65  10396  2   0  10396
66  10400  2   0  10400
67  10406  2   9  10397
68  10358  3   0  0  10358
69  10406  2   0  10406
70  10406  3   0  0  10406
71  10394  2   0  10394
72  10400  2   0  10400
73  10406  2   0  10406
74  10406  2   0  10406
75  10396  2   0  10396
76  10406  2   0  10406
77  10406  4   0  0  0  10406
78  10367  3   0  0  10367
79  10386  2   0  10386
80  10382  3   0  0  10382
81  10406  3   0  1  10405
82  6160  2   0  6160
83  10392  2   0  10392
84  10392  2   1  10391
85  10404  2   0  10404
86  10406  3   0  0  10406
87  10373  3   1  0  10372
88  10406  2   0  10406
89  10406  3   0  0  10406
90  10406  3   0  0  10406
91  10406  4   0  0  0  10406
92  10382  2   0  10382
93  10406  2   0  10406
94  10404  2   0  10404
95  10406  2   0  10406
96  10406  2   0  10406
97  10386  2   0  10386
98  10406  2   1  10405
99  10404  4   0  0  7  10397
100  10403  4   0  0  1529  8874
101  10394  2   0  10394
102  10406  2   0  10406
103  10386  2   0  10386
104  10406  2   0  10406
105  10402  3   0  0  10402
106  10388  3   0  0  10388
107  10406  2   0  10406
108  10404  2   0  10404
109  10371  4   0  0  0  10371
110  10386  2   0  10386
111  7064  2   0  7064
112  10406  3   0  0  10406
113  10392  2   0  10392
114  10372  2   0  10372
115  10406  3   0  1  10405
116  10406  2   0  10406
117  10406  2   0  10406
118  10406  2   0  10406
119  7016  3   0  0  7016
120  10406  2   0  10406
121  10399  3   1  0  10398
122  10406  2   1  10405
123  10398  3   0  0  10398
124  10364  3   0  0  10364
125  6990  2   1  6989
126  10388  5   0  0  1  0  10387
127  10406  3   0  139  10267
128  10398  2   0  10398
129  6929  4   0  0  0  6929
130  10326  2   0  10326
131  10406  3   0  0  10406
132  10154  2   0  10154
133  10406  2   0  10406
134  10299  3   1  0  10298
135  10406  2   0  10406
136  6860  2   0  6860
137  10278  3   0  1  10277
138  10104  2   0  10104
139  10208  2   0  10208
140  10406  3   0  4  10402
141  10168  2   0  10168
142  10398  3   0  7  10391
143  10224  3   2  2  10220
144  10406  2   0  10406
145  10242  2   0  10242
146  10276  2   0  10276
147  6580  3   0  0  6580
148  10406  5   0  0  0  0  10406
149  10030  2   26  10004
150  10200  2   0  10200
151  10406  3   0  0  10406
152  10406  2   0  10406
153  10284  2   0  10284
154  10308  2   0  10308
155  10322  2   0  10322
156  10406  3   0  0  10406
157  10404  3   7  0  10397
158  10324  2   0  10324
159  10406  2   0  10406
160  6208  2   0  6208

[pop]=2
1  11566  3   0  0  11566
2  11431  4   0  3  0  11428
3  11502  2   0  11502
4  9364  2   0  9364
5  11576  2   0  11576
6  11558  4   0  0  0  11558
7  11458  2   0  11458
8  11578  2   4  11574
9  11578  2   0  11578
10  11558  2   0  11558
11  11578  3   0  0  11578
12  11576  2   0  11576
13  11552  2   0  11552
14  11572  2   0  11572
15  11578  2   0  11578
16  11550  2   0  11550
17  11570  2   0  11570
18  11400  2   0  11400
19  11578  2   6  11572
20  11578  2   0  11578
21  11574  3   0  0  11574
22  11578  2   0  11578
23  11578  2   1  11577
24  11528  3   0  1  11527
25  11578  3   1  1  11576
26  11573  3   0  0  11573
27  11554  2   1  11553
28  11566  2   4  11562
29  11574  2   0  11574
30  11523  3   0  0  11523
31  11578  2   0  11578
32  11552  3   0  0  11552
33  11578  2   0  11578
34  11558  2   2  11556
35  11554  2   0  11554
36  11578  3   1  0  11577
37  11578  3   0  0  11578
38  11556  2   0  11556
39  11578  2   4  11574
40  11562  3   0  0  11562
41  11576  3   0  0  11576
42  11578  2   1  11577
43  11576  2   0  11576
44  11558  2   0  11558
45  11576  2   0  11576
46  11578  3   1  0  11577
47  11578  2   0  11578
48  11518  2   0  11518
49  11576  4   0  0  0  11576
50  11576  3   2  0  11574
51  11576  2   0  11576
52  11575  3   0  0  11575
53  11518  2   0  11518
54  11576  2   0  11576
55  11554  2   1  11553
56  11578  2   1  11577
57  11578  2   0  11578
58  11548  4   0  0  2  11546
59  11576  2   1  11575
60  11574  3   0  5  11569
61  11578  2   0  11578
62  11578  2   0  11578
63  11578  2   0  11578
64  11576  3   0  5  11571
65  11562  2   0  11562
66  11572  2   0  11572
67  11578  2   0  11578
68  11521  3   0  0  11521
69  11578  2   0  11578
70  11576  3   0  0  11576
71  11564  2   4  11560
72  11572  2   0  11572
73  11578  2   0  11578
74  11578  2   0  11578
75  11562  2   0  11562
76  11578  2   0  11578
77  11576  4   0  0  2  11574
78  11515  3   0  1  11514
79  11574  2   0  11574
80  11572  3   0  0  11572
81  11576  3   0  0  11576
82  3218  2   0  3218
83  11576  2   1  11575
84  11576  2   0  11576
85  11576  2   0  11576
86  11576  3   0  0  11576
87  11568  3   0  0  11568
88  11578  2   2  11576
89  11578  3   0  0  11578
90  11576  3   0  0  11576
91  11576  4   2  41  0  11533
92  11526  2   0  11526
93  11578  2   0  11578
94  11564  2   0  11564
95  11576  2   0  11576
96  11576  2   0  11576
97  11530  2   0  11530
98  11578  2   1  11577
99  11578  4   0  0  1  11577
100  11559  4   1  0  1181  10377
101  11578  2   1  11577
102  11574  2   0  11574
103  11532  2   0  11532
104  11576  2   4  11572
105  11574  3   0  0  11574
106  11540  3   0  0  11540
107  11578  2   1  11577
108  11574  2   0  11574
109  11572  4   0  0  0  11572
110  11544  2   0  11544
111  4930  2   0  4930
112  11578  3   0  0  11578
113  11546  2   0  11546
114  11572  2   0  11572
115  11578  3   0  0  11578
116  11578  2   0  11578
117  11576  2   2  11574
118  11578  2   0  11578
119  4735  3   0  0  4735
120  11576  2   4  11572
121  11578  3   0  0  11578
122  11576  2   0  11576
123  11546  3   0  1  11545
124  11529  3   1  0  11528
125  4712  2   0  4712
126  11572  5   0  0  0  0  11572
127  11578  3   0  11  11567
128  11544  2   0  11544
129  4573  4   0  0  0  4573
130  11548  2   0  11548
131  11576  3   0  0  11576
132  11214  2   0  11214
133  11578  2   0  11578
134  11545  3   1  0  11544
135  11576  2   0  11576
136  4412  2   0  4412
137  11540  3   0  0  11540
138  11340  2   0  11340
139  11328  2   3  11325
140  11578  3   0  10  11568
141  11408  2   3  11405
142  11536  3   0  2  11534
143  11340  3   0  1  11339
144  11578  2   1  11577
145  11450  2   0  11450
146  11398  2   0  11398
147  3938  3   0  0  3938
148  11578  5   0  0  0  0  11578
149  11518  2   2  11516
150  11426  2   0  11426
151  11578  3   0  0  11578
152  11578  2   0  11578
153  11486  2   0  11486
154  11498  2   0  11498
155  11460  2   0  11460
156  11578  3   0  0  11578
157  11578  3   0  1  11577
158  11494  2   0  11494
159  11578  2   1  11577
160  3412  2   0  3412

[pop]=3
1  8650  3   0  1  8649
2  8580  4   0  0  0  8580
3  8640  2   0  8640
4  7664  2   0  7664
5  8654  2   0  8654
6  8649  4   0  0  0  8649
7  8582  2   0  8582
8  8654  2   0  8654
9  8654  2   0  8654
10  8648  2   0  8648
11  8654  3   0  0  8654
12  8654  2   0  8654
13  8644  2   1  8643
14  8654  2   0  8654
15  8654  2   0  8654
16  8654  2   0  8654
17  8652  2   0  8652
18  8592  2   0  8592
19  8654  2   0  8654
20  8654  2   0  8654
21  8654  3   0  3  8651
22  8654  2   0  8654
23  8654  2   0  8654
24  8650  3   0  0  8650
25  8654  3   0  0  8654
26  8654  3   0  0  8654
27  8654  2   0  8654
28  8644  2   0  8644
29  8654  2   0  8654
30  8647  3   0  0  8647
31  8654  2   0  8654
32  8654  3   0  0  8654
33  8654  2   0  8654
34  8654  2   0  8654
35  8654  2   0  8654
36  8654  3   0  0  8654
37  8654  3   1  0  8653
38  8654  2   0  8654
39  8654  2   0  8654
40  8654  3   0  0  8654
41  8654  3   0  1  8653
42  8654  2   0  8654
43  8654  2   0  8654
44  8654  2   27  8627
45  8654  2   2  8652
46  8654  3   0  0  8654
47  8654  2   0  8654
48  8602  2   0  8602
49  8654  4   0  0  0  8654
50  8654  3   0  0  8654
51  8654  2   0  8654
52  8654  3   0  0  8654
53  8600  2   3  8597
54  8648  2   0  8648
55  8654  2   0  8654
56  8654  2   0  8654
57  8654  2   0  8654
58  8654  4   0  0  0  8654
59  8648  2   0  8648
60  8654  3   1  0  8653
61  8654  2   0  8654
62  8654  2   0  8654
63  8654  2   0  8654
64  8648  3   0  0  8648
65  8654  2   0  8654
66  8654  2   0  8654
67  8654  2   1  8653
68  8606  3   0  0  8606
69  8654  2   0  8654
70  8654  3   0  1  8653
71  8654  2   0  8654
72  8650  2   7  8643
73  8654  2   0  8654
74  8654  2   3  8651
75  8654  2   11  8643
76  8654  2   0  8654
77  8654  4   0  0  0  8654
78  8609  3   0  0  8609
79  8652  2   0  8652
80  8652  3   1  0  8651
81  8654  3   0  0  8654
82  4628  2   0  4628
83  8654  2   0  8654
84  8654  2   0  8654
85  8654  2   0  8654
86  8654  3   0  0  8654
87  8648  3   0  1  8647
88  8654  2   0  8654
89  8654  3   0  0  8654
90  8654  3   0  0  8654
91  8654  4   0  0  0  8654
92  8622  2   0  8622
93  8654  2   0  8654
94  8654  2   0  8654
95  8654  2   1  8653
96  8654  2   4  8650
97  8620  2   0  8620
98  8654  2   0  8654
99  8654  4   1  0  0  8653
100  8653  4   0  0  795  7858
101  8648  2   0  8648
102  8654  2   0  8654
103  8614  2   0  8614
104  8654  2   0  8654
105  8654  3   0  0  8654
106  8622  3   0  0  8622
107  8654  2   0  8654
108  8654  2   0  8654
109  8654  4   0  0  0  8654
110  8652  2   0  8652
111  5760  2   0  5760
112  8654  3   0  0  8654
113  8618  2   0  8618
114  8654  2   0  8654
115  8654  3   0  0  8654
116  8654  2   0  8654
117  8654  2   0  8654
118  8654  2   0  8654
119  5618  3   4  0  5614
120  8654  2   0  8654
121  8654  3   0  0  8654
122  8654  2   0  8654
123  8624  3   0  0  8624
124  8648  3   0  0  8648
125  5578  2   0  5578
126  8652  5   0  4  0  4  8644
127  8654  3   0  0  8654
128  8628  2   0  8628
129  5483  4   0  1  1  5481
130  8652  2   3  8649
131  8654  3   0  0  8654
132  8530  2   0  8530
133  8654  2   0  8654
134  8652  3   2  0  8650
135  8654  2   0  8654
136  5400  2   0  5400
137  8650  3   0  0  8650
138  8618  2   0  8618
139  8574  2   0  8574
140  8654  3   1  1  8652
141  8554  2   0  8554
142  8624  3   0  0  8624
143  8583  3   0  0  8583
144  8654  2   0  8654
145  8596  2   0  8596
146  8610  2   0  8610
147  5133  3   0  0  5133
148  8654  5   0  0  0  1  8653
149  8638  2   0  8638
150  8628  2   1  8627
151  8654  3   0  3  8651
152  8654  2   0  8654
153  8624  2   2  8622
154  8616  2   0  8616
155  8640  2   0  8640
156  8654  3   0  0  8654
157  8652  3   0  0  8652
158  8620  2   0  8620
159  8654  2   0  8654
160  4802  2   0  4802

[pop]=4
1  6614  3   0  0  6614
2  6587  4   0  0  5  6582
3  6610  2   0  6610
4  5406  2   0  5406
5  6614  2   0  6614
6  6614  4   0  0  0  6614
7  6590  2   0  6590
8  6614  2   2  6612
9  6614  2   0  6614
10  6614  2   0  6614
11  6614  3   0  0  6614
12  6614  2   0  6614
13  6614  2   0  6614
14  6614  2   0  6614
15  6614  2   0  6614
16  6614  2   0  6614
17  6614  2   0  6614
18  6576  2   0  6576
19  6614  2   2  6612
20  6614  2   1  6613
21  6614  3   0  0  6614
22  6614  2   0  6614
23  6614  2   0  6614
24  6614  3   0  0  6614
25  6614  3   0  0  6614
26  6614  3   0  0  6614
27  6612  2   0  6612
28  6612  2   0  6612
29  6614  2   0  6614
30  6612  3   0  0  6612
31  6614  2   0  6614
32  6593  3   0  0  6593
33  6614  2   0  6614
34  6594  2   0  6594
35  6592  2   0  6592
36  6614  3   0  0  6614
37  6614  3   0  0  6614
38  6612  2   1  6611
39  6614  2   0  6614
40  6600  3   0  0  6600
41  6614  3   0  0  6614
42  6614  2   0  6614
43  6614  2   0  6614
44  6600  2   0  6600
45  6614  2   0  6614
46  6614  3   0  0  6614
47  6614  2   0  6614
48  6608  2   0  6608
49  6614  4   0  0  0  6614
50  6614  3   0  0  6614
51  6614  2   0  6614
52  6614  3   0  0  6614
53  6610  2   0  6610
54  6614  2   0  6614
55  6600  2   0  6600
56  6614  2   0  6614
57  6614  2   0  6614
58  6612  4   0  0  0  6612
59  6614  2   0  6614
60  6612  3   0  0  6612
61  6614  2   0  6614
62  6614  2   0  6614
63  6614  2   0  6614
64  6614  3   0  0  6614
65  6606  2   0  6606
66  6614  2   0  6614
67  6614  2   0  6614
68  6610  3   0  0  6610
69  6614  2   0  6614
70  6614  3   0  0  6614
71  6608  2   0  6608
72  6614  2   0  6614
73  6614  2   0  6614
74  6614  2   0  6614
75  6608  2   0  6608
76  6614  2   0  6614
77  6614  4   0  0  1  6613
78  6610  3   0  0  6610
79  6614  2   0  6614
80  6614  3   0  0  6614
81  6614  3   0  0  6614
82  2200  2   0  2200
83  6614  2   0  6614
84  6614  2   0  6614
85  6614  2   0  6614
86  6614  3   0  0  6614
87  6612  3   0  0  6612
88  6614  2   0  6614
89  6614  3   0  0  6614
90  6614  3   0  0  6614
91  6614  4   0  0  1  6613
92  6612  2   0  6612
93  6614  2   2  6612
94  6610  2   0  6610
95  6614  2   0  6614
96  6614  2   0  6614
97  6612  2   0  6612
98  6614  2   0  6614
99  6614  4   0  0  0  6614
100  6606  4   0  1  600  6005
101  6614  2   0  6614
102  6614  2   0  6614
103  6612  2   0  6612
104  6614  2   0  6614
105  6614  3   0  0  6614
106  6612  3   0  0  6612
107  6614  2   0  6614
108  6614  2   0  6614
109  6614  4   0  0  0  6614
110  6588  2   0  6588
111  3098  2   0  3098
112  6614  3   0  0  6614
113  6612  2   0  6612
114  6614  2   0  6614
115  6614  3   0  0  6614
116  6614  2   0  6614
117  6614  2   0  6614
118  6614  2   10  6604
119  3065  3   0  0  3065
120  6614  2   0  6614
121  6612  3   0  0  6612
122  6614  2   0  6614
123  6612  3   0  0  6612
124  6569  3   0  0  6569
125  3058  2   0  3058
126  6614  5   0  0  0  0  6614
127  6614  3   0  0  6614
128  6610  2   0  6610
129  2956  4   0  0  0  2956
130  6612  2   1  6611
131  6614  3   1  0  6613
132  6472  2   0  6472
133  6614  2   0  6614
134  6608  3   0  0  6608
135  6614  2   0  6614
136  2882  2   0  2882
137  6600  3   0  0  6600
138  6536  2   0  6536
139  6534  2   0  6534
140  6614  3   0  0  6614
141  6580  2   0  6580
142  6608  3   0  0  6608
143  6539  3   0  0  6539
144  6614  2   0  6614
145  6588  2   0  6588
146  6562  2   0  6562
147  2553  3   0  0  2553
148  6614  5   0  0  0  0  6614
149  6586  2   0  6586
150  6592  2   0  6592
151  6614  3   0  0  6614
152  6614  2   0  6614
153  6610  2   0  6610
154  6604  2   0  6604
155  6582  2   0  6582
156  6614  3   0  0  6614
157  6614  3   0  0  6614
158  6606  2   0  6606
159  6614  2   0  6614
160  2230  2   0  2230

[pop]=5
1  66702  3   0  0  66702
2  66463  4   0  0  0  66463
3  66488  2   0  66488
4  58042  2   0  58042
5  66734  2   0  66734
6  66691  4   0  1  0  66690
7  66520  2   3  66517
8  66738  2   255  66483
9  66740  2   1  66739
10  66684  2   2  66682
11  66740  3   2  1  66737
12  66730  2   3  66727
13  66666  2   3  66663
14  66704  2   0  66704
15  66740  2   4  66736
16  66108  2   1  66107
17  66700  2   6  66694
18  65750  2   5  65745
19  66730  2   37  66693
20  66738  2   8  66730
21  66693  3   0  0  66693
22  66726  2   3  66723
23  66740  2   2  66738
24  65738  3   0  0  65738
25  66740  3   0  1  66739
26  66704  3   1  0  66703
27  66662  2   1  66661
28  66684  2   0  66684
29  66702  2   2  66700
30  65631  3   0  1  65630
31  66740  2   4  66736
32  66688  3   2  7  66679
33  66736  2   0  66736
34  66694  2   20  66674
35  66700  2   0  66700
36  66736  3   0  2  66734
37  66740  3   0  0  66740
38  66680  2   80  66600
39  66736  2   0  66736
40  66704  3   0  2  66702
41  66718  3   14  0  66704
42  66740  2   2  66738
43  66722  2   2  66720
44  66692  2   0  66692
45  66718  2   0  66718
46  66740  3   0  0  66740
47  66740  2   2  66738
48  66684  2   2  66682
49  66733  4   1  2  0  66730
50  66688  3   0  0  66688
51  66734  2   9  66725
52  66683  3   0  0  66683
53  66690  2   0  66690
54  66652  2   2  66650
55  66704  2   1  66703
56  66740  2   1  66739
57  66738  2   2  66736
58  66671  4   2  0  1  66668
59  66660  2   2  66658
60  66642  3   0  0  66642
61  66740  2   2  66738
62  66738  2   2  66736
63  66740  2   0  66740
64  66663  3   1  1  66661
65  66704  2   20  66684
66  66642  2   4  66638
67  66740  2   0  66740
68  66692  3   0  1  66691
69  66740  2   5  66735
70  66718  3   1  0  66717
71  66720  2   0  66720
72  66620  2   1  66619
73  66740  2   7  66733
74  66738  2   0  66738
75  66716  2   1  66715
76  66740  2   0  66740
77  66723  4   1  1  0  66721
78  66701  3   1  2  66698
79  66666  2   2  66664
80  66666  3   0  1  66665
81  66738  3   1  0  66737
82  30190  2   0  30190
83  66726  2   0  66726
84  66726  2   0  66726
85  66712  2   2  66710
86  66738  3   0  1  66737
87  66646  3   0  0  66646
88  66712  2   0  66712
89  66730  3   1  0  66729
90  66736  3   1  0  66735
91  66738  4   0  0  0  66738
92  66710  2   3  66707
93  66700  2   0  66700
94  66704  2   3  66701
95  66736  2   10  66726
96  66734  2   0  66734
97  66710  2   0  66710
98  66672  2   0  66672
99  66731  4   0  0  0  66731
100  66700  4   5  1  8747  57947
101  66628  2   3  66625
102  66720  2   0  66720
103  66700  2   1  66699
104  66736  2   2  66734
105  66710  3   3  0  66707
106  66708  3   1  1  66706
107  66738  2   1  66737
108  66702  2   2  66700
109  66718  4   1  1  1  66715
110  66676  2   0  66676
111  40072  2   0  40072
112  66734  3   0  3  66731
113  66702  2   0  66702
114  66716  2   6  66710
115  66736  3   0  0  66736
116  66736  2   2  66734
117  66736  2   0  66736
118  66694  2   5  66689
119  39388  3   1  4  39383
120  66736  2   2  66734
121  66703  3   0  0  66703
122  66734  2   3  66731
123  66710  3   1  0  66709
124  66564  3   0  2  66562
125  39274  2   1  39273
126  66572  5   7  0  0  0  66565
127  66716  3   31  4  66681
128  66710  2   2  66708
129  38585  4   0  1  0  38584
130  66368  2   3  66365
131  66722  3   2  3  66717
132  65374  2   0  65374
133  66732  2   2  66730
134  66332  3   0  0  66332
135  66718  2   3  66715
136  37940  2   0  37940
137  66244  3   1  3  66240
138  66040  2   5  66035
139  65846  2   0  65846
140  66734  3   0  80  66654
141  65250  2   0  65250
142  66696  3   1  0  66695
143  65897  3   2  0  65895
144  66738  2   1  66737
145  65690  2   2  65688
146  66126  2   0  66126
147  35611  3   1  1  35609
148  66740  5   2  0  1  0  66737
149  65820  2   3  65817
150  66250  2   0  66250
151  66740  3   0  0  66740
152  66740  2   2  66738
153  66370  2   1  66369
154  66262  2   2  66260
155  66350  2   3  66347
156  66739  3   1  2  66736
157  66634  3   0  0  66634
158  66312  2   2  66310
159  66740  2   0  66740
160  32634  2   2  32632

[pop]=6
1  908  3   1  0  907
2  902  4   0  0  0  902
3  904  2   0  904
4  792  2   0  792
5  908  2   0  908
6  908  4   0  0  0  908
7  902  2   0  902
8  908  2   1  907
9  908  2   0  908
10  908  2   0  908
11  908  3   0  0  908
12  908  2   2  906
13  908  2   0  908
14  906  2   0  906
15  908  2   0  908
16  888  2   0  888
17  906  2   0  906
18  898  2   0  898
19  908  2   0  908
20  908  2   0  908
21  904  3   0  0  904
22  908  2   0  908
23  908  2   0  908
24  878  3   0  0  878
25  908  3   0  0  908
26  906  3   0  0  906
27  908  2   0  908
28  906  2   0  906
29  906  2   0  906
30  873  3   0  0  873
31  908  2   0  908
32  906  3   0  0  906
33  908  2   0  908
34  906  2   2  904
35  906  2   0  906
36  908  3   0  0  908
37  908  3   0  0  908
38  908  2   1  907
39  908  2   0  908
40  906  3   0  0  906
41  908  3   0  0  908
42  908  2   1  907
43  908  2   0  908
44  906  2   0  906
45  908  2   0  908
46  908  3   0  0  908
47  908  2   0  908
48  908  2   0  908
49  908  4   0  0  0  908
50  908  3   0  0  908
51  908  2   0  908
52  908  3   0  0  908
53  908  2   0  908
54  904  2   0  904
55  906  2   0  906
56  908  2   0  908
57  908  2   0  908
58  906  4   0  0  0  906
59  904  2   0  904
60  908  3   0  0  908
61  908  2   0  908
62  908  2   0  908
63  908  2   0  908
64  906  3   0  0  906
65  906  2   0  906
66  906  2   0  906
67  908  2   0  908
68  908  3   0  0  908
69  908  2   0  908
70  908  3   0  0  908
71  906  2   0  906
72  906  2   0  906
73  908  2   0  908
74  908  2   0  908
75  906  2   0  906
76  908  2   0  908
77  908  4   0  0  0  908
78  908  3   0  0  908
79  906  2   0  906
80  906  3   0  0  906
81  908  3   0  0  908
82  446  2   0  446
83  906  2   1  905
84  906  2   0  906
85  908  2   0  908
86  908  3   0  0  908
87  906  3   0  0  906
88  908  2   0  908
89  908  3   0  0  908
90  908  3   0  0  908
91  908  4   0  0  0  908
92  908  2   0  908
93  908  2   0  908
94  904  2   0  904
95  908  2   0  908
96  908  2   0  908
97  908  2   0  908
98  908  2   0  908
99  908  4   0  0  0  908
100  903  4   0  0  119  784
101  906  2   0  906
102  908  2   0  908
103  908  2   0  908
104  906  2   0  906
105  908  3   0  0  908
106  908  3   0  0  908
107  906  2   0  906
108  908  2   0  908
109  908  4   0  0  0  908
110  904  2   0  904
111  566  2   0  566
112  907  3   0  0  907
113  908  2   0  908
114  908  2   0  908
115  908  3   0  0  908
116  908  2   0  908
117  906  2   0  906
118  908  2   0  908
119  559  3   0  0  559
120  906  2   2  904
121  906  3   0  0  906
122  908  2   0  908
123  908  3   0  0  908
124  902  3   0  0  902
125  566  2   0  566
126  904  5   0  0  0  0  904
127  908  3   0  1  907
128  908  2   0  908
129  547  4   0  0  0  547
130  898  2   0  898
131  908  3   0  0  908
132  890  2   0  890
133  908  2   0  908
134  898  3   0  0  898
135  908  2   0  908
136  538  2   0  538
137  898  3   0  0  898
138  892  2   0  892
139  898  2   0  898
140  908  3   0  0  908
141  888  2   0  888
142  907  3   0  0  907
143  898  3   0  0  898
144  908  2   0  908
145  898  2   0  898
146  900  2   0  900
147  499  3   0  0  499
148  906  5   0  0  0  0  906
149  870  2   0  870
150  896  2   0  896
151  906  3   0  0  906
152  906  2   0  906
153  902  2   0  902
154  906  2   0  906
155  902  2   0  902
156  906  3   0  0  906
157  906  3   0  0  906
158  906  2   0  906
159  906  2   0  906
160  442  2   0  442

[pop]=7
1  16500  3   0  0  16500
2  16440  4   1  0  0  16439
3  16414  2   0  16414
4  14784  2   1  14783
5  16512  2   0  16512
6  16487  4   1  0  1  16485
7  16454  2   0  16454
8  16512  2   58  16454
9  16512  2   10  16502
10  16486  2   0  16486
11  16512  3   0  0  16512
12  16512  2   0  16512
13  16480  2   0  16480
14  16508  2   49  16459
15  16512  2   0  16512
16  14956  2   1  14955
17  16508  2   1  16507
18  16232  2   0  16232
19  16512  2   1  16511
20  16510  2   0  16510
21  16498  3   0  0  16498
22  16498  2   0  16498
23  16512  2   0  16512
24  14056  3   0  0  14056
25  16512  3   0  1  16511
26  16505  3   0  0  16505
27  16478  2   2  16476
28  16490  2   0  16490
29  16506  2   0  16506
30  13730  3   0  0  13730
31  16512  2   0  16512
32  16511  3   0  0  16511
33  16512  2   0  16512
34  16512  2   5  16507
35  16512  2   0  16512
36  16512  3   2  0  16510
37  16512  3   0  1  16511
38  16496  2   23  16473
39  16512  2   0  16512
40  16512  3   5  0  16507
41  16510  3   3  0  16507
42  16512  2   6  16506
43  16512  2   0  16512
44  16512  2   0  16512
45  16510  2   0  16510
46  16512  3   0  1  16511
47  16512  2   2  16510
48  16502  2   0  16502
49  16512  4   0  0  1  16511
50  16496  3   44  0  16452
51  16512  2   0  16512
52  16494  3   2  0  16492
53  16502  2   0  16502
54  16508  2   0  16508
55  16510  2   0  16510
56  16512  2   0  16512
57  16512  2   0  16512
58  16485  4   0  1  1  16483
59  16508  2   0  16508
60  16478  3   0  0  16478
61  16512  2   0  16512
62  16512  2   0  16512
63  16512  2   0  16512
64  16508  3   0  2  16506
65  16510  2   0  16510
66  16394  2   2  16392
67  16512  2   0  16512
68  16502  3   1  0  16501
69  16512  2   0  16512
70  16512  3   0  0  16512
71  16510  2   0  16510
72  16348  2   0  16348
73  16512  2   0  16512
74  16512  2   0  16512
75  16510  2   0  16510
76  16512  2   4  16508
77  16511  4   0  0  0  16511
78  16502  3   0  0  16502
79  16508  2   0  16508
80  16508  3   0  0  16508
81  16512  3   0  0  16512
82  10590  2   2  10588
83  16512  2   106  16406
84  16512  2   1  16511
85  16512  2   0  16512
86  16512  3   2  0  16510
87  16503  3   0  0  16503
88  16498  2   0  16498
89  16512  3   0  2  16510
90  16512  3   0  1  16511
91  16512  4   0  0  0  16512
92  16502  2   0  16502
93  16492  2   0  16492
94  16504  2   0  16504
95  16512  2   0  16512
96  16512  2   0  16512
97  16504  2   3  16501
98  16474  2   0  16474
99  16512  4   0  1  0  16511
100  16501  4   0  1  2289  14211
101  16508  2   1  16507
102  16510  2   2  16508
103  16502  2   3  16499
104  16512  2   0  16512
105  16500  3   0  1  16499
106  16502  3   0  0  16502
107  16512  2   0  16512
108  16492  2   0  16492
109  16510  4   0  0  0  16510
110  16478  2   3  16475
111  11594  2   28  11566
112  16512  3   1  0  16511
113  16504  2   4  16500
114  16508  2   0  16508
115  16512  3   1  0  16511
116  16512  2   1  16511
117  16512  2   0  16512
118  16470  2   0  16470
119  11493  3   0  0  11493
120  16512  2   0  16512
121  16509  3   0  1  16508
122  16512  2   0  16512
123  16504  3   0  0  16504
124  16448  3   0  4  16444
125  11468  2   0  11468
126  16200  5   0  0  0  0  16200
127  16492  3   0  0  16492
128  16502  2   0  16502
129  11333  4   0  0  0  11333
130  15484  2   2  15482
131  16512  3   0  0  16512
132  16214  2   40  16174
133  16512  2   1  16511
134  15395  3   0  1  15394
135  16510  2   0  16510
136  11276  2   2  11274
137  15224  3   0  0  15224
138  16238  2   0  16238
139  16304  2   0  16304
140  16510  3   0  5  16505
141  15682  2   0  15682
142  16495  3   0  0  16495
143  16321  3   0  0  16321
144  16510  2   0  16510
145  15884  2   0  15884
146  16354  2   3  16351
147  11027  3   0  0  11027
148  16512  5   0  5  0  0  16507
149  14078  2   0  14078
150  16364  2   1  16363
151  16512  3   4  0  16508
152  16512  2   0  16512
153  16336  2   0  16336
154  16216  2   0  16216
155  16402  2   0  16402
156  16512  3   0  0  16512
157  16248  3   0  0  16248
158  16240  2   0  16240
159  16512  2   14  16498
160  10694  2   0  10694

