[loci]=153

[populations]=7

[pop]=1
1  10276  2   0  10276
2  10068  2   0  10068
3  10274  2   0  10274
4  10175  3   0  0  10175
5  10364  2   0  10364
6  10356  2   0  10356
7  10318  2   0  10318
8  10368  2   1  10367
9  10406  2   0  10406
10  10002  2   0  10002
11  10374  3   0  0  10374
12  10302  2   0  10302
13  10042  2   0  10042
14  10268  3   0  0  10268
15  10383  3   0  0  10383
16  10400  4   1  0  1  10398
17  10329  3   0  0  10329
18  10292  4   0  0  1  10291
19  9764  2   0  9764
20  10400  2   0  10400
21  10338  3   0  0  10338
22  10311  4   0  0  0  10311
23  10406  2   0  10406
24  10312  3   1  0  10311
25  10402  2   1  10401
26  9828  2   0  9828
27  10402  2   0  10402
28  10352  2   0  10352
29  10317  3   0  0  10317
30  8774  2   0  8774
31  10362  2   0  10362
32  10342  3   0  0  10342
33  10402  2   0  10402
34  10364  2   0  10364
35  10402  2   0  10402
36  3658  4   0  0  0  3658
37  10320  2   1  10319
38  10397  3   0  0  10397
39  10000  2   1  9999
40  8866  2   0  8866
41  10374  3   0  1  10373
42  10404  2   0  10404
43  10404  2   0  10404
44  8874  2   0  8874
45  10402  3   1  1  10400
46  10396  2   0  10396
47  10358  4   0  0  0  10358
48  10203  3   6  0  10197
49  3345  3   0  0  3345
50  8904  2   1  8903
51  10398  2   0  10398
52  10306  2   0  10306
53  10406  5   1  1  0  0  10404
54  10356  2   0  10356
55  10396  2   4953  5443
56  10074  2   1  10073
57  10402  3   0  0  10402
58  10398  4   0  0  0  10398
59  10406  2   0  10406
60  10358  2   1  10357
61  10072  2   0  10072
62  10402  2   0  10402
63  3093  3   0  0  3093
64  8709  4   0  0  0  8709
65  2949  3   0  0  2949
66  10114  2   0  10114
67  10354  2   0  10354
68  10398  2   3  10395
69  10406  4   0  0  0  10406
70  8580  3   2  0  8578
71  9958  2   0  9958
72  10368  2   0  10368
73  8532  2   0  8532
74  10401  3   0  0  10401
75  9898  2   0  9898
76  10368  2   0  10368
77  10406  2   0  10406
78  10398  3   1  0  10397
79  10344  2   0  10344
80  10400  2   0  10400
81  2742  2   0  2742
82  10176  2   3  10173
83  10402  2   0  10402
84  10402  2   1  10401
85  9758  2   2  9756
86  10402  2   0  10402
87  2794  2   0  2794
88  10176  2   0  10176
89  10402  3   0  0  10402
90  10348  2   19  10329
91  2560  5   0  0  0  0  2560
92  10230  2   1499  8731
93  10402  2   1  10401
94  10402  2   3  10399
95  10297  3   100  0  10197
96  10288  3   1  0  10287
97  10288  2   2  10286
98  7849  3   1  0  7848
99  10406  2   2  10404
100  10393  3   0  0  10393
101  10355  4   15  0  1  10339
102  10304  2   2  10302
103  10398  2   0  10398
104  10300  2   3  10297
105  10402  3   0  0  10402
106  9522  2   1  9521
107  10394  4   0  0  0  10394
108  10385  3   0  0  10385
109  10196  3   0  0  10196
110  7672  3   228  0  7444
111  7907  3   0  0  7907
112  9460  3   0  0  9460
113  10402  4   0  0  0  10402
114  10358  2   0  10358
115  10328  2   4  10324
116  10398  2   0  10398
117  9439  4   0  0  0  9439
118  10364  3   0  0  10364
119  10116  2   0  10116
120  9290  2   0  9290
121  9270  2   2  9268
122  10126  2   0  10126
123  5802  2   0  5802
124  10406  2   143  10263
125  9017  4   0  0  0  9017
126  10402  2   0  10402
127  10398  2   0  10398
128  10370  2   0  10370
129  10162  3   0  0  10162
130  10402  3   0  0  10402
131  5722  2   243  5479
132  10142  2   1  10141
133  10402  2   0  10402
134  8805  3   0  0  8805
135  10402  2   1  10401
136  10406  2   0  10406
137  10402  3   1  0  10401
138  8654  2   0  8654
139  10320  2   6  10314
140  10402  2   228  10174
141  10120  2   0  10120
142  10402  4   0  0  0  10402
143  8516  3   0  0  8516
144  10386  3   0  0  10386
145  10324  3   0  0  10324
146  10402  2   0  10402
147  10323  3   0  0  10323
148  10406  4   0  0  1  10405
149  5384  2   0  5384
150  10398  2   0  10398
151  10320  2   0  10320
152  10406  4   1  0  1  10404
153  10094  2   13  10081

[pop]=2
1  11534  2   0  11534
2  11282  2   0  11282
3  11478  2   0  11478
4  11288  3   0  0  11288
5  11574  2   0  11574
6  11534  2   2  11532
7  11486  2   0  11486
8  11576  2   0  11576
9  11578  2   0  11578
10  11154  2   0  11154
11  11576  3   0  1  11575
12  11502  2   0  11502
13  11168  2   0  11168
14  11394  3   0  0  11394
15  11549  3   0  0  11549
16  11576  4   0  0  0  11576
17  11501  3   0  0  11501
18  11418  4   0  0  0  11418
19  10862  2   0  10862
20  11576  2   0  11576
21  11501  3   0  0  11501
22  11438  4   0  0  2  11436
23  11578  2   0  11578
24  11446  3   0  1  11445
25  11564  2   0  11564
26  10980  2   0  10980
27  11576  2   0  11576
28  11520  2   1  11519
29  11524  3   0  0  11524
30  10290  2   0  10290
31  11526  2   0  11526
32  11498  3   0  2  11496
33  11562  2   0  11562
34  11508  2   0  11508
35  11562  2   3  11559
36  4983  4   0  0  1  4982
37  11516  2   1  11515
38  11578  3   0  0  11578
39  11202  2   0  11202
40  10404  2   9  10395
41  11530  3   0  11  11519
42  11570  2   1  11569
43  11564  2   3  11561
44  10408  2   0  10408
45  11576  3   0  0  11576
46  11576  2   2  11574
47  11529  4   0  0  1  11528
48  11296  3   1  0  11295
49  4600  3   2  1  4597
50  10410  2   0  10410
51  11578  2   4  11574
52  11496  2   0  11496
53  11576  5   0  0  0  0  11576
54  11530  2   1  11529
55  11558  2   7796  3762
56  11274  2   9  11265
57  11576  3   0  0  11576
58  11578  4   0  0  0  11578
59  11576  2   0  11576
60  11532  2   0  11532
61  11266  2   0  11266
62  11576  2   0  11576
63  4391  3   0  0  4391
64  10179  4   0  0  0  10179
65  4228  3   0  0  4228
66  11298  2   3  11295
67  11536  2   0  11536
68  11578  2   0  11578
69  11576  4   0  0  0  11576
70  9930  3   0  0  9930
71  11114  2   0  11114
72  11526  2   1  11525
73  9850  2   11  9839
74  11575  3   0  0  11575
75  11060  2   0  11060
76  11520  2   0  11520
77  11566  2   0  11566
78  11578  3   0  0  11578
79  11518  2   0  11518
80  11558  2   0  11558
81  3662  2   0  3662
82  11328  2   0  11328
83  11574  2   0  11574
84  11578  2   0  11578
85  10918  2   0  10918
86  11558  2   1  11557
87  3594  2   0  3594
88  11332  2   0  11332
89  11574  3   0  0  11574
90  11502  2   0  11502
91  3164  5   0  0  0  0  3164
92  11348  2   296  11052
93  11574  2   0  11574
94  11578  2   0  11578
95  11488  3   6  0  11482
96  11471  3   0  0  11471
97  11482  2   0  11482
98  8097  3   0  0  8097
99  11576  2   16  11560
100  11571  3   1  0  11570
101  11565  4   1  0  0  11564
102  11492  2   0  11492
103  11524  2   0  11524
104  11542  2   1  11541
105  11578  3   1  0  11577
106  10056  2   0  10056
107  11572  4   0  0  0  11572
108  11512  3   0  1  11511
109  11337  3   0  0  11337
110  7666  3   9  0  7657
111  7015  3   13  0  7002
112  9919  3   1  0  9918
113  11578  4   0  0  0  11578
114  11568  2   0  11568
115  11520  2   0  11520
116  11564  2   0  11564
117  9876  4   0  0  0  9876
118  11546  3   0  0  11546
119  11370  2   0  11370
120  9406  2   0  9406
121  9304  2   0  9304
122  11434  2   0  11434
123  2786  2   0  2786
124  11574  2   6  11568
125  8584  4   1  0  0  8583
126  11578  2   1  11577
127  11576  2   0  11576
128  11572  2   0  11572
129  11312  3   0  0  11312
130  11578  3   0  0  11578
131  2812  2   11  2801
132  11310  2   0  11310
133  11578  2   0  11578
134  7942  3   1  0  7941
135  11578  2   1  11577
136  11576  2   0  11576
137  11578  3   0  0  11578
138  7404  2   0  7404
139  11496  2   0  11496
140  11576  2   7  11569
141  11454  2   2  11452
142  11578  4   0  0  1  11577
143  6905  3   0  0  6905
144  11534  3   0  0  11534
145  11502  3   0  0  11502
146  11576  2   0  11576
147  11502  3   0  0  11502
148  11575  4   0  0  0  11575
149  2564  2   0  2564
150  11576  2   0  11576
151  11504  2   1  11503
152  11574  4   0  0  0  11574
153  11452  2   1  11451

[pop]=3
1  8606  2   0  8606
2  8514  2   0  8514
3  8632  2   13  8619
4  8485  3   0  0  8485
5  8632  2   0  8632
6  8634  2   0  8634
7  8632  2   0  8632
8  8640  2   0  8640
9  8654  2   1  8653
10  8536  2   0  8536
11  8644  3   0  0  8644
12  8638  2   0  8638
13  8548  2   0  8548
14  8589  3   1  0  8588
15  8635  3   0  0  8635
16  8650  4   0  0  0  8650
17  8638  3   0  0  8638
18  8600  4   0  0  0  8600
19  8388  2   0  8388
20  8650  2   0  8650
21  8639  3   1  1  8637
22  8611  4   0  0  0  8611
23  8654  2   0  8654
24  8618  3   0  0  8618
25  8646  2   0  8646
26  8438  2   0  8438
27  8654  2   0  8654
28  8642  2   0  8642
29  8640  3   0  0  8640
30  8206  2   0  8206
31  8642  2   27  8615
32  8630  3   0  0  8630
33  8646  2   0  8646
34  8632  2   0  8632
35  8650  2   0  8650
36  3216  4   0  0  0  3216
37  8638  2   0  8638
38  8651  3   0  0  8651
39  8556  2   0  8556
40  8280  2   0  8280
41  8638  3   2  0  8636
42  8650  2   0  8650
43  8652  2   0  8652
44  8270  2   0  8270
45  8650  3   0  0  8650
46  8654  2   0  8654
47  8642  4   1  0  0  8641
48  8611  3   0  1  8610
49  2914  3   0  0  2914
50  8280  2   0  8280
51  8652  2   1  8651
52  8636  2   0  8636
53  8654  5   4  0  0  0  8650
54  8640  2   0  8640
55  8628  2   5335  3293
56  8584  2   0  8584
57  8650  3   0  1  8649
58  8654  4   0  0  0  8654
59  8654  2   4  8650
60  8640  2   0  8640
61  8582  2   0  8582
62  8650  2   0  8650
63  2807  3   1  0  2806
64  8131  4   0  0  0  8131
65  2693  3   0  0  2693
66  8584  2   0  8584
67  8642  2   0  8642
68  8654  2   0  8654
69  8654  4   0  5  0  8649
70  7965  3   0  0  7965
71  8498  2   0  8498
72  8640  2   0  8640
73  7936  2   0  7936
74  8650  3   0  1  8649
75  8460  2   1  8459
76  8640  2   0  8640
77  8646  2   0  8646
78  8654  3   0  0  8654
79  8642  2   0  8642
80  8648  2   0  8648
81  2314  2   0  2314
82  8610  2   0  8610
83  8650  2   0  8650
84  8654  2   0  8654
85  8352  2   0  8352
86  8650  2   0  8650
87  2294  2   0  2294
88  8612  2   24  8588
89  8650  3   0  0  8650
90  8632  2   0  8632
91  2044  5   0  0  0  0  2044
92  8584  2   1330  7254
93  8650  2   0  8650
94  8654  2   0  8654
95  8638  3   0  0  8638
96  8529  3   0  0  8529
97  8636  2   0  8636
98  6983  3   0  1  6982
99  8654  2   0  8654
100  8652  3   0  0  8652
101  8645  4   0  0  0  8645
102  8542  2   0  8542
103  8642  2   3  8639
104  8642  2   0  8642
105  8654  3   0  0  8654
106  8012  2   0  8012
107  8652  4   2  0  0  8650
108  8640  3   0  0  8640
109  8633  3   0  0  8633
110  6708  3   0  0  6708
111  6379  3   0  0  6379
112  7939  3   0  0  7939
113  8654  4   0  0  0  8654
114  8646  2   0  8646
115  8644  2   0  8644
116  8648  2   0  8648
117  7909  4   0  0  1  7908
118  8648  3   0  0  8648
119  8604  2   0  8604
120  7714  2   0  7714
121  7682  2   3  7679
122  8580  2   0  8580
123  4524  2   0  4524
124  8652  2   0  8652
125  7363  4   0  0  0  7363
126  8654  2   0  8654
127  8654  2   0  8654
128  8650  2   0  8650
129  8618  3   0  0  8618
130  8654  3   1  0  8653
131  4466  2   0  4466
132  8618  2   0  8618
133  8654  2   0  8654
134  7110  3   0  0  7110
135  8654  2   0  8654
136  8652  2   0  8652
137  8654  3   0  0  8654
138  6920  2   0  6920
139  8642  2   0  8642
140  8654  2   0  8654
141  8572  2   0  8572
142  8654  4   0  0  0  8654
143  6741  3   0  0  6741
144  8596  3   0  0  8596
145  8642  3   0  2  8640
146  8654  2   0  8654
147  8642  3   0  1  8641
148  8654  4   0  0  0  8654
149  4246  2   0  4246
150  8654  2   0  8654
151  8642  2   0  8642
152  8654  4   0  0  0  8654
153  8554  2   0  8554

[pop]=4
1  6610  2   109  6501
2  6338  2   0  6338
3  6588  2   0  6588
4  6491  3   0  0  6491
5  6612  2   0  6612
6  6574  2   0  6574
7  6392  2   0  6392
8  6614  2   0  6614
9  6614  2   0  6614
10  6500  2   0  6500
11  6614  3   0  0  6614
12  6596  2   0  6596
13  6508  2   0  6508
14  6530  3   0  0  6530
15  6586  3   0  0  6586
16  6614  4   0  0  0  6614
17  6409  3   0  0  6409
18  6541  4   0  0  0  6541
19  6248  2   0  6248
20  6614  2   0  6614
21  6415  3   0  0  6415
22  6559  4   0  0  0  6559
23  6614  2   0  6614
24  6564  3   0  0  6564
25  6612  2   0  6612
26  6314  2   0  6314
27  6614  2   1  6613
28  6426  2   0  6426
29  6598  3   0  0  6598
30  5910  2   0  5910
31  6432  2   0  6432
32  6582  3   0  0  6582
33  6606  2   0  6606
34  6582  2   0  6582
35  6608  2   0  6608
36  1201  4   0  0  0  1201
37  6596  2   0  6596
38  6614  3   0  0  6614
39  6474  2   2  6472
40  5986  2   0  5986
41  6588  3   0  0  6588
42  6614  2   0  6614
43  6612  2   0  6612
44  5978  2   0  5978
45  6614  3   0  0  6614
46  6614  2   0  6614
47  6435  4   0  3  0  6432
48  6546  3   0  0  6546
49  1001  3   0  0  1001
50  5976  2   0  5976
51  6614  2   0  6614
52  6596  2   0  6596
53  6614  5   0  0  0  0  6614
54  6438  2   0  6438
55  6602  2   4421  2181
56  6512  2   0  6512
57  6614  3   0  0  6614
58  6614  4   0  0  0  6614
59  6614  2   0  6614
60  6434  2   0  6434
61  6508  2   0  6508
62  6614  2   0  6614
63  894  3   0  0  894
64  5865  4   0  0  0  5865
65  807  3   0  0  807
66  6522  2   0  6522
67  6426  2   0  6426
68  6614  2   0  6614
69  6614  4   0  0  0  6614
70  5749  3   1  0  5748
71  6454  2   0  6454
72  6588  2   0  6588
73  5710  2   2  5708
74  6614  3   0  0  6614
75  6426  2   3  6423
76  6588  2   0  6588
77  6614  2   0  6614
78  6614  3   0  0  6614
79  6400  2   0  6400
80  6600  2   0  6600
81  746  2   0  746
82  6560  2   0  6560
83  6614  2   0  6614
84  6614  2   3  6611
85  6370  2   0  6370
86  6598  2   0  6598
87  766  2   0  766
88  6558  2   0  6558
89  6614  3   0  0  6614
90  6578  2   0  6578
91  643  5   0  0  0  0  643
92  6570  2   468  6102
93  6614  2   0  6614
94  6614  2   0  6614
95  6363  3   1  0  6362
96  6606  3   0  0  6606
97  6350  2   0  6350
98  5127  3   0  0  5127
99  6614  2   2  6612
100  6614  3   0  0  6614
101  6614  4   0  0  0  6614
102  6610  2   0  6610
103  6580  2   0  6580
104  6612  2   0  6612
105  6614  3   0  0  6614
106  5528  2   0  5528
107  6614  4   0  0  0  6614
108  6577  3   0  0  6577
109  6579  3   0  0  6579
110  4980  3   0  0  4980
111  4275  3   0  0  4275
112  5504  3   0  0  5504
113  6614  4   0  0  0  6614
114  6614  2   0  6614
115  6604  2   0  6604
116  6614  2   0  6614
117  5481  4   0  0  0  5481
118  6610  3   0  1  6609
119  6344  2   0  6344
120  5308  2   0  5308
121  5236  2   0  5236
122  6586  2   0  6586
123  2194  2   2  2192
124  6614  2   0  6614
125  4873  4   0  0  0  4873
126  6614  2   0  6614
127  6614  2   0  6614
128  6614  2   0  6614
129  6572  3   0  0  6572
130  6614  3   0  0  6614
131  2076  2   0  2076
132  6576  2   0  6576
133  6614  2   0  6614
134  4637  3   0  0  4637
135  6614  2   0  6614
136  6614  2   21  6593
137  6614  3   0  0  6614
138  4432  2   0  4432
139  6446  2   0  6446
140  6608  2   0  6608
141  6600  2   0  6600
142  6614  4   0  0  0  6614
143  4255  3   0  0  4255
144  6610  3   0  0  6610
145  6444  3   0  0  6444
146  6610  2   0  6610
147  6447  3   0  0  6447
148  6614  4   0  0  0  6614
149  1986  2   0  1986
150  6614  2   0  6614
151  6446  2   0  6446
152  6614  4   0  0  0  6614
153  6592  2   0  6592

[pop]=5
1  65638  2   62  65576
2  64968  2   0  64968
3  66262  2   0  66262
4  65564  3   0  0  65564
5  66564  2   7  66557
6  66570  2   0  66570
7  66212  2   6  66206
8  66612  2   1  66611
9  66740  2   2  66738
10  64714  2   5  64709
11  66621  3   0  2  66619
12  66398  2   3  66395
13  64846  2   2  64844
14  66180  3   0  1  66179
15  66621  3   1  2  66618
16  66691  4   0  0  0  66691
17  66295  3   0  0  66295
18  66274  4   1  3  0  66270
19  64172  2   0  64172
20  66696  2   3  66693
21  66316  3   0  0  66316
22  66362  4   1  1  0  66360
23  66740  2   2  66738
24  66392  3   1  2  66389
25  66730  2   1  66729
26  64576  2   2  64574
27  66714  2   1  66713
28  66364  2   1  66363
29  66459  3   1  0  66458
30  60974  2   0  60974
31  66382  2   0  66382
32  66530  3   0  13  66517
33  66680  2   3  66677
34  66546  2   9  66537
35  66682  2   4  66678
36  22992  4   0  1  53  22938
37  66444  2   5  66439
38  66703  3   7  1  66695
39  65574  2   44  65530
40  61366  2   0  61366
41  66618  3   1  4  66613
42  66736  2   1  66735
43  66686  2   10  66676
44  61374  2   3  61371
45  66712  3   0  0  66712
46  66718  2   1  66717
47  66402  4   0  1  0  66401
48  65553  3   0  0  65553
49  21142  3   0  0  21142
50  61384  2   0  61384
51  66718  2   7  66711
52  66332  2   2  66330
53  66740  5   4  1  1  0  66734
54  66410  2   1  66409
55  66652  2   39392  27260
56  65836  2   13  65823
57  66718  3   1  1  66716
58  66724  4   3  0  1  66720
59  66740  2   1  66739
60  66410  2   0  66410
61  65818  2   2  65816
62  66714  2   1  66713
63  20062  3   1  2  20059
64  60372  4   0  1  0  60371
65  19025  3   1  3  19021
66  65934  2   0  65934
67  66410  2   12  66398
68  66726  2   0  66726
69  66740  4   2  0  3  66735
70  59365  3   8  0  59357
71  64270  2   0  64270
72  66510  2   0  66510
73  59096  2   0  59096
74  66708  3   1  0  66707
75  63944  2   5  63939
76  66500  2   2  66498
77  66740  2   2  66738
78  66726  3   0  3  66723
79  66364  2   2  66362
80  66672  2   2  66670
81  16672  2   2  16670
82  66050  2   0  66050
83  66704  2   6  66698
84  66726  2   11  66715
85  63184  2   4  63180
86  66664  2   1  66663
87  16510  2   2  16508
88  66066  2   0  66066
89  66702  3   2  1  66699
90  66356  2   0  66356
91  14578  5   1  1  1  1  14574
92  66138  2   3777  62361
93  66692  2   0  66692
94  66690  2   0  66690
95  66237  3   7  1  66229
96  66257  3   0  0  66257
97  66208  2   0  66208
98  52266  3   0  0  52266
99  66728  2   93  66635
100  66711  3   0  1  66710
101  66626  4   1  1  2  66622
102  66396  2   0  66396
103  66578  2   1  66577
104  66476  2   18  66458
105  66720  3   0  4  66716
106  62194  2   4  62190
107  66709  4   3  3  2  66701
108  66562  3   0  1  66561
109  66113  3   1  0  66112
110  50430  3   8  3  50419
111  46764  3   0  1  46763
112  61904  3   0  0  61904
113  66713  4   0  1  1  66711
114  66638  2   1  66637
115  66504  2   0  66504
116  66634  2   2  66632
117  61818  4   0  0  0  61818
118  66590  3   0  0  66590
119  65830  2   2  65828
120  61004  2   6  60998
121  60780  2   0  60780
122  65994  2   0  65994
123  29586  2   4  29582
124  66716  2   6  66710
125  59117  4   1  8  1  59107
126  66730  2   4  66726
127  66730  2   0  66730
128  66664  2   2  66662
129  65962  3   2  1  65959
130  66725  3   0  2  66723
131  29130  2   66  29064
132  65960  2   5  65955
133  66724  2   2  66722
134  57747  3   0  1  57746
135  66732  2   0  66732
136  66722  2   6  66716
137  66724  3   0  1  66723
138  56660  2   1  56659
139  66498  2   1  66497
140  66728  2   12  66716
141  65940  2   0  65940
142  66724  4   2  1  0  66721
143  55502  3   1  1  55500
144  66654  3   2  1  66651
145  66508  3   1  0  66507
146  66728  2   2  66726
147  66517  3   1  1  66515
148  66719  4   0  1  0  66718
149  27746  2   0  27746
150  66728  2   0  66728
151  66514  2   0  66514
152  66721  4   0  1  0  66720
153  65880  2   31  65849

[pop]=6
1  892  2   1  891
2  874  2   0  874
3  900  2   0  900
4  880  3   0  0  880
5  902  2   0  902
6  904  2   0  904
7  902  2   0  902
8  902  2   0  902
9  908  2   0  908
10  872  2   0  872
11  902  3   0  0  902
12  902  2   0  902
13  876  2   0  876
14  897  3   0  0  897
15  904  3   0  0  904
16  906  4   0  0  0  906
17  902  3   0  0  902
18  901  4   0  0  0  901
19  860  2   0  860
20  906  2   0  906
21  902  3   0  0  902
22  902  4   0  0  0  902
23  908  2   0  908
24  902  3   0  0  902
25  908  2   0  908
26  868  2   0  868
27  908  2   0  908
28  900  2   0  900
29  902  3   0  0  902
30  766  2   0  766
31  900  2   0  900
32  904  3   0  0  904
33  904  2   0  904
34  904  2   0  904
35  904  2   0  904
36  320  4   0  0  0  320
37  902  2   0  902
38  906  3   0  0  906
39  894  2   0  894
40  784  2   0  784
41  906  3   0  0  906
42  908  2   0  908
43  904  2   0  904
44  786  2   0  786
45  906  3   0  0  906
46  908  2   0  908
47  900  4   0  0  0  900
48  892  3   0  0  892
49  310  3   1  0  309
50  788  2   0  788
51  906  2   0  906
52  902  2   0  902
53  908  5   0  0  0  0  908
54  898  2   0  898
55  908  2   514  394
56  892  2   0  892
57  906  3   0  0  906
58  906  4   0  0  0  906
59  908  2   0  908
60  898  2   0  898
61  892  2   0  892
62  906  2   0  906
63  294  3   0  0  294
64  773  4   0  0  0  773
65  289  3   0  0  289
66  892  2   0  892
67  898  2   0  898
68  908  2   0  908
69  908  4   0  0  0  908
70  758  3   0  0  758
71  874  2   0  874
72  906  2   0  906
73  760  2   0  760
74  906  3   0  0  906
75  870  2   0  870
76  906  2   0  906
77  908  2   0  908
78  908  3   0  0  908
79  898  2   0  898
80  904  2   0  904
81  236  2   0  236
82  896  2   0  896
83  906  2   0  906
84  908  2   0  908
85  862  2   0  862
86  904  2   0  904
87  240  2   0  240
88  898  2   0  898
89  906  3   0  0  906
90  906  2   0  906
91  202  5   0  0  0  0  202
92  900  2   65  835
93  906  2   0  906
94  906  2   0  906
95  891  3   1  0  890
96  904  3   0  0  904
97  890  2   0  890
98  702  3   0  0  702
99  908  2   3  905
100  906  3   0  0  906
101  898  4   0  0  0  898
102  902  2   0  902
103  904  2   0  904
104  906  2   0  906
105  908  3   0  1  907
106  782  2   0  782
107  906  4   0  0  0  906
108  902  3   0  0  902
109  904  3   0  0  904
110  692  3   0  0  692
111  648  3   0  0  648
112  780  3   0  0  780
113  907  4   0  0  0  907
114  898  2   0  898
115  902  2   0  902
116  906  2   0  906
117  780  4   0  0  0  780
118  906  3   1  0  905
119  882  2   0  882
120  754  2   0  754
121  750  2   0  750
122  888  2   0  888
123  424  2   0  424
124  908  2   1  907
125  737  4   0  0  0  737
126  908  2   0  908
127  908  2   0  908
128  898  2   0  898
129  902  3   0  0  902
130  908  3   0  0  908
131  404  2   5  399
132  902  2   0  902
133  908  2   0  908
134  720  3   0  0  720
135  908  2   0  908
136  908  2   0  908
137  908  3   0  0  908
138  706  2   0  706
139  892  2   0  892
140  908  2   3  905
141  890  2   0  890
142  908  4   0  0  0  908
143  693  3   0  0  693
144  908  3   0  0  908
145  892  3   0  0  892
146  908  2   0  908
147  893  3   0  0  893
148  908  4   0  0  0  908
149  406  2   0  406
150  908  2   0  908
151  894  2   0  894
152  908  4   0  0  0  908
153  888  2   0  888

[pop]=7
1  16494  2   0  16494
2  16086  2   5  16081
3  16338  2   0  16338
4  16026  3   3  1  16022
5  16488  2   0  16488
6  16498  2   0  16498
7  16410  2   0  16410
8  16498  2   1  16497
9  16510  2   1  16509
10  15874  2   0  15874
11  16500  3   1  0  16499
12  16388  2   0  16388
13  15922  2   0  15922
14  16240  3   0  0  16240
15  16506  3   0  0  16506
16  16487  4   0  1  0  16486
17  16449  3   2  1  16446
18  16271  4   0  0  0  16271
19  15750  2   18  15732
20  16494  2   0  16494
21  16455  3   0  0  16455
22  16303  4   0  0  2  16301
23  16510  2   0  16510
24  16316  3   0  0  16316
25  16510  2   0  16510
26  15886  2   0  15886
27  16508  2   0  16508
28  16474  2   0  16474
29  16409  3   0  1  16408
30  14042  2   2  14040
31  16482  2   0  16482
32  16369  3   2  0  16367
33  16508  2   2  16506
34  16372  2   0  16372
35  16510  2   2  16508
36  7355  4   1  0  1  7353
37  16430  2   6  16424
38  16508  3   0  0  16508
39  16144  2   0  16144
40  14194  2   0  14194
41  16402  3   0  1  16401
42  16510  2   0  16510
43  16510  2   8  16502
44  14214  2   0  14214
45  16508  3   0  0  16508
46  16508  2   0  16508
47  16493  4   1  0  0  16492
48  16116  3   1  0  16115
49  7132  3   1  0  7131
50  14214  2   1  14213
51  16510  2   0  16510
52  16402  2   0  16402
53  16510  5   2  0  0  1  16507
54  16500  2   0  16500
55  16456  2   7213  9243
56  16212  2   1  16211
57  16510  3   0  0  16510
58  16509  4   0  1  0  16508
59  16510  2   0  16510
60  16498  2   3  16495
61  16214  2   1  16213
62  16510  2   1  16509
63  6831  3   0  0  6831
64  14038  4   43  0  1  13994
65  6650  3   0  0  6650
66  16248  2   0  16248
67  16498  2   0  16498
68  16510  2   0  16510
69  16510  4   1  0  0  16509
70  13863  3   1  1  13861
71  15804  2   3  15801
72  16264  2   1  16263
73  13796  2   0  13796
74  16509  3   0  0  16509
75  15722  2   1  15721
76  16240  2   0  16240
77  16510  2   0  16510
78  16510  3   1  0  16509
79  16492  2   0  16492
80  16506  2   1  16505
81  5720  2   0  5720
82  16312  2   0  16312
83  16510  2   0  16510
84  16510  2   0  16510
85  15506  2   0  15506
86  16504  2   0  16504
87  5568  2   0  5568
88  16316  2   0  16316
89  16508  3   0  0  16508
90  16012  2   0  16012
91  4994  5   0  0  0  0  4994
92  16338  2   1387  14951
93  16504  2   1  16503
94  16494  2   0  16494
95  16476  3   0  1  16475
96  16437  3   0  1  16436
97  16470  2   0  16470
98  12840  3   0  0  12840
99  16504  2   6  16498
100  16503  3   0  0  16503
101  16512  4   0  0  2  16510
102  16460  2   0  16460
103  16494  2   0  16494
104  16480  2   0  16480
105  16510  3   0  4  16506
106  15288  2   1  15287
107  16504  4   1  0  0  16503
108  16491  3   1  1  16489
109  16354  3   1  2  16351
110  12580  3   1  0  12579
111  13101  3   0  0  13101
112  15185  3   12  1  15172
113  16509  4   1  0  0  16508
114  16512  2   1  16511
115  16418  2   0  16418
116  16472  2   2  16470
117  15151  4   1  2  0  15148
118  16472  3   0  0  16472
119  16282  2   0  16282
120  14908  2   0  14908
121  14810  2   0  14810
122  16354  2   9  16345
123  9990  2   0  9990
124  16510  2   1  16509
125  14305  4   0  0  0  14305
126  16510  2   0  16510
127  16504  2   2  16502
128  16510  2   0  16510
129  16330  3   0  0  16330
130  16512  3   0  0  16512
131  9976  2   26  9950
132  16326  2   2  16324
133  16512  2   0  16512
134  13966  3   0  0  13966
135  16510  2   0  16510
136  16510  2   0  16510
137  16512  3   0  0  16512
138  13692  2   1  13691
139  16448  2   0  16448
140  16510  2   0  16510
141  16358  2   0  16358
142  16512  4   0  0  0  16512
143  13429  3   0  0  13429
144  16502  3   0  0  16502
145  16458  3   0  0  16458
146  16510  2   0  16510
147  16464  3   0  0  16464
148  16510  4   1  0  0  16509
149  9874  2   2  9872
150  16508  2   4  16504
151  16464  2   1  16463
152  16510  4   0  0  0  16510
153  16346  2   1  16345

