[loci]=33

[populations]=7

[pop]=1
1  8501  2   3  8498
2  8015  2   6  8009
3  9884  2   1  9883
4  7909  2   0  7909
5  7992  2   0  7992
6  8003  2   2  8001
7  9880  2   0  9880
8  8060  2   0  8060
9  7921  2   0  7921
10  7921  2   0  7921
11  9896  3   0  0  9896
12  2378  2   1190  1188
13  8060  2   0  8060
14  7921  2   0  7921
15  7909  3   0  1  7908
16  9950  2   0  9950
17  8070  2   0  8070
18  9802  2   0  9802
19  8029  2   0  8029
20  8509  2   0  8509
21  8060  2   0  8060
22  8511  3   0  55  8456
23  7956  2   0  7956
24  8017  3   7  0  8010
25  9960  2   0  9960
26  8514  2   0  8514
27  8016  2   0  8016
28  8509  2   0  8509
29  7893  2   0  7893
30  7067  2   0  7067
31  8047  2   253  7794
32  7984  3   1  0  7983
33  7786  2   0  7786

[pop]=2
1  9321  2   0  9321
2  9323  2   0  9323
3  11578  2   0  11578
4  9318  2   6  9312
5  9311  2   0  9311
6  9314  2   0  9314
7  11578  2   0  11578
8  9323  2   0  9323
9  9322  2   4  9318
10  9322  2   0  9322
11  11556  3   0  0  11556
12  1371  2   82  1289
13  9323  2   0  9323
14  9322  2   0  9322
15  9318  3   1  0  9317
16  11560  2   0  11560
17  9323  2   0  9323
18  11538  2   0  11538
19  9294  2   0  9294
20  9323  2   0  9323
21  9323  2   0  9323
22  9323  3   2  1  9320
23  9324  2   0  9324
24  9277  3   0  11  9266
25  11568  2   1  11567
26  9321  2   0  9321
27  9256  2   0  9256
28  9317  2   2  9315
29  9187  2   4  9183
30  7809  2   0  7809
31  8829  2   25  8804
32  9323  3   0  0  9323
33  9115  2   0  9115

[pop]=3
1  6635  2   0  6635
2  6619  2   0  6619
3  8638  2   0  8638
4  6614  2   0  6614
5  6620  2   0  6620
6  6621  2   0  6621
7  8634  2   0  8634
8  6624  2   0  6624
9  6614  2   0  6614
10  6614  2   0  6614
11  8637  3   0  0  8637
12  1242  2   1  1241
13  6624  2   0  6624
14  6614  2   0  6614
15  6613  3   0  0  6613
16  8636  2   0  8636
17  6625  2   0  6625
18  8606  2   0  8606
19  6618  2   0  6618
20  6637  2   0  6637
21  6627  2   0  6627
22  6637  3   0  0  6637
23  6622  2   0  6622
24  6601  3   0  1  6600
25  8636  2   0  8636
26  6637  2   0  6637
27  6596  2   0  6596
28  6629  2   0  6629
29  6539  2   0  6539
30  5523  2   6  5517
31  6289  2   1  6288
32  6623  3   0  0  6623
33  6475  2   0  6475

[pop]=4
1  4530  2   0  4530
2  4530  2   0  4530
3  6614  2   0  6614
4  4530  2   0  4530
5  4529  2   0  4529
6  4529  2   0  4529
7  6614  2   0  6614
8  4530  2   0  4530
9  4530  2   0  4530
10  4530  2   0  4530
11  6610  3   0  0  6610
12  741  2   12  729
13  4530  2   0  4530
14  4530  2   0  4530
15  4529  3   0  0  4529
16  6610  2   0  6610
17  4530  2   0  4530
18  6608  2   0  6608
19  4522  2   1  4521
20  4494  2   0  4494
21  4530  2   0  4530
22  4493  3   0  0  4493
23  4530  2   0  4530
24  4516  3   0  0  4516
25  6610  2   0  6610
26  4530  2   0  4530
27  4509  2   0  4509
28  4493  2   0  4493
29  4465  2   0  4465
30  3751  2   0  3751
31  4147  2   0  4147
32  4530  3   0  0  4530
33  4426  2   0  4426

[pop]=5
1  47979  2   0  47979
2  47954  2   0  47954
3  66636  2   0  66636
4  47975  2   0  47975
5  47923  2   8  47915
6  47924  2   0  47924
7  66666  2   0  66666
8  47942  2   0  47942
9  47964  2   0  47964
10  47968  2   0  47968
11  66687  3   2  1  66684
12  7377  2   318  7059
13  47941  2   6  47935
14  47973  2   0  47973
15  47966  3   0  0  47966
16  66694  2   15  66679
17  47946  2   2  47944
18  66686  2   11  66675
19  47763  2   15  47748
20  47765  2   8  47757
21  47948  2   1  47947
22  47778  3   0  0  47778
23  47982  2   4  47978
24  47543  3   0  1  47542
25  66700  2   1  66699
26  47978  2   0  47978
27  47268  2   1  47267
28  47712  2   0  47712
29  46238  2   3  46235
30  39485  2   0  39485
31  42442  2   5  42437
32  47966  3   0  1  47965
33  45356  2   0  45356

[pop]=6
1  632  2   0  632
2  627  2   0  627
3  904  2   0  904
4  624  2   0  624
5  628  2   0  628
6  628  2   0  628
7  904  2   0  904
8  624  2   0  624
9  625  2   0  625
10  625  2   0  625
11  906  3   0  0  906
12  99  2   10  89
13  624  2   0  624
14  624  2   0  624
15  624  3   0  0  624
16  906  2   0  906
17  624  2   1  623
18  900  2   0  900
19  625  2   0  625
20  631  2   1  630
21  624  2   0  624
22  631  3   0  0  631
23  628  2   0  628
24  620  3   0  0  620
25  906  2   0  906
26  633  2   0  633
27  609  2   0  609
28  630  2   0  630
29  584  2   0  584
30  515  2   0  515
31  533  2   0  533
32  629  3   0  1  628
33  574  2   0  574

[pop]=7
1  10046  2   0  10046
2  9997  2   0  9997
3  16458  2   1  16457
4  10120  2   0  10120
5  10067  2   0  10067
6  10062  2   0  10062
7  16488  2   2  16486
8  9947  2   2  9945
9  10073  2   0  10073
10  10084  2   2  10082
11  16490  3   0  0  16490
12  790  2   70  720
13  9928  2   0  9928
14  10100  2   14  10086
15  10117  3   0  0  10117
16  16494  2   0  16494
17  9917  2   0  9917
18  16510  2   0  16510
19  9869  2   0  9869
20  10111  2   0  10111
21  9949  2   3  9946
22  10111  3   0  0  10111
23  10120  2   0  10120
24  9518  3   0  0  9518
25  16494  2   2  16492
26  10118  2   2  10116
27  8984  2   2  8982
28  10047  2   0  10047
29  7356  2   0  7356
30  8349  2   0  8349
31  5925  2   2  5923
32  10050  3   0  0  10050
33  6521  2   2  6519

