[loci]=204

[populations]=7

[pop]=1
1  10324  2   0  10324
2  10380  2   0  10380
3  10406  2   0  10406
4  10372  2   0  10372
5  9784  2   2  9782
6  10404  2   0  10404
7  10324  2   5  10319
8  10406  2   3  10403
9  10328  3   0  0  10328
10  10042  2   0  10042
11  10368  3   1  0  10367
12  10394  3   0  3  10391
13  10367  5   0  0  0  0  10367
14  10406  2   0  10406
15  10406  3   0  0  10406
16  10383  3   0  0  10383
17  10406  3   0  0  10406
18  10406  2   0  10406
19  10406  2   0  10406
20  10138  2   0  10138
21  10396  2   5  10391
22  10394  2   12  10382
23  9729  3   0  0  9729
24  10406  2   0  10406
25  10406  2   0  10406
26  10398  2   2282  8116
27  10406  2   0  10406
28  10400  3   0  0  10400
29  9742  2   0  9742
30  10392  2   0  10392
31  10116  2   0  10116
32  9750  3   0  0  9750
33  10390  2   2  10388
34  10087  3   0  25  10062
35  10400  2   0  10400
36  10406  2   24  10382
37  9765  4   0  0  0  9765
38  10406  3   0  0  10406
39  10316  2   2  10314
40  10404  4   0  0  0  10404
41  10406  2   3  10403
42  10316  2   0  10316
43  10404  2   0  10404
44  10406  3   2  0  10404
45  9770  2   1  9769
46  10309  3   1  0  10308
47  10404  2   0  10404
48  10406  3   1  0  10405
49  10302  2   0  10302
50  9920  2   0  9920
51  10404  2   1  10403
52  10390  3   0  1  10389
53  10304  2   0  10304
54  10406  2   3  10403
55  10406  3   0  0  10406
56  9831  3   0  0  9831
57  10406  2   1  10405
58  10406  2   0  10406
59  10388  2   0  10388
60  10404  3   0  0  10404
61  10406  2   1  10405
62  10406  3   0  0  10406
63  10399  3   0  0  10399
64  10404  5   0  0  0  0  10404
65  10404  2   0  10404
66  9787  3   2  0  9785
67  9566  2   0  9566
68  10404  2   0  10404
69  9550  2   0  9550
70  9792  2   0  9792
71  10404  2   0  10404
72  10406  2   1  10405
73  9792  2   0  9792
74  10342  2   0  10342
75  9790  3   0  0  9790
76  10342  2   0  10342
77  10288  3   0  0  10288
78  4930  2   0  4930
79  10404  3   1  1  10402
80  10406  3   2  0  10404
81  10288  3   1  5  10282
82  10376  4   0  0  0  10376
83  5120  3   0  1  5119
84  5936  2   0  5936
85  9792  3   0  0  9792
86  10392  2   0  10392
87  10311  4   0  0  0  10311
88  6048  2   3  6045
89  10398  2   0  10398
90  6214  2   3  6211
91  9798  2   8712  1086
92  10406  2   6  10400
93  9774  2   0  9774
94  10406  3   0  0  10406
95  10402  2   0  10402
96  10373  3   0  5  10368
97  7034  2   19  7015
98  10404  2   0  10404
99  10375  4   0  27  0  10348
100  10331  3   0  0  10331
101  10404  3   1  0  10403
102  10406  3   0  0  10406
103  10406  3   0  0  10406
104  10378  4   0  0  0  10378
105  8244  2   1847  6397
106  10404  2   0  10404
107  10406  2   1  10405
108  10338  2   0  10338
109  10406  2   415  9991
110  9778  2   0  9778
111  10338  2   0  10338
112  9780  2   0  9780
113  10406  3   1  0  10405
114  10348  2   0  10348
115  10388  4   1  0  0  10387
116  9780  2   1  9779
117  10406  3   51  0  10355
118  10356  2   37  10319
119  10406  2   0  10406
120  10406  3   1  0  10405
121  10348  2   0  10348
122  9113  3   0  0  9113
123  10406  2   0  10406
124  10314  5   0  0  1  0  10313
125  10406  3   0  0  10406
126  10388  3   0  0  10388
127  9782  2   4  9778
128  10346  5   0  0  0  0  10346
129  9244  2   0  9244
130  10406  3   0  0  10406
131  10380  2   0  10380
132  10388  3   0  0  10388
133  10404  2   0  10404
134  10406  2   1  10405
135  3748  2   0  3748
136  10406  3   4  0  10402
137  10346  2   3  10343
138  10392  2   1  10391
139  7650  2   0  7650
140  10404  2   113  10291
141  4540  2   0  4540
142  10404  5   0  1  0  1  10402
143  4588  2   0  4588
144  4690  2   0  4690
145  10354  3   0  0  10354
146  10404  2   1  10403
147  7794  2   214  7580
148  10404  2   0  10404
149  10404  2   0  10404
150  4784  2   14  4770
151  7786  3   0  0  7786
152  4835  3   0  0  4835
153  7790  2   1  7789
154  4886  3   0  1  4885
155  7769  3   0  0  7769
156  4970  2   0  4970
157  7764  2   36  7728
158  10390  3   1  0  10389
159  10356  4   0  0  0  10356
160  10404  2   5  10399
161  10390  2   0  10390
162  10356  2   255  10101
163  8936  2   0  8936
164  10404  2   3  10401
165  10403  3   16  12  10375
166  10406  2   0  10406
167  7780  2   0  7780
168  4992  2   2  4990
169  10346  2   4  10342
170  10337  3   0  0  10337
171  7716  2   0  7716
172  10404  2   0  10404
173  10290  4   0  0  0  10290
174  10406  2   0  10406
175  10404  3   0  6  10398
176  10406  2   0  10406
177  10406  2   1  10405
178  10398  2   0  10398
179  10406  2   0  10406
180  7476  3   1  1  7474
181  10406  2   0  10406
182  10364  2   0  10364
183  10406  2   1  10405
184  6080  3   0  0  6080
185  10366  2   0  10366
186  10402  3   0  0  10402
187  6089  3   0  0  6089
188  10406  2   0  10406
189  6105  3   1  0  6104
190  8602  2   0  8602
191  10404  2   0  10404
192  6157  5   0  1  1  0  6155
193  10361  4   0  0  0  10361
194  10406  4   0  0  4  10402
195  10406  3   1  0  10405
196  10360  2   2  10358
197  10406  3   0  0  10406
198  10406  2   0  10406
199  6872  2   0  6872
200  10404  2   0  10404
201  10355  3   0  0  10355
202  6672  2   297  6375
203  10404  2   2  10402
204  10404  2   114  10290

[pop]=2
1  11556  2   0  11556
2  11566  2   0  11566
3  11574  2   0  11574
4  11568  2   0  11568
5  11514  2   1  11513
6  11576  2   0  11576
7  11558  2   0  11558
8  11578  2   1  11577
9  11558  3   0  0  11558
10  11316  2   0  11316
11  11562  3   0  0  11562
12  11566  3   0  0  11566
13  11563  5   0  0  0  1  11562
14  11578  2   0  11578
15  11578  3   0  0  11578
16  11572  3   0  0  11572
17  11578  3   0  0  11578
18  11578  2   0  11578
19  11578  2   0  11578
20  11414  2   1  11413
21  11528  2   8  11520
22  11528  2   0  11528
23  11522  3   0  0  11522
24  11578  2   0  11578
25  11578  2   0  11578
26  11516  2   3952  7564
27  11578  2   0  11578
28  11543  3   10  0  11533
29  11522  2   0  11522
30  11570  2   1  11569
31  11412  2   0  11412
32  11526  3   0  0  11526
33  11572  2   1  11571
34  11408  3   0  0  11408
35  11546  2   0  11546
36  11578  2   0  11578
37  11526  4   0  1  0  11525
38  11578  3   0  0  11578
39  11558  2   0  11558
40  11542  4   0  0  0  11542
41  11578  2   0  11578
42  11558  2   0  11558
43  11542  2   0  11542
44  11578  3   1  0  11577
45  11528  2   0  11528
46  11554  3   0  0  11554
47  11550  2   0  11550
48  11578  3   0  0  11578
49  11554  2   0  11554
50  11318  2   0  11318
51  11552  2   1  11551
52  11578  3   0  0  11578
53  11554  2   0  11554
54  11578  2   0  11578
55  11578  3   0  0  11578
56  11273  3   0  0  11273
57  11578  2   0  11578
58  11578  2   0  11578
59  11578  2   0  11578
60  11550  3   2  0  11548
61  11578  2   1  11577
62  11578  3   0  0  11578
63  11578  3   0  0  11578
64  11556  5   0  0  1  0  11555
65  11560  2   0  11560
66  11527  3   0  0  11527
67  10996  2   0  10996
68  11558  2   1  11557
69  10970  2   0  10970
70  11536  2   0  11536
71  11562  2   0  11562
72  11578  2   0  11578
73  11534  2   8  11526
74  11558  2   0  11558
75  11541  3   0  0  11541
76  11556  2   0  11556
77  11542  3   0  0  11542
78  4448  2   0  4448
79  11564  3   0  0  11564
80  11576  3   0  0  11576
81  11541  3   0  7  11534
82  11553  4   2  3  0  11548
83  4726  3   1  0  4725
84  5680  2   0  5680
85  11545  3   1  0  11544
86  11562  2   0  11562
87  11550  4   0  0  7  11543
88  5812  2   0  5812
89  11572  2   0  11572
90  6018  2   0  6018
91  11502  2   6684  4818
92  11568  2   0  11568
93  11522  2   0  11522
94  11576  3   0  0  11576
95  11572  2   0  11572
96  11566  3   0  0  11566
97  7006  2   0  7006
98  11572  2   0  11572
99  11566  4   0  0  0  11566
100  11558  3   0  0  11558
101  11506  3   0  0  11506
102  11576  3   0  0  11576
103  11574  3   0  0  11574
104  11566  4   0  2  0  11564
105  8796  2   2185  6611
106  11506  2   0  11506
107  11576  2   0  11576
108  11560  2   0  11560
109  11510  2   507  11003
110  11560  2   0  11560
111  11560  2   0  11560
112  11562  2   2  11560
113  11576  3   0  0  11576
114  11550  2   0  11550
115  11568  4   13  0  0  11555
116  11566  2   15  11551
117  11574  3   111  0  11463
118  11552  2   3  11549
119  11574  2   1  11573
120  11507  3   0  0  11507
121  11560  2   0  11560
122  10490  3   0  0  10490
123  11578  2   10  11568
124  11526  5   0  0  0  0  11526
125  11578  3   1  0  11577
126  11568  3   0  0  11568
127  11562  2   0  11562
128  11558  5   0  0  2  0  11556
129  10690  2   0  10690
130  11573  3   1  0  11572
131  11564  2   0  11564
132  11528  3   0  0  11528
133  11574  2   2  11572
134  11578  2   13  11565
135  2858  2   0  2858
136  11578  3   1  0  11577
137  11560  2   0  11560
138  11572  2   0  11572
139  7732  2   0  7732
140  11568  2   3  11565
141  4094  2   0  4094
142  11577  5   0  0  0  0  11577
143  4166  2   0  4166
144  4310  2   1  4309
145  11558  3   0  0  11558
146  11574  2   0  11574
147  7988  2   15  7973
148  11578  2   0  11578
149  11570  2   5  11565
150  4390  2   3  4387
151  8068  3   3  0  8065
152  4472  3   0  1  4471
153  8050  2   1  8049
154  4511  3   0  0  4511
155  8063  3   1  13  8049
156  4624  2   0  4624
157  8066  2   1  8065
158  11578  3   0  0  11578
159  11558  4   0  2  0  11556
160  11572  2   0  11572
161  11578  2   0  11578
162  11558  2   246  11312
163  10326  2   0  10326
164  11574  2   0  11574
165  11574  3   1  2  11571
166  11578  2   0  11578
167  8116  2   0  8116
168  4504  2   0  4504
169  11554  2   0  11554
170  11551  3   0  1  11550
171  8022  2   0  8022
172  11570  2   0  11570
173  11567  4   0  0  0  11567
174  11576  2   2  11574
175  11576  3   0  1  11575
176  11578  2   0  11578
177  11578  2   0  11578
178  11562  2   0  11562
179  11576  2   0  11576
180  7750  3   0  0  7750
181  11576  2   2  11574
182  11572  2   0  11572
183  11576  2   0  11576
184  4723  3   2  2  4719
185  11570  2   0  11570
186  11570  3   2  1  11567
187  4835  3   0  1  4834
188  11576  2   0  11576
189  4867  3   1  1  4865
190  9778  2   0  9778
191  11578  2   0  11578
192  5015  5   0  0  0  0  5015
193  11570  4   0  0  0  11570
194  11578  4   0  1  1  11576
195  11578  3   0  0  11578
196  11572  2   1  11571
197  11578  3   0  0  11578
198  11578  2   0  11578
199  6716  2   0  6716
200  11570  2   0  11570
201  11573  3   2  0  11571
202  6324  2   19  6305
203  11570  2   0  11570
204  11574  2   216  11358

[pop]=3
1  8598  2   0  8598
2  8654  2   0  8654
3  8654  2   0  8654
4  8654  2   0  8654
5  8612  2   0  8612
6  8654  2   0  8654
7  8602  2   0  8602
8  8654  2   0  8654
9  8604  3   0  0  8604
10  8564  2   0  8564
11  8653  3   0  3  8650
12  8654  3   0  0  8654
13  8654  5   0  0  3  0  8651
14  8654  2   0  8654
15  8654  3   0  0  8654
16  8654  3   0  1  8653
17  8654  3   0  0  8654
18  8654  2   1  8653
19  8654  2   0  8654
20  8604  2   0  8604
21  8648  2   0  8648
22  8648  2   0  8648
23  8538  3   0  0  8538
24  8654  2   0  8654
25  8654  2   0  8654
26  8624  2   2775  5849
27  8654  2   0  8654
28  8651  3   0  0  8651
29  8546  2   0  8546
30  8654  2   2  8652
31  8610  2   0  8610
32  8568  3   0  0  8568
33  8654  2   0  8654
34  8611  3   0  0  8611
35  8652  2   0  8652
36  8654  2   0  8654
37  8583  4   0  0  1  8582
38  8654  3   0  0  8654
39  8616  2   0  8616
40  8649  4   0  1  0  8648
41  8654  2   0  8654
42  8614  2   0  8614
43  8650  2   0  8650
44  8654  3   3  0  8651
45  8592  2   3  8589
46  8615  3   0  0  8615
47  8646  2   0  8646
48  8654  3   0  0  8654
49  8614  2   0  8614
50  8572  2   0  8572
51  8650  2   0  8650
52  8654  3   0  0  8654
53  8616  2   0  8616
54  8654  2   0  8654
55  8654  3   1  0  8653
56  8540  3   0  1  8539
57  8654  2   14  8640
58  8654  2   1  8653
59  8654  2   0  8654
60  8652  3   0  0  8652
61  8654  2   0  8654
62  8654  3   0  0  8654
63  8654  3   0  0  8654
64  8652  5   0  1  0  0  8651
65  8652  2   0  8652
66  8603  3   0  0  8603
67  8418  2   0  8418
68  8652  2   0  8652
69  8412  2   0  8412
70  8610  2   2  8608
71  8654  2   0  8654
72  8654  2   0  8654
73  8612  2   1  8611
74  8644  2   0  8644
75  8613  3   0  1  8612
76  8644  2   5  8639
77  8638  3   0  0  8638
78  4198  2   0  4198
79  8651  3   0  0  8651
80  8654  3   0  0  8654
81  8638  3   0  2  8636
82  8648  4   0  0  0  8648
83  4442  3   0  0  4442
84  5148  2   0  5148
85  8616  3   0  5  8611
86  8648  2   0  8648
87  8637  4   0  0  0  8637
88  5262  2   0  5262
89  8648  2   0  8648
90  5394  2   0  5394
91  8580  2   6060  2520
92  8654  2   0  8654
93  8616  2   3  8613
94  8654  3   6  0  8648
95  8648  2   0  8648
96  8646  3   0  0  8646
97  6056  2   1  6055
98  8648  2   0  8648
99  8645  4   0  1  0  8644
100  8639  3   0  4  8635
101  8654  3   0  0  8654
102  8654  3   0  1  8653
103  8654  3   0  0  8654
104  8646  4   0  0  0  8646
105  7078  2   1372  5706
106  8654  2   0  8654
107  8654  2   0  8654
108  8640  2   0  8640
109  8654  2   84  8570
110  8626  2   0  8626
111  8640  2   0  8640
112  8626  2   0  8626
113  8654  3   0  0  8654
114  8648  2   0  8648
115  8648  4   1  0  0  8647
116  8626  2   0  8626
117  8654  3   0  0  8654
118  8648  2   0  8648
119  8654  2   0  8654
120  8654  3   0  1  8653
121  8642  2   0  8642
122  8086  3   1  0  8085
123  8654  2   2  8652
124  8600  5   1  0  0  2  8597
125  8654  3   0  0  8654
126  8646  3   0  0  8646
127  8626  2   0  8626
128  8640  5   0  0  0  0  8640
129  8202  2   0  8202
130  8652  3   0  0  8652
131  8652  2   0  8652
132  8646  3   0  0  8646
133  8650  2   0  8650
134  8654  2   1  8653
135  2986  2   0  2986
136  8654  3   0  0  8654
137  8642  2   0  8642
138  8648  2   0  8648
139  6436  2   0  6436
140  8654  2   0  8654
141  3970  2   0  3970
142  8654  5   0  0  1  0  8653
143  4008  2   0  4008
144  4146  2   0  4146
145  8642  3   0  0  8642
146  8652  2   0  8652
147  6550  2   0  6550
148  8654  2   0  8654
149  8654  2   0  8654
150  4178  2   0  4178
151  6591  3   0  0  6591
152  4293  3   0  0  4293
153  6602  2   0  6602
154  4310  3   0  0  4310
155  6618  3   0  1  6617
156  4358  2   0  4358
157  6608  2   0  6608
158  8652  3   0  0  8652
159  8642  4   0  0  0  8642
160  8654  2   0  8654
161  8652  2   0  8652
162  8642  2   72  8570
163  8054  2   0  8054
164  8652  2   0  8652
165  8651  3   1  0  8650
166  8654  2   0  8654
167  6654  2   1  6653
168  4230  2   0  4230
169  8640  2   0  8640
170  8640  3   0  0  8640
171  6596  2   0  6596
172  8654  2   0  8654
173  8648  4   0  0  0  8648
174  8654  2   0  8654
175  8652  3   0  1  8651
176  8654  2   0  8654
177  8654  2   1  8653
178  8652  2   0  8652
179  8654  2   0  8654
180  6404  3   0  0  6404
181  8654  2   0  8654
182  8638  2   0  8638
183  8654  2   6  8648
184  5050  3   0  1  5049
185  8638  2   0  8638
186  8652  3   0  0  8652
187  5082  3   4  0  5078
188  8654  2   5  8649
189  5113  3   0  0  5113
190  7676  2   0  7676
191  8654  2   0  8654
192  5202  5   0  0  0  0  5202
193  8639  4   1  1  0  8637
194  8654  4   0  0  0  8654
195  8654  3   18  0  8636
196  8638  2   0  8638
197  8654  3   1  0  8653
198  8654  2   0  8654
199  5542  2   0  5542
200  8652  2   0  8652
201  8637  3   0  0  8637
202  5242  2   0  5242
203  8652  2   0  8652
204  8652  2   0  8652

[pop]=4
1  6610  2   0  6610
2  6614  2   0  6614
3  6614  2   0  6614
4  6614  2   0  6614
5  6604  2   0  6604
6  6614  2   0  6614
7  6610  2   0  6610
8  6614  2   14  6600
9  6610  3   0  0  6610
10  6544  2   0  6544
11  6614  3   0  0  6614
12  6614  3   0  0  6614
13  6614  5   0  0  0  0  6614
14  6614  2   0  6614
15  6614  3   0  0  6614
16  6614  3   0  0  6614
17  6614  3   0  0  6614
18  6614  2   0  6614
19  6614  2   0  6614
20  6588  2   0  6588
21  6608  2   0  6608
22  6610  2   0  6610
23  6604  3   0  0  6604
24  6614  2   0  6614
25  6614  2   0  6614
26  6596  2   1641  4955
27  6614  2   0  6614
28  6611  3   0  0  6611
29  6604  2   0  6604
30  6614  2   0  6614
31  6576  2   0  6576
32  6604  3   0  0  6604
33  6614  2   13  6601
34  6568  3   0  0  6568
35  6612  2   0  6612
36  6614  2   0  6614
37  6606  4   0  0  0  6606
38  6614  3   0  0  6614
39  6596  2   0  6596
40  6610  4   0  0  1  6609
41  6614  2   0  6614
42  6596  2   0  6596
43  6612  2   0  6612
44  6614  3   0  0  6614
45  6604  2   0  6604
46  6588  3   0  0  6588
47  6612  2   0  6612
48  6614  3   0  30  6584
49  6584  2   0  6584
50  6478  2   0  6478
51  6612  2   0  6612
52  6614  3   0  0  6614
53  6582  2   0  6582
54  6614  2   0  6614
55  6614  3   0  0  6614
56  6437  3   0  0  6437
57  6614  2   0  6614
58  6614  2   0  6614
59  6614  2   0  6614
60  6610  3   0  0  6610
61  6614  2   0  6614
62  6614  3   0  0  6614
63  6614  3   0  0  6614
64  6610  5   0  0  0  0  6610
65  6610  2   0  6610
66  6609  3   0  0  6609
67  6314  2   0  6314
68  6608  2   0  6608
69  6314  2   6  6308
70  6612  2   0  6612
71  6612  2   0  6612
72  6614  2   0  6614
73  6614  2   0  6614
74  6610  2   0  6610
75  6614  3   0  0  6614
76  6610  2   0  6610
77  6546  3   0  0  6546
78  2264  2   0  2264
79  6612  3   0  0  6612
80  6614  3   0  0  6614
81  6560  3   0  6  6554
82  6614  4   0  0  0  6614
83  2408  3   0  0  2408
84  2892  2   0  2892
85  6614  3   0  0  6614
86  6614  2   0  6614
87  6576  4   0  0  0  6576
88  2998  2   0  2998
89  6614  2   0  6614
90  3118  2   0  3118
91  6608  2   5521  1087
92  6614  2   0  6614
93  6614  2   0  6614
94  6614  3   0  0  6614
95  6614  2   0  6614
96  6614  3   0  0  6614
97  3642  2   0  3642
98  6614  2   0  6614
99  6614  4   0  3  0  6611
100  6591  3   0  0  6591
101  6608  3   1  0  6607
102  6614  3   0  0  6614
103  6614  3   0  0  6614
104  6614  4   0  0  0  6614
105  4956  2   1810  3146
106  6608  2   0  6608
107  6614  2   0  6614
108  6596  2   0  6596
109  6608  2   608  6000
110  6602  2   0  6602
111  6600  2   0  6600
112  6602  2   0  6602
113  6614  3   0  0  6614
114  6614  2   0  6614
115  6614  4   0  0  0  6614
116  6602  2   1  6601
117  6614  3   145  0  6469
118  6614  2   0  6614
119  6614  2   0  6614
120  6610  3   0  0  6610
121  6606  2   0  6606
122  5513  3   0  0  5513
123  6614  2   1  6613
124  6578  5   0  0  0  0  6578
125  6614  3   0  0  6614
126  6614  3   0  0  6614
127  6604  2   1  6603
128  6607  5   0  0  0  0  6607
129  5608  2   0  5608
130  6612  3   0  0  6612
131  6614  2   0  6614
132  6606  3   0  0  6606
133  6608  2   0  6608
134  6614  2   1  6613
135  934  2   0  934
136  6614  3   0  0  6614
137  6614  2   11  6603
138  6610  2   0  6610
139  4988  2   0  4988
140  6572  2   0  6572
141  1348  2   0  1348
142  6614  5   0  0  0  0  6614
143  1378  2   0  1378
144  1414  2   0  1414
145  6575  3   0  0  6575
146  6610  2   0  6610
147  5034  2   0  5034
148  6610  2   0  6610
149  6596  2   0  6596
150  1452  2   0  1452
151  5076  3   0  0  5076
152  1512  3   0  0  1512
153  5070  2   0  5070
154  1524  3   0  0  1524
155  5071  3   0  0  5071
156  1568  2   0  1568
157  5064  2   0  5064
158  6614  3   0  0  6614
159  6613  4   0  0  0  6613
160  6604  2   0  6604
161  6614  2   0  6614
162  6612  2   150  6462
163  5322  2   3  5319
164  6610  2   0  6610
165  6609  3   0  0  6609
166  6612  2   0  6612
167  5084  2   0  5084
168  1508  2   0  1508
169  6612  2   0  6612
170  6612  3   0  0  6612
171  5052  2   0  5052
172  6606  2   0  6606
173  6614  4   0  0  0  6614
174  6614  2   0  6614
175  6610  3   0  2  6608
176  6612  2   0  6612
177  6614  2   0  6614
178  6614  2   0  6614
179  6614  2   0  6614
180  4861  3   0  0  4861
181  6612  2   0  6612
182  6614  2   0  6614
183  6612  2   0  6612
184  2042  3   0  0  2042
185  6614  2   0  6614
186  6612  3   0  0  6612
187  2091  3   0  0  2091
188  6612  2   0  6612
189  2113  3   0  0  2113
190  5146  2   0  5146
191  6614  2   0  6614
192  2170  5   0  0  0  0  2170
193  6614  4   0  0  0  6614
194  6612  4   0  0  9  6603
195  6614  3   0  0  6614
196  6612  2   11  6601
197  6612  3   0  0  6612
198  6614  2   0  6614
199  4428  2   0  4428
200  6610  2   0  6610
201  6614  3   0  0  6614
202  4252  2   0  4252
203  6612  2   0  6612
204  6612  2   341  6271

[pop]=5
1  65890  2   1  65889
2  66440  2   7  66433
3  66728  2   0  66728
4  66372  2   0  66372
5  66576  2   26  66550
6  66730  2   0  66730
7  65910  2   0  65910
8  66736  2   176  66560
9  65940  3   3  2  65935
10  65572  2   2  65570
11  66333  3   1  2  66330
12  66734  3   1  0  66733
13  66310  5   0  0  0  0  66310
14  66740  2   2  66738
15  66732  3   16  2  66714
16  66566  3   1  0  66565
17  66732  3   1  2  66729
18  66740  2   0  66740
19  66740  2   2  66738
20  65932  2   73  65859
21  66540  2   67  66473
22  66558  2   0  66558
23  66354  3   2  1  66351
24  66730  2   0  66730
25  66736  2   2  66734
26  66586  2   15694  50892
27  66732  2   0  66732
28  66665  3   0  0  66665
29  66394  2   5  66389
30  66598  2   0  66598
31  65868  2   0  65868
32  66456  3   1  0  66455
33  66600  2   8  66592
34  65759  3   1  2  65756
35  66692  2   4  66688
36  66740  2   0  66740
37  66512  4   0  0  2  66510
38  66738  3   1  0  66737
39  65872  2   0  65872
40  66692  4   1  0  1  66690
41  66740  2   0  66740
42  65866  2   3  65863
43  66694  2   4  66690
44  66740  3   3  2  66735
45  66544  2   0  66544
46  65813  3   0  0  65813
47  66710  2   0  66710
48  66714  3   0  10  66704
49  65798  2   1  65797
50  65264  2   1  65263
51  66716  2   0  66716
52  66618  3   1  0  66617
53  65792  2   4  65788
54  66740  2   0  66740
55  66736  3   0  1  66735
56  65070  3   1  0  65069
57  66740  2   2  66738
58  66730  2   0  66730
59  66622  2   2  66620
60  66718  3   0  0  66718
61  66740  2   0  66740
62  66732  3   0  1  66731
63  66666  3   0  2  66664
64  66721  5   0  0  0  1  66720
65  66722  2   2  66720
66  66631  3   1  0  66630
67  64010  2   14  63996
68  66720  2   2  66718
69  63908  2   3  63905
70  66648  2   0  66648
71  66734  2   5  66729
72  66740  2   1  66739
73  66652  2   2  66650
74  66372  2   2  66370
75  66648  3   1  3  66644
76  66374  2   1  66373
77  65914  3   6  1  65907
78  31572  2   7  31565
79  66735  3   3  2  66730
80  66734  3   0  0  66734
81  65934  3   14  125  65795
82  65849  4   0  0  1  65848
83  33098  3   1  0  33097
84  38082  2   2  38080
85  66677  3   2  0  66675
86  66134  2   4  66130
87  65987  4   1  1  0  65985
88  38976  2   0  38976
89  66350  2   7  66343
90  39860  2   0  39860
91  66652  2   57460  9192
92  66738  2   0  66738
93  66514  2   0  66514
94  66734  3   0  1  66733
95  66450  2   1  66449
96  66514  3   0  1  66513
97  45260  2   1  45259
98  66540  2   2  66538
99  66518  4   1  36  2  66479
100  66070  3   2  0  66068
101  66720  3   29  1  66690
102  66736  3   2  0  66734
103  66601  3   0  1  66600
104  66530  4   2  14  0  66514
105  56044  2   19398  36646
106  66720  2   10  66710
107  66734  2   6  66728
108  66102  2   2  66100
109  66722  2   8984  57738
110  66592  2   6  66586
111  66108  2   0  66108
112  66600  2   0  66600
113  66736  3   0  1  66735
114  66610  2   2  66608
115  66576  4   0  2  1  66573
116  66606  2   60  66546
117  66736  3   2016  0  64720
118  66624  2   0  66624
119  66736  2   3  66733
120  66727  3   0  0  66727
121  66144  2   2  66142
122  61447  3   0  5  61442
123  66716  2   48  66668
124  66006  5   0  2  0  3  66001
125  66718  3   0  0  66718
126  66603  3   0  1  66602
127  66598  2   15  66583
128  66149  5   0  1  0  0  66148
129  62016  2   3  62013
130  66718  3   0  0  66718
131  66680  2   2  66678
132  66698  3   1  1  66696
133  66698  2   0  66698
134  66724  2   117  66607
135  20956  2   0  20956
136  66722  3   2  1  66719
137  66162  2   149  66013
138  66708  2   7  66701
139  49860  2   0  49860
140  66708  2   3  66705
141  27034  2   4  27030
142  66718  5   2  0  0  4  66712
143  27320  2   3  27317
144  27968  2   0  27968
145  66130  3   0  1  66129
146  66726  2   6  66720
147  50532  2   0  50532
148  66734  2   0  66734
149  66720  2   0  66720
150  28508  2   1  28507
151  50869  3   1  4  50864
152  29243  3   2  1  29240
153  50932  2   9  50923
154  29539  3   2  0  29537
155  51009  3   5  10  50994
156  30126  2   2  30124
157  50988  2   36  50952
158  66618  3   0  1  66617
159  66133  4   1  0  1  66131
160  66722  2   0  66722
161  66612  2   1  66611
162  66128  2   2389  63739
163  60348  2   0  60348
164  66734  2   0  66734
165  66733  3   0  15  66718
166  66740  2   5  66735
167  51280  2   1  51279
168  29824  2   0  29824
169  66044  2   0  66044
170  66002  3   1  0  66001
171  50952  2   1  50951
172  66712  2   0  66712
173  66109  4   1  0  0  66108
174  66728  2   0  66728
175  66738  3   1  3  66734
176  66740  2   3  66737
177  66740  2   0  66740
178  66096  2   2  66094
179  66740  2   3  66737
180  49756  3   0  1  49755
181  66738  2   1  66737
182  66408  2   19  66389
183  66738  2   3  66735
184  35875  3   2  0  35873
185  66404  2   3  66401
186  66354  3   2  0  66352
187  36265  3   0  2  36263
188  66738  2   0  66738
189  36518  3   3  1  36514
190  56286  2   2  56284
191  66736  2   2  66734
192  37110  5   4  0  3  1  37102
193  66384  4   2  0  2  66380
194  66737  4   1  0  103  66633
195  66740  3   2  5  66733
196  66396  2   288  66108
197  66738  3   1  1  66736
198  66740  2   1  66739
199  44518  2   2  44516
200  66534  2   3  66531
201  66404  3   6  33  66365
202  42694  2   6  42688
203  66542  2   0  66542
204  66574  2   4120  62454

[pop]=6
1  894  2   0  894
2  900  2   0  900
3  908  2   0  908
4  900  2   0  900
5  896  2   0  896
6  908  2   0  908
7  896  2   0  896
8  908  2   1  907
9  896  3   0  0  896
10  888  2   0  888
11  900  3   0  0  900
12  908  3   0  0  908
13  898  5   0  0  0  0  898
14  908  2   0  908
15  908  3   1  0  907
16  902  3   0  0  902
17  908  3   0  0  908
18  908  2   0  908
19  908  2   0  908
20  894  2   1  893
21  900  2   1  899
22  902  2   0  902
23  896  3   0  0  896
24  908  2   0  908
25  908  2   0  908
26  906  2   241  665
27  908  2   0  908
28  907  3   0  0  907
29  896  2   0  896
30  902  2   0  902
31  892  2   0  892
32  896  3   0  0  896
33  902  2   0  902
34  892  3   0  0  892
35  908  2   0  908
36  908  2   0  908
37  896  4   0  0  0  896
38  908  3   0  0  908
39  894  2   0  894
40  908  4   0  0  0  908
41  908  2   0  908
42  896  2   0  896
43  908  2   0  908
44  908  3   0  0  908
45  896  2   0  896
46  894  3   0  0  894
47  908  2   0  908
48  906  3   0  2  904
49  894  2   0  894
50  876  2   0  876
51  908  2   0  908
52  902  3   0  0  902
53  894  2   0  894
54  908  2   0  908
55  908  3   0  0  908
56  872  3   0  0  872
57  908  2   0  908
58  908  2   0  908
59  902  2   0  902
60  908  3   0  0  908
61  908  2   0  908
62  908  3   0  0  908
63  906  3   0  0  906
64  908  5   0  0  0  0  908
65  908  2   0  908
66  896  3   0  0  896
67  862  2   0  862
68  908  2   0  908
69  858  2   0  858
70  896  2   0  896
71  908  2   0  908
72  908  2   0  908
73  896  2   0  896
74  904  2   0  904
75  896  3   0  0  896
76  904  2   0  904
77  890  3   0  0  890
78  446  2   0  446
79  908  3   0  0  908
80  908  3   0  0  908
81  891  3   0  0  891
82  873  4   0  0  0  873
83  474  3   0  0  474
84  542  2   0  542
85  896  3   0  0  896
86  880  2   0  880
87  890  4   0  0  0  890
88  560  2   0  560
89  894  2   0  894
90  562  2   0  562
91  894  2   719  175
92  908  2   0  908
93  898  2   0  898
94  908  3   0  0  908
95  898  2   0  898
96  906  3   0  0  906
97  610  2   0  610
98  906  2   0  906
99  906  4   0  0  0  906
100  894  3   0  0  894
101  908  3   0  0  908
102  908  3   0  0  908
103  906  3   0  0  906
104  906  4   0  0  0  906
105  746  2   250  496
106  908  2   0  908
107  908  2   0  908
108  894  2   0  894
109  908  2   82  826
110  894  2   0  894
111  894  2   0  894
112  894  2   0  894
113  908  3   0  0  908
114  906  2   0  906
115  906  4   0  0  0  906
116  894  2   2  892
117  908  3   37  0  871
118  906  2   0  906
119  908  2   0  908
120  908  3   0  0  908
121  900  2   0  900
122  806  3   0  0  806
123  908  2   10  898
124  898  5   0  0  0  0  898
125  908  3   0  0  908
126  906  3   1  0  905
127  894  2   0  894
128  898  5   0  0  0  0  898
129  810  2   0  810
130  908  3   0  0  908
131  906  2   0  906
132  908  3   0  0  908
133  906  2   0  906
134  908  2   4  904
135  340  2   0  340
136  908  3   0  0  908
137  898  2   0  898
138  908  2   0  908
139  702  2   0  702
140  906  2   0  906
141  392  2   0  392
142  908  5   0  0  0  0  908
143  400  2   0  400
144  406  2   0  406
145  899  3   0  0  899
146  908  2   0  908
147  712  2   0  712
148  908  2   0  908
149  906  2   0  906
150  402  2   0  402
151  711  3   0  0  711
152  406  3   0  0  406
153  714  2   0  714
154  405  3   0  0  405
155  719  3   0  0  719
156  416  2   0  416
157  718  2   0  718
158  906  3   0  0  906
159  900  4   0  0  0  900
160  908  2   0  908
161  906  2   0  906
162  900  2   32  868
163  812  2   0  812
164  908  2   0  908
165  908  3   0  0  908
166  908  2   0  908
167  718  2   0  718
168  404  2   0  404
169  902  2   0  902
170  902  3   0  0  902
171  718  2   0  718
172  908  2   0  908
173  890  4   0  0  0  890
174  908  2   0  908
175  908  3   0  0  908
176  908  2   0  908
177  908  2   0  908
178  892  2   0  892
179  908  2   0  908
180  699  3   0  0  699
181  908  2   0  908
182  904  2   0  904
183  908  2   0  908
184  441  3   0  0  441
185  904  2   0  904
186  905  3   0  0  905
187  439  3   0  0  439
188  908  2   0  908
189  449  3   1  0  448
190  694  2   0  694
191  908  2   0  908
192  456  5   0  0  0  0  456
193  904  4   1  0  0  903
194  908  4   0  0  2  906
195  908  3   0  0  908
196  904  2   0  904
197  908  3   0  0  908
198  908  2   0  908
199  650  2   0  650
200  906  2   0  906
201  906  3   0  0  906
202  630  2   2  628
203  906  2   0  906
204  906  2   36  870

[pop]=7
1  16506  2   1  16505
2  15918  2   0  15918
3  16510  2   2  16508
4  15792  2   2  15790
5  16434  2   1  16433
6  16510  2   2  16508
7  16510  2   0  16510
8  16512  2   1  16511
9  16510  3   0  0  16510
10  16324  2   0  16324
11  15681  3   0  0  15681
12  16512  3   0  0  16512
13  15643  5   1  10  0  0  15632
14  16512  2   0  16512
15  16511  3   38  0  16473
16  16512  3   1  0  16511
17  16512  3   0  0  16512
18  16512  2   1  16511
19  16512  2   0  16512
20  16384  2   0  16384
21  16306  2   1  16305
22  16334  2   0  16334
23  16423  3   0  0  16423
24  16512  2   4  16508
25  16512  2   0  16512
26  16452  2   4860  11592
27  16512  2   9  16503
28  16462  3   0  1  16461
29  16436  2   0  16436
30  16512  2   0  16512
31  16374  2   2  16372
32  16450  3   0  1  16449
33  16512  2   0  16512
34  16366  3   0  0  16366
35  16498  2   0  16498
36  16512  2   0  16512
37  16457  4   6  0  1  16450
38  16512  3   0  1  16511
39  16508  2   0  16508
40  16505  4   0  0  0  16505
41  16512  2   1  16511
42  16508  2   2  16506
43  16506  2   0  16506
44  16512  3   0  0  16512
45  16470  2   0  16470
46  16508  3   0  1  16507
47  16508  2   4  16504
48  16504  3   0  0  16504
49  16506  2   12  16494
50  16294  2   6  16288
51  16508  2   5  16503
52  16512  3   0  0  16512
53  16506  2   0  16506
54  16512  2   0  16512
55  16512  3   0  0  16512
56  16265  3   0  0  16265
57  16512  2   0  16512
58  16512  2   8  16504
59  16512  2   0  16512
60  16508  3   0  1  16507
61  16512  2   5  16507
62  16512  3   1  0  16511
63  16439  3   1  0  16438
64  16508  5   1  0  0  0  16507
65  16510  2   10  16500
66  16498  3   0  1  16497
67  16120  2   0  16120
68  16490  2   0  16490
69  16114  2   0  16114
70  16498  2   0  16498
71  16510  2   0  16510
72  16512  2   0  16512
73  16496  2   1  16495
74  16502  2   1  16501
75  16497  3   0  0  16497
76  16502  2   1  16501
77  16498  3   0  0  16498
78  10304  2   0  10304
79  16509  3   0  1  16508
80  16512  3   0  1  16511
81  16502  3   0  0  16502
82  14596  4   0  0  0  14596
83  10650  3   0  0  10650
84  11598  2   0  11598
85  16500  3   0  0  16500
86  15266  2   0  15266
87  16505  4   0  0  3  16502
88  11768  2   0  11768
89  15826  2   0  15826
90  11918  2   0  11918
91  16476  2   9639  6837
92  16510  2   0  16510
93  16394  2   0  16394
94  16512  3   0  0  16512
95  16114  2   4  16110
96  16512  3   2  0  16510
97  12840  2   0  12840
98  16302  2   0  16302
99  16512  4   0  0  0  16512
100  16509  3   1  4  16504
101  16510  3   0  1  16509
102  16512  3   0  0  16512
103  16421  3   1  0  16420
104  16512  4   0  1  1  16510
105  14820  2   5278  9542
106  16510  2   0  16510
107  16512  2   0  16512
108  16510  2   7  16503
109  16508  2   568  15940
110  16508  2   0  16508
111  16510  2   11  16499
112  16508  2   0  16508
113  16512  3   0  0  16512
114  16482  2   0  16482
115  16512  4   1  0  0  16511
116  16508  2   3  16505
117  16512  3   529  2  15981
118  16492  2   0  16492
119  16512  2   0  16512
120  16510  3   0  0  16510
121  16512  2   0  16512
122  15356  3   0  0  15356
123  16510  2   82  16428
124  16492  5   0  0  0  0  16492
125  16510  3   0  1  16509
126  16511  3   18  0  16493
127  16508  2   0  16508
128  16512  5   1  0  0  1  16510
129  15420  2   0  15420
130  16510  3   0  1  16509
131  16498  2   0  16498
132  16504  3   0  0  16504
133  16512  2   0  16512
134  16510  2   139  16371
135  9656  2   5  9651
136  16510  3   0  0  16510
137  16512  2   5  16507
138  16508  2   0  16508
139  12328  2   2  12326
140  16508  2   1  16507
141  10244  2   0  10244
142  16508  5   0  0  0  0  16508
143  10276  2   0  10276
144  10328  2   1  10327
145  16510  3   1  0  16509
146  16512  2   0  16512
147  12428  2   2  12426
148  16512  2   2  16510
149  16512  2   0  16512
150  10346  2   2  10344
151  12474  3   1  0  12473
152  10399  3   0  1  10398
153  12478  2   0  12478
154  10403  3   0  0  10403
155  12468  3   0  0  12468
156  10428  2   0  10428
157  12454  2   11  12443
158  16433  3   0  0  16433
159  16510  4   0  0  1  16509
160  16512  2   0  16512
161  16428  2   2  16426
162  16510  2   1492  15018
163  15018  2   0  15018
164  16512  2   0  16512
165  16512  3   3  1  16508
166  16512  2   0  16512
167  12496  2   0  12496
168  10290  2   0  10290
169  16510  2   0  16510
170  16510  3   0  0  16510
171  12442  2   2  12440
172  16508  2   2  16506
173  15321  4   0  1  1  15319
174  16512  2   0  16512
175  16512  3   0  0  16512
176  16512  2   4  16508
177  16512  2   0  16512
178  15138  2   4  15134
179  16512  2   0  16512
180  12202  3   0  0  12202
181  16512  2   0  16512
182  16512  2   0  16512
183  16512  2   1  16511
184  11661  3   0  1  11660
185  16512  2   0  16512
186  15778  3   3  0  15775
187  11717  3   2  0  11715
188  16512  2   0  16512
189  11741  3   1  1  11739
190  10230  2   0  10230
191  16512  2   0  16512
192  11822  5   0  0  1  0  11821
193  16511  4   0  1  0  16510
194  16512  4   0  8  0  16504
195  16512  3   0  0  16512
196  16512  2   0  16512
197  16512  3   0  0  16512
198  16512  2   1  16511
199  11326  2   0  11326
200  16184  2   0  16184
201  16512  3   0  2  16510
202  11040  2   0  11040
203  16226  2   0  16226
204  16292  2   150  16142

