[loci]=352

[populations]=7

[pop]=1
1  10402  2   0  10402
2  10248  2   0  10248
3  9818  2   0  9818
4  10404  2   0  10404
5  10404  2   0  10404
6  8564  3   0  0  8564
7  10388  2   7  10381
8  9784  2   0  9784
9  3576  2   2  3574
10  9845  3   0  2  9843
11  10212  3   0  0  10212
12  9857  3   0  0  9857
13  6850  2   0  6850
14  10406  2   0  10406
15  9112  2   0  9112
16  10390  3   0  0  10390
17  8516  4   2  0  0  8514
18  10330  2   1  10329
19  10406  3   0  0  10406
20  10082  2   0  10082
21  10406  3   0  0  10406
22  10130  2   0  10130
23  10406  2   2  10404
24  7498  3   0  0  7498
25  10404  5   0  0  0  0  10404
26  10404  5   0  0  0  0  10404
27  10402  2   4  10398
28  10176  2   0  10176
29  10402  2   4  10398
30  9142  2   0  9142
31  10402  2   13  10389
32  8117  3   0  0  8117
33  8374  3   1  0  8373
34  10404  3   0  2  10402
35  10152  2   0  10152
36  8303  3   0  0  8303
37  9152  3   2  0  9150
38  10148  2   0  10148
39  10251  3   1  0  10250
40  10402  2   3  10399
41  10300  3   0  0  10300
42  10370  2   0  10370
43  10123  3   0  5  10118
44  9166  2   0  9166
45  10300  2   8  10292
46  10360  2   1  10359
47  9872  2   0  9872
48  10404  2   0  10404
49  10400  2   0  10400
50  10106  3   1  0  10105
51  10400  2   0  10400
52  4340  2   0  4340
53  8870  3   0  0  8870
54  7664  2   7  7657
55  10100  2   1  10099
56  10330  2   0  10330
57  4540  2   0  4540
58  8511  2   0  8511
59  6581  5   0  0  0  0  6581
60  10400  2   0  10400
61  10400  2   0  10400
62  10334  3   0  3  10331
63  10349  3   1  0  10348
64  9458  3   0  0  9458
65  8462  2   0  8462
66  10406  3   0  1  10405
67  10367  3   0  0  10367
68  10364  2   0  10364
69  9626  2   0  9626
70  8510  2   0  8510
71  9178  3   0  0  9178
72  10403  3   0  0  10403
73  10374  3   0  0  10374
74  4834  2   0  4834
75  9180  2   1  9179
76  4842  2   8  4834
77  10406  3   0  0  10406
78  10394  3   1  0  10393
79  4168  2   0  4168
80  10018  2   0  10018
81  10394  3   0  0  10394
82  9188  2   0  9188
83  10396  2   0  10396
84  10387  3   0  0  10387
85  10387  3   0  0  10387
86  10390  2   0  10390
87  2741  3   0  0  2741
88  10380  2   0  10380
89  10380  2   0  10380
90  10390  2   1  10389
91  2398  2   0  2398
92  10404  3   0  0  10404
93  10146  2   0  10146
94  10146  2   0  10146
95  10397  3   0  0  10397
96  10328  2   0  10328
97  4994  3   0  0  4994
98  10388  2   0  10388
99  5004  2   0  5004
100  10390  2   0  10390
101  10404  3   0  1  10403
102  5011  4   1  2  0  5008
103  10400  2   0  10400
104  10406  2   0  10406
105  9990  3   0  0  9990
106  5132  2   0  5132
107  10404  3   1  0  10403
108  10395  4   0  0  0  10395
109  8498  4   0  0  15  8483
110  10402  2   2  10400
111  10394  2   4  10390
112  10096  3   0  7  10089
113  10402  3   0  0  10402
114  10406  2   0  10406
115  10119  4   0  0  0  10119
116  10406  2   1  10405
117  8503  4   5  0  0  8498
118  10401  3   0  0  10401
119  10404  2   1  10403
120  10148  2   0  10148
121  10400  3   0  1  10399
122  9203  4   0  0  0  9203
123  5408  2   0  5408
124  10406  3   0  0  10406
125  5418  3   0  0  5418
126  10228  2   0  10228
127  10404  2   0  10404
128  10398  2   0  10398
129  10406  2   0  10406
130  5473  3   0  6  5467
131  10388  2   0  10388
132  10404  2   0  10404
133  10252  2   0  10252
134  10390  4   0  0  0  10390
135  10262  2   0  10262
136  10404  3   1  0  10403
137  10406  3   1  0  10405
138  10406  2   0  10406
139  10346  2   0  10346
140  10346  2   0  10346
141  10386  2   1  10385
142  10396  3   0  0  10396
143  10278  2   0  10278
144  10404  3   1  0  10403
145  9228  2   0  9228
146  1416  2   4  1412
147  9222  2   8  9214
148  10293  4   1  0  0  10292
149  9220  2   0  9220
150  5760  2   1  5759
151  9225  4   0  0  0  9225
152  10406  2   0  10406
153  10358  2   0  10358
154  10358  2   0  10358
155  10386  2   0  10386
156  8508  2   0  8508
157  10406  3   0  0  10406
158  10386  2   1  10385
159  10295  3   1  0  10294
160  8507  2   4  8503
161  9224  2   0  9224
162  10397  5   0  0  0  0  10397
163  10406  2   0  10406
164  10296  2   2  10294
165  8511  3   0  0  8511
166  10366  2   0  10366
167  10366  2   0  10366
168  10298  2   0  10298
169  8511  2   14  8497
170  10406  3   0  0  10406
171  6378  3   315  0  6063
172  10392  2   0  10392
173  10406  2   0  10406
174  6502  2   0  6502
175  10394  2   98  10296
176  2831  3   0  0  2831
177  10392  2   0  10392
178  10338  2   0  10338
179  3224  2   0  3224
180  6976  2   0  6976
181  7008  2   0  7008
182  10396  2   1  10395
183  10398  3   0  0  10398
184  7695  3   1  8  7686
185  10406  2   0  10406
186  10406  2   0  10406
187  10406  2   9289  1117
188  7111  3   0  0  7111
189  10344  2   2  10342
190  10406  2   0  10406
191  10326  3   0  0  10326
192  10326  3   0  0  10326
193  7172  3   0  0  7172
194  10340  2   5  10335
195  7848  4   0  0  1  7847
196  10406  2   1  10405
197  10340  2   1  10339
198  8510  2   0  8510
199  7912  2   0  7912
200  9174  2   0  9174
201  10406  4   0  0  1  10405
202  10396  2   9  10387
203  10394  3   0  32  10362
204  7326  4   0  0  0  7326
205  10390  2   0  10390
206  10346  3   5  0  10341
207  4764  2   0  4764
208  10406  2   0  10406
209  10406  2   0  10406
210  10393  3   0  4706  5687
211  7396  3   0  0  7396
212  10406  3   0  0  10406
213  10294  2   0  10294
214  10294  2   0  10294
215  10348  2   0  10348
216  8510  3   0  1  8509
217  4988  2   0  4988
218  9166  3   0  0  9166
219  10396  2   174  10222
220  10290  3   0  0  10290
221  10290  3   0  0  10290
222  7442  2   0  7442
223  10347  3   0  0  10347
224  8511  2   0  8511
225  5346  3   0  0  5346
226  10380  3   0  42  10338
227  10374  3   0  0  10374
228  10406  2   0  10406
229  8510  2   13  8497
230  10398  2   0  10398
231  10406  2   0  10406
232  7568  2   0  7568
233  10398  2   1  10397
234  10367  5   0  0  0  0  10367
235  9157  3   1  0  9156
236  7647  4   0  0  0  7647
237  10402  4   0  0  14  10388
238  9158  2   0  9158
239  10406  3   1  0  10405
240  7668  3   0  0  7668
241  10370  2   38  10332
242  10398  2   0  10398
243  10406  2   1  10405
244  10398  3   0  0  10398
245  8221  2   0  8221
246  10238  3   1  0  10237
247  10238  3   0  1  10237
248  10398  2   0  10398
249  10368  3   9769  0  599
250  8267  2   0  8267
251  10374  3   1  1  10372
252  8504  3   0  286  8218
253  8285  2   0  8285
254  10383  4   0  0  0  10383
255  10372  2   10  10362
256  10396  4   0  0  0  10396
257  8376  2   21  8355
258  10396  2   0  10396
259  10394  5   0  0  0  0  10394
260  10257  3   0  0  10257
261  7849  3   0  2  7847
262  10373  3   0  0  10373
263  10402  3   0  1  10401
264  10229  3   0  1  10228
265  7904  2   0  7904
266  8335  2   0  8335
267  10398  2   0  10398
268  9154  2   0  9154
269  10366  2   0  10366
270  10404  2   10230  174
271  8493  2   0  8493
272  10390  2   0  10390
273  10398  2   0  10398
274  10406  3   0  0  10406
275  8327  2   0  8327
276  10406  2   1  10405
277  10388  2   0  10388
278  10198  3   2  0  10196
279  8327  3   2  2  8323
280  9036  2   0  9036
281  9156  3   1  0  9155
282  8110  2   0  8110
283  10354  2   0  10354
284  10390  2   0  10390
285  9155  3   0  0  9155
286  10406  3   0  0  10406
287  10406  2   3  10403
288  10162  2   0  10162
289  10350  2   1  10349
290  10390  2   11  10379
291  10402  3   0  0  10402
292  10382  2   0  10382
293  8251  3   0  0  8251
294  10402  2   0  10402
295  9150  3   1  1  9148
296  8376  3   0  0  8376
297  8307  2   0  8307
298  9156  3   0  0  9156
299  9148  3   0  0  9148
300  8427  3   0  1  8426
301  8296  2   0  8296
302  9160  2   0  9160
303  9146  3   0  1  9145
304  10404  2   1  10403
305  10404  2   1  10403
306  10388  4   0  0  0  10388
307  10380  3   0  8  10372
308  9146  2   0  9146
309  10384  2   0  10384
310  8470  2   2  8468
311  8470  2   0  8470
312  10406  2   0  10406
313  8496  2   0  8496
314  10382  2   0  10382
315  10378  2   0  10378
316  10255  4   0  3  0  10252
317  10007  3   0  0  10007
318  8550  2   2  8548
319  10362  2   0  10362
320  10384  2   0  10384
321  10404  2   0  10404
322  10404  2   0  10404
323  10190  2   0  10190
324  8262  3   0  0  8262
325  10254  2   0  10254
326  9946  2   0  9946
327  8542  2   0  8542
328  10382  2   0  10382
329  8546  2   1  8545
330  10334  3   0  1  10333
331  10318  3   0  0  10318
332  9130  2   0  9130
333  10404  3   0  0  10404
334  10404  3   0  0  10404
335  10398  2   0  10398
336  8221  2   0  8221
337  10286  2   5  10281
338  10376  5   0  0  8095  0  2281
339  10342  2   754  9588
340  9820  2   0  9820
341  8573  3   0  0  8573
342  10302  2   182  10120
343  10320  2   0  10320
344  10290  2   0  10290
345  10118  3   0  0  10118
346  9162  2   0  9162
347  10286  2   0  10286
348  8568  2   0  8568
349  10284  2   0  10284
350  8570  2   0  8570
351  8575  3   0  0  8575
352  10290  3   0  0  10290

[pop]=2
1  11552  2   0  11552
2  11488  2   0  11488
3  11376  2   0  11376
4  11578  2   0  11578
5  11578  2   0  11578
6  11231  3   0  0  11231
7  11576  2   0  11576
8  11102  2   1  11101
9  1172  2   0  1172
10  11176  3   0  1  11175
11  11447  3   0  0  11447
12  11402  3   0  1  11401
13  7838  2   0  7838
14  11574  2   0  11574
15  11450  2   0  11450
16  11578  3   0  0  11578
17  9324  4   0  0  1  9323
18  11546  2   0  11546
19  11552  3   0  0  11552
20  11410  2   0  11410
21  11552  3   0  0  11552
22  11412  2   0  11412
23  11552  2   0  11552
24  8780  3   0  0  8780
25  11576  5   1  0  0  0  11575
26  11576  5   0  1  0  0  11575
27  11576  2   0  11576
28  11388  2   2  11386
29  11576  2   0  11576
30  11458  2   4  11454
31  11578  2   1  11577
32  9888  3   0  0  9888
33  11104  3   0  1  11103
34  11554  3   0  0  11554
35  11362  2   1  11361
36  10128  3   0  0  10128
37  11458  3   0  0  11458
38  11356  2   0  11356
39  11538  3   0  0  11538
40  11576  2   0  11576
41  11490  3   0  0  11490
42  11570  2   0  11570
43  11331  3   0  2  11329
44  11458  2   0  11458
45  11558  2   5  11553
46  11530  2   0  11530
47  11386  2   0  11386
48  11574  2   0  11574
49  11572  2   0  11572
50  11310  3   1  0  11309
51  11572  2   0  11572
52  2086  2   0  2086
53  10872  3   0  0  10872
54  10358  2   173  10185
55  11300  2   1  11299
56  11566  2   0  11566
57  2256  2   0  2256
58  9321  2   0  9321
59  8487  5   0  0  0  1  8486
60  11572  2   0  11572
61  11572  2   0  11572
62  11530  3   0  0  11530
63  11569  3   0  0  11569
64  11279  3   0  0  11279
65  9306  2   2  9304
66  11576  3   0  0  11576
67  11570  3   0  5  11565
68  11546  2   1  11545
69  11380  2   0  11380
70  9316  2   0  9316
71  11456  3   0  0  11456
72  11550  3   6  1  11543
73  11570  3   0  0  11570
74  5040  2   0  5040
75  11456  2   0  11456
76  2666  2   4  2662
77  11574  3   1  0  11573
78  11578  3   0  0  11578
79  3946  2   0  3946
80  11172  2   2  11170
81  11552  3   0  0  11552
82  11458  2   0  11458
83  11554  2   7  11547
84  11566  3   0  0  11566
85  11566  3   0  0  11566
86  11570  2   0  11570
87  2067  3   0  0  2067
88  11566  2   0  11566
89  11566  2   0  11566
90  11570  2   0  11570
91  1706  2   0  1706
92  11559  3   0  0  11559
93  11578  2   13  11565
94  11578  2   13  11565
95  11574  3   0  0  11574
96  11414  2   2  11412
97  3055  3   0  0  3055
98  11572  2   2  11570
99  3060  2   0  3060
100  11572  2   0  11572
101  11550  3   1  0  11549
102  3153  4   4  2  0  3147
103  11440  2   0  11440
104  11578  2   3  11575
105  11522  3   0  0  11522
106  3400  2   0  3400
107  11546  3   0  0  11546
108  11575  4   1  2  0  11572
109  9314  4   0  1  0  9313
110  11452  2   0  11452
111  11576  2   0  11576
112  11533  3   0  0  11533
113  11542  3   0  2  11540
114  11578  2   0  11578
115  11533  4   0  0  0  11533
116  11562  2   0  11562
117  9314  4   0  2  0  9312
118  11541  3   0  0  11541
119  11466  2   7  11459
120  11528  2   0  11528
121  11576  3   0  0  11576
122  11460  4   1  0  0  11459
123  3944  2   0  3944
124  11563  3   0  0  11563
125  3948  3   0  1  3947
126  11536  2   3  11533
127  11572  2   0  11572
128  11518  2   1  11517
129  11578  2   0  11578
130  4161  3   0  0  4161
131  11570  2   0  11570
132  11574  2   0  11574
133  11538  2   0  11538
134  11568  4   0  0  0  11568
135  11540  2   0  11540
136  11574  3   0  0  11574
137  11560  3   0  0  11560
138  11578  2   0  11578
139  11578  2   2  11576
140  11578  2   2  11576
141  11568  2   1  11567
142  11516  3   0  1  11515
143  11540  2   0  11540
144  11578  3   0  2  11576
145  11460  2   0  11460
146  1430  2   0  1430
147  11460  2   0  11460
148  11542  4   0  0  0  11542
149  11460  2   0  11460
150  5058  2   0  5058
151  11460  4   0  0  0  11460
152  11578  2   2  11576
153  11578  2   8  11570
154  11578  2   8  11570
155  11568  2   0  11568
156  9314  2   0  9314
157  11578  3   0  0  11578
158  11566  2   0  11566
159  11538  3   0  1  11537
160  9312  2   0  9312
161  11460  2   16  11444
162  11524  5   0  0  0  0  11524
163  11558  2   0  11558
164  11538  2   3  11535
165  9313  3   0  1  9312
166  11578  2   0  11578
167  11578  2   0  11578
168  11534  2   0  11534
169  9313  2   0  9313
170  11578  3   2  0  11576
171  6489  3   19  0  6470
172  11568  2   0  11568
173  11578  2   0  11578
174  6828  2   2  6826
175  11568  2   5  11563
176  3461  3   0  0  3461
177  11568  2   0  11568
178  11546  2   0  11546
179  4000  2   0  4000
180  8048  2   0  8048
181  8156  2   0  8156
182  11568  2   3  11565
183  11578  3   0  0  11578
184  8366  3   0  0  8366
185  11560  2   1  11559
186  11578  2   0  11578
187  11538  2   8858  2680
188  8948  3   0  0  8948
189  11548  2   1  11547
190  11558  2   51  11507
191  11576  3   0  0  11576
192  11576  3   0  0  11576
193  9048  3   0  0  9048
194  11546  2   2  11544
195  8580  4   0  0  0  8580
196  11562  2   3  11559
197  11550  2   0  11550
198  9306  2   0  9306
199  8669  2   0  8669
200  11452  2   0  11452
201  11561  4   0  0  1  11560
202  11526  2   2  11524
203  11569  3   0  11  11558
204  9506  4   0  0  0  9506
205  11570  2   0  11570
206  11549  3   0  0  11549
207  5926  2   0  5926
208  11562  2   0  11562
209  11560  2   1  11559
210  11560  3   0  7592  3968
211  9600  3   0  0  9600
212  11562  3   1  0  11561
213  11572  2   0  11572
214  11572  2   0  11572
215  11558  2   0  11558
216  9304  3   0  0  9304
217  6256  2   3  6253
218  11450  3   0  0  11450
219  11528  2   7  11521
220  11572  3   0  0  11572
221  11572  3   0  0  11572
222  9714  2   0  9714
223  11558  3   0  0  11558
224  9305  2   0  9305
225  6680  3   1  0  6679
226  11570  3   0  1  11569
227  11570  3   1  1  11568
228  11564  2   0  11564
229  9303  2   17  9286
230  11568  2   0  11568
231  11566  2   0  11566
232  9926  2   0  9926
233  11570  2   0  11570
234  11562  5   0  0  0  0  11562
235  11449  3   0  0  11449
236  10115  4   0  0  0  10115
237  11578  4   0  0  1  11577
238  11450  2   0  11450
239  11568  3   0  0  11568
240  10166  3   2  0  10164
241  11568  2   0  11568
242  11576  2   0  11576
243  11578  2   0  11578
244  11576  3   0  0  11576
245  9149  2   0  9149
246  11572  3   0  0  11572
247  11572  3   0  0  11572
248  11578  2   0  11578
249  11554  3   11522  0  32
250  9205  2   0  9205
251  11571  3   0  0  11571
252  9300  3   0  12  9288
253  9225  2   0  9225
254  11568  4   0  0  0  11568
255  11572  2   0  11572
256  11568  4   0  0  0  11568
257  10890  2   0  10890
258  11576  2   0  11576
259  11576  5   0  12  0  0  11564
260  11526  3   0  0  11526
261  10549  3   0  29  10520
262  11555  3   1  0  11554
263  11578  3   1  0  11577
264  11523  3   0  0  11523
265  10576  2   0  10576
266  9265  2   0  9265
267  11578  2   0  11578
268  11448  2   0  11448
269  11546  2   0  11546
270  11576  2   10939  637
271  9299  2   0  9299
272  11570  2   0  11570
273  11578  2   0  11578
274  11562  3   0  0  11562
275  9266  2   0  9266
276  11576  2   1  11575
277  11576  2   0  11576
278  11519  3   0  0  11519
279  9267  3   0  3  9264
280  11320  2   0  11320
281  11450  3   0  0  11450
282  10742  2   0  10742
283  11532  2   0  11532
284  11574  2   0  11574
285  11448  3   0  0  11448
286  11559  3   0  0  11559
287  11578  2   0  11578
288  11518  2   0  11518
289  11528  2   0  11528
290  11574  2   3  11571
291  11578  3   2  0  11576
292  11578  2   0  11578
293  10858  3   0  2  10856
294  11578  2   1  11577
295  11449  3   0  0  11449
296  10954  3   0  0  10954
297  9266  2   0  9266
298  11398  3   0  0  11398
299  11448  3   0  0  11448
300  10972  3   0  1  10971
301  9265  2   0  9265
302  11406  2   0  11406
303  11448  3   0  0  11448
304  11578  2   0  11578
305  11578  2   0  11578
306  11569  4   2  0  0  11567
307  11570  3   0  0  11570
308  11446  2   0  11446
309  11578  2   2  11576
310  11000  2   4  10996
311  9282  2   0  9282
312  11550  2   17  11533
313  11050  2   0  11050
314  11562  2   0  11562
315  11574  2   0  11574
316  11436  4   0  0  0  11436
317  11472  3   0  0  11472
318  11066  2   0  11066
319  11550  2   0  11550
320  11576  2   0  11576
321  11578  2   1  11577
322  11578  2   1  11577
323  11388  2   0  11388
324  9256  3   0  2  9254
325  11576  2   0  11576
326  11462  2   0  11462
327  11086  2   0  11086
328  11576  2   0  11576
329  11086  2   0  11086
330  11527  3   0  0  11527
331  11564  3   0  0  11564
332  11438  2   2  11436
333  11578  3   0  0  11578
334  11578  3   0  0  11578
335  11554  2   2  11552
336  9242  2   4  9238
337  11562  2   16  11546
338  11566  5   0  0  5224  0  6342
339  11562  2   85  11477
340  11434  2   1  11433
341  11076  3   1  0  11075
342  11518  2   21  11497
343  11558  2   0  11558
344  11518  2   0  11518
345  11542  3   0  0  11542
346  11442  2   1  11441
347  11536  2   0  11536
348  11042  2   0  11042
349  11512  2   0  11512
350  11040  2   0  11040
351  11018  3   0  0  11018
352  11546  3   0  0  11546

[pop]=3
1  8652  2   0  8652
2  8614  2   0  8614
3  8594  2   0  8594
4  8648  2   0  8648
5  8648  2   0  8648
6  8374  3   1  0  8373
7  8654  2   0  8654
8  8294  2   2  8292
9  1692  2   0  1692
10  8354  3   0  0  8354
11  8561  3   0  2  8559
12  8594  3   0  0  8594
13  6266  2   0  6266
14  8648  2   0  8648
15  8516  2   0  8516
16  8654  3   0  0  8654
17  6638  4   0  0  0  6638
18  8644  2   0  8644
19  8654  3   0  0  8654
20  8512  2   0  8512
21  8654  3   0  0  8654
22  8608  2   0  8608
23  8654  2   0  8654
24  6824  3   0  0  6824
25  8646  5   0  0  0  1  8645
26  8646  5   0  0  0  1  8645
27  8644  2   0  8644
28  8542  2   0  8542
29  8644  2   0  8644
30  8516  2   0  8516
31  8654  2   0  8654
32  7427  3   0  0  7427
33  8340  3   0  0  8340
34  8654  3   0  0  8654
35  8528  2   0  8528
36  7591  3   0  0  7591
37  8518  3   0  0  8518
38  8528  2   0  8528
39  8598  3   0  1  8597
40  8654  2   0  8654
41  8634  3   1  0  8633
42  8652  2   1  8651
43  8516  3   0  0  8516
44  8518  2   0  8518
45  8622  2   0  8622
46  8646  2   0  8646
47  8568  2   0  8568
48  8654  2   0  8654
49  8646  2   0  8646
50  8500  3   0  0  8500
51  8646  2   0  8646
52  2672  2   0  2672
53  8112  3   0  0  8112
54  7722  2   147  7575
55  8498  2   0  8498
56  8634  2   0  8634
57  2858  2   0  2858
58  6636  2   0  6636
59  6585  5   0  0  0  0  6585
60  8646  2   5  8641
61  8646  2   5  8641
62  8648  3   0  0  8648
63  8637  3   0  0  8637
64  8448  3   0  0  8448
65  6633  2   0  6633
66  8654  3   0  0  8654
67  8639  3   0  0  8639
68  8652  2   0  8652
69  8516  2   0  8516
70  6632  2   0  6632
71  8522  3   0  15  8507
72  8654  3   0  14  8640
73  8641  3   0  0  8641
74  4790  2   0  4790
75  8522  2   0  8522
76  3180  2   0  3180
77  8654  3   0  0  8654
78  8654  3   0  0  8654
79  4064  2   0  4064
80  8428  2   0  8428
81  8652  3   0  0  8652
82  8522  2   0  8522
83  8654  2   0  8654
84  8642  3   0  0  8642
85  8642  3   0  0  8642
86  8652  2   0  8652
87  2685  3   0  0  2685
88  8642  2   0  8642
89  8642  2   0  8642
90  8652  2   0  8652
91  2250  2   0  2250
92  8654  3   0  1  8653
93  8650  2   0  8650
94  8650  2   0  8650
95  8646  3   0  0  8646
96  8614  2   0  8614
97  3430  3   0  0  3430
98  8652  2   0  8652
99  3440  2   0  3440
100  8652  2   0  8652
101  8654  3   0  0  8654
102  3497  4   3  0  0  3494
103  8640  2   32  8608
104  8654  2   0  8654
105  8568  3   2  0  8566
106  3666  2   0  3666
107  8654  3   0  0  8654
108  8652  4   0  4  0  8648
109  6638  4   0  17  0  6621
110  8644  2   1  8643
111  8652  2   0  8652
112  8571  3   0  0  8571
113  8654  3   0  0  8654
114  8654  2   0  8654
115  8573  4   0  0  1  8572
116  8654  2   0  8654
117  6638  4   0  0  0  6638
118  8653  3   0  0  8653
119  8644  2   0  8644
120  8580  2   0  8580
121  8648  3   0  0  8648
122  8522  4   0  0  0  8522
123  3968  2   0  3968
124  8654  3   0  0  8654
125  3976  3   0  0  3976
126  8590  2   0  8590
127  8654  2   11  8643
128  8650  2   1  8649
129  8654  2   0  8654
130  4054  3   1  0  4053
131  8652  2   0  8652
132  8654  2   0  8654
133  8588  2   0  8588
134  8652  4   0  0  1  8651
135  8588  2   0  8588
136  8654  3   0  0  8654
137  8654  3   0  0  8654
138  8654  2   0  8654
139  8652  2   0  8652
140  8652  2   0  8652
141  8652  2   0  8652
142  8650  3   0  0  8650
143  8594  2   0  8594
144  8654  3   0  0  8654
145  8524  2   0  8524
146  1344  2   0  1344
147  8522  2   0  8522
148  8602  4   5  0  0  8597
149  8524  2   0  8524
150  4576  2   0  4576
151  8524  4   9  0  1  8514
152  8654  2   0  8654
153  8652  2   0  8652
154  8652  2   0  8652
155  8648  2   1  8647
156  6637  2   0  6637
157  8654  3   0  0  8654
158  8646  2   0  8646
159  8607  3   0  0  8607
160  6637  2   0  6637
161  8524  2   0  8524
162  8652  5   0  0  0  0  8652
163  8654  2   0  8654
164  8610  2   4  8606
165  6638  3   0  0  6638
166  8652  2   0  8652
167  8652  2   0  8652
168  8612  2   0  8612
169  6637  2   0  6637
170  8654  3   0  0  8654
171  5365  3   8  0  5357
172  8650  2   0  8650
173  8654  2   0  8654
174  5620  2   0  5620
175  8650  2   0  8650
176  2836  3   0  0  2836
177  8650  2   0  8650
178  8624  2   0  8624
179  3316  2   0  3316
180  6486  2   0  6486
181  6560  2   3  6557
182  8650  2   0  8650
183  8650  3   1  0  8649
184  5924  3   3  57  5864
185  8654  2   0  8654
186  8654  2   0  8654
187  8590  2   4076  4514
188  7003  3   0  0  7003
189  8632  2   0  8632
190  8650  2   0  8650
191  8654  3   0  9  8645
192  8654  3   0  9  8645
193  7056  3   0  1  7055
194  8632  2   182  8450
195  6040  4   0  0  0  6040
196  8650  2   0  8650
197  8634  2   2  8632
198  6637  2   2  6635
199  6098  2   0  6098
200  8520  2   6  8514
201  8654  4   0  0  0  8654
202  8648  2   0  8648
203  8648  3   0  0  8648
204  7322  4   0  0  0  7322
205  8650  2   0  8650
206  8636  3   3  1  8632
207  4716  2   0  4716
208  8654  2   0  8654
209  8654  2   0  8654
210  8636  3   0  5247  3389
211  7409  3   1  0  7408
212  8654  3   0  0  8654
213  8654  2   2  8652
214  8654  2   2  8652
215  8640  2   0  8640
216  6636  3   0  0  6636
217  4972  2   0  4972
218  8520  3   0  0  8520
219  8648  2   0  8648
220  8654  3   0  0  8654
221  8654  3   0  0  8654
222  7466  2   0  7466
223  8640  3   0  0  8640
224  6636  2   0  6636
225  5322  3   0  0  5322
226  8631  3   0  0  8631
227  8630  3   1  0  8629
228  8654  2   0  8654
229  6636  2   0  6636
230  8654  2   7  8647
231  8654  2   0  8654
232  7608  2   0  7608
233  8654  2   0  8654
234  8626  5   0  0  0  19  8607
235  8518  3   0  0  8518
236  7705  4   0  0  0  7705
237  8644  4   0  0  0  8644
238  8518  2   0  8518
239  8654  3   0  0  8654
240  7720  3   0  0  7720
241  8644  2   0  8644
242  8654  2   0  8654
243  8654  2   0  8654
244  8654  3   0  0  8654
245  6440  2   0  6440
246  8654  3   0  0  8654
247  8654  3   0  0  8654
248  8654  2   4  8650
249  8626  3   8625  1  0
250  6497  2   0  6497
251  8649  3   0  0  8649
252  6636  3   0  0  6636
253  6515  2   2  6513
254  8648  4   0  0  0  8648
255  8650  2   0  8650
256  8654  4   0  0  0  8654
257  8286  2   0  8286
258  8654  2   0  8654
259  8654  5   0  12  0  0  8642
260  8580  3   0  0  8580
261  7976  3   0  0  7976
262  8647  3   0  2  8645
263  8636  3   0  0  8636
264  8569  3   0  0  8569
265  7984  2   1  7983
266  6586  2   0  6586
267  8652  2   0  8652
268  8518  2   0  8518
269  8642  2   0  8642
270  8654  2   7969  685
271  6627  2   36  6591
272  8652  2   2  8650
273  8652  2   0  8652
274  8654  3   0  0  8654
275  6594  2   0  6594
276  8654  2   0  8654
277  8654  2   2  8652
278  8557  3   0  0  8557
279  6594  3   0  0  6594
280  8500  2   0  8500
281  8518  3   0  0  8518
282  8144  2   0  8144
283  8642  2   0  8642
284  8652  2   3  8649
285  8518  3   0  0  8518
286  8654  3   9  1  8644
287  8654  2   0  8654
288  8556  2   3  8553
289  8642  2   0  8642
290  8652  2   0  8652
291  8636  3   0  1  8635
292  8652  2   0  8652
293  8204  3   1  0  8203
294  8634  2   0  8634
295  8518  3   0  0  8518
296  8276  3   0  0  8276
297  6593  2   0  6593
298  8518  3   0  0  8518
299  8518  3   0  0  8518
300  8291  3   0  0  8291
301  6592  2   0  6592
302  8520  2   1  8519
303  8518  3   3  0  8515
304  8654  2   0  8654
305  8654  2   0  8654
306  8650  4   0  0  0  8650
307  8650  3   0  0  8650
308  8518  2   0  8518
309  8654  2   0  8654
310  8328  2   0  8328
311  6586  2   10  6576
312  8654  2   0  8654
313  8348  2   0  8348
314  8646  2   0  8646
315  8654  2   4  8650
316  8619  4   0  2  0  8617
317  8542  3   0  1  8541
318  8368  2   0  8368
319  8638  2   0  8638
320  8634  2   0  8634
321  8654  2   0  8654
322  8654  2   0  8654
323  8610  2   0  8610
324  6584  3   0  0  6584
325  8646  2   0  8646
326  8532  2   0  8532
327  8382  2   0  8382
328  8636  2   0  8636
329  8384  2   1  8383
330  8625  3   0  0  8625
331  8648  3   0  2  8646
332  8516  2   0  8516
333  8654  3   0  0  8654
334  8654  3   0  0  8654
335  8650  2   0  8650
336  6572  2   0  6572
337  8648  2   1  8647
338  8632  5   0  0  5176  0  3456
339  8652  2   195  8457
340  8504  2   0  8504
341  8373  3   0  0  8373
342  8598  2   0  8598
343  8650  2   0  8650
344  8590  2   0  8590
345  8578  3   0  0  8578
346  8514  2   0  8514
347  8620  2   1  8619
348  8366  2   0  8366
349  8570  2   0  8570
350  8366  2   5  8361
351  8355  3   1  1  8353
352  8640  3   0  0  8640

[pop]=4
1  6592  2   1  6591
2  6614  2   0  6614
3  6574  2   0  6574
4  6614  2   0  6614
5  6614  2   0  6614
6  6454  3   0  0  6454
7  6610  2   0  6610
8  6522  2   0  6522
9  564  2   0  564
10  6532  3   0  0  6532
11  6545  3   0  0  6545
12  6078  3   0  0  6078
13  4214  2   0  4214
14  6612  2   0  6612
15  6610  2   1  6609
16  6608  3   0  0  6608
17  4530  4   0  0  0  4530
18  6610  2   0  6610
19  6598  3   0  0  6598
20  6580  2   0  6580
21  6600  3   0  0  6600
22  6190  2   0  6190
23  6600  2   0  6600
24  4598  3   0  0  4598
25  6614  5   0  0  0  0  6614
26  6614  5   0  0  0  0  6614
27  6614  2   0  6614
28  6492  2   0  6492
29  6614  2   0  6614
30  6610  2   0  6610
31  6610  2   0  6610
32  5037  3   0  0  5037
33  6225  3   0  0  6225
34  6600  3   0  0  6600
35  6468  2   0  6468
36  5160  3   0  0  5160
37  6610  3   0  0  6610
38  6482  2   0  6482
39  6600  3   0  0  6600
40  6610  2   0  6610
41  6320  3   0  0  6320
42  6614  2   0  6614
43  6463  3   0  0  6463
44  6610  2   0  6610
45  6606  2   34  6572
46  6612  2   0  6612
47  6570  2   0  6570
48  6610  2   0  6610
49  6614  2   3  6611
50  6460  3   0  0  6460
51  6614  2   3  6611
52  1092  2   0  1092
53  5556  3   0  0  5556
54  5476  2   8  5468
55  6446  2   0  6446
56  6610  2   0  6610
57  1144  2   0  1144
58  4528  2   0  4528
59  4432  5   0  0  0  0  4432
60  6614  2   0  6614
61  6614  2   0  6614
62  6373  3   0  0  6373
63  6610  3   0  0  6610
64  5872  3   0  0  5872
65  4530  2   0  4530
66  6614  3   0  0  6614
67  6613  3   0  0  6613
68  6398  2   0  6398
69  5988  2   0  5988
70  4526  2   0  4526
71  6610  3   0  0  6610
72  6594  3   0  0  6594
73  6614  3   0  0  6614
74  2940  2   0  2940
75  6610  2   0  6610
76  1284  2   0  1284
77  6614  3   0  0  6614
78  6614  3   0  0  6614
79  2482  2   0  2482
80  6430  2   0  6430
81  6612  3   0  0  6612
82  6610  2   0  6610
83  6612  2   0  6612
84  6614  3   0  0  6614
85  6614  3   0  0  6614
86  6458  2   0  6458
87  1449  3   0  0  1449
88  6614  2   0  6614
89  6614  2   0  6614
90  6464  2   0  6464
91  1208  2   0  1208
92  6612  3   0  0  6612
93  6614  2   0  6614
94  6614  2   0  6614
95  6614  3   0  0  6614
96  6458  2   0  6458
97  1409  3   0  0  1409
98  6486  2   0  6486
99  1402  2   0  1402
100  6494  2   0  6494
101  6601  3   0  0  6601
102  1411  4   0  0  0  1411
103  6590  2   0  6590
104  6612  2   0  6612
105  6322  3   0  0  6322
106  1522  2   0  1522
107  6599  3   0  0  6599
108  6518  4   0  2  0  6516
109  4530  4   0  0  0  4530
110  6594  2   0  6594
111  6516  2   0  6516
112  6379  3   0  0  6379
113  6602  3   0  0  6602
114  6612  2   0  6612
115  6391  4   0  0  0  6391
116  6612  2   0  6612
117  4530  4   0  0  0  4530
118  6600  3   0  0  6600
119  6608  2   0  6608
120  6402  2   0  6402
121  6614  3   0  0  6614
122  6610  4   0  0  0  6610
123  1688  2   0  1688
124  6612  3   0  0  6612
125  1678  3   0  0  1678
126  6458  2   0  6458
127  6614  2   0  6614
128  6590  2   0  6590
129  6614  2   0  6614
130  1799  3   0  0  1799
131  6502  2   5  6497
132  6614  2   0  6614
133  6480  2   0  6480
134  6491  4   0  0  0  6491
135  6490  2   0  6490
136  6614  3   0  0  6614
137  6614  3   0  0  6614
138  6614  2   0  6614
139  6614  2   0  6614
140  6614  2   0  6614
141  6488  2   0  6488
142  6588  3   0  0  6588
143  6506  2   0  6506
144  6614  3   0  0  6614
145  6610  2   0  6610
146  528  2   0  528
147  6610  2   0  6610
148  6529  4   0  0  0  6529
149  6610  2   0  6610
150  2302  2   0  2302
151  6610  4   0  0  0  6610
152  6614  2   0  6614
153  6614  2   0  6614
154  6614  2   0  6614
155  6488  2   1  6487
156  4530  2   0  4530
157  6614  3   0  0  6614
158  6484  2   0  6484
159  6534  3   2  0  6532
160  4530  2   0  4530
161  6610  2   0  6610
162  6590  5   0  0  0  0  6590
163  6614  2   0  6614
164  6542  2   1  6541
165  4530  3   0  0  4530
166  6614  2   0  6614
167  6614  2   0  6614
168  6544  2   3  6541
169  4530  2   0  4530
170  6614  3   0  0  6614
171  2896  3   0  0  2896
172  6474  2   0  6474
173  6614  2   0  6614
174  3094  2   0  3094
175  6472  2   0  6472
176  1319  3   0  0  1319
177  6454  2   0  6454
178  6576  2   0  6576
179  1632  2   0  1632
180  3700  2   0  3700
181  3776  2   0  3776
182  6450  2   2  6448
183  6614  3   0  0  6614
184  3598  3   0  0  3598
185  6614  2   0  6614
186  6614  2   0  6614
187  6596  2   5153  1443
188  4196  3   1  0  4195
189  6576  2   1  6575
190  6608  2   0  6608
191  6614  3   0  0  6614
192  6614  3   0  0  6614
193  4238  3   0  0  4238
194  6580  2   0  6580
195  3835  4   0  0  0  3835
196  6608  2   0  6608
197  6576  2   0  6576
198  4530  2   0  4530
199  3939  2   0  3939
200  6610  2   0  6610
201  6614  4   0  0  0  6614
202  6610  2   0  6610
203  6600  3   0  0  6600
204  4512  4   0  0  0  4512
205  6386  2   0  6386
206  6579  3   0  0  6579
207  2722  2   0  2722
208  6614  2   0  6614
209  6610  2   0  6610
210  6595  3   0  3385  3210
211  4591  3   0  4  4587
212  6612  3   0  0  6612
213  6614  2   0  6614
214  6614  2   0  6614
215  6586  2   0  6586
216  4530  3   0  0  4530
217  2922  2   0  2922
218  6610  3   0  0  6610
219  6610  2   0  6610
220  6614  3   0  0  6614
221  6614  3   0  0  6614
222  4664  2   0  4664
223  6589  3   0  0  6589
224  4530  2   0  4530
225  3204  3   0  0  3204
226  6602  3   0  0  6602
227  6602  3   0  0  6602
228  6614  2   0  6614
229  4530  2   130  4400
230  6614  2   0  6614
231  6614  2   11  6603
232  4832  2   1  4831
233  6614  2   0  6614
234  6598  5   0  0  0  0  6598
235  6608  3   0  0  6608
236  5008  4   0  0  0  5008
237  6614  4   0  0  0  6614
238  6608  2   1  6607
239  6614  3   0  0  6614
240  5030  3   0  0  5030
241  6606  2   0  6606
242  6614  2   0  6614
243  6614  2   0  6614
244  6614  3   0  0  6614
245  4377  2   0  4377
246  6612  3   0  0  6612
247  6612  3   0  0  6612
248  6614  2   0  6614
249  6602  3   6602  0  0
250  4436  2   0  4436
251  6610  3   0  0  6610
252  4530  3   0  0  4530
253  4452  2   0  4452
254  6283  4   0  0  0  6283
255  6610  2   0  6610
256  6614  4   0  0  0  6614
257  5828  2   0  5828
258  6612  2   0  6612
259  6613  5   0  0  0  0  6613
260  6592  3   0  0  6592
261  5366  3   1  0  5365
262  6202  3   0  0  6202
263  6614  3   0  0  6614
264  6592  3   0  0  6592
265  5400  2   0  5400
266  4501  2   0  4501
267  6614  2   0  6614
268  6608  2   0  6608
269  6130  2   0  6130
270  6614  2   6238  376
271  4530  2   0  4530
272  6614  2   0  6614
273  6614  2   0  6614
274  6614  3   0  0  6614
275  4511  2   0  4511
276  6614  2   1  6613
277  6614  2   0  6614
278  6585  3   0  0  6585
279  4512  3   0  0  4512
280  6364  2   2  6362
281  6607  3   0  0  6607
282  5506  2   1  5505
283  6054  2   0  6054
284  6612  2   0  6612
285  6607  3   0  0  6607
286  6614  3   0  0  6614
287  6614  2   0  6614
288  6584  2   0  6584
289  6032  2   0  6032
290  6614  2   0  6614
291  6614  3   0  0  6614
292  6614  2   0  6614
293  5592  3   0  0  5592
294  6614  2   0  6614
295  6607  3   0  0  6607
296  5664  3   0  0  5664
297  4524  2   0  4524
298  6522  3   0  0  6522
299  6606  3   0  0  6606
300  5690  3   0  0  5690
301  4528  2   0  4528
302  6522  2   0  6522
303  6606  3   0  0  6606
304  6614  2   0  6614
305  6614  2   0  6614
306  6614  4   0  0  0  6614
307  6614  3   0  0  6614
308  6606  2   0  6606
309  6612  2   0  6612
310  5738  2   0  5738
311  4528  2   0  4528
312  6612  2   0  6612
313  5768  2   2  5766
314  6614  2   0  6614
315  6612  2   0  6612
316  5829  4   0  0  0  5829
317  6581  3   0  0  6581
318  5778  2   0  5778
319  6614  2   0  6614
320  6614  2   0  6614
321  6614  2   0  6614
322  6614  2   0  6614
323  5760  2   0  5760
324  4528  3   0  0  4528
325  6614  2   0  6614
326  6578  2   0  6578
327  5792  2   0  5792
328  6614  2   0  6614
329  5798  2   0  5798
330  6614  3   0  0  6614
331  6614  3   0  0  6614
332  6598  2   0  6598
333  6614  3   0  0  6614
334  6614  3   0  0  6614
335  6612  2   0  6612
336  4528  2   0  4528
337  6614  2   0  6614
338  6613  5   0  0  4754  1  1858
339  6608  2   25  6583
340  6574  2   0  6574
341  5809  3   0  0  5809
342  6614  2   0  6614
343  6608  2   0  6608
344  6614  2   0  6614
345  6612  3   0  0  6612
346  6596  2   0  6596
347  6614  2   0  6614
348  5796  2   0  5796
349  6614  2   0  6614
350  5796  2   0  5796
351  5782  3   0  0  5782
352  6606  3   0  0  6606

[pop]=5
1  66680  2   1  66679
2  65986  2   2  65984
3  66268  2   2  66266
4  66704  2   1  66703
5  66704  2   1  66703
6  60108  3   0  1  60107
7  66728  2   0  66728
8  64272  2   0  64272
9  14720  2   0  14720
10  64664  3   1  0  64663
11  63998  3   1  0  63997
12  65125  3   1  0  65124
13  48260  2   0  48260
14  66726  2   2  66724
15  62750  2   2  62748
16  66724  3   0  1  66723
17  47999  4   0  0  0  47999
18  66478  2   2  66476
19  66696  3   0  0  66696
20  65934  2   1  65933
21  66694  3   0  0  66694
22  65788  2   2  65786
23  66700  2   0  66700
24  52364  3   2  1  52361
25  66697  5   0  1  1  0  66695
26  66697  5   1  0  1  0  66695
27  66690  2   0  66690
28  63896  2   15  63881
29  66690  2   0  66690
30  63090  2   20  63070
31  66724  2   0  66724
32  56555  3   1  2  56552
33  60314  3   0  0  60314
34  66705  3   1  0  66704
35  63818  2   1  63817
36  57644  3   0  1  57643
37  63141  3   0  0  63141
38  63810  2   0  63810
39  66606  3   0  0  66606
40  66728  2   0  66728
41  66419  3   0  1  66418
42  66682  2   11  66671
43  63764  3   0  0  63764
44  63252  2   0  63252
45  66674  2   492  66182
46  66562  2   1  66561
47  66302  2   2  66300
48  66728  2   2  66726
49  66672  2   10  66662
50  63742  3   5  1  63736
51  66672  2   10  66662
52  21374  2   5  21369
53  60862  3   3  0  60859
54  57074  2   54  57020
55  63702  2   0  63702
56  66692  2   3  66689
57  22590  2   3  22587
58  47983  2   0  47983
59  49638  5   1  0  0  6  49631
60  66644  2   0  66644
61  66644  2   0  66644
62  66586  3   1  1  66584
63  66710  3   2  0  66708
64  63288  3   1  1  63286
65  47880  2   10  47870
66  66740  3   1  0  66739
67  66716  3   3  3  66710
68  66630  2   1  66629
69  63848  2   0  63848
70  47966  2   2  47964
71  63344  3   1  0  63343
72  66687  3   9  0  66678
73  66721  3   1  1  66719
74  35428  2   2  35426
75  63346  2   1  63345
76  25230  2   181  25049
77  66740  3   0  1  66739
78  66734  3   1  1  66732
79  30158  2   2  30156
80  63270  2   0  63270
81  66701  3   1  1  66699
82  63372  2   2  63370
83  66714  2   0  66714
84  66523  3   1  0  66522
85  66523  3   1  0  66522
86  66692  2   0  66692
87  19314  3   1  1  19312
88  66512  2   2  66510
89  66512  2   2  66510
90  66690  2   13  66677
91  16750  2   0  16750
92  66726  3   1  0  66725
93  66604  2   0  66604
94  66604  2   0  66604
95  66729  3   0  0  66729
96  65612  2   0  65612
97  26896  3   0  0  26896
98  66694  2   0  66694
99  27026  2   2  27024
100  66694  2   4  66690
101  66686  3   3  0  66683
102  27251  4   19  55  2  27175
103  66508  2   0  66508
104  66736  2   1  66735
105  65310  3   1  0  65309
106  28416  2   8  28408
107  66676  3   0  1  66675
108  66699  4   3  21  2  66673
109  47958  4   0  1  0  47957
110  66548  2   9  66539
111  66698  2   3  66695
112  65538  3   0  0  65538
113  66675  3   1  0  66674
114  66738  2   2  66736
115  65635  4   1  1  2  65631
116  66730  2   2  66728
117  47963  4   0  1  2  47960
118  66673  3   2  1  66670
119  66584  2   24  66560
120  65710  2   1  65709
121  66728  3   5  5  66718
122  63469  4   0  0  1  63468
123  30794  2   2  30792
124  66732  3   1  0  66731
125  30890  3   0  2  30888
126  65984  2   2  65982
127  66726  2   0  66726
128  66628  2   13  66615
129  66736  2   2  66734
130  31695  3   0  0  31695
131  66696  2   4  66692
132  66726  2   0  66726
133  66038  2   2  66036
134  66695  4   1  0  0  66694
135  66070  2   1  66069
136  66722  3   0  1  66721
137  66732  3   0  1  66731
138  66736  2   2  66734
139  66688  2   0  66688
140  66688  2   0  66688
141  66700  2   1  66699
142  66620  3   1  5  66614
143  66116  2   0  66116
144  66722  3   0  0  66722
145  63498  2   2  63496
146  13002  2   0  13002
147  63502  2   0  63502
148  66189  4   1  0  3  66185
149  63506  2   2  63504
150  35006  2   1  35005
151  63502  4   2  1  0  63499
152  66734  2   0  66734
153  66704  2   0  66704
154  66704  2   0  66704
155  66688  2   44  66644
156  47956  2   3  47953
157  66708  3   0  1  66707
158  66696  2   0  66696
159  66220  3   1  1  66218
160  47956  2   1  47955
161  63500  2   2  63498
162  66616  5   1  2  0  1  66612
163  66728  2   2  66726
164  66238  2   15  66223
165  47955  3   1  12  47942
166  66708  2   0  66708
167  66708  2   0  66708
168  66248  2   0  66248
169  47954  2   0  47954
170  66736  3   1  1  66734
171  40268  3   4  1  40263
172  66690  2   3  66687
173  66738  2   1  66737
174  41548  2   0  41548
175  66692  2   1  66691
176  23293  3   1  0  23292
177  66684  2   5  66679
178  66372  2   0  66372
179  26114  2   12  26102
180  46424  2   2  46422
181  46908  2   0  46908
182  66664  2   35  66629
183  66726  3   0  0  66726
184  41576  3   1  2  41573
185  66734  2   2  66732
186  66732  2   2  66730
187  66588  2   46472  20116
188  50023  3   2  1  50020
189  66402  2   12  66390
190  66696  2   0  66696
191  66679  3   2  0  66677
192  66679  3   2  0  66677
193  50562  3   2  0  50560
194  66398  2   4  66394
195  42957  4   1  1  1  42954
196  66706  2   0  66706
197  66414  2   1  66413
198  47888  2   1  47887
199  43526  2   1  43525
200  63370  2   0  63370
201  66733  4   1  1  3  66728
202  66588  2   0  66588
203  66636  3   1  20  66615
204  52652  4   1  1  1  52649
205  66658  2   0  66658
206  66409  3   1  0  66408
207  35838  2   0  35838
208  66734  2   4  66730
209  66712  2   2  66710
210  66613  3   1  34656  31956
211  53229  3   0  7  53222
212  66732  3   8  1  66723
213  66634  2   0  66634
214  66634  2   0  66634
215  66436  2   0  66436
216  47874  3   0  0  47874
217  37408  2   0  37408
218  63356  3   1  1  63354
219  66516  2   4  66512
220  66623  3   1  1  66621
221  66623  3   1  1  66621
222  53688  2   3  53685
223  66440  3   0  1  66439
224  47859  2   2  47857
225  39782  3   0  1  39781
226  66589  3   1  10  66578
227  66586  3   1  0  66585
228  66730  2   5  66725
229  47860  2   772  47088
230  66614  2   0  66614
231  66736  2   18  66718
232  54712  2   1  54711
233  66606  2   1  66605
234  66558  5   1  8  1  0  66548
235  63323  3   0  1  63322
236  55659  4   1  1  1  55656
237  66721  4   2  6  0  66713
238  63322  2   42  63280
239  66733  3   0  1  66732
240  55820  3   1  2  55817
241  66572  2   1  66571
242  66720  2   3  66717
243  66716  2   4  66712
244  66720  3   0  1  66719
245  46552  2   0  46552
246  66508  3   0  1  66507
247  66508  3   1  0  66507
248  66708  2   0  66708
249  66590  3   66581  0  9
250  46950  2   2  46948
251  66610  3   0  0  66610
252  47810  3   1  2  47807
253  47078  2   0  47078
254  66615  4   1  0  3  66611
255  66618  2   0  66618
256  66618  4   1  1  1  66615
257  60006  2   0  60006
258  66710  2   9  66701
259  66704  5   4  0  0  0  66700
260  66310  3   1  1  66308
261  57647  3   0  0  57647
262  66565  3   0  1  66564
263  66711  3   4  0  66707
264  66234  3   0  0  66234
265  57874  2   0  57874
266  47501  2   5  47496
267  66652  2   2  66650
268  63298  2   2  63296
269  66534  2   0  66534
270  66716  2   62982  3734
271  47743  2   0  47743
272  66632  2   0  66632
273  66652  2   2  66650
274  66728  3   0  1  66727
275  47549  2   2  47547
276  66694  2   9  66685
277  66698  2   1  66697
278  66125  3   5  0  66120
279  47557  3   0  1  47556
280  62636  2   0  62636
281  63297  3   0  1  63296
282  58994  2   0  58994
283  66472  2   3  66469
284  66584  2   1  66583
285  63297  3   1  1  63295
286  66718  3   0  0  66718
287  66660  2   0  66660
288  66016  2   0  66016
289  66452  2   1  66451
290  66556  2   2  66554
291  66671  3   3  0  66668
292  66568  2   2  66566
293  59699  3   0  0  59699
294  66660  2   4  66656
295  63298  3   0  1  63297
296  60256  3   1  1  60254
297  47505  2   4  47501
298  63148  3   1  2  63145
299  63292  3   0  2  63290
300  60353  3   1  0  60352
301  47475  2   1  47474
302  63162  2   1  63161
303  63292  3   0  1  63291
304  66722  2   3  66719
305  66722  2   3  66719
306  66348  4   0  1  1  66346
307  66622  3   1  0  66621
308  63290  2   0  63290
309  66686  2   0  66686
310  60566  2   15  60551
311  47654  2   0  47654
312  66668  2   0  66668
313  60646  2   0  60646
314  66180  2   10  66170
315  66670  2   3  66667
316  65977  4   1  4  2  65970
317  65205  3   0  0  65205
318  60652  2   0  60652
319  65816  2   3  65813
320  66612  2   1  66611
321  66718  2   17  66701
322  66718  2   17  66701
323  65778  2   2  65776
324  47338  3   1  0  47337
325  66208  2   2  66206
326  65014  2   2  65012
327  60614  2   31  60583
328  66572  2   3  66569
329  60604  2   12  60592
330  65336  3   3  3  65330
331  66506  3   1  0  66505
332  63234  2   0  63234
333  66716  3   0  1  66715
334  66716  3   0  1  66715
335  66310  2   0  66310
336  47207  2   0  47207
337  66458  2   2  66456
338  66504  5   1  1  45544  1  20957
339  66624  2   871  65753
340  64380  2   10  64370
341  60468  3   0  3  60465
342  64918  2   107  64811
343  66596  2   2  66594
344  64836  2   2  64834
345  65386  3   2  1  65383
346  62688  2   1  62687
347  65088  2   1  65087
348  60112  2   3  60109
349  64666  2   0  64666
350  60096  2   0  60096
351  59875  3   0  0  59875
352  66556  3   0  1  66555

[pop]=6
1  908  2   0  908
2  900  2   0  900
3  898  2   0  898
4  906  2   0  906
5  906  2   0  906
6  765  3   0  0  765
7  908  2   0  908
8  880  2   1  879
9  248  2   0  248
10  882  3   0  0  882
11  798  3   0  0  798
12  870  3   0  0  870
13  650  2   0  650
14  908  2   0  908
15  864  2   0  864
16  908  3   0  0  908
17  633  4   0  0  0  633
18  900  2   0  900
19  908  3   1  0  907
20  888  2   0  888
21  908  3   0  0  908
22  880  2   0  880
23  908  2   0  908
24  700  3   0  0  700
25  906  5   0  0  0  0  906
26  906  5   0  0  0  0  906
27  906  2   0  906
28  800  2   0  800
29  906  2   0  906
30  870  2   0  870
31  908  2   0  908
32  768  3   0  0  768
33  790  3   0  0  790
34  908  3   0  0  908
35  802  2   0  802
36  780  3   0  0  780
37  870  3   0  0  870
38  802  2   0  802
39  904  3   0  0  904
40  908  2   0  908
41  892  3   0  0  892
42  904  2   0  904
43  802  3   0  0  802
44  872  2   0  872
45  906  2   1  905
46  908  2   0  908
47  900  2   0  900
48  908  2   0  908
49  906  2   0  906
50  798  3   0  0  798
51  906  2   0  906
52  326  2   0  326
53  808  3   0  0  808
54  744  2   1  743
55  798  2   0  798
56  906  2   0  906
57  338  2   0  338
58  633  2   0  633
59  640  5   0  0  0  0  640
60  906  2   0  906
61  906  2   0  906
62  896  3   0  0  896
63  906  3   0  0  906
64  827  3   0  0  827
65  632  2   0  632
66  908  3   0  0  908
67  906  3   0  0  906
68  898  2   0  898
69  838  2   0  838
70  632  2   0  632
71  875  3   0  0  875
72  908  3   0  0  908
73  906  3   0  0  906
74  464  2   0  464
75  876  2   0  876
76  344  2   0  344
77  908  3   0  0  908
78  906  3   0  0  906
79  428  2   0  428
80  778  2   0  778
81  908  3   0  0  908
82  876  2   0  876
83  908  2   0  908
84  906  3   0  0  906
85  906  3   0  0  906
86  900  2   0  900
87  327  3   0  0  327
88  906  2   0  906
89  906  2   0  906
90  900  2   0  900
91  308  2   0  308
92  908  3   0  0  908
93  902  2   0  902
94  902  2   0  902
95  906  3   0  0  906
96  884  2   0  884
97  377  3   0  0  377
98  900  2   0  900
99  384  2   0  384
100  902  2   0  902
101  908  3   0  0  908
102  387  4   3  1  0  383
103  904  2   1  903
104  908  2   0  908
105  882  3   0  0  882
106  392  2   0  392
107  908  3   0  0  908
108  905  4   0  0  0  905
109  633  4   0  2  0  631
110  904  2   0  904
111  906  2   0  906
112  885  3   0  0  885
113  908  3   0  0  908
114  908  2   0  908
115  889  4   0  0  0  889
116  908  2   0  908
117  633  4   0  0  0  633
118  908  3   0  0  908
119  904  2   2  902
120  894  2   1  893
121  906  3   0  0  906
122  876  4   0  0  0  876
123  408  2   0  408
124  908  3   0  0  908
125  414  3   0  0  414
126  896  2   0  896
127  908  2   0  908
128  906  2   1  905
129  908  2   0  908
130  417  3   0  0  417
131  906  2   0  906
132  908  2   0  908
133  894  2   0  894
134  905  4   0  0  0  905
135  894  2   0  894
136  908  3   0  0  908
137  908  3   0  0  908
138  908  2   0  908
139  904  2   0  904
140  904  2   0  904
141  904  2   0  904
142  906  3   0  0  906
143  894  2   0  894
144  908  3   0  0  908
145  876  2   0  876
146  226  2   0  226
147  876  2   0  876
148  895  4   0  0  0  895
149  874  2   0  874
150  476  2   0  476
151  875  4   0  0  0  875
152  908  2   0  908
153  904  2   0  904
154  904  2   0  904
155  906  2   0  906
156  633  2   0  633
157  908  3   1  0  907
158  906  2   0  906
159  896  3   0  0  896
160  633  2   0  633
161  874  2   0  874
162  906  5   0  0  0  0  906
163  908  2   0  908
164  898  2   1  897
165  633  3   0  1  632
166  906  2   0  906
167  906  2   0  906
168  898  2   0  898
169  633  2   0  633
170  908  3   0  0  908
171  525  3   0  0  525
172  906  2   0  906
173  908  2   0  908
174  540  2   0  540
175  906  2   1  905
176  353  3   0  0  353
177  906  2   0  906
178  902  2   0  902
179  388  2   0  388
180  608  2   0  608
181  618  2   0  618
182  906  2   0  906
183  906  3   1  0  905
184  530  3   0  1  529
185  908  2   0  908
186  908  2   0  908
187  906  2   651  255
188  658  3   0  0  658
189  902  2   0  902
190  906  2   1  905
191  904  3   0  0  904
192  904  3   0  0  904
193  664  3   0  0  664
194  902  2   0  902
195  548  4   0  0  0  548
196  906  2   0  906
197  904  2   0  904
198  630  2   0  630
199  553  2   0  553
200  874  2   0  874
201  908  4   0  0  0  908
202  908  2   0  908
203  904  3   0  1  903
204  694  4   0  0  0  694
205  904  2   0  904
206  903  3   0  0  903
207  508  2   0  508
208  908  2   0  908
209  906  2   0  906
210  905  3   0  474  431
211  704  3   0  0  704
212  908  3   0  0  908
213  904  2   0  904
214  904  2   0  904
215  904  2   0  904
216  631  3   0  0  631
217  538  2   0  538
218  874  3   0  0  874
219  908  2   0  908
220  904  3   0  0  904
221  904  3   0  0  904
222  708  2   0  708
223  904  3   0  0  904
224  631  2   0  631
225  558  3   0  0  558
226  906  3   0  0  906
227  906  3   0  0  906
228  908  2   0  908
229  631  2   9  622
230  904  2   0  904
231  908  2   0  908
232  716  2   0  716
233  904  2   0  904
234  904  5   0  0  0  0  904
235  874  3   0  0  874
236  723  4   0  0  0  723
237  906  4   0  0  0  906
238  874  2   0  874
239  908  3   0  0  908
240  724  3   0  0  724
241  904  2   0  904
242  908  2   0  908
243  906  2   0  906
244  908  3   0  0  908
245  604  2   0  604
246  904  3   0  0  904
247  904  3   0  0  904
248  908  2   0  908
249  906  3   904  0  2
250  615  2   0  615
251  904  3   0  0  904
252  626  3   0  1  625
253  617  2   0  617
254  902  4   0  0  0  902
255  904  2   0  904
256  904  4   0  0  0  904
257  812  2   0  812
258  908  2   0  908
259  908  5   0  0  0  0  908
260  898  3   0  0  898
261  757  3   0  0  757
262  896  3   0  0  896
263  906  3   0  0  906
264  900  3   0  0  900
265  764  2   0  764
266  624  2   0  624
267  906  2   0  906
268  870  2   0  870
269  896  2   0  896
270  908  2   861  47
271  626  2   0  626
272  906  2   0  906
273  904  2   0  904
274  908  3   0  0  908
275  624  2   0  624
276  908  2   0  908
277  908  2   0  908
278  898  3   0  0  898
279  624  3   0  0  624
280  848  2   0  848
281  870  3   0  0  870
282  768  2   0  768
283  886  2   0  886
284  900  2   0  900
285  870  3   0  0  870
286  908  3   0  0  908
287  908  2   0  908
288  898  2   0  898
289  884  2   0  884
290  902  2   1  901
291  906  3   0  0  906
292  906  2   0  906
293  777  3   0  0  777
294  906  2   0  906
295  870  3   0  0  870
296  786  3   0  0  786
297  625  2   0  625
298  864  3   0  0  864
299  870  3   0  0  870
300  789  3   0  0  789
301  624  2   0  624
302  864  2   0  864
303  870  3   0  0  870
304  906  2   0  906
305  906  2   0  906
306  895  4   0  0  0  895
307  908  3   0  0  908
308  870  2   0  870
309  908  2   0  908
310  790  2   0  790
311  628  2   0  628
312  908  2   0  908
313  794  2   0  794
314  882  2   0  882
315  908  2   0  908
316  867  4   0  0  0  867
317  881  3   0  0  881
318  794  2   0  794
319  864  2   0  864
320  906  2   0  906
321  906  2   1  905
322  906  2   1  905
323  858  2   0  858
324  624  3   0  0  624
325  898  2   0  898
326  874  2   0  874
327  790  2   1  789
328  904  2   0  904
329  792  2   0  792
330  850  3   0  0  850
331  904  3   0  0  904
332  872  2   0  872
333  906  3   0  0  906
334  906  3   0  0  906
335  892  2   0  892
336  618  2   0  618
337  904  2   0  904
338  903  5   0  0  602  0  301
339  908  2   9  899
340  852  2   0  852
341  780  3   0  0  780
342  836  2   2  834
343  908  2   0  908
344  826  2   0  826
345  878  3   0  0  878
346  850  2   0  850
347  842  2   0  842
348  774  2   0  774
349  818  2   0  818
350  774  2   0  774
351  766  3   0  0  766
352  908  3   0  0  908

[pop]=7
1  16510  2   0  16510
2  15664  2   0  15664
3  16448  2   0  16448
4  16512  2   1  16511
5  16512  2   1  16511
6  10817  3   0  0  10817
7  16510  2   0  16510
8  16216  2   0  16216
9  8300  2   0  8300
10  16260  3   0  0  16260
11  9700  3   0  0  9700
12  15831  3   1  0  15830
13  13082  2   2  13080
14  16510  2   0  16510
15  15672  2   0  15672
16  16510  3   1  0  16509
17  10125  4   0  0  0  10125
18  16404  2   0  16404
19  16512  3   13  1  16498
20  16394  2   3  16391
21  16512  3   1  1  16510
22  16194  2   0  16194
23  16512  2   0  16512
24  13994  3   0  0  13994
25  16512  5   0  0  0  1  16511
26  16512  5   0  0  0  1  16511
27  16512  2   0  16512
28  9850  2   2  9848
29  16512  2   0  16512
30  16174  2   0  16174
31  16510  2   0  16510
32  14862  3   0  0  14862
33  13920  3   0  0  13920
34  16510  3   0  0  16510
35  9816  2   2  9814
36  15127  3   1  0  15126
37  16208  3   0  6  16202
38  9840  2   2  9838
39  16495  3   0  0  16495
40  16512  2   0  16512
41  16480  3   0  0  16480
42  16502  2   5  16497
43  9820  3   3  0  9817
44  16246  2   4  16242
45  16504  2   10  16494
46  16464  2   0  16464
47  16490  2   0  16490
48  16512  2   0  16512
49  16512  2   0  16512
50  9760  3   5  0  9755
51  16512  2   0  16512
52  9126  2   0  9126
53  15806  3   0  2  15804
54  14524  2   68  14456
55  9730  2   1  9729
56  16508  2   0  16508
57  9348  2   0  9348
58  10123  2   2  10121
59  13708  5   0  1  2  0  13705
60  16512  2   0  16512
61  16512  2   0  16512
62  16496  3   0  0  16496
63  16508  3   0  1  16507
64  16256  3   0  0  16256
65  10105  2   1  10104
66  16510  3   0  0  16510
67  16508  3   0  0  16508
68  16508  2   0  16508
69  16332  2   2  16330
70  10120  2   0  10120
71  16264  3   0  0  16264
72  16507  3   0  0  16507
73  16508  3   0  0  16508
74  11952  2   0  11952
75  16264  2   0  16264
76  9728  2   0  9728
77  16510  3   0  0  16510
78  16508  3   0  0  16508
79  11336  2   0  11336
80  9066  2   1  9065
81  16506  3   0  0  16506
82  16264  2   0  16264
83  16508  2   0  16508
84  16503  3   0  1  16502
85  16503  3   0  1  16502
86  16512  2   3  16509
87  10073  3   0  0  10073
88  16502  2   0  16502
89  16502  2   0  16502
90  16512  2   0  16512
91  9738  2   2  9736
92  16510  3   0  0  16510
93  16510  2   0  16510
94  16510  2   0  16510
95  16510  3   1  1  16508
96  14842  2   0  14842
97  10139  3   1  2  10136
98  16512  2   5  16507
99  10164  2   0  10164
100  16512  2   0  16512
101  16504  3   0  0  16504
102  10249  4   49  14  0  10186
103  16458  2   3  16455
104  16512  2   0  16512
105  16448  3   1  0  16447
106  10530  2   0  10530
107  16502  3   0  0  16502
108  16512  4   0  4  3  16505
109  10111  4   1  159  0  9951
110  16472  2   18  16454
111  16512  2   0  16512
112  16455  3   1  0  16454
113  16502  3   0  0  16502
114  16512  2   0  16512
115  16453  4   0  2  1  16450
116  16512  2   2  16510
117  10114  4   0  0  0  10114
118  16497  3   0  0  16497
119  16498  2   99  16399
120  16448  2   1  16447
121  16510  3   0  0  16510
122  16264  4   0  1  0  16263
123  10998  2   0  10998
124  16512  3   0  1  16511
125  10996  3   1  0  10995
126  16444  2   0  16444
127  16512  2   0  16512
128  16490  2   23  16467
129  16510  2   0  16510
130  11145  3   0  0  11145
131  16512  2   0  16512
132  16512  2   10  16502
133  16442  2   1  16441
134  16512  4   0  4  0  16508
135  16438  2   8  16430
136  16512  3   0  6  16506
137  16512  3   0  0  16512
138  16510  2   0  16510
139  16512  2   0  16512
140  16512  2   0  16512
141  16512  2   0  16512
142  16488  3   0  0  16488
143  16448  2   3  16445
144  16511  3   0  0  16511
145  16264  2   0  16264
146  9080  2   0  9080
147  16264  2   1  16263
148  16449  4   0  1  0  16448
149  16264  2   0  16264
150  11714  2   80  11634
151  16264  4   0  0  0  16264
152  16510  2   1  16509
153  16512  2   0  16512
154  16512  2   0  16512
155  16512  2   0  16512
156  10088  2   0  10088
157  16492  3   0  0  16492
158  16512  2   1  16511
159  16452  3   0  0  16452
160  10088  2   4  10084
161  16264  2   0  16264
162  16486  5   0  0  1  0  16485
163  16512  2   0  16512
164  16454  2   0  16454
165  10071  3   0  0  10071
166  16512  2   87  16425
167  16512  2   87  16425
168  16452  2   1  16451
169  10070  2   0  10070
170  16510  3   0  0  16510
171  12427  3   2  0  12425
172  16512  2   0  16512
173  16510  2   1  16509
174  12600  2   0  12600
175  16512  2   0  16512
176  10348  3   0  1  10347
177  16512  2   0  16512
178  16466  2   2  16464
179  10664  2   0  10664
180  13246  2   0  13246
181  13322  2   0  13322
182  16512  2   0  16512
183  16510  3   0  1  16509
184  8448  3   0  2  8446
185  16512  2   0  16512
186  16508  2   2  16506
187  16504  2   11325  5179
188  13783  3   0  0  13783
189  16472  2   24  16448
190  16502  2   0  16502
191  16512  3   0  0  16512
192  16512  3   0  0  16512
193  13858  3   0  0  13858
194  16470  2   1  16469
195  8745  4   0  0  0  8745
196  16496  2   1  16495
197  16472  2   0  16472
198  9861  2   0  9861
199  8878  2   5  8873
200  16264  2   0  16264
201  16512  4   0  0  0  16512
202  16446  2   0  16446
203  16482  3   1  1  16480
204  14168  4   1  0  0  14167
205  16512  2   22  16490
206  16469  3   0  0  16469
207  12024  2   6  12018
208  16512  2   0  16512
209  16502  2   0  16502
210  16495  3   0  9814  6681
211  14264  3   1  0  14263
212  16512  3   2  0  16510
213  16512  2   0  16512
214  16512  2   0  16512
215  16472  2   13  16459
216  9781  3   3  0  9778
217  12266  2   0  12266
218  16264  3   0  0  16264
219  16298  2   0  16298
220  16512  3   0  0  16512
221  16512  3   0  0  16512
222  14374  2   2  14372
223  16473  3   3  0  16470
224  9745  2   0  9745
225  12618  3   0  0  12618
226  16502  3   3  0  16499
227  16502  3   0  0  16502
228  16512  2   0  16512
229  9766  2   44  9722
230  16312  2   0  16312
231  16512  2   0  16512
232  14534  2   0  14534
233  16304  2   0  16304
234  16500  5   1  1  0  0  16498
235  16262  3   0  0  16262
236  14683  4   0  0  0  14683
237  16510  4   0  0  0  16510
238  16260  2   0  16260
239  16511  3   0  0  16511
240  14716  3   0  0  14716
241  16476  2   0  16476
242  16508  2   0  16508
243  16472  2   0  16472
244  16506  3   1  0  16505
245  9675  2   2  9673
246  16498  3   0  0  16498
247  16498  3   0  0  16498
248  16508  2   0  16508
249  16498  3   16496  0  2
250  9801  2   0  9801
251  16477  3   0  0  16477
252  9633  3   0  2  9631
253  9849  2   0  9849
254  16511  4   3  2  1  16505
255  16478  2   0  16478
256  16355  4   0  0  0  16355
257  15528  2   0  15528
258  16506  2   0  16506
259  16506  5   0  0  2  1  16503
260  16445  3   0  0  16445
261  15056  3   0  0  15056
262  16508  3   0  1  16507
263  16508  3   0  0  16508
264  16427  3   5  0  16422
265  15074  2   1  15073
266  10003  2   0  10003
267  16448  2   0  16448
268  16254  2   0  16254
269  16502  2   3  16499
270  16476  2   15868  608
271  9573  2   1  9572
272  16410  2   0  16410
273  16440  2   0  16440
274  16512  3   1  0  16511
275  10027  2   0  10027
276  16504  2   0  16504
277  16492  2   0  16492
278  16373  3   0  1  16372
279  10036  3   0  0  10036
280  16060  2   0  16060
281  16249  3   0  0  16249
282  15260  2   5  15255
283  16490  2   0  16490
284  16304  2   0  16304
285  16248  3   0  0  16248
286  16510  3   0  0  16510
287  16478  2   0  16478
288  16336  2   0  16336
289  16482  2   0  16482
290  16230  2   0  16230
291  16495  3   23  0  16472
292  16404  2   0  16404
293  15371  3   0  0  15371
294  16486  2   0  16486
295  16248  3   0  0  16248
296  15270  3   0  0  15270
297  10049  2   0  10049
298  16188  3   0  2  16186
299  16246  3   1  1  16244
300  15215  3   0  0  15215
301  10043  2   74  9969
302  16188  2   0  16188
303  16246  3   0  0  16246
304  16512  2   0  16512
305  16512  2   0  16512
306  15749  4   0  1  0  15748
307  16492  3   0  0  16492
308  16244  2   2  16242
309  16504  2   0  16504
310  15110  2   0  15110
311  9747  2   0  9747
312  16486  2   0  16486
313  14744  2   0  14744
314  15194  2   0  15194
315  16502  2   2  16500
316  16373  4   0  5  0  16368
317  15237  3   1  0  15236
318  14554  2   0  14554
319  14262  2   0  14262
320  16384  2   1  16383
321  16508  2   0  16508
322  16508  2   0  16508
323  16320  2   0  16320
324  10019  3   0  0  10019
325  16342  2   0  16342
326  14896  2   0  14896
327  14236  2   0  14236
328  16308  2   0  16308
329  14208  2   1  14207
330  12955  3   0  0  12955
331  16506  3   0  0  16506
332  16220  2   0  16220
333  16507  3   2  0  16505
334  16507  3   2  0  16505
335  15634  2   0  15634
336  10004  2   0  10004
337  16502  2   1  16501
338  16159  5   0  1  10444  1  5713
339  16498  2   705  15793
340  13894  2   10  13884
341  13571  3   0  0  13571
342  11812  2   5  11807
343  16490  2   0  16490
344  11564  2   0  11564
345  13738  3   0  0  13738
346  14840  2   0  14840
347  11938  2   0  11938
348  13036  2   0  13036
349  11026  2   2  11024
350  12996  2   0  12996
351  12767  3   1  1  12765
352  16488  3   1  0  16487

