[loci]=163

[populations]=7

[pop]=1
1  9797  3   0  1  9796
2  10394  3   1  11  10382
3  10406  3   0  0  10406
4  8502  4   0  0  0  8502
5  10254  2   3  10251
6  9802  2   0  9802
7  10030  2   3  10027
8  9798  4   0  0  0  9798
9  9803  3   0  0  9803
10  10394  2   0  10394
11  9796  2   0  9796
12  10404  2   0  10404
13  10406  4   0  0  2  10404
14  10204  2   2  10202
15  8398  2   0  8398
16  10386  2   0  10386
17  10406  2   0  10406
18  10406  2   13  10393
19  9796  2   0  9796
20  10406  2   1  10405
21  10404  3   0  0  10404
22  10402  2   0  10402
23  8286  2   0  8286
24  10388  4   0  0  0  10388
25  10404  4   0  0  0  10404
26  10120  2   3  10117
27  10404  2   1  10403
28  10406  3   0  0  10406
29  10402  2   2  10400
30  10406  3   0  0  10406
31  9790  2   0  9790
32  9580  2   0  9580
33  9804  2   60  9744
34  10404  2   0  10404
35  10402  2   0  10402
36  9791  3   1  0  9790
37  10406  2   0  10406
38  10122  2   0  10122
39  10404  3   10  0  10394
40  9790  3   0  38  9752
41  10402  2   2  10400
42  9804  2   0  9804
43  10404  2   0  10404
44  10406  3   0  0  10406
45  10406  2   0  10406
46  10406  2   0  10406
47  10358  4   2  0  178  10178
48  10108  4   0  1  1  10106
49  10402  2   3  10399
50  6818  2   0  6818
51  10405  3   1  0  10404
52  10360  2   0  10360
53  10110  2   107  10003
54  10404  2   7  10397
55  10402  2   35  10367
56  10364  2   0  10364
57  10406  2   140  10266
58  2352  2   2  2350
59  9940  3   0  80  9860
60  10406  2   0  10406
61  10389  3   0  2  10387
62  10404  4   0  0  0  10404
63  10406  2   0  10406
64  10400  2   0  10400
65  6860  2   5  6855
66  7393  3   0  3  7390
67  10406  2   4  10402
68  10392  2   0  10392
69  9722  2   0  9722
70  10346  3   0  0  10346
71  10400  2   0  10400
72  7678  2   1  7677
73  10396  3   0  0  10396
74  10406  3   1  0  10405
75  10346  2   0  10346
76  9493  3   0  0  9493
77  8040  4   0  0  3  8037
78  10343  3   0  0  10343
79  10304  4   0  0  0  10304
80  9435  3   1  0  9434
81  428  2   0  428
82  10028  2   0  10028
83  10404  3   0  0  10404
84  10406  3   0  1  10405
85  10028  2   0  10028
86  10400  2   0  10400
87  10336  2   2  10334
88  10406  2   0  10406
89  10334  2   0  10334
90  6752  2   14  6738
91  9781  3   0  150  9631
92  10342  2   0  10342
93  9680  2   0  9680
94  10406  2   0  10406
95  10386  3   0  0  10386
96  9030  2   0  9030
97  9682  2   2  9680
98  10406  2   0  10406
99  9787  3   0  1  9786
100  9694  3   0  0  9694
101  10128  2   106  10022
102  10304  3   0  3  10301
103  10380  4   0  0  0  10380
104  10406  3   0  0  10406
105  9796  2   2  9794
106  10282  2   0  10282
107  10372  3   0  0  10372
108  8435  3   0  0  8435
109  9270  2   0  9270
110  10406  4   0  5  1  10400
111  10406  3   0  0  10406
112  510  2   4  506
113  10342  2   0  10342
114  10325  3   0  0  10325
115  10354  3   0  0  10354
116  10406  3   0  0  10406
117  10380  2   57  10323
118  10342  2   0  10342
119  9729  3   0  2  9727
120  10360  2   0  10360
121  10402  2   8798  1604
122  10325  3   1  0  10324
123  10406  3   0  0  10406
124  10396  3   1  10  10385
125  10368  2   7  10361
126  9738  2   0  9738
127  10394  2   0  10394
128  9738  2   2  9736
129  10310  3   0  0  10310
130  10380  4   0  9  1  10370
131  9468  2   0  9468
132  10340  2   0  10340
133  10406  3   0  2  10404
134  10406  2   0  10406
135  10176  3   0  0  10176
136  10328  3   0  0  10328
137  1524  3   98  0  1426
138  10406  3   0  2  10404
139  9752  2   0  9752
140  10212  2   4  10208
141  10369  3   0  166  10203
142  10214  2   0  10214
143  548  2   0  548
144  9684  2   0  9684
145  9754  2   0  9754
146  10396  3   0  0  10396
147  10334  2   0  10334
148  10370  2   2  10368
149  10352  2   1  10351
150  10400  2   0  10400
151  10406  2   16  10390
152  10406  3   0  1424  8982
153  10304  3   1  0  10303
154  10386  3   0  0  10386
155  8435  2   0  8435
156  9724  3   0  0  9724
157  10300  3   0  1  10299
158  10282  2   15  10267
159  8430  2   0  8430
160  9736  2   0  9736
161  10338  3   0  0  10338
162  10404  2   1  10403
163  10406  3   0  0  10406

[pop]=2
1  11574  3   0  0  11574
2  11558  3   0  0  11558
3  11570  3   0  0  11570
4  9835  4   0  0  0  9835
5  11418  2   0  11418
6  11576  2   0  11576
7  11426  2   7  11419
8  11574  4   0  0  0  11574
9  11576  3   0  0  11576
10  11578  2   0  11578
11  11574  2   0  11574
12  11496  2   0  11496
13  11568  4   0  0  5  11563
14  11372  2   0  11372
15  9287  2   0  9287
16  11578  2   0  11578
17  11554  2   3  11551
18  11568  2   0  11568
19  11574  2   0  11574
20  11576  2   0  11576
21  11569  3   0  3  11566
22  11570  2   0  11570
23  9362  2   0  9362
24  11560  4   0  0  0  11560
25  11565  4   0  0  0  11565
26  11482  2   0  11482
27  11496  2   0  11496
28  11568  3   0  0  11568
29  11576  2   0  11576
30  11577  3   0  0  11577
31  11566  2   0  11566
32  11578  2   0  11578
33  11576  2   1  11575
34  11560  2   0  11560
35  11576  2   0  11576
36  11570  3   0  0  11570
37  11576  2   0  11576
38  11482  2   0  11482
39  11498  3   0  0  11498
40  11566  3   0  1  11565
41  11572  2   0  11572
42  11576  2   4  11572
43  11562  2   0  11562
44  11559  3   2  0  11557
45  11568  2   0  11568
46  11578  2   0  11578
47  11578  4   1  2  6  11569
48  11470  4   0  0  0  11470
49  11572  2   0  11572
50  5026  2   6  5020
51  11557  3   0  1  11556
52  11578  2   2  11576
53  11458  2   6  11452
54  11494  2   2  11492
55  11576  2   41  11535
56  11578  2   0  11578
57  11556  2   16  11540
58  364  2   0  364
59  11578  3   0  12  11566
60  11558  2   0  11558
61  11564  3   0  0  11564
62  11495  4   8  0  0  11487
63  11556  2   1  11555
64  11566  2   0  11566
65  5078  2   1  5077
66  8311  3   0  1  8310
67  11576  2   0  11576
68  11578  2   0  11578
69  11538  2   0  11538
70  11512  3   0  3  11509
71  11576  2   0  11576
72  8838  2   0  8838
73  11578  3   0  1  11577
74  11556  3   0  0  11556
75  11512  2   0  11512
76  11054  3   0  0  11054
77  9556  4   2  0  0  9554
78  11548  3   0  0  11548
79  11528  4   0  0  1  11527
80  11012  3   0  0  11012
81  166  2   0  166
82  11578  2   0  11578
83  11483  3   2  0  11481
84  11556  3   0  0  11556
85  11578  2   6  11572
86  11578  2   0  11578
87  11508  2   0  11508
88  11576  2   0  11576
89  11546  2   0  11546
90  4702  2   1  4701
91  11561  3   0  6  11555
92  11548  2   0  11548
93  11536  2   2  11534
94  11576  2   2  11574
95  11520  3   1  0  11519
96  10602  2   0  10602
97  11538  2   0  11538
98  11578  2   0  11578
99  11564  3   0  3  11561
100  11542  3   0  0  11542
101  11046  2   4  11042
102  11496  3   0  1  11495
103  11578  4   0  2  1  11575
104  11576  3   0  0  11576
105  11568  2   0  11568
106  11484  2   0  11484
107  11562  3   0  0  11562
108  9798  3   0  0  9798
109  11270  2   0  11270
110  11578  4   2  2  0  11574
111  11554  3   0  7  11547
112  182  2   0  182
113  11544  2   0  11544
114  11493  3   0  0  11493
115  11362  3   0  0  11362
116  11578  3   0  0  11578
117  11570  2   6  11564
118  11544  2   0  11544
119  11543  3   0  7  11536
120  11374  2   0  11374
121  11574  2   10464  1110
122  11492  3   0  0  11492
123  11578  3   0  0  11578
124  11571  3   0  0  11571
125  11568  2   0  11568
126  11550  2   1  11549
127  11570  2   0  11570
128  11550  2   0  11550
129  11546  3   0  0  11546
130  11567  4   0  0  0  11567
131  11038  2   0  11038
132  11536  2   2  11534
133  11578  3   0  4  11574
134  11576  2   0  11576
135  11502  3   0  0  11502
136  11554  3   0  0  11554
137  7086  3   14  0  7072
138  11576  3   0  0  11576
139  11554  2   0  11554
140  11512  2   0  11512
141  11578  3   0  2  11576
142  11514  2   1  11513
143  184  2   0  184
144  11506  2   0  11506
145  11556  2   0  11556
146  11474  3   0  0  11474
147  11562  2   0  11562
148  11570  2   0  11570
149  11578  2   0  11578
150  11576  2   2  11574
151  11576  2   0  11576
152  11577  3   2  1135  10440
153  11482  3   0  0  11482
154  11572  3   1  0  11571
155  9239  2   6  9233
156  11532  3   1  7  11524
157  11474  3   0  0  11474
158  11532  2   1  11531
159  9232  2   0  9232
160  11542  2   0  11542
161  11578  3   0  0  11578
162  11502  2   0  11502
163  11578  3   0  0  11578

[pop]=3
1  8624  3   0  0  8624
2  8652  3   0  2  8650
3  8654  3   0  0  8654
4  7675  4   0  0  0  7675
5  8590  2   0  8590
6  8626  2   0  8626
7  8548  2   0  8548
8  8624  4   0  0  0  8624
9  8626  3   0  0  8626
10  8652  2   0  8652
11  8624  2   3  8621
12  8644  2   0  8644
13  8653  4   0  0  0  8653
14  8580  2   0  8580
15  6622  2   4  6618
16  8650  2   3  8647
17  8654  2   0  8654
18  8652  2   0  8652
19  8624  2   0  8624
20  8654  2   1  8653
21  8654  3   0  0  8654
22  8650  2   0  8650
23  7382  2   0  7382
24  8652  4   0  0  0  8652
25  8654  4   0  1  0  8653
26  8588  2   0  8588
27  8642  2   0  8642
28  8654  3   0  1  8653
29  8652  2   8  8644
30  8654  3   0  0  8654
31  8614  2   0  8614
32  8652  2   0  8652
33  8626  2   0  8626
34  8654  2   0  8654
35  8652  2   0  8652
36  8622  3   0  0  8622
37  8654  2   0  8654
38  8590  2   11  8579
39  8642  3   0  1  8641
40  8611  3   0  0  8611
41  8650  2   0  8650
42  8626  2   0  8626
43  8654  2   0  8654
44  8654  3   0  0  8654
45  8650  2   0  8650
46  8654  2   0  8654
47  8654  4   0  0  0  8654
48  8588  4   0  0  0  8588
49  8650  2   0  8650
50  5576  2   0  5576
51  8654  3   0  0  8654
52  8654  2   0  8654
53  8588  2   0  8588
54  8640  2   0  8640
55  8652  2   0  8652
56  8654  2   0  8654
57  8654  2   0  8654
58  600  2   0  600
59  8652  3   0  0  8652
60  8654  2   0  8654
61  8648  3   0  0  8648
62  8639  4   0  0  0  8639
63  8654  2   0  8654
64  8648  2   0  8648
65  5684  2   0  5684
66  6792  3   0  0  6792
67  8654  2   0  8654
68  8652  2   0  8652
69  8558  2   0  8558
70  8604  3   0  0  8604
71  8650  2   0  8650
72  7026  2   0  7026
73  8652  3   0  0  8652
74  8654  3   1  0  8653
75  8606  2   0  8606
76  8454  3   0  0  8454
77  7401  4   0  1  0  7400
78  8650  3   0  0  8650
79  8601  4   0  17  0  8584
80  8423  3   0  0  8423
81  196  2   0  196
82  8652  2   1  8651
83  8640  3   0  0  8640
84  8652  3   0  0  8652
85  8652  2   0  8652
86  8654  2   4  8650
87  8598  2   0  8598
88  8654  2   5  8649
89  8620  2   0  8620
90  5476  2   0  5476
91  8603  3   0  0  8603
92  8650  2   0  8650
93  8596  2   0  8596
94  8654  2   0  8654
95  8633  3   0  0  8633
96  8258  2   0  8258
97  8596  2   0  8596
98  8654  2   0  8654
99  8612  3   0  1  8611
100  8599  3   1  0  8598
101  8238  2   0  8238
102  8572  3   0  26  8546
103  8654  4   0  0  0  8654
104  8654  3   0  1  8653
105  8620  2   1  8619
106  8558  2   0  8558
107  8636  3   0  0  8636
108  7902  3   0  0  7902
109  8320  2   0  8320
110  8654  4   19  7  0  8628
111  8652  3   0  0  8652
112  196  2   0  196
113  8646  2   2  8644
114  8634  3   1  0  8633
115  8556  3   0  0  8556
116  8654  3   0  1  8653
117  8642  2   0  8642
118  8646  2   12  8634
119  8608  3   1  0  8607
120  8570  2   0  8570
121  8654  2   8529  125
122  8636  3   0  0  8636
123  8654  3   0  0  8654
124  8623  3   0  0  8623
125  8638  2   0  8638
126  8608  2   0  8608
127  8644  2   0  8644
128  8608  2   0  8608
129  8642  3   0  0  8642
130  8637  4   0  0  0  8637
131  8328  2   0  8328
132  8642  2   0  8642
133  8654  3   0  0  8654
134  8628  2   0  8628
135  8596  3   0  0  8596
136  8644  3   0  0  8644
137  7374  3   4  0  7370
138  8632  3   34  0  8598
139  8614  2   0  8614
140  8598  2   0  8598
141  8654  3   0  0  8654
142  8596  2   3  8593
143  198  2   0  198
144  8542  2   0  8542
145  8614  2   7  8607
146  8644  3   0  0  8644
147  8630  2   0  8630
148  8646  2   0  8646
149  8654  2   0  8654
150  8654  2   0  8654
151  8628  2   0  8628
152  8651  3   0  2327  6324
153  8617  3   0  0  8617
154  8646  3   0  0  8646
155  6568  2   0  6568
156  8585  3   0  1  8584
157  8613  3   0  0  8613
158  8604  2   0  8604
159  6563  2   0  6563
160  8604  2   0  8604
161  8654  3   0  0  8654
162  8644  2   0  8644
163  8654  3   0  0  8654

[pop]=4
1  6614  3   0  0  6614
2  6614  3   0  0  6614
3  6608  3   0  0  6608
4  5945  4   0  0  0  5945
5  6288  2   0  6288
6  6614  2   1  6613
7  6544  2   0  6544
8  6614  4   0  0  0  6614
9  6614  3   0  0  6614
10  6614  2   2  6612
11  6614  2   0  6614
12  6608  2   0  6608
13  6608  4   0  1  0  6607
14  6214  2   0  6214
15  4530  2   0  4530
16  6612  2   0  6612
17  6614  2   0  6614
18  6608  2   0  6608
19  6614  2   0  6614
20  6614  2   1  6613
21  6614  3   0  0  6614
22  6614  2   0  6614
23  5742  2   0  5742
24  6614  4   0  0  0  6614
25  6614  4   0  0  0  6614
26  6560  2   0  6560
27  6608  2   0  6608
28  6608  3   0  0  6608
29  6614  2   0  6614
30  6614  3   0  0  6614
31  6606  2   0  6606
32  6612  2   0  6612
33  6614  2   0  6614
34  6614  2   0  6614
35  6614  2   0  6614
36  6614  3   0  0  6614
37  6614  2   0  6614
38  6560  2   0  6560
39  6608  3   0  0  6608
40  6606  3   0  0  6606
41  6614  2   0  6614
42  6614  2   0  6614
43  6614  2   0  6614
44  6614  3   0  0  6614
45  6610  2   0  6610
46  6614  2   0  6614
47  6614  4   0  0  0  6614
48  6559  4   0  0  0  6559
49  6614  2   0  6614
50  2200  2   0  2200
51  6613  3   0  0  6613
52  6614  2   0  6614
53  6558  2   0  6558
54  6610  2   0  6610
55  6614  2   86  6528
56  6614  2   0  6614
57  6614  2   0  6614
58  1708  2   0  1708
59  6614  3   0  0  6614
60  6612  2   0  6612
61  6614  3   0  0  6614
62  6610  4   0  0  0  6610
63  6614  2   0  6614
64  6614  2   0  6614
65  2226  2   0  2226
66  5589  3   0  0  5589
67  6614  2   0  6614
68  6614  2   2  6612
69  6602  2   0  6602
70  6608  3   0  0  6608
71  6614  2   0  6614
72  5780  2   0  5780
73  6614  3   0  0  6614
74  6614  3   0  0  6614
75  6608  2   0  6608
76  5853  3   0  0  5853
77  6038  4   0  0  33  6005
78  6608  3   0  0  6608
79  6489  4   0  0  0  6489
80  5797  3   0  0  5797
81  654  2   0  654
82  6614  2   0  6614
83  6609  3   1  0  6608
84  6614  3   0  0  6614
85  6614  2   0  6614
86  6614  2   0  6614
87  6608  2   0  6608
88  6614  2   0  6614
89  6524  2   0  6524
90  2054  2   0  2054
91  6608  3   0  0  6608
92  6610  2   0  6610
93  6612  2   0  6612
94  6614  2   0  6614
95  6606  3   0  0  6606
96  5398  2   0  5398
97  6614  2   0  6614
98  6614  2   0  6614
99  6610  3   0  0  6610
100  6614  3   0  0  6614
101  6486  2   0  6486
102  6604  3   0  0  6604
103  6614  4   0  0  0  6614
104  6614  3   0  0  6614
105  6612  2   0  6612
106  6598  2   2  6596
107  6567  3   0  0  6567
108  4860  3   0  0  4860
109  6530  2   0  6530
110  6614  4   0  0  0  6614
111  6614  3   0  0  6614
112  704  2   0  704
113  6608  2   0  6608
114  6597  3   0  0  6597
115  6558  3   0  0  6558
116  6614  3   0  0  6614
117  6580  2   0  6580
118  6608  2   0  6608
119  6614  3   0  0  6614
120  6564  2   0  6564
121  6608  2   5930  678
122  6595  3   0  0  6595
123  6614  3   0  0  6614
124  6614  3   0  3  6611
125  6572  2   0  6572
126  6614  2   0  6614
127  6612  2   0  6612
128  6614  2   1  6613
129  6590  3   0  0  6590
130  6614  4   0  0  0  6614
131  6474  2   0  6474
132  6608  2   0  6608
133  6614  3   0  0  6614
134  6614  2   0  6614
135  6470  3   0  0  6470
136  6596  3   0  0  6596
137  3088  3   0  0  3088
138  6614  3   0  0  6614
139  6614  2   0  6614
140  6494  2   0  6494
141  6614  3   0  0  6614
142  6492  2   0  6492
143  654  2   0  654
144  6604  2   0  6604
145  6614  2   0  6614
146  6584  3   0  0  6584
147  6562  2   0  6562
148  6612  2   0  6612
149  6614  2   0  6614
150  6614  2   0  6614
151  6614  2   0  6614
152  6614  3   0  189  6425
153  6576  3   0  0  6576
154  6613  3   0  0  6613
155  4476  2   0  4476
156  6612  3   0  0  6612
157  6574  3   0  0  6574
158  6510  2   0  6510
159  4470  2   1  4469
160  6614  2   0  6614
161  6614  3   0  0  6614
162  6592  2   0  6592
163  6614  3   0  0  6614

[pop]=5
1  66730  3   0  0  66730
2  66702  3   0  0  66702
3  66726  3   2  2  66722
4  59425  4   1  1  1  59422
5  64926  2   0  64926
6  66734  2   9  66725
7  65782  2   126  65656
8  66725  4   1  1  1  66722
9  66737  3   1  1  66735
10  66728  2   0  66728
11  66722  2   0  66722
12  66716  2   0  66716
13  66722  4   0  0  4  66718
14  64448  2   0  64448
15  47761  2   0  47761
16  66664  2   0  66664
17  66724  2   0  66724
18  66718  2   2  66716
19  66714  2   4  66710
20  66738  2   73  66665
21  66736  3   1  0  66735
22  66734  2   2  66732
23  57760  2   1  57759
24  66671  4   1  1  5  66664
25  66736  4   2  1  1  66732
26  66048  2   0  66048
27  66722  2   0  66722
28  66716  3   1  0  66715
29  66728  2   0  66728
30  66739  3   1  0  66738
31  66694  2   1  66693
32  65534  2   1  65533
33  66734  2   1  66733
34  66732  2   0  66732
35  66724  2   0  66724
36  66696  3   0  1  66695
37  66726  2   0  66726
38  66066  2   0  66066
39  66724  3   0  0  66724
40  66686  3   3  1  66682
41  66732  2   0  66732
42  66724  2   0  66724
43  66730  2   2  66728
44  66732  3   0  1  66731
45  66710  2   2  66708
46  66738  2   1  66737
47  66703  4   0  0  2  66701
48  66021  4   2  0  2  66017
49  66730  2   0  66730
50  36580  2   14  36566
51  66730  3   3  0  66727
52  66708  2   0  66708
53  65998  2   1  65997
54  66712  2   0  66712
55  66722  2   1231  65491
56  66714  2   2  66712
57  66734  2   7  66727
58  8474  2   0  8474
59  65982  3   0  11  65971
60  66728  2   0  66728
61  66679  3   0  0  66679
62  66708  4   1  2  0  66705
63  66736  2   2  66734
64  66730  2   0  66730
65  36966  2   0  36966
66  53868  3   0  0  53868
67  66708  2   0  66708
68  66722  2   0  66722
69  66330  2   0  66330
70  66606  3   0  0  66606
71  66710  2   0  66710
72  55602  2   0  55602
73  66728  3   1  0  66727
74  66738  3   1  1  66736
75  66606  2   0  66606
76  63850  3   1  0  63849
77  58287  4   0  0  337  57950
78  66635  3   0  5  66630
79  66329  4   1  1  2  66325
80  63642  3   0  1  63641
81  3402  2   0  3402
82  66122  2   0  66122
83  66702  3   0  0  66702
84  66738  3   1  0  66737
85  66122  2   100  66022
86  66726  2   0  66726
87  66590  2   0  66590
88  66736  2   2  66734
89  66488  2   2  66486
90  35252  2   7  35245
91  66609  3   2  0  66607
92  66632  2   3  66629
93  66372  2   0  66372
94  66704  2   0  66704
95  66561  3   0  0  66561
96  61686  2   2  61684
97  66390  2   0  66390
98  66734  2   0  66734
99  66632  3   0  7  66625
100  66417  3   0  1  66416
101  64054  2   1  64053
102  66563  3   1  1  66561
103  66720  4   1  0  0  66719
104  66732  3   1  0  66731
105  66670  2   0  66670
106  66526  2   0  66526
107  66596  3   1  1  66594
108  58057  3   3  2  58052
109  64896  2   2  64894
110  66738  4   8  1  0  66729
111  66722  3   1  2  66719
112  3642  2   0  3642
113  66624  2   0  66624
114  66500  3   0  0  66500
115  66198  3   1  1  66196
116  66738  3   0  0  66738
117  66624  2   8  66616
118  66614  2   0  66614
119  66534  3   0  4  66530
120  66240  2   0  66240
121  66706  2   57811  8895
122  66503  3   0  1  66502
123  66738  3   0  0  66738
124  66650  3   1  96  66553
125  66604  2   5  66599
126  66572  2   3  66569
127  66718  2   4  66714
128  66580  2   2  66578
129  66462  3   0  0  66462
130  66568  4   2  0  0  66566
131  63596  2   4  63592
132  66598  2   1  66597
133  66734  3   1  3  66730
134  66694  2   1  66693
135  65376  3   1  1  65374
136  66515  3   1  1  66513
137  24658  3   88  0  24570
138  66704  3   2  0  66702
139  66620  2   1  66619
140  65536  2   0  65536
141  66704  3   0  1  66703
142  65526  2   2  65524
143  3698  2   1  3697
144  66302  2   4  66298
145  66638  2   0  66638
146  66585  3   1  0  66584
147  66516  2   1  66515
148  66624  2   0  66624
149  66684  2   3  66681
150  66740  2   1  66739
151  66716  2   0  66716
152  66715  3   0  4448  62267
153  66342  3   0  1  66341
154  66642  3   0  1  66641
155  47315  2   0  47315
156  66464  3   1  32  66431
157  66308  3   2  0  66306
158  65800  2   0  65800
159  47225  2   1  47224
160  66562  2   6  66556
161  66674  3   1  1  66672
162  66630  2   8  66622
163  66738  3   1  1  66736

[pop]=6
1  900  3   0  0  900
2  908  3   0  0  908
3  908  3   0  0  908
4  767  4   0  0  0  767
5  838  2   0  838
6  900  2   0  900
7  894  2   0  894
8  900  4   0  0  0  900
9  900  3   0  0  900
10  908  2   0  908
11  900  2   0  900
12  906  2   0  906
13  908  4   0  0  0  908
14  822  2   0  822
15  631  2   0  631
16  908  2   0  908
17  908  2   0  908
18  908  2   0  908
19  900  2   0  900
20  908  2   2  906
21  908  3   0  0  908
22  908  2   0  908
23  750  2   0  750
24  908  4   0  0  0  908
25  908  4   0  0  0  908
26  900  2   0  900
27  906  2   1  905
28  908  3   0  0  908
29  906  2   0  906
30  908  3   0  0  908
31  900  2   0  900
32  904  2   0  904
33  900  2   0  900
34  908  2   0  908
35  906  2   0  906
36  900  3   0  0  900
37  908  2   0  908
38  902  2   0  902
39  906  3   0  0  906
40  900  3   0  0  900
41  908  2   0  908
42  900  2   0  900
43  908  2   0  908
44  908  3   0  0  908
45  908  2   0  908
46  908  2   0  908
47  904  4   0  0  1  903
48  899  4   0  0  0  899
49  908  2   0  908
50  466  2   0  466
51  908  3   0  0  908
52  904  2   0  904
53  896  2   0  896
54  906  2   0  906
55  906  2   8  898
56  906  2   0  906
57  908  2   0  908
58  188  2   0  188
59  906  3   0  0  906
60  908  2   0  908
61  908  3   0  0  908
62  906  4   0  0  0  906
63  908  2   0  908
64  908  2   0  908
65  472  2   0  472
66  756  3   0  0  756
67  908  2   0  908
68  908  2   0  908
69  896  2   0  896
70  906  3   0  0  906
71  906  2   0  906
72  774  2   0  774
73  908  3   0  0  908
74  908  3   0  0  908
75  906  2   0  906
76  839  3   0  0  839
77  813  4   0  0  3  810
78  900  3   1  0  899
79  887  4   0  0  0  887
80  834  3   0  0  834
81  140  2   0  140
82  906  2   0  906
83  906  3   0  0  906
84  908  3   0  0  908
85  906  2   2  904
86  908  2   0  908
87  906  2   0  906
88  908  2   0  908
89  894  2   0  894
90  456  2   0  456
91  896  3   0  0  896
92  900  2   0  900
93  894  2   0  894
94  906  2   0  906
95  906  3   0  0  906
96  798  2   0  798
97  892  2   0  892
98  908  2   0  908
99  896  3   0  0  896
100  894  3   0  0  894
101  878  2   1  877
102  905  3   0  1  904
103  906  4   0  0  0  906
104  908  3   0  0  908
105  896  2   0  896
106  904  2   1  903
107  896  3   0  0  896
108  749  3   0  0  749
109  880  2   0  880
110  908  4   0  0  0  908
111  908  3   0  0  908
112  150  2   0  150
113  900  2   0  900
114  902  3   0  0  902
115  902  3   0  0  902
116  908  3   0  0  908
117  898  2   0  898
118  900  2   0  900
119  896  3   0  0  896
120  902  2   0  902
121  906  2   805  101
122  902  3   0  0  902
123  908  3   0  0  908
124  908  3   0  2  906
125  900  2   0  900
126  896  2   0  896
127  908  2   0  908
128  896  2   0  896
129  904  3   0  1  903
130  906  4   0  0  0  906
131  874  2   0  874
132  900  2   0  900
133  908  3   0  0  908
134  908  2   0  908
135  898  3   0  0  898
136  906  3   0  0  906
137  378  3   2  0  376
138  908  3   0  0  908
139  896  2   0  896
140  900  2   0  900
141  906  3   0  0  906
142  898  2   0  898
143  158  2   0  158
144  892  2   0  892
145  896  2   0  896
146  904  3   0  0  904
147  898  2   0  898
148  906  2   0  906
149  906  2   0  906
150  908  2   0  908
151  908  2   0  908
152  908  3   0  80  828
153  900  3   0  0  900
154  906  3   0  0  906
155  620  2   2  618
156  891  3   0  2  889
157  900  3   0  0  900
158  898  2   0  898
159  619  2   0  619
160  896  2   0  896
161  906  3   0  0  906
162  908  2   0  908
163  908  3   0  0  908

[pop]=7
1  16508  3   1  0  16507
2  16506  3   0  0  16506
3  16508  3   0  0  16508
4  13681  4   0  0  0  13681
5  13662  2   0  13662
6  16512  2   0  16512
7  16414  2   2  16412
8  16508  4   0  0  0  16508
9  16512  3   0  0  16512
10  16512  2   0  16512
11  16508  2   0  16508
12  16510  2   11  16499
13  16510  4   1  0  0  16509
14  12742  2   0  12742
15  10084  2   0  10084
16  16508  2   0  16508
17  16510  2   0  16510
18  16510  2   0  16510
19  16508  2   0  16508
20  16510  2   14  16496
21  16510  3   0  0  16510
22  16512  2   0  16512
23  13390  2   2  13388
24  16503  4   0  0  0  16503
25  16510  4   0  0  0  16510
26  16448  2   0  16448
27  16512  2   0  16512
28  16508  3   0  0  16508
29  16512  2   0  16512
30  16511  3   0  2  16509
31  16506  2   4  16502
32  16504  2   1  16503
33  16512  2   0  16512
34  16510  2   3  16507
35  16512  2   18  16494
36  16507  3   0  1  16506
37  16506  2   2  16504
38  16450  2   0  16450
39  16511  3   0  0  16511
40  16505  3   0  0  16505
41  16512  2   0  16512
42  16512  2   0  16512
43  16510  2   0  16510
44  16510  3   0  0  16510
45  16506  2   0  16506
46  16512  2   7  16505
47  16505  4   1  0  0  16504
48  16448  4   0  0  1  16447
49  16512  2   0  16512
50  10364  2   0  10364
51  16510  3   0  0  16510
52  16508  2   0  16508
53  16442  2   0  16442
54  16508  2   0  16508
55  16512  2   52  16460
56  16508  2   0  16508
57  16510  2   0  16510
58  3312  2   0  3312
59  16508  3   1  0  16507
60  16508  2   3  16505
61  16495  3   2  0  16493
62  16507  4   0  0  2  16505
63  16510  2   15  16495
64  16510  2   4  16506
65  10480  2   0  10480
66  13818  3   1  2  13815
67  16506  2   1  16505
68  16512  2   0  16512
69  16386  2   3  16383
70  16502  3   1  0  16501
71  16512  2   2  16510
72  14202  2   3  14199
73  16512  3   0  0  16512
74  16510  3   1  0  16509
75  16502  2   2  16500
76  15867  3   0  1  15866
77  14711  4   0  0  0  14711
78  16508  3   0  0  16508
79  16423  4   0  0  0  16423
80  15820  3   0  0  15820
81  7252  2   8  7244
82  16508  2   1  16507
83  16502  3   0  10  16492
84  16510  3   1  0  16509
85  16506  2   0  16506
86  16510  2   0  16510
87  16498  2   0  16498
88  16510  2   1  16509
89  16472  2   0  16472
90  10272  2   0  10272
91  16498  3   0  0  16498
92  16506  2   0  16506
93  16452  2   0  16452
94  16492  2   0  16492
95  16450  3   0  1  16449
96  15416  2   0  15416
97  16454  2   0  16454
98  16512  2   2  16510
99  16503  3   1  0  16502
100  16466  3   1  1  16464
101  16248  2   0  16248
102  16492  3   1  1  16490
103  16508  4   0  0  0  16508
104  16512  3   0  0  16512
105  16510  2   0  16510
106  16486  2   0  16486
107  16509  3   0  0  16509
108  14895  3   0  0  14895
109  16170  2   0  16170
110  16512  4   1  0  0  16511
111  16510  3   0  1  16509
112  7544  2   1  7543
113  16504  2   0  16504
114  16472  3   0  1  16471
115  16466  3   0  0  16466
116  16512  3   1  0  16511
117  16510  2   0  16510
118  16502  2   0  16502
119  16491  3   1  2  16488
120  16472  2   37  16435
121  16512  2   15348  1164
122  16470  3   0  0  16470
123  16512  3   1  1  16510
124  16499  3   0  0  16499
125  16510  2   0  16510
126  16494  2   1  16493
127  16508  2   0  16508
128  16492  2   0  16492
129  16454  3   1  0  16453
130  16510  4   0  0  0  16510
131  15774  2   0  15774
132  16500  2   0  16500
133  16512  3   0  1  16511
134  16506  2   3  16503
135  16288  3   0  0  16288
136  16462  3   0  0  16462
137  4600  3   28  0  4572
138  16508  3   1  1  16506
139  16496  2   2  16494
140  16384  2   0  16384
141  16498  3   1  0  16497
142  16384  2   1  16383
143  7596  2   3  7593
144  16470  2   0  16470
145  16498  2   0  16498
146  16492  3   0  1  16491
147  16504  2   1  16503
148  16500  2   0  16500
149  16484  2   0  16484
150  16512  2   1  16511
151  16510  2   0  16510
152  16510  3   1  1148  15361
153  16454  3   0  0  16454
154  16506  3   0  0  16506
155  9936  2   0  9936
156  16498  3   1  41  16456
157  16439  3   0  0  16439
158  16458  2   0  16458
159  9921  2   0  9921
160  16504  2   2  16502
161  16466  3   0  0  16466
162  16498  2   0  16498
163  16512  3   0  0  16512

