[loci]=43

[populations]=7

[pop]=1
1  10395  3   0  0  10395
2  10406  2   1  10405
3  9956  2   0  9956
4  10406  2   6  10400
5  10354  2   0  10354
6  10406  2   9  10397
7  8946  2   0  8946
8  10406  2   0  10406
9  9980  3   0  0  9980
10  10306  2   0  10306
11  10404  2   0  10404
12  10054  2   0  10054
13  7430  2   0  7430
14  10290  2   0  10290
15  10074  2   493  9581
16  3676  2   0  3676
17  10406  2   0  10406
18  3696  2   0  3696
19  10204  2   0  10204
20  10211  3   0  0  10211
21  10406  3   0  0  10406
22  10406  3   0  0  10406
23  6118  2   0  6118
24  6044  2   0  6044
25  10214  2   0  10214
26  10072  2   0  10072
27  10406  2   0  10406
28  10404  2   0  10404
29  10404  3   1  0  10403
30  10224  2   2  10222
31  9989  3   0  0  9989
32  10404  2   0  10404
33  10402  2   2  10400
34  9354  2   0  9354
35  10406  3   0  0  10406
36  3702  2   14  3688
37  10402  2   1  10401
38  9858  2   366  9492
39  3652  2   1  3651
40  10392  2   0  10392
41  3714  5   1  1  1  0  3711
42  9774  2   0  9774
43  10406  2   0  10406

[pop]=2
1  11576  3   0  0  11576
2  11578  2   0  11578
3  11454  2   0  11454
4  11556  2   0  11556
5  11560  2   0  11560
6  11578  2   33  11545
7  9166  2   2  9164
8  11564  2   0  11564
9  11470  3   5  0  11465
10  11542  2   0  11542
11  11578  2   0  11578
12  11484  2   0  11484
13  6666  2   0  6666
14  11520  2   0  11520
15  11494  2   1264  10230
16  896  2   0  896
17  11560  2   0  11560
18  914  2   0  914
19  11278  2   0  11278
20  11513  3   0  0  11513
21  11578  3   0  0  11578
22  11578  3   0  0  11578
23  4672  2   0  4672
24  4508  2   0  4508
25  11408  2   0  11408
26  11480  2   0  11480
27  11576  2   7  11569
28  11554  2   3  11551
29  11578  3   0  0  11578
30  11418  2   0  11418
31  11461  3   0  0  11461
32  11578  2   0  11578
33  11576  2   0  11576
34  10510  2   0  10510
35  11578  3   0  0  11578
36  928  2   0  928
37  11576  2   0  11576
38  11412  2   220  11192
39  884  2   0  884
40  11576  2   0  11576
41  1290  5   0  0  0  2  1288
42  11374  2   0  11374
43  11538  2   0  11538

[pop]=3
1  8654  3   0  0  8654
2  8654  2   0  8654
3  8582  2   0  8582
4  8646  2   0  8646
5  8650  2   0  8650
6  8654  2   0  8654
7  6804  2   0  6804
8  8654  2   1  8653
9  8588  3   0  1  8587
10  8652  2   0  8652
11  8654  2   0  8654
12  8600  2   0  8600
13  5138  2   0  5138
14  8650  2   0  8650
15  8602  2   7  8595
16  2020  2   1  2019
17  8646  2   0  8646
18  2034  2   0  2034
19  8608  2   4  8604
20  8634  3   0  0  8634
21  8654  3   0  0  8654
22  8654  3   1  1  8652
23  3718  2   0  3718
24  3614  2   0  3614
25  8636  2   0  8636
26  8584  2   0  8584
27  8654  2   0  8654
28  8648  2   0  8648
29  8654  3   0  0  8654
30  8640  2   0  8640
31  8590  3   0  0  8590
32  8654  2   0  8654
33  8654  2   0  8654
34  8176  2   37  8139
35  8654  3   0  0  8654
36  1976  2   0  1976
37  8654  2   0  8654
38  8556  2   126  8430
39  1854  2   3  1851
40  8654  2   1  8653
41  1487  5   0  0  0  0  1487
42  8550  2   0  8550
43  8642  2   0  8642

[pop]=4
1  6614  3   0  0  6614
2  6614  2   0  6614
3  6470  2   0  6470
4  6604  2   0  6604
5  6564  2   0  6564
6  6614  2   4  6610
7  5614  2   0  5614
8  6602  2   0  6602
9  6488  3   0  0  6488
10  6548  2   0  6548
11  6614  2   0  6614
12  6516  2   0  6516
13  4466  2   0  4466
14  6532  2   0  6532
15  6504  2   425  6079
16  458  2   0  458
17  6604  2   1  6603
18  476  2   0  476
19  6546  2   0  6546
20  6515  3   0  0  6515
21  6614  3   1  0  6613
22  6614  3   0  0  6614
23  3370  2   0  3370
24  3284  2   0  3284
25  6464  2   0  6464
26  6478  2   1  6477
27  6610  2   0  6610
28  6606  2   0  6606
29  6614  3   0  0  6614
30  6454  2   0  6454
31  6500  3   0  0  6500
32  6614  2   0  6614
33  6614  2   0  6614
34  6288  2   0  6288
35  6614  3   0  0  6614
36  402  2   0  402
37  6614  2   0  6614
38  6434  2   156  6278
39  396  2   0  396
40  6614  2   0  6614
41  1290  5   0  0  0  0  1290
42  6392  2   0  6392
43  6602  2   0  6602

[pop]=5
1  66693  3   2  4  66687
2  66736  2   75  66661
3  64968  2   0  64968
4  66630  2   0  66630
5  66150  2   2  66148
6  66738  2   299  66439
7  55304  2   1  55303
8  66702  2   7  66695
9  65156  3   0  2  65154
10  65518  2   20  65498
11  66722  2   0  66722
12  65502  2   10  65492
13  43286  2   2  43284
14  65294  2   0  65294
15  65760  2   13920  51840
16  13040  2   2  13038
17  66676  2   3  66673
18  13170  2   2  13168
19  65824  2   0  65824
20  64812  3   0  1  64811
21  66740  3   1  0  66739
22  66736  3   0  0  66736
23  33638  2   2  33636
24  32910  2   2  32908
25  66304  2   2  66302
26  64300  2   2  64298
27  66718  2   0  66718
28  66680  2   0  66680
29  66724  3   0  1  66723
30  66286  2   0  66286
31  65146  3   1  0  65145
32  66720  2   2  66718
33  66738  2   2  66736
34  59726  2   1  59725
35  66730  3   1  3  66726
36  13334  2   0  13334
37  66738  2   1  66737
38  64598  2   2700  61898
39  13010  2   0  13010
40  66736  2   4  66732
41  16461  5   0  0  1  1  16459
42  64236  2   2  64234
43  66566  2   5  66561

[pop]=6
1  908  3   0  0  908
2  908  2   0  908
3  864  2   0  864
4  908  2   0  908
5  888  2   0  888
6  908  2   3  905
7  770  2   0  770
8  908  2   0  908
9  870  3   1  0  869
10  854  2   0  854
11  908  2   0  908
12  874  2   0  874
13  640  2   0  640
14  830  2   0  830
15  878  2   121  757
16  228  2   0  228
17  908  2   0  908
18  230  2   0  230
19  894  2   0  894
20  810  3   0  0  810
21  908  3   0  0  908
22  908  3   0  0  908
23  520  2   0  520
24  518  2   0  518
25  896  2   0  896
26  788  2   0  788
27  908  2   0  908
28  908  2   0  908
29  908  3   0  0  908
30  896  2   0  896
31  877  3   0  0  877
32  908  2   0  908
33  908  2   0  908
34  844  2   0  844
35  908  3   0  1  907
36  230  2   0  230
37  908  2   0  908
38  874  2   36  838
39  224  2   0  224
40  908  2   0  908
41  306  5   0  0  0  0  306
42  868  2   0  868
43  906  2   0  906

[pop]=7
1  16465  3   0  1  16464
2  16512  2   0  16512
3  16252  2   24  16228
4  16498  2   0  16498
5  15008  2   3  15005
6  16512  2   32  16480
7  14760  2   0  14760
8  16510  2   82  16428
9  16286  3   0  0  16286
10  13246  2   0  13246
11  16500  2   4  16496
12  16348  2   0  16348
13  13054  2   0  13054
14  12634  2   3  12631
15  16376  2   1237  15139
16  8318  2   0  8318
17  16510  2   0  16510
18  8326  2   0  8326
19  16130  2   0  16130
20  11335  3   7  0  11328
21  16512  3   0  5  16507
22  16512  3   0  0  16512
23  11670  2   0  11670
24  11562  2   0  11562
25  16308  2   0  16308
26  9816  2   0  9816
27  16512  2   0  16512
28  16508  2   0  16508
29  16496  3   0  0  16496
30  16308  2   0  16308
31  16313  3   0  80  16233
32  16486  2   0  16486
33  16512  2   2  16510
34  14834  2   1  14833
35  16512  3   0  0  16512
36  8332  2   0  8332
37  16512  2   0  16512
38  16168  2   635  15533
39  8296  2   0  8296
40  16512  2   1  16511
41  9122  5   0  0  0  77  9045
42  16092  2   0  16092
43  16372  2   0  16372

