[loci]=504

[populations]=7

[pop]=1
1  10406  3   0  0  10406
2  10406  2   0  10406
3  10262  2   0  10262
4  10262  2   0  10262
5  10306  3   0  0  10306
6  8262  4   0  0  0  8262
7  10406  4   3  83  3  10317
8  10406  2   0  10406
9  10404  2   0  10404
10  10300  2   0  10300
11  10381  3   0  1  10380
12  10406  4   0  0  0  10406
13  10406  2   0  10406
14  10404  2   0  10404
15  8326  3   2  0  8324
16  4034  2   0  4034
17  10376  2   0  10376
18  10372  2   0  10372
19  10406  2   0  10406
20  10404  2   2  10402
21  10404  2   0  10404
22  10380  2   0  10380
23  10406  4   2  0  0  10404
24  10377  4   0  0  60  10317
25  8396  2   0  8396
26  10188  2   2  10186
27  10188  2   2  10186
28  10404  2   0  10404
29  10404  2   7  10397
30  9924  3   0  0  9924
31  10372  4   0  0  0  10372
32  8462  2   1134  7328
33  10384  3   0  39  10345
34  10406  2   0  10406
35  10406  2   1  10405
36  10406  3   500  0  9906
37  10406  2   1  10405
38  9812  2   0  9812
39  10406  2   2  10404
40  10406  2   0  10406
41  10130  2   0  10130
42  10130  2   0  10130
43  9970  4   0  0  0  9970
44  9793  3   0  0  9793
45  10406  3   0  0  10406
46  10406  3   0  0  10406
47  10406  2   0  10406
48  10380  2   0  10380
49  9354  3   0  0  9354
50  10406  3   0  0  10406
51  10406  3   1  0  10405
52  10092  2   0  10092
53  10092  2   0  10092
54  10402  3   2  0  10400
55  9882  2   3  9879
56  9790  2   0  9790
57  9224  2   0  9224
58  10406  2   4  10402
59  10380  3   0  1  10379
60  9280  2   0  9280
61  10406  2   9  10397
62  9732  2   0  9732
63  10369  3   96  0  10273
64  9242  2   98  9144
65  10368  2   5778  4590
66  9292  2   102  9190
67  10366  2   5774  4592
68  10406  2   0  10406
69  10043  3   0  0  10043
70  10043  3   0  0  10043
71  9785  3   0  0  9785
72  9694  2   0  9694
73  10366  2   141  10225
74  10406  2   0  10406
75  10406  2   0  10406
76  9842  2   0  9842
77  10370  2   1  10369
78  10394  2   0  10394
79  10392  2   0  10392
80  10404  2   0  10404
81  10406  3   0  0  10406
82  10393  3   0  0  10393
83  9544  2   24  9520
84  10406  2   0  10406
85  10344  2   6252  4092
86  8614  2   1  8613
87  7086  2   5407  1679
88  8654  5   0  0  1  0  8653
89  10406  2   2  10404
90  9860  3   0  0  9860
91  9936  2   1  9935
92  10372  3   0  0  10372
93  9482  2   0  9482
94  8702  2   0  8702
95  10394  3   0  1  10393
96  10406  2   0  10406
97  10318  2   0  10318
98  9500  2   0  9500
99  10014  2   0  10014
100  10014  2   0  10014
101  10390  3   0  0  10390
102  9892  2   2  9890
103  9981  3   0  0  9981
104  10371  3   0  0  10371
105  10406  2   0  10406
106  10396  2   0  10396
107  10406  2   1  10405
108  10368  2   0  10368
109  9840  2   28  9812
110  10406  2   0  10406
111  10346  2   6366  3980
112  9540  2   1  9539
113  10048  2   1  10047
114  10048  2   1  10047
115  10369  3   2  0  10367
116  10402  2   0  10402
117  10386  2   5  10381
118  10402  3   0  0  10402
119  8761  3   0  1  8760
120  10406  2   0  10406
121  10366  2   0  10366
122  10406  2   21  10385
123  10405  3   0  7624  2781
124  10400  2   0  10400
125  8783  4   0  0  0  8783
126  10162  2   0  10162
127  10406  2   0  10406
128  8790  2   1  8789
129  10128  2   2  10126
130  8806  3   189  0  8617
131  10372  2   1  10371
132  9726  2   0  9726
133  10406  2   156  10250
134  10406  2   1  10405
135  10406  2   0  10406
136  10404  2   0  10404
137  10364  3   0  0  10364
138  10400  2   403  9997
139  10406  2   0  10406
140  10365  3   0  0  10365
141  10398  2   1  10397
142  10237  3   0  0  10237
143  10402  2   15  10387
144  8818  2   0  8818
145  10164  2   2  10162
146  10164  2   2  10162
147  8831  3   22  1  8808
148  10246  3   1  0  10245
149  10134  2   2  10132
150  10280  2   0  10280
151  10382  5   0  0  0  0  10382
152  8845  3   0  0  8845
153  10134  2   8  10126
154  10353  3   0  0  10353
155  9558  3   0  0  9558
156  10180  2   0  10180
157  10180  2   0  10180
158  8876  2   0  8876
159  10406  2   4  10402
160  8829  4   0  0  0  8829
161  10092  3   0  0  10092
162  10390  2   0  10390
163  10320  2   0  10320
164  10406  3   0  0  10406
165  9730  2   0  9730
166  10216  3   0  0  10216
167  10216  3   0  0  10216
168  10322  3   0  7  10315
169  10078  2   3  10075
170  10390  3   0  1  10389
171  10336  3   0  0  10336
172  10406  3   0  0  10406
173  10406  4   1  0  0  10405
174  10404  3   0  1  10403
175  10406  3   0  0  10406
176  8896  2   0  8896
177  10352  3   2  0  10350
178  10356  2   0  10356
179  10406  2   0  10406
180  10378  2   75  10303
181  10404  4   2  0  0  10402
182  10276  3   0  2  10274
183  10276  3   0  2  10274
184  8904  2   0  8904
185  10142  2   34  10108
186  10358  3   257  1323  8778
187  10388  2   1  10387
188  8830  2   0  8830
189  8911  3   0  0  8911
190  8912  2   0  8912
191  10365  3   0  0  10365
192  10379  3   0  0  10379
193  8904  2   0  8904
194  10388  2   0  10388
195  10406  2   0  10406
196  10378  3   0  0  10378
197  10340  3   0  0  10340
198  10340  3   0  0  10340
199  8896  2   0  8896
200  10247  3   0  0  10247
201  10366  2   0  10366
202  10377  3   1  0  10376
203  80  2   0  80
204  10260  2   0  10260
205  9976  2   0  9976
206  8832  2   0  8832
207  10344  3   0  0  10344
208  10344  3   0  0  10344
209  10326  2   2  10324
210  8891  4   3  1  0  8887
211  10380  2   2  10378
212  10376  3   0  0  10376
213  8828  3   0  0  8828
214  8876  2   9  8867
215  10048  3   0  2  10046
216  10373  3   0  0  10373
217  10404  3   2  0  10402
218  10369  3   0  0  10369
219  10088  2   2  10086
220  8134  2   20  8114
221  10402  2   0  10402
222  10372  2   0  10372
223  10372  2   0  10372
224  10331  3   0  0  10331
225  10107  4   0  0  0  10107
226  8814  2   0  8814
227  10406  3   0  0  10406
228  10378  2   0  10378
229  10384  2   0  10384
230  10406  2   0  10406
231  10342  2   0  10342
232  10406  3   0  0  10406
233  10382  3   0  0  10382
234  10382  3   0  0  10382
235  10376  3   0  0  10376
236  10377  5   1  0  0  0  10376
237  10404  2   0  10404
238  10404  2   9  10395
239  10372  2   6  10366
240  8915  3   0  0  8915
241  9740  2   7  9733
242  10400  2   0  10400
243  8937  3   1  10  8926
244  10402  2   1  10401
245  10380  2   0  10380
246  10374  2   0  10374
247  10406  2   0  10406
248  10406  3   0  0  10406
249  10406  2   26  10380
250  8952  2   0  8952
251  10402  2   1  10401
252  10372  3   1  0  10371
253  10204  2   7  10197
254  8977  3   0  0  8977
255  10402  2   0  10402
256  10384  3   0  2  10382
257  10404  3   0  2  10402
258  8982  2   20  8962
259  10384  2   0  10384
260  10404  3   0  12  10392
261  10406  2   0  10406
262  10406  2   1  10405
263  10406  2   0  10406
264  10406  2   0  10406
265  10400  2   0  10400
266  10250  2   4  10246
267  10336  2   1  10335
268  10406  2   9  10397
269  10252  3   0  0  10252
270  10402  2   1  10401
271  10406  2   2  10404
272  10404  4   0  0  0  10404
273  10406  2   0  10406
274  10220  2   0  10220
275  10406  3   0  1  10405
276  10338  2   2  10336
277  10353  3   0  0  10353
278  10406  2   0  10406
279  10406  3   1  1  10404
280  10402  2   0  10402
281  10344  2   2  10342
282  10400  2   0  10400
283  10406  3   0  1  10405
284  10406  2   221  10185
285  10406  4   0  4  0  10402
286  9345  3   0  1  9344
287  10406  2   0  10406
288  10352  2   0  10352
289  10398  3   0  0  10398
290  10404  2   65  10339
291  10406  4   0  0  0  10406
292  10404  2   0  10404
293  9386  2   0  9386
294  10387  3   0  0  10387
295  10406  2   0  10406
296  10400  2   0  10400
297  10294  2   0  10294
298  10402  2   0  10402
299  10390  2   0  10390
300  10406  3   8  0  10398
301  9416  2   0  9416
302  10406  2   0  10406
303  10388  2   1  10387
304  10346  4   0  0  0  10346
305  10405  3   0  0  10405
306  10216  3   0  7062  3154
307  10318  3   0  0  10318
308  10385  3   1  0  10384
309  10403  3   12  0  10391
310  10406  2   1  10405
311  10404  3   0  2  10402
312  10406  4   0  0  2  10404
313  10310  2   0  10310
314  10324  2   4326  5998
315  10402  3   0  0  10402
316  10406  3   0  2  10404
317  10400  2   0  10400
318  10404  2   0  10404
319  10302  3   0  0  10302
320  10398  2   0  10398
321  10280  3   0  0  10280
322  198  2   0  198
323  10406  2   0  10406
324  10406  2   0  10406
325  10406  2   0  10406
326  10398  2   0  10398
327  10402  2   0  10402
328  10370  3   3  1  10366
329  10200  2   1  10199
330  10392  2   2  10390
331  10404  2   0  10404
332  10204  3   0  0  10204
333  10324  2   0  10324
334  10365  3   0  0  10365
335  10364  5   0  1  76  3  10284
336  10292  2   0  10292
337  10258  2   19  10239
338  10404  3   0  1  10403
339  10374  2   1  10373
340  9619  3   0  0  9619
341  10328  2   0  10328
342  10376  2   0  10376
343  9606  2   32  9574
344  10330  2   19  10311
345  9772  2   1  9771
346  10406  2   0  10406
347  10406  2   0  10406
348  9695  4   0  0  0  9695
349  10402  2   8  10394
350  10364  2   0  10364
351  9704  2   0  9704
352  10398  2   245  10153
353  10274  2   5  10269
354  10334  2   0  10334
355  10398  2   2  10396
356  10400  2   2  10398
357  9768  3   0  0  9768
358  10406  2   2  10404
359  10406  2   2  10404
360  9746  2   3  9743
361  10404  2   0  10404
362  10400  2   0  10400
363  10334  2   0  10334
364  10402  2   0  10402
365  10398  2   0  10398
366  10392  2   0  10392
367  10316  3   0  0  10316
368  10394  2   0  10394
369  10318  3   0  0  10318
370  10330  2   0  10330
371  10400  2   0  10400
372  10388  2   0  10388
373  10401  4   0  39  105  10257
374  10406  4   0  1  0  10405
375  10406  4   0  0  1  10405
376  10396  3   1  3  10392
377  10394  3   0  21  10373
378  9806  2   2  9804
379  9754  3   1  1563  8190
380  10302  2   1  10301
381  10404  2   37  10367
382  9859  3   0  2  9857
383  10338  2   0  10338
384  9982  2   0  9982
385  10397  4   0  0  1  10396
386  10405  3   0  0  10405
387  10405  3   0  0  10405
388  9972  2   3  9969
389  10404  3   0  0  10404
390  10392  3   0  2  10390
391  10392  3   4  0  10388
392  9932  2   0  9932
393  10342  3   1  1  10340
394  10020  2   0  10020
395  10404  4   0  3  2  10399
396  10404  4   0  3  2  10399
397  9984  3   0  0  9984
398  10392  2   2  10390
399  10394  2   0  10394
400  9974  2   1  9973
401  10292  2   0  10292
402  10404  3   0  0  10404
403  10392  2   0  10392
404  10398  3   1  0  10397
405  10402  2   0  10402
406  10358  2   4609  5749
407  10312  2   1  10311
408  10017  3   0  2  10015
409  10404  3   1  0  10403
410  10400  2   0  10400
411  10060  2   0  10060
412  10396  3   0  0  10396
413  10096  3   0  0  10096
414  10351  5   0  1  2  0  10348
415  10348  2   1  10347
416  10390  2   0  10390
417  10396  2   0  10396
418  10398  2   0  10398
419  10396  3   0  0  10396
420  10406  5   0  2  0  0  10404
421  10388  3   0  0  10388
422  10294  3   0  0  10294
423  10012  4   238  200  14  9560
424  10398  3   0  0  10398
425  10056  3   1  860  9195
426  10400  2   0  10400
427  10338  2   0  10338
428  10198  2   0  10198
429  10396  2   0  10396
430  10350  3   0  0  10350
431  10406  2   0  10406
432  10404  3   0  0  10404
433  10404  4   0  0  0  10404
434  10090  2   128  9962
435  10384  3   0  1  10383
436  10338  2   0  10338
437  10349  3   0  1  10348
438  10362  2   0  10362
439  10400  2   0  10400
440  10400  2   0  10400
441  10404  2   0  10404
442  10220  4   0  0  0  10220
443  10380  2   0  10380
444  10398  2   0  10398
445  10360  3   0  0  10360
446  10350  2   0  10350
447  10268  2   0  10268
448  10404  3   2  0  10402
449  10404  2   1  10403
450  10404  2   0  10404
451  10262  2   0  10262
452  10304  2   0  10304
453  10402  3   0  0  10402
454  10360  2   0  10360
455  10404  3   0  0  10404
456  10400  3   1  1  10398
457  10396  3   0  0  10396
458  10350  2   0  10350
459  10342  4   0  0  0  10342
460  10265  4   1  0  0  10264
461  10404  3   0  0  10404
462  10406  2   0  10406
463  10356  3   0  15  10341
464  10284  2   880  9404
465  10359  3   0  0  10359
466  10393  4   0  0  0  10393
467  10370  2   0  10370
468  10404  5   0  0  0  0  10404
469  10402  2   0  10402
470  10356  3   0  0  10356
471  10406  2   0  10406
472  10375  3   0  1  10374
473  10387  3   0  1  10386
474  10402  2   7  10395
475  10324  2   4  10320
476  10406  2   53  10353
477  10406  2   1  10405
478  10404  2   2  10402
479  10366  2   0  10366
480  10373  4   0  0  0  10373
481  10352  2   38  10314
482  10406  2   9  10397
483  10403  3   0  2  10401
484  10366  2   0  10366
485  10349  3   0  0  10349
486  10392  3   0  0  10392
487  10392  3   0  0  10392
488  10394  2   0  10394
489  10390  2   0  10390
490  10400  3   0  0  10400
491  10398  4   0  0  0  10398
492  10378  3   0  7  10371
493  10344  2   0  10344
494  10406  3   0  0  10406
495  10406  4   0  0  0  10406
496  10383  4   0  1  0  10382
497  10406  2   3  10403
498  9648  3   0  0  9648
499  10390  2   0  10390
500  10310  2   2  10308
501  10340  2   0  10340
502  10406  2   0  10406
503  10400  2   0  10400
504  10332  2   2  10330

[pop]=2
1  11578  3   1  0  11577
2  11578  2   0  11578
3  11524  2   0  11524
4  11524  2   0  11524
5  11539  3   0  0  11539
6  11532  4   0  0  0  11532
7  11578  4   0  2  1  11575
8  11578  2   0  11578
9  11576  2   0  11576
10  11540  2   2  11538
11  11574  3   0  0  11574
12  11578  4   0  1  0  11577
13  11578  2   0  11578
14  11576  2   4  11572
15  11534  3   0  0  11534
16  9970  2   0  9970
17  11426  2   1  11425
18  11430  2   1  11429
19  11578  2   0  11578
20  11578  2   0  11578
21  11576  2   0  11576
22  11566  2   0  11566
23  11578  4   0  0  2  11576
24  11429  4   2  0  5  11422
25  11534  2   0  11534
26  11500  2   1  11499
27  11500  2   1  11499
28  11576  2   2  11574
29  11576  2   1  11575
30  11516  3   0  0  11516
31  11568  4   0  0  0  11568
32  11480  2   213  11267
33  11564  3   1  12  11551
34  11578  2   0  11578
35  11578  2   0  11578
36  11578  3   33  0  11545
37  11578  2   0  11578
38  11566  2   0  11566
39  11578  2   3  11575
40  11578  2   0  11578
41  11492  2   0  11492
42  11492  2   0  11492
43  11497  4   0  1  0  11496
44  11513  3   0  0  11513
45  11578  3   1  0  11577
46  11578  3   0  0  11578
47  11578  2   0  11578
48  11434  2   2  11432
49  11508  3   0  0  11508
50  11578  3   0  0  11578
51  11578  3   0  0  11578
52  11492  2   0  11492
53  11492  2   0  11492
54  11576  3   2  0  11574
55  11490  2   0  11490
56  11514  2   0  11514
57  11552  2   0  11552
58  11578  2   0  11578
59  11433  3   0  0  11433
60  11508  2   1  11507
61  11578  2   25  11553
62  11488  2   1  11487
63  11562  3   97  0  11465
64  11554  2   33  11521
65  11510  2   5149  6361
66  11554  2   33  11521
67  11512  2   5152  6360
68  11578  2   0  11578
69  11487  3   0  0  11487
70  11487  3   0  0  11487
71  11488  3   1  0  11487
72  11502  2   0  11502
73  11562  2   7  11555
74  11576  2   0  11576
75  11578  2   0  11578
76  11486  2   0  11486
77  11562  2   0  11562
78  11574  2   0  11574
79  11572  2   0  11572
80  11574  2   0  11574
81  11578  3   0  0  11578
82  11574  3   0  7  11567
83  11558  2   35  11523
84  11578  2   0  11578
85  11550  2   10378  1172
86  11438  2   1  11437
87  9650  2   1239  8411
88  11452  5   2  0  0  8  11442
89  11578  2   0  11578
90  11484  3   0  0  11484
91  11498  2   0  11498
92  11564  3   0  1  11563
93  11504  2   0  11504
94  11462  2   0  11462
95  11572  3   0  0  11572
96  11578  2   0  11578
97  11390  2   0  11390
98  11508  2   0  11508
99  11486  2   4  11482
100  11486  2   4  11482
101  11574  3   0  0  11574
102  11484  2   0  11484
103  11495  3   0  1  11494
104  11566  3   0  0  11566
105  11578  2   2  11576
106  11578  2   0  11578
107  11578  2   0  11578
108  11564  2   0  11564
109  11568  2   10  11558
110  11578  2   0  11578
111  11548  2   10722  826
112  11512  2   3  11509
113  11488  2   0  11488
114  11488  2   0  11488
115  11563  3   0  0  11563
116  11572  2   2  11570
117  11566  2   0  11566
118  11574  3   1  1  11572
119  11487  3   0  0  11487
120  11578  2   0  11578
121  11564  2   0  11564
122  11576  2   84  11492
123  11576  3   0  9353  2223
124  11574  2   0  11574
125  11491  4   0  0  0  11491
126  11564  2   0  11564
127  11578  2   0  11578
128  11498  2   0  11498
129  11498  2   0  11498
130  11505  3   6  0  11499
131  11566  2   0  11566
132  11530  2   0  11530
133  11574  2   849  10725
134  11578  2   0  11578
135  11578  2   0  11578
136  11574  2   0  11574
137  11563  3   0  0  11563
138  11568  2   3551  8017
139  11578  2   0  11578
140  11568  3   0  0  11568
141  11572  2   1  11571
142  11514  3   0  0  11514
143  11578  2   32  11546
144  11522  2   1  11521
145  11502  2   0  11502
146  11502  2   0  11502
147  11516  3   3  0  11513
148  11515  3   0  0  11515
149  11484  2   1  11483
150  11578  2   0  11578
151  11508  5   0  1  0  0  11507
152  11518  3   0  0  11518
153  11484  2   8  11476
154  11566  3   0  0  11566
155  11531  3   0  1  11530
156  11506  2   0  11506
157  11506  2   0  11506
158  11522  2   1  11521
159  11576  2   2  11574
160  11524  4   0  1  0  11523
161  11486  3   0  0  11486
162  11572  2   2  11570
163  11578  2   0  11578
164  11578  3   0  0  11578
165  11534  2   0  11534
166  11514  3   0  1  11513
167  11514  3   0  1  11513
168  11542  3   0  16  11526
169  11480  2   6  11474
170  11574  3   0  0  11574
171  11578  3   0  0  11578
172  11578  3   0  0  11578
173  11578  4   0  0  1  11577
174  11574  3   1  0  11573
175  11578  3   0  0  11578
176  11530  2   0  11530
177  11563  3   0  1  11562
178  11578  2   1  11577
179  11578  2   2  11576
180  11504  2   3  11501
181  11578  4   0  0  0  11578
182  11524  3   0  16  11508
183  11524  3   0  16  11508
184  11530  2   2  11528
185  11492  2   146  11346
186  11555  3   77  1913  9565
187  11574  2   0  11574
188  11530  2   2  11528
189  11530  3   0  0  11530
190  11532  2   0  11532
191  11563  3   0  1  11562
192  11503  3   1  0  11502
193  11532  2   0  11532
194  11578  2   0  11578
195  11578  2   0  11578
196  11500  3   0  1  11499
197  11555  3   1  0  11554
198  11555  3   1  0  11554
199  11534  2   0  11534
200  11513  3   1  0  11512
201  11570  2   0  11570
202  11500  3   0  0  11500
203  68  2   0  68
204  11576  2   1  11575
205  11548  2   0  11548
206  11528  2   1  11527
207  11559  3   0  1  11558
208  11559  3   0  1  11558
209  11536  2   0  11536
210  11536  4   1  0  2  11533
211  11570  2   6  11564
212  11498  3   0  0  11498
213  11526  3   0  0  11526
214  11536  2   1  11535
215  11550  3   1  0  11549
216  11570  3   0  0  11570
217  11578  3   1  0  11577
218  11498  3   0  0  11498
219  11546  2   2  11544
220  11378  2   4  11374
221  11574  2   0  11574
222  11568  2   0  11568
223  11568  2   0  11568
224  11548  3   0  0  11548
225  11550  4   0  0  0  11550
226  11528  2   0  11528
227  11578  3   0  0  11578
228  11570  2   0  11570
229  11574  2   9  11565
230  11578  2   1  11577
231  11490  2   0  11490
232  11578  3   0  0  11578
233  11572  3   0  0  11572
234  11572  3   0  0  11572
235  11565  3   0  1  11564
236  11575  5   3  1  0  1  11570
237  11578  2   0  11578
238  11578  2   0  11578
239  11574  2   0  11574
240  11552  3   0  1  11551
241  11574  2   12  11562
242  11578  2   1  11577
243  11558  3   0  0  11558
244  11576  2   0  11576
245  11566  2   0  11566
246  11574  2   0  11574
247  11578  2   0  11578
248  11578  3   0  0  11578
249  11578  2   1  11577
250  11560  2   0  11560
251  11576  2   0  11576
252  11573  3   4  0  11569
253  11552  2   0  11552
254  11559  3   0  0  11559
255  11576  2   0  11576
256  11566  3   0  0  11566
257  11574  3   2  0  11572
258  11562  2   0  11562
259  11570  2   2  11568
260  11570  3   0  143  11427
261  11578  2   0  11578
262  11578  2   0  11578
263  11578  2   0  11578
264  11578  2   0  11578
265  11578  2   1  11577
266  11554  2   0  11554
267  11556  2   0  11556
268  11578  2   0  11578
269  11434  3   4  0  11430
270  11576  2   0  11576
271  11578  2   0  11578
272  11578  4   0  2  1  11575
273  11578  2   0  11578
274  11422  2   3  11419
275  11578  3   1  3  11574
276  11552  2   0  11552
277  11570  3   0  0  11570
278  11576  2   0  11576
279  11572  3   1  1  11570
280  11578  2   0  11578
281  11570  2   0  11570
282  11578  2   0  11578
283  11576  3   0  0  11576
284  11572  2   73  11499
285  11578  4   0  0  0  11578
286  11572  3   0  0  11572
287  11576  2   2  11574
288  11568  2   0  11568
289  11578  3   0  0  11578
290  11578  2   24  11554
291  11572  4   4  0  0  11568
292  11578  2   0  11578
293  11572  2   0  11572
294  11572  3   0  0  11572
295  11574  2   0  11574
296  11578  2   1  11577
297  11546  2   2  11544
298  11576  2   1  11575
299  11572  2   0  11572
300  11570  3   0  0  11570
301  11572  2   0  11572
302  11576  2   6  11570
303  11572  2   0  11572
304  11557  4   0  0  10  11547
305  11570  3   2  1  11567
306  11492  3   0  6167  5325
307  11568  3   0  0  11568
308  11578  3   2  1  11575
309  11568  3   3  0  11565
310  11574  2   5  11569
311  11577  3   0  1  11576
312  11578  4   0  0  0  11578
313  11568  2   0  11568
314  11570  2   656  10914
315  11566  3   0  0  11566
316  11574  3   0  0  11574
317  11576  2   0  11576
318  11576  2   2  11574
319  11568  3   0  1  11567
320  11556  2   0  11556
321  11566  3   0  0  11566
322  126  2   0  126
323  11576  2   0  11576
324  11576  2   0  11576
325  11576  2   0  11576
326  11570  2   1  11569
327  11576  2   0  11576
328  11563  3   0  0  11563
329  11566  2   0  11566
330  11546  2   2  11544
331  11578  2   0  11578
332  11564  3   0  2  11562
333  11562  2   105  11457
334  11562  3   0  0  11562
335  11531  5   0  0  6  0  11525
336  11566  2   2  11564
337  11572  2   3  11569
338  11574  3   0  0  11574
339  11564  2   0  11564
340  11574  3   0  1  11573
341  11562  2   0  11562
342  11564  2   0  11564
343  11562  2   4  11558
344  11564  2   1  11563
345  11578  2   0  11578
346  11576  2   0  11576
347  11576  2   0  11576
348  11574  4   0  1  0  11573
349  11576  2   0  11576
350  11560  2   0  11560
351  11572  2   8  11564
352  11568  2   6  11562
353  11474  2   0  11474
354  11564  2   0  11564
355  11564  2   2  11562
356  11576  2   0  11576
357  11578  3   1  1  11576
358  11576  2   0  11576
359  11576  2   0  11576
360  11576  2   1  11575
361  11576  2   0  11576
362  11576  2   0  11576
363  11566  2   0  11566
364  11578  2   0  11578
365  11576  2   0  11576
366  11566  2   1  11565
367  11484  3   1  0  11483
368  11566  2   0  11566
369  11484  3   0  0  11484
370  11568  2   0  11568
371  11560  2   1  11559
372  11564  2   0  11564
373  11557  4   0  7  7  11543
374  11576  4   0  0  0  11576
375  11576  4   0  0  0  11576
376  11576  3   0  0  11576
377  11565  3   0  1  11564
378  11560  2   1  11559
379  11514  3   1  107  11406
380  11554  2   0  11554
381  11576  2   1  11575
382  11565  3   0  1  11564
383  11488  2   0  11488
384  11578  2   0  11578
385  11557  4   3  0  12  11542
386  11576  3   0  0  11576
387  11576  3   0  0  11576
388  11576  2   0  11576
389  11576  3   1  0  11575
390  11576  3   0  5  11571
391  11563  3   10  1  11552
392  11570  2   0  11570
393  11492  3   0  0  11492
394  11578  2   0  11578
395  11576  4   0  0  0  11576
396  11576  4   0  0  0  11576
397  11576  3   0  0  11576
398  11576  2   0  11576
399  11564  2   0  11564
400  11572  2   1  11571
401  11576  2   0  11576
402  11576  3   0  0  11576
403  11576  2   0  11576
404  11558  3   0  0  11558
405  11578  2   0  11578
406  11558  2   5931  5627
407  11576  2   5  11571
408  11573  3   1  1  11571
409  11578  3   0  0  11578
410  11578  2   0  11578
411  11576  2   0  11576
412  11562  3   0  0  11562
413  11575  3   0  0  11575
414  11498  5   1  0  0  0  11497
415  11570  2   0  11570
416  11576  2   0  11576
417  11560  2   0  11560
418  11578  2   0  11578
419  11577  3   0  0  11577
420  11560  5   0  0  0  0  11560
421  11574  3   0  0  11574
422  11576  3   7  0  11569
423  11554  4   17  9  1  11527
424  11578  3   0  1  11577
425  11550  3   1  109  11440
426  11578  2   290  11288
427  11576  2   0  11576
428  11570  2   0  11570
429  11576  2   1  11575
430  11570  3   0  0  11570
431  11566  2   0  11566
432  11576  3   0  0  11576
433  11578  4   0  0  0  11578
434  11576  2   1  11575
435  11576  3   0  0  11576
436  11574  2   2  11572
437  11570  3   0  0  11570
438  11576  2   1  11575
439  11576  2   1  11575
440  11576  2   1  11575
441  11578  2   2  11576
442  11575  4   0  1  1  11573
443  11574  2   0  11574
444  11562  2   0  11562
445  11492  3   0  0  11492
446  11578  2   2  11576
447  11578  2   0  11578
448  11565  3   0  0  11565
449  11578  2   0  11578
450  11578  2   0  11578
451  11576  2   1  11575
452  11576  2   0  11576
453  11578  3   2  0  11576
454  11496  2   0  11496
455  11578  3   0  0  11578
456  11576  3   0  0  11576
457  11560  3   0  0  11560
458  11576  2   2  11574
459  11570  4   0  0  0  11570
460  11578  4   1  0  0  11577
461  11564  3   0  0  11564
462  11576  2   0  11576
463  11576  3   0  1  11575
464  11576  2   41  11535
465  11574  3   0  0  11574
466  11559  4   0  0  0  11559
467  11576  2   0  11576
468  11564  5   0  1  0  0  11563
469  11578  2   0  11578
470  11486  3   23  0  11463
471  11576  2   0  11576
472  11576  3   0  0  11576
473  11576  3   1  0  11575
474  11578  2   2  11576
475  11574  2   4  11570
476  11572  2   595  10977
477  11576  2   1  11575
478  11578  2   0  11578
479  11576  2   0  11576
480  11576  4   0  0  1  11575
481  11484  2   1  11483
482  11564  2   0  11564
483  11578  3   1  0  11577
484  11576  2   0  11576
485  11478  3   0  0  11478
486  11574  3   0  0  11574
487  11574  3   0  0  11574
488  11576  2   0  11576
489  11576  2   0  11576
490  11578  3   0  0  11578
491  11575  4   0  0  0  11575
492  11576  3   0  9  11567
493  11570  2   0  11570
494  11563  3   0  0  11563
495  11576  4   0  0  0  11576
496  11576  4   2  0  0  11574
497  11576  2   1  11575
498  11548  3   0  0  11548
499  11576  2   0  11576
500  11574  2   0  11574
501  11570  2   0  11570
502  11568  2   2  11566
503  11576  2   0  11576
504  11574  2   0  11574

[pop]=3
1  8654  3   0  7  8647
2  8654  2   0  8654
3  8610  2   0  8610
4  8610  2   0  8610
5  8617  3   0  0  8617
6  8654  4   0  0  0  8654
7  8654  4   0  0  1  8653
8  8654  2   0  8654
9  8654  2   0  8654
10  8618  2   0  8618
11  8650  3   0  0  8650
12  8654  4   0  0  0  8654
13  8654  2   0  8654
14  8654  2   0  8654
15  8654  3   0  0  8654
16  3580  2   0  3580
17  8634  2   0  8634
18  8638  2   0  8638
19  8654  2   0  8654
20  8654  2   0  8654
21  8654  2   0  8654
22  8650  2   0  8650
23  8654  4   0  13  0  8641
24  8638  4   0  0  0  8638
25  8654  2   0  8654
26  8584  2   0  8584
27  8584  2   0  8584
28  8654  2   0  8654
29  8652  2   276  8376
30  8592  3   0  0  8592
31  8648  4   0  0  0  8648
32  8628  2   85  8543
33  8639  3   0  33  8606
34  8654  2   0  8654
35  8654  2   2  8652
36  8654  3   2  0  8652
37  8654  2   2  8652
38  8642  2   0  8642
39  8654  2   0  8654
40  8654  2   0  8654
41  8566  2   0  8566
42  8566  2   0  8566
43  8557  4   0  1  0  8556
44  8578  3   0  0  8578
45  8654  3   0  1  8653
46  8654  3   0  0  8654
47  8654  2   0  8654
48  8638  2   0  8638
49  8586  3   0  2  8584
50  8654  3   0  0  8654
51  8654  3   0  0  8654
52  8558  2   0  8558
53  8558  2   0  8558
54  8654  3   0  0  8654
55  8542  2   0  8542
56  8578  2   0  8578
57  8654  2   0  8654
58  8654  2   0  8654
59  8638  3   1  0  8637
60  8586  2   0  8586
61  8654  2   0  8654
62  8528  2   0  8528
63  8642  3   2  0  8640
64  8646  2   54  8592
65  8608  2   3874  4734
66  8646  2   55  8591
67  8606  2   3871  4735
68  8654  2   1  8653
69  8542  3   0  0  8542
70  8542  3   0  0  8542
71  8513  3   0  0  8513
72  8568  2   0  8568
73  8640  2   0  8640
74  8654  2   1  8653
75  8654  2   0  8654
76  8512  2   0  8512
77  8640  2   0  8640
78  8654  2   0  8654
79  8654  2   0  8654
80  8654  2   0  8654
81  8654  3   0  1  8653
82  8654  3   0  0  8654
83  8642  2   55  8587
84  8654  2   0  8654
85  8640  2   8396  244
86  8412  2   0  8412
87  6532  2   4657  1875
88  8410  5   1  0  1  0  8408
89  8654  2   0  8654
90  8499  3   1  0  8498
91  8534  2   0  8534
92  8642  3   0  0  8642
93  8590  2   0  8590
94  8422  2   0  8422
95  8654  3   0  0  8654
96  8654  2   1  8653
97  8630  2   0  8630
98  8590  2   0  8590
99  8540  2   0  8540
100  8540  2   0  8540
101  8654  3   2  0  8652
102  8508  2   0  8508
103  8517  3   0  0  8517
104  8642  3   0  0  8642
105  8654  2   0  8654
106  8654  2   0  8654
107  8654  2   0  8654
108  8638  2   0  8638
109  8648  2   50  8598
110  8654  2   0  8654
111  8642  2   8575  67
112  8588  2   1  8587
113  8542  2   0  8542
114  8542  2   0  8542
115  8644  3   0  0  8644
116  8652  2   0  8652
117  8654  2   0  8654
118  8652  3   0  0  8652
119  8454  3   0  0  8454
120  8654  2   2  8652
121  8646  2   8  8638
122  8654  2   9  8645
123  8643  3   0  5505  3138
124  8650  2   0  8650
125  8475  4   0  0  1  8474
126  8652  2   0  8652
127  8654  2   2  8652
128  8476  2   0  8476
129  8544  2   0  8544
130  8491  3   0  0  8491
131  8646  2   0  8646
132  8604  2   0  8604
133  8654  2   198  8456
134  8654  2   1  8653
135  8654  2   0  8654
136  8654  2   0  8654
137  8646  3   0  0  8646
138  8640  2   3677  4963
139  8654  2   0  8654
140  8646  3   0  0  8646
141  8646  2   106  8540
142  8574  3   0  0  8574
143  8654  2   11  8643
144  8522  2   0  8522
145  8554  2   0  8554
146  8554  2   0  8554
147  8521  3   0  0  8521
148  8578  3   0  0  8578
149  8484  2   0  8484
150  8654  2   10  8644
151  8652  5   1  0  0  56  8595
152  8520  3   0  0  8520
153  8486  2   0  8486
154  8647  3   0  0  8647
155  8613  3   0  0  8613
156  8558  2   0  8558
157  8558  2   0  8558
158  8522  2   0  8522
159  8654  2   0  8654
160  8532  4   0  0  0  8532
161  8483  3   0  0  8483
162  8646  2   1  8645
163  8654  2   0  8654
164  8654  3   0  0  8654
165  8620  2   0  8620
166  8568  3   0  0  8568
167  8568  3   0  0  8568
168  8612  3   0  0  8612
169  8486  2   1  8485
170  8646  3   0  1  8645
171  8654  3   0  0  8654
172  8654  3   0  0  8654
173  8654  4   0  0  0  8654
174  8654  3   0  1  8653
175  8654  3   0  2  8652
176  8538  2   0  8538
177  8644  3   37  0  8607
178  8654  2   1  8653
179  8654  2   0  8654
180  8652  2   0  8652
181  8654  4   0  0  0  8654
182  8586  3   0  1  8585
183  8586  3   0  1  8585
184  8538  2   0  8538
185  8504  2   0  8504
186  8632  3   0  897  7735
187  8648  2   0  8648
188  8566  2   1  8565
189  8549  3   0  0  8549
190  8554  2   0  8554
191  8645  3   1  0  8644
192  8652  3   0  0  8652
193  8550  2   0  8550
194  8654  2   2  8652
195  8654  2   0  8654
196  8650  3   0  1  8649
197  8620  3   0  0  8620
198  8620  3   0  0  8620
199  8566  2   0  8566
200  8577  3   0  0  8577
201  8648  2   0  8648
202  8650  3   1  0  8649
203  52  2   0  52
204  8652  2   2  8650
205  8628  2   0  8628
206  8576  2   1  8575
207  8624  3   0  0  8624
208  8624  3   0  0  8624
209  8646  2   0  8646
210  8567  4   2  0  0  8565
211  8642  2   0  8642
212  8645  3   0  0  8645
213  8590  3   0  0  8590
214  8574  2   0  8574
215  8628  3   0  0  8628
216  8647  3   0  0  8647
217  8652  3   58  1  8593
218  8642  3   0  2  8640
219  8628  2   0  8628
220  8406  2   0  8406
221  8654  2   0  8654
222  8640  2   0  8640
223  8640  2   0  8640
224  8610  3   0  0  8610
225  8629  4   0  0  0  8629
226  8584  2   0  8584
227  8654  3   3  1  8650
228  8650  2   0  8650
229  8648  2   0  8648
230  8654  2   0  8654
231  8638  2   0  8638
232  8654  3   1  0  8653
233  8644  3   0  1  8643
234  8644  3   0  1  8643
235  8650  3   4  1  8645
236  8649  5   0  0  0  0  8649
237  8654  2   1  8653
238  8654  2   0  8654
239  8650  2   0  8650
240  8628  3   0  0  8628
241  8654  2   1  8653
242  8654  2   0  8654
243  8602  3   0  0  8602
244  8652  2   0  8652
245  8636  2   0  8636
246  8650  2   0  8650
247  8654  2   1  8653
248  8654  3   0  0  8654
249  8654  2   0  8654
250  8600  2   0  8600
251  8652  2   0  8652
252  8648  3   0  0  8648
253  8634  2   0  8634
254  8607  3   0  0  8607
255  8652  2   0  8652
256  8649  3   0  0  8649
257  8654  3   0  0  8654
258  8612  2   0  8612
259  8652  2   0  8652
260  8641  3   9  930  7702
261  8654  2   0  8654
262  8652  2   0  8652
263  8654  2   3  8651
264  8652  2   0  8652
265  8654  2   0  8654
266  8636  2   0  8636
267  8650  2   0  8650
268  8654  2   0  8654
269  8594  3   0  0  8594
270  8654  2   0  8654
271  8654  2   2  8652
272  8654  4   0  0  0  8654
273  8652  2   0  8652
274  8584  2   0  8584
275  8654  3   1  1  8652
276  8650  2   0  8650
277  8648  3   0  1  8647
278  8652  2   6  8646
279  8654  3   0  0  8654
280  8652  2   0  8652
281  8646  2   0  8646
282  8652  2   0  8652
283  8652  3   0  0  8652
284  8654  2   0  8654
285  8653  4   0  85  0  8568
286  8639  3   0  0  8639
287  8654  2   0  8654
288  8652  2   0  8652
289  8652  3   0  0  8652
290  8654  2   0  8654
291  8654  4   0  0  1  8653
292  8652  2   0  8652
293  8640  2   0  8640
294  8652  3   2  0  8650
295  8652  2   0  8652
296  8654  2   0  8654
297  8646  2   0  8646
298  8650  2   0  8650
299  8650  2   3  8647
300  8654  3   1  0  8653
301  8642  2   0  8642
302  8654  2   0  8654
303  8652  2   2  8650
304  8653  4   0  0  0  8653
305  8654  3   0  0  8654
306  8597  3   0  3820  4777
307  8648  3   0  1  8647
308  8648  3   0  0  8648
309  8650  3   0  0  8650
310  8654  2   0  8654
311  8652  3   0  0  8652
312  8654  4   0  0  0  8654
313  8646  2   0  8646
314  8648  2   26  8622
315  8650  3   0  1  8649
316  8653  3   0  0  8653
317  8654  2   0  8654
318  8652  2   0  8652
319  8646  3   0  0  8646
320  8650  2   0  8650
321  8646  3   0  0  8646
322  90  2   0  90
323  8654  2   0  8654
324  8654  2   0  8654
325  8654  2   0  8654
326  8652  2   0  8652
327  8650  2   0  8650
328  8654  3   0  0  8654
329  8648  2   0  8648
330  8642  2   0  8642
331  8654  2   0  8654
332  8640  3   0  0  8640
333  8644  2   0  8644
334  8646  3   1  0  8645
335  8628  5   0  0  0  0  8628
336  8652  2   0  8652
337  8654  2   0  8654
338  8652  3   0  0  8652
339  8654  2   0  8654
340  8654  3   1  4  8649
341  8644  2   0  8644
342  8654  2   1  8653
343  8654  2   0  8654
344  8644  2   0  8644
345  8654  2   0  8654
346  8654  2   0  8654
347  8654  2   0  8654
348  8654  4   1  0  0  8653
349  8650  2   0  8650
350  8646  2   0  8646
351  8654  2   0  8654
352  8652  2   1  8651
353  8602  2   0  8602
354  8644  2   3  8641
355  8652  2   37  8615
356  8650  2   0  8650
357  8654  3   0  0  8654
358  8654  2   0  8654
359  8654  2   0  8654
360  8654  2   13  8641
361  8654  2   0  8654
362  8650  2   1  8649
363  8644  2   0  8644
364  8652  2   0  8652
365  8648  2   0  8648
366  8654  2   3  8651
367  8612  3   0  0  8612
368  8654  2   0  8654
369  8612  3   0  0  8612
370  8644  2   0  8644
371  8650  2   0  8650
372  8652  2   0  8652
373  8652  4   0  0  0  8652
374  8654  4   0  0  0  8654
375  8654  4   0  0  0  8654
376  8648  3   0  0  8648
377  8652  3   3  7  8642
378  8646  2   0  8646
379  8606  3   0  1  8605
380  8636  2   0  8636
381  8654  2   0  8654
382  8646  3   1  0  8645
383  8620  2   0  8620
384  8654  2   0  8654
385  8652  4   1  0  0  8651
386  8652  3   0  0  8652
387  8652  3   0  0  8652
388  8652  2   12  8640
389  8653  3   0  90  8563
390  8647  3   2  0  8645
391  8652  3   2  1  8649
392  8646  2   1  8645
393  8620  3   0  0  8620
394  8654  2   0  8654
395  8652  4   0  0  0  8652
396  8652  4   0  0  0  8652
397  8652  3   0  1  8651
398  8648  2   0  8648
399  8652  2   0  8652
400  8646  2   0  8646
401  8654  2   0  8654
402  8654  3   1  0  8653
403  8648  2   0  8648
404  8649  3   2  0  8647
405  8652  2   0  8652
406  8620  2   3883  4737
407  8654  2   7  8647
408  8647  3   0  0  8647
409  8652  3   1  0  8651
410  8654  2   1  8653
411  8650  2   3  8647
412  8651  3   1  0  8650
413  8649  3   0  0  8649
414  8628  5   0  0  0  4  8624
415  8644  2   0  8644
416  8648  2   0  8648
417  8652  2   0  8652
418  8654  2   0  8654
419  8654  3   0  0  8654
420  8652  5   0  0  3  0  8649
421  8650  3   0  0  8650
422  8650  3   3  0  8647
423  8654  4   0  0  0  8654
424  8654  3   0  0  8654
425  8652  3   0  1  8651
426  8654  2   0  8654
427  8654  2   2  8652
428  8654  2   0  8654
429  8654  2   1  8653
430  8644  3   0  0  8644
431  8654  2   0  8654
432  8654  3   0  0  8654
433  8654  4   0  0  6  8648
434  8650  2   0  8650
435  8648  3   0  0  8648
436  8652  2   0  8652
437  8644  3   0  0  8644
438  8652  2   0  8652
439  8652  2   0  8652
440  8652  2   0  8652
441  8654  2   0  8654
442  8650  4   0  0  0  8650
443  8648  2   1  8647
444  8652  2   0  8652
445  8632  3   0  2  8630
446  8648  2   0  8648
447  8654  2   0  8654
448  8654  3   0  0  8654
449  8654  2   11  8643
450  8654  2   0  8654
451  8650  2   0  8650
452  8654  2   0  8654
453  8654  3   0  0  8654
454  8636  2   0  8636
455  8654  3   0  0  8654
456  8654  3   0  0  8654
457  8652  3   0  0  8652
458  8648  2   0  8648
459  8643  4   0  0  0  8643
460  8654  4   0  0  0  8654
461  8654  3   0  0  8654
462  8650  2   0  8650
463  8654  3   0  0  8654
464  8650  2   0  8650
465  8648  3   0  0  8648
466  8647  4   0  0  0  8647
467  8652  2   0  8652
468  8654  5   0  0  1  1  8652
469  8654  2   0  8654
470  8637  3   0  0  8637
471  8650  2   0  8650
472  8654  3   0  0  8654
473  8654  3   0  0  8654
474  8654  2   0  8654
475  8654  2   0  8654
476  8650  2   224  8426
477  8650  2   1  8649
478  8654  2   0  8654
479  8654  2   0  8654
480  8654  4   0  1  1  8652
481  8642  2   0  8642
482  8654  2   0  8654
483  8654  3   0  0  8654
484  8654  2   0  8654
485  8640  3   0  0  8640
486  8652  3   0  0  8652
487  8652  3   0  0  8652
488  8654  2   0  8654
489  8644  2   0  8644
490  8652  3   0  0  8652
491  8654  4   0  0  1  8653
492  8654  3   0  0  8654
493  8644  2   0  8644
494  8654  3   0  1  8653
495  8652  4   0  1  0  8651
496  8654  4   0  0  0  8654
497  8652  2   0  8652
498  8648  3   0  0  8648
499  8654  2   0  8654
500  8642  2   3  8639
501  8644  2   9  8635
502  8654  2   0  8654
503  8652  2   0  8652
504  8646  2   0  8646

[pop]=4
1  6614  3   0  0  6614
2  6614  2   3  6611
3  6600  2   0  6600
4  6600  2   0  6600
5  6603  3   0  0  6603
6  6594  4   0  0  0  6594
7  6614  4   0  0  0  6614
8  6614  2   0  6614
9  6614  2   3  6611
10  6604  2   0  6604
11  6612  3   0  0  6612
12  6614  4   0  0  0  6614
13  6614  2   0  6614
14  6614  2   0  6614
15  6594  3   0  0  6594
16  5708  2   0  5708
17  6598  2   0  6598
18  6594  2   0  6594
19  6614  2   0  6614
20  6614  2   0  6614
21  6614  2   0  6614
22  6612  2   0  6612
23  6614  4   0  0  0  6614
24  6594  4   0  0  0  6594
25  6594  2   0  6594
26  6600  2   0  6600
27  6600  2   0  6600
28  6614  2   0  6614
29  6614  2   0  6614
30  6586  3   0  0  6586
31  6610  4   0  0  0  6610
32  6562  2   89  6473
33  6601  3   0  11  6590
34  6614  2   0  6614
35  6614  2   14  6600
36  6614  3   0  0  6614
37  6614  2   0  6614
38  6614  2   0  6614
39  6614  2   0  6614
40  6614  2   0  6614
41  6600  2   0  6600
42  6600  2   0  6600
43  6585  4   0  0  0  6585
44  6567  3   0  0  6567
45  6614  3   0  0  6614
46  6614  3   0  0  6614
47  6614  2   0  6614
48  6592  2   0  6592
49  6600  3   0  0  6600
50  6614  3   0  0  6614
51  6614  3   0  0  6614
52  6600  2   0  6600
53  6600  2   0  6600
54  6614  3   0  0  6614
55  6578  2   0  6578
56  6588  2   0  6588
57  6606  2   0  6606
58  6614  2   0  6614
59  6590  3   0  0  6590
60  6602  2   0  6602
61  6614  2   45  6569
62  6586  2   0  6586
63  6607  3   180  0  6427
64  6606  2   3  6603
65  6590  2   2419  4171
66  6606  2   3  6603
67  6584  2   2413  4171
68  6614  2   0  6614
69  6598  3   0  0  6598
70  6598  3   0  0  6598
71  6587  3   0  0  6587
72  6584  2   1  6583
73  6608  2   0  6608
74  6614  2   0  6614
75  6614  2   0  6614
76  6592  2   0  6592
77  6608  2   0  6608
78  6594  2   0  6594
79  6592  2   0  6592
80  6614  2   0  6614
81  6614  3   0  0  6614
82  6592  3   0  0  6592
83  6600  2   4  6596
84  6614  2   0  6614
85  6610  2   5922  688
86  6570  2   0  6570
87  5388  2   1094  4294
88  6578  5   0  0  0  0  6578
89  6614  2   0  6614
90  6591  3   0  0  6591
91  6598  2   0  6598
92  6604  3   0  0  6604
93  6604  2   0  6604
94  6586  2   0  6586
95  6596  3   0  0  6596
96  6614  2   0  6614
97  6568  2   1  6567
98  6604  2   0  6604
99  6596  2   1  6595
100  6596  2   1  6595
101  6594  3   0  0  6594
102  6590  2   0  6590
103  6596  3   0  0  6596
104  6606  3   0  0  6606
105  6614  2   0  6614
106  6614  2   0  6614
107  6614  2   0  6614
108  6606  2   0  6606
109  6612  2   5  6607
110  6614  2   0  6614
111  6596  2   6201  395
112  6604  2   0  6604
113  6596  2   0  6596
114  6596  2   0  6596
115  6606  3   0  0  6606
116  6614  2   0  6614
117  6588  2   0  6588
118  6614  3   0  0  6614
119  6596  3   0  0  6596
120  6614  2   0  6614
121  6608  2   0  6608
122  6614  2   30  6584
123  6613  3   0  4489  2124
124  6614  2   0  6614
125  6591  4   20  0  0  6571
126  6612  2   0  6612
127  6614  2   0  6614
128  6594  2   0  6594
129  6596  2   0  6596
130  6594  3   0  0  6594
131  6610  2   0  6610
132  6612  2   0  6612
133  6614  2   132  6482
134  6614  2   0  6614
135  6614  2   0  6614
136  6614  2   0  6614
137  6605  3   0  0  6605
138  6614  2   503  6111
139  6614  2   0  6614
140  6609  3   0  0  6609
141  6614  2   0  6614
142  6598  3   0  0  6598
143  6614  2   26  6588
144  6600  2   0  6600
145  6596  2   0  6596
146  6596  2   0  6596
147  6600  3   0  56  6544
148  6599  3   0  0  6599
149  6596  2   0  6596
150  6614  2   0  6614
151  6614  5   0  0  0  0  6614
152  6599  3   0  0  6599
153  6596  2   93  6503
154  6599  3   0  0  6599
155  6607  3   0  0  6607
156  6596  2   0  6596
157  6596  2   0  6596
158  6600  2   0  6600
159  6614  2   2  6612
160  6607  4   0  0  0  6607
161  6596  3   0  0  6596
162  6614  2   0  6614
163  6614  2   0  6614
164  6614  3   0  0  6614
165  6612  2   0  6612
166  6596  3   0  0  6596
167  6596  3   0  0  6596
168  6605  3   0  0  6605
169  6594  2   149  6445
170  6614  3   0  0  6614
171  6614  3   0  0  6614
172  6614  3   0  0  6614
173  6614  4   0  0  0  6614
174  6614  3   0  0  6614
175  6614  3   0  0  6614
176  6600  2   0  6600
177  6601  3   0  0  6601
178  6614  2   0  6614
179  6614  2   0  6614
180  6614  2   0  6614
181  6614  4   0  0  0  6614
182  6600  3   0  1  6599
183  6600  3   0  1  6599
184  6600  2   0  6600
185  6596  2   58  6538
186  6597  3   1  1906  4690
187  6614  2   0  6614
188  6606  2   0  6606
189  6601  3   0  0  6601
190  6600  2   0  6600
191  6602  3   0  0  6602
192  6614  3   0  0  6614
193  6602  2   0  6602
194  6614  2   0  6614
195  6614  2   0  6614
196  6612  3   0  0  6612
197  6606  3   0  0  6606
198  6606  3   0  0  6606
199  6602  2   0  6602
200  6600  3   0  0  6600
201  6606  2   0  6606
202  6612  3   0  0  6612
203  8  2   0  8
204  6614  2   0  6614
205  6612  2   0  6612
206  6608  2   0  6608
207  6606  3   0  0  6606
208  6606  3   0  0  6606
209  6532  2   0  6532
210  6602  4   1  0  0  6601
211  6610  2   0  6610
212  6612  3   0  0  6612
213  6610  3   0  0  6610
214  6602  2   0  6602
215  6612  3   0  0  6612
216  6609  3   0  0  6609
217  6614  3   0  0  6614
218  6612  3   0  0  6612
219  6614  2   0  6614
220  5796  2   0  5796
221  6614  2   0  6614
222  6610  2   2  6608
223  6610  2   2  6608
224  6606  3   0  0  6606
225  6614  4   2  0  0  6612
226  6610  2   0  6610
227  6614  3   0  0  6614
228  6610  2   0  6610
229  6614  2   0  6614
230  6614  2   0  6614
231  6608  2   0  6608
232  6614  3   0  0  6614
233  6612  3   0  0  6612
234  6612  3   0  0  6612
235  6609  3   0  0  6609
236  6614  5   0  0  0  0  6614
237  6614  2   1  6613
238  6614  2   0  6614
239  6614  2   0  6614
240  6614  3   0  0  6614
241  6614  2   26  6588
242  6614  2   0  6614
243  6604  3   0  0  6604
244  6614  2   0  6614
245  6610  2   0  6610
246  6614  2   0  6614
247  6614  2   0  6614
248  6614  3   0  0  6614
249  6614  2   0  6614
250  6606  2   0  6606
251  6614  2   0  6614
252  6614  3   0  0  6614
253  6614  2   0  6614
254  6606  3   0  0  6606
255  6614  2   0  6614
256  6610  3   0  0  6610
257  6614  3   2  0  6612
258  6606  2   0  6606
259  6610  2   0  6610
260  6614  3   0  0  6614
261  6614  2   0  6614
262  6614  2   0  6614
263  6614  2   0  6614
264  6614  2   0  6614
265  6614  2   0  6614
266  6614  2   0  6614
267  6588  2   0  6588
268  6612  2   0  6612
269  6599  3   0  0  6599
270  6614  2   0  6614
271  6614  2   0  6614
272  6614  4   0  0  0  6614
273  6614  2   0  6614
274  6598  2   0  6598
275  6614  3   0  0  6614
276  6590  2   0  6590
277  6614  3   0  0  6614
278  6614  2   0  6614
279  6614  3   0  0  6614
280  6614  2   29  6585
281  6614  2   0  6614
282  6614  2   0  6614
283  6614  3   0  0  6614
284  6614  2   0  6614
285  6614  4   0  0  0  6614
286  6606  3   0  0  6606
287  6614  2   0  6614
288  6614  2   1  6613
289  6614  3   0  0  6614
290  6614  2   0  6614
291  6613  4   0  0  0  6613
292  6614  2   0  6614
293  6606  2   0  6606
294  6610  3   0  0  6610
295  6614  2   0  6614
296  6614  2   0  6614
297  6572  2   0  6572
298  6614  2   0  6614
299  6610  2   0  6610
300  6611  3   0  0  6611
301  6606  2   0  6606
302  6614  2   0  6614
303  6608  2   5  6603
304  6604  4   0  0  1  6603
305  6610  3   0  0  6610
306  6567  3   0  3458  3109
307  6614  3   0  0  6614
308  6614  3   0  0  6614
309  6614  3   0  0  6614
310  6610  2   1  6609
311  6614  3   0  0  6614
312  6614  4   0  0  0  6614
313  6614  2   0  6614
314  6614  2   376  6238
315  6614  3   0  0  6614
316  6610  3   0  0  6610
317  6614  2   0  6614
318  6614  2   0  6614
319  6614  3   0  0  6614
320  6614  2   0  6614
321  6614  3   0  0  6614
322  40  2   0  40
323  6614  2   0  6614
324  6614  2   0  6614
325  6614  2   0  6614
326  6614  2   0  6614
327  6614  2   0  6614
328  6609  3   0  0  6609
329  6608  2   0  6608
330  6614  2   1  6613
331  6614  2   0  6614
332  6614  3   0  0  6614
333  6614  2   0  6614
334  6612  3   0  0  6612
335  6614  5   0  0  0  0  6614
336  6614  2   0  6614
337  6614  2   0  6614
338  6614  3   0  0  6614
339  6610  2   0  6610
340  6612  3   0  0  6612
341  6614  2   0  6614
342  6612  2   0  6612
343  6610  2   1  6609
344  6614  2   0  6614
345  6614  2   0  6614
346  6614  2   12  6602
347  6614  2   12  6602
348  6612  4   0  1  0  6611
349  6614  2   0  6614
350  6612  2   0  6612
351  6612  2   0  6612
352  6614  2   0  6614
353  6600  2   0  6600
354  6614  2   0  6614
355  6604  2   86  6518
356  6614  2   0  6614
357  6614  3   0  0  6614
358  6614  2   0  6614
359  6614  2   0  6614
360  6612  2   0  6612
361  6614  2   0  6614
362  6614  2   0  6614
363  6614  2   0  6614
364  6614  2   0  6614
365  6614  2   0  6614
366  6614  2   0  6614
367  6602  3   0  0  6602
368  6614  2   0  6614
369  6602  3   0  0  6602
370  6614  2   0  6614
371  6602  2   0  6602
372  6614  2   0  6614
373  6601  4   0  0  0  6601
374  6614  4   0  0  0  6614
375  6614  4   0  0  0  6614
376  6614  3   0  0  6614
377  6614  3   0  0  6614
378  6608  2   0  6608
379  6612  3   0  0  6612
380  6610  2   4  6606
381  6614  2   0  6614
382  6610  3   0  0  6610
383  6604  2   0  6604
384  6614  2   0  6614
385  6600  4   0  0  0  6600
386  6614  3   0  0  6614
387  6614  3   0  0  6614
388  6612  2   0  6612
389  6614  3   0  0  6614
390  6614  3   0  0  6614
391  6613  3   249  0  6364
392  6610  2   0  6610
393  6604  3   0  0  6604
394  6614  2   0  6614
395  6614  4   0  0  0  6614
396  6614  4   0  0  0  6614
397  6612  3   0  0  6612
398  6614  2   0  6614
399  6614  2   0  6614
400  6610  2   0  6610
401  6614  2   0  6614
402  6614  3   0  0  6614
403  6614  2   0  6614
404  6600  3   0  0  6600
405  6614  2   0  6614
406  6606  2   3517  3089
407  6614  2   0  6614
408  6612  3   0  0  6612
409  6614  3   0  0  6614
410  6614  2   0  6614
411  6608  2   0  6608
412  6613  3   0  0  6613
413  6611  3   0  0  6611
414  6606  5   0  0  0  0  6606
415  6614  2   0  6614
416  6614  2   0  6614
417  6614  2   0  6614
418  6614  2   0  6614
419  6614  3   0  0  6614
420  6606  5   0  1  0  0  6605
421  6614  3   0  0  6614
422  6611  3   0  1  6610
423  6614  4   0  0  0  6614
424  6614  3   0  0  6614
425  6614  3   0  0  6614
426  6614  2   0  6614
427  6614  2   0  6614
428  6614  2   0  6614
429  6612  2   0  6612
430  6614  3   0  0  6614
431  6604  2   0  6604
432  6614  3   0  0  6614
433  6614  4   0  0  0  6614
434  6606  2   0  6606
435  6614  3   0  1  6613
436  6612  2   0  6612
437  6614  3   0  0  6614
438  6614  2   0  6614
439  6614  2   0  6614
440  6614  2   0  6614
441  6614  2   0  6614
442  6606  4   0  0  0  6606
443  6614  2   0  6614
444  6614  2   0  6614
445  6606  3   2  0  6604
446  6614  2   0  6614
447  6614  2   0  6614
448  6606  3   0  0  6606
449  6614  2   0  6614
450  6614  2   0  6614
451  6606  2   0  6606
452  6614  2   0  6614
453  6614  3   0  0  6614
454  6606  2   0  6606
455  6614  3   0  0  6614
456  6614  3   0  0  6614
457  6614  3   0  0  6614
458  6614  2   0  6614
459  6614  4   0  0  0  6614
460  6614  4   0  0  0  6614
461  6606  3   0  1  6605
462  6614  2   0  6614
463  6614  3   0  0  6614
464  6606  2   0  6606
465  6614  3   0  0  6614
466  6612  4   0  0  0  6612
467  6614  2   0  6614
468  6605  5   0  0  0  0  6605
469  6614  2   0  6614
470  6605  3   0  0  6605
471  6614  2   1  6613
472  6614  3   0  0  6614
473  6614  3   0  0  6614
474  6614  2   0  6614
475  6614  2   0  6614
476  6612  2   312  6300
477  6614  2   3  6611
478  6614  2   0  6614
479  6614  2   0  6614
480  6614  4   0  0  0  6614
481  6606  2   0  6606
482  6606  2   0  6606
483  6614  3   0  0  6614
484  6614  2   0  6614
485  6606  3   0  0  6606
486  6614  3   0  0  6614
487  6614  3   0  0  6614
488  6614  2   0  6614
489  6614  2   0  6614
490  6614  3   0  1  6613
491  6614  4   0  0  0  6614
492  6614  3   0  7  6607
493  6614  2   0  6614
494  6606  3   0  1  6605
495  6614  4   0  0  0  6614
496  6614  4   0  0  0  6614
497  6614  2   0  6614
498  6600  3   0  0  6600
499  6614  2   105  6509
500  6614  2   0  6614
501  6614  2   1  6613
502  6606  2   0  6606
503  6614  2   0  6614
504  6614  2   0  6614

[pop]=5
1  66740  3   0  0  66740
2  66740  2   1  66739
3  66098  2   1  66097
4  66098  2   1  66097
5  66281  3   1  1  66279
6  66247  4   1  0  0  66246
7  66739  4   3  0  0  66736
8  66740  2   5  66735
9  66722  2   8  66714
10  66282  2   0  66282
11  66662  3   2  0  66660
12  66740  4   1  1  1  66737
13  66740  2   2  66738
14  66722  2   0  66722
15  66264  3   4  1  66259
16  59366  2   17  59349
17  66302  2   0  66302
18  66302  2   1  66301
19  66740  2   0  66740
20  66718  2   1  66717
21  66720  2   10  66710
22  66642  2   3  66639
23  66731  4   1  1  17  66712
24  66320  4   3  1  0  66316
25  66288  2   3  66285
26  65970  2   13  65957
27  65970  2   13  65957
28  66702  2   0  66702
29  66718  2   1  66717
30  65566  3   1  2  65563
31  66620  4   1  1  0  66618
32  65864  2   1487  64377
33  66666  3   1  92  66573
34  66738  2   3  66735
35  66740  2   5  66735
36  66718  3   24  0  66694
37  66730  2   0  66730
38  65378  2   0  65378
39  66740  2   43  66697
40  66740  2   2  66738
41  65910  2   4  65906
42  65910  2   4  65906
43  65512  4   1  1  0  65510
44  65311  3   0  0  65311
45  66709  3   0  16  66693
46  66738  3   0  1  66737
47  66732  2   2  66730
48  66350  2   0  66350
49  63498  3   1  0  63497
50  66740  3   1  3  66736
51  66740  3   6  0  66734
52  65824  2   2  65822
53  65824  2   2  65822
54  66686  3   0  1  66685
55  65294  2   0  65294
56  65306  2   10  65296
57  66492  2   2  66490
58  66730  2   0  66730
59  66336  3   0  0  66336
60  63334  2   1  63333
61  66740  2   150  66590
62  64998  2   3  64995
63  66582  3   1597  0  64985
64  66502  2   275  66227
65  66558  2   25753  40805
66  66506  2   277  66229
67  66548  2   25744  40804
68  66740  2   0  66740
69  65697  3   3  1  65693
70  65697  3   3  1  65693
71  65101  3   0  2  65099
72  65100  2   5  65095
73  66600  2   3  66597
74  66628  2   2  66626
75  66740  2   14  66726
76  65284  2   2  65282
77  66584  2   0  66584
78  66670  2   3  66667
79  66658  2   0  66658
80  66562  2   2  66560
81  66740  3   2  0  66738
82  66664  3   1  2  66661
83  66524  2   109  66415
84  66738  2   3  66735
85  66436  2   55849  10587
86  62436  2   0  62436
87  57590  2   9059  48531
88  62573  5   3  1  0  0  62569
89  66740  2   0  66740
90  65324  3   1  1  65322
91  65670  2   1  65669
92  66570  3   4  1  66565
93  63796  2   2  63794
94  62702  2   2  62700
95  66660  3   1  1  66658
96  66738  2   1  66737
97  65822  2   1  65821
98  63856  2   2  63854
99  65668  2   12  65656
100  65668  2   12  65656
101  66654  3   0  0  66654
102  65412  2   0  65412
103  65742  3   1  0  65741
104  66562  3   1  2  66559
105  66738  2   0  66738
106  66688  2   2  66686
107  66738  2   1  66737
108  66566  2   3  66563
109  66610  2   140  66470
110  66740  2   0  66740
111  66396  2   60210  6186
112  63952  2   0  63952
113  65750  2   1  65749
114  65750  2   1  65749
115  66567  3   5  3  66559
116  66398  2   0  66398
117  66620  2   0  66620
118  66393  3   0  0  66393
119  62973  3   0  0  62973
120  66740  2   0  66740
121  66572  2   0  66572
122  66736  2   1128  65608
123  66736  3   1  43466  23269
124  66332  2   2  66330
125  63144  4   21  1  1  63121
126  66672  2   11  66661
127  66740  2   1  66739
128  63178  2   8  63170
129  65984  2   0  65984
130  63240  3   4  1  63235
131  66566  2   3  66563
132  64442  2   4  64438
133  66734  2   3976  62758
134  66740  2   0  66740
135  66726  2   0  66726
136  66740  2   1  66739
137  66553  3   1  1  66551
138  66300  2   2279  64021
139  66732  2   4  66728
140  66565  3   1  1  66563
141  66320  2   0  66320
142  66204  3   1  1  66202
143  66740  2   479  66261
144  63380  2   4  63376
145  66048  2   1  66047
146  66048  2   1  66047
147  63480  3   0  11  63469
148  66249  3   1  1  66247
149  65906  2   0  65906
150  66724  2   0  66724
151  66714  5   0  1  1  0  66712
152  63522  3   2  1  63519
153  65880  2   305  65575
154  66511  3   2  8  66501
155  64142  3   1  5  64136
156  66078  2   2  66076
157  66078  2   2  66076
158  63616  2   1  63615
159  66734  2   109  66625
160  63447  4   1  21  1  63424
161  65768  3   1  2  65765
162  66314  2   45  66269
163  66728  2   2  66726
164  66734  3   0  8  66726
165  64472  2   0  64472
166  66136  3   1  0  66135
167  66136  3   1  0  66135
168  66454  3   3  95  66356
169  65716  2   177  65539
170  66318  3   1  5  66312
171  66730  3   5  0  66725
172  66739  3   1  1  66737
173  66734  4   0  1  0  66733
174  66736  3   0  0  66736
175  66740  3   0  0  66740
176  63776  2   7  63769
177  66507  3   9  3  66495
178  66732  2   0  66732
179  66740  2   0  66740
180  66712  2   0  66712
181  66740  4   0  1  1  66738
182  66274  3   1  98  66175
183  66274  3   1  98  66175
184  63824  2   0  63824
185  65930  2   1636  64294
186  66513  3   110  12098  54305
187  66338  2   1  66337
188  63610  2   9  63601
189  63871  3   1  1  63869
190  63926  2   3  63923
191  66561  3   0  0  66561
192  66717  3   1  5  66711
193  63848  2   3  63845
194  66736  2   1  66735
195  66734  2   6  66728
196  66712  3   1  0  66711
197  66437  3   0  2  66435
198  66437  3   0  2  66435
199  63902  2   3  63899
200  66227  3   0  1  66226
201  66578  2   2  66576
202  66714  3   0  1  66713
203  320  2   0  320
204  66272  2   1  66271
205  64996  2   2  64994
206  63708  2   0  63708
207  66456  3   1  0  66455
208  66456  3   1  0  66455
209  66508  2   3  66505
210  63882  4   23  0  6  63853
211  66620  2   133  66487
212  66706  3   1  1  66704
213  63720  3   1  3  63716
214  63804  2   0  63804
215  65152  3   7  0  65145
216  66591  3   1  1  66589
217  66738  3   0  0  66738
218  66704  3   1  0  66703
219  65338  2   1  65337
220  60720  2   0  60720
221  66732  2   0  66732
222  66534  2   5  66529
223  66534  2   5  66529
224  66433  3   1  0  66432
225  65406  4   0  2  0  65404
226  63620  2   5  63615
227  66740  3   0  0  66740
228  66596  2   1  66595
229  66300  2   14  66286
230  66738  2   1  66737
231  66672  2   1  66671
232  66740  3   1  2  66737
233  66578  3   1  0  66577
234  66578  3   1  0  66577
235  66589  3   0  3  66586
236  66298  5   45  2  1  1  66249
237  66736  2   0  66736
238  66740  2   0  66740
239  66290  2   0  66290
240  64282  3   0  3  64279
241  65558  2   204  65354
242  66740  2   3  66737
243  64254  3   0  0  64254
244  66688  2   1  66687
245  66628  2   4  66624
246  66304  2   1  66303
247  66734  2   0  66734
248  66720  3   4  1  66715
249  66740  2   0  66740
250  64342  2   2  64340
251  66698  2   1  66697
252  66322  3   44  1  66277
253  65726  2   1  65725
254  64413  3   3  3  64407
255  66696  2   2  66694
256  66629  3   1  0  66628
257  66728  3   15  0  66713
258  64456  2   0  64456
259  66630  2   0  66630
260  66731  3   0  36  66695
261  66726  2   1  66725
262  66704  2   6  66698
263  66722  2   0  66722
264  66698  2   5  66693
265  66676  2   9  66667
266  65842  2   0  65842
267  66596  2   4  66592
268  66734  2   0  66734
269  66524  3   0  4  66520
270  66736  2   1  66735
271  66738  2   2  66736
272  66713  4   1  1  0  66711
273  66670  2   2  66668
274  66472  2   0  66472
275  66738  3   6  2  66730
276  66608  2   0  66608
277  66229  3   0  2  66227
278  66646  2   0  66646
279  66733  3   0  0  66733
280  66736  2   1  66735
281  66214  2   0  66214
282  66690  2   2  66688
283  66632  3   1  3  66628
284  66730  2   4  66726
285  66729  4   1  178  1  66549
286  65423  3   0  0  65423
287  66718  2   0  66718
288  66208  2   7  66201
289  66686  3   1  1  66684
290  66734  2   86  66648
291  66729  4   36  6  0  66687
292  66738  2   2  66736
293  65524  2   6  65518
294  66665  3   0  1  66664
295  66566  2   0  66566
296  66708  2   2  66706
297  66458  2   2  66456
298  66708  2   2  66706
299  66658  2   3  66655
300  66728  3   3  8  66717
301  65592  2   0  65592
302  66724  2   0  66724
303  66664  2   1  66663
304  66639  4   3  0  81  66555
305  66727  3   2  2  66723
306  66195  3   1  35534  30660
307  66120  3   2  0  66118
308  66618  3   7  0  66611
309  66389  3   0  1  66388
310  66726  2   26  66700
311  66736  3   1  0  66735
312  66700  4   1  5  14  66680
313  66080  2   3  66077
314  66524  2   5640  60884
315  66324  3   2  0  66322
316  66726  3   0  0  66726
317  66718  2   0  66718
318  66734  2   3  66731
319  66064  3   1  1  66062
320  66168  2   2  66166
321  66008  3   0  6  66002
322  756  2   1  755
323  66692  2   0  66692
324  66692  2   0  66692
325  66728  2   2  66726
326  66686  2   1  66685
327  66710  2   1  66709
328  66663  3   1  1  66661
329  66432  2   0  66432
330  65868  2   66  65802
331  66656  2   2  66654
332  65790  3   1  0  65789
333  66096  2   2  66094
334  66252  3   0  1  66251
335  65336  5   1  0  0  1  65334
336  66572  2   0  66572
337  66556  2   0  66556
338  66603  3   1  0  66602
339  66684  2   2  66682
340  66023  3   0  0  66023
341  66116  2   2  66114
342  66684  2   1  66683
343  65950  2   89  65861
344  66124  2   0  66124
345  66382  2   1  66381
346  66698  2   3  66695
347  66698  2   3  66695
348  66219  4   0  8  0  66211
349  66698  2   0  66698
350  66166  2   2  66164
351  66228  2   29  66199
352  66686  2   2  66684
353  66458  2   0  66458
354  66152  2   1  66151
355  66714  2   138  66576
356  66694  2   10  66684
357  66268  3   0  1  66267
358  66700  2   7  66693
359  66700  2   7  66693
360  66270  2   0  66270
361  66724  2   0  66724
362  66690  2   1  66689
363  66156  2   3  66153
364  66732  2   16  66716
365  66692  2   2  66690
366  66664  2   0  66664
367  66522  3   1  1  66520
368  66670  2   3  66667
369  66534  3   0  20  66514
370  66172  2   1  66171
371  66694  2   1  66693
372  66668  2   0  66668
373  66693  4   2  0  2  66689
374  66698  4   1  0  0  66697
375  66698  4   0  1  0  66697
376  66688  3   0  0  66688
377  66660  3   2  2  66656
378  65506  2   0  65506
379  64164  3   2  38  64124
380  66160  2   11  66149
381  66722  2   0  66722
382  65606  3   6  116  65484
383  66562  2   0  66562
384  66538  2   1  66537
385  66690  4   2  3  3  66682
386  66695  3   0  0  66695
387  66695  3   0  0  66695
388  66486  2   0  66486
389  66722  3   0  19  66703
390  66682  3   0  6  66676
391  66657  3   462  0  66195
392  65732  2   1  65731
393  66581  3   0  0  66581
394  66588  2   3  66585
395  66696  4   3  10  0  66683
396  66696  4   3  10  0  66683
397  66472  3   0  0  66472
398  66684  2   0  66684
399  66662  2   0  66662
400  65828  2   1  65827
401  66546  2   3  66543
402  66722  3   0  2  66720
403  66686  2   2  66684
404  66666  3   2  2  66662
405  66738  2   0  66738
406  66550  2   35906  30644
407  66544  2   18  66526
408  65934  3   0  1  65933
409  66734  3   8  1  66725
410  66694  2   11  66683
411  66518  2   1  66517
412  66664  3   0  5  66659
413  66102  3   4  1  66097
414  66586  5   0  0  0  3  66583
415  66244  2   6  66238
416  66680  2   8  66672
417  66648  2   3  66645
418  66692  2   2  66690
419  66722  3   1  0  66721
420  66690  5   0  7  6  1  66676
421  66638  3   2  0  66636
422  66523  3   0  0  66523
423  66088  4   3  6  4  66075
424  66726  3   0  0  66726
425  65566  3   0  191  65375
426  66686  2   2  66684
427  66546  2   0  66546
428  66154  2   3  66151
429  66724  2   1  66723
430  66245  3   1  3  66241
431  66714  2   2  66712
432  66736  3   2  0  66734
433  66687  4   7  1  1  66678
434  66532  2   0  66532
435  66677  3   0  29  66648
436  66602  2   0  66602
437  66254  3   1  2  66251
438  66642  2   0  66642
439  66684  2   3  66681
440  66684  2   3  66681
441  66682  2   0  66682
442  66551  4   2  0  1  66548
443  66664  2   1  66663
444  66668  2   3  66665
445  66593  3   0  0  66593
446  66606  2   0  66606
447  66696  2   2  66694
448  66712  3   0  1  66711
449  66736  2   7  66729
450  66682  2   2  66680
451  66568  2   47  66521
452  66476  2   0  66476
453  66730  3   0  1  66729
454  66580  2   2  66578
455  66680  3   1  1  66678
456  66724  3   0  0  66724
457  66658  3   1  1  66656
458  66588  2   1  66587
459  66258  4   1  1  2  66254
460  66685  4   1  2  1  66681
461  66715  3   3  0  66712
462  66728  2   12  66716
463  66556  3   1  0  66555
464  66572  2   17  66555
465  66644  3   1  0  66643
466  66645  4   0  1  0  66644
467  66658  2   13  66645
468  66720  5   1  0  0  0  66719
469  66734  2   0  66734
470  66569  3   0  0  66569
471  66732  2   1  66731
472  66673  3   0  0  66673
473  66638  3   0  0  66638
474  66734  2   0  66734
475  66496  2   11  66485
476  66734  2   1052  65682
477  66734  2   110  66624
478  66672  2   0  66672
479  66556  2   0  66556
480  66680  4   4  0  1  66675
481  66540  2   0  66540
482  66724  2   0  66724
483  66667  3   1  3  66663
484  66552  2   2  66550
485  66525  3   1  0  66524
486  66649  3   1  0  66648
487  66649  3   1  0  66648
488  66702  2   0  66702
489  66714  2   0  66714
490  66726  3   1  4  66721
491  66711  4   2  1  3  66705
492  66598  3   1  142  66455
493  66282  2   6  66276
494  66719  3   2  1  66716
495  66736  4   4  0  1  66731
496  66705  4   1  1  0  66703
497  66736  2   2  66734
498  65788  3   1  1  65786
499  66718  2   99  66619
500  66502  2   1  66501
501  66280  2   10  66270
502  66724  2   0  66724
503  66720  2   5  66715
504  66572  2   0  66572

[pop]=6
1  906  3   0  0  906
2  906  2   0  906
3  900  2   0  900
4  900  2   0  900
5  902  3   0  0  902
6  900  4   0  0  0  900
7  906  4   0  0  0  906
8  908  2   0  908
9  908  2   0  908
10  902  2   0  902
11  904  3   0  0  904
12  908  4   0  0  0  908
13  908  2   0  908
14  908  2   0  908
15  900  3   0  0  900
16  782  2   0  782
17  906  2   0  906
18  904  2   0  904
19  908  2   0  908
20  908  2   0  908
21  908  2   0  908
22  904  2   0  904
23  908  4   0  1  0  907
24  906  4   0  0  0  906
25  902  2   0  902
26  900  2   0  900
27  900  2   0  900
28  908  2   0  908
29  908  2   0  908
30  902  3   0  0  902
31  902  4   0  0  0  902
32  896  2   22  874
33  904  3   0  7  897
34  908  2   0  908
35  906  2   0  906
36  908  3   3  0  905
37  906  2   0  906
38  896  2   0  896
39  908  2   0  908
40  906  2   0  906
41  896  2   0  896
42  896  2   0  896
43  895  4   0  0  0  895
44  900  3   0  1  899
45  908  3   0  0  908
46  908  3   0  0  908
47  906  2   0  906
48  906  2   0  906
49  876  3   0  0  876
50  908  3   0  0  908
51  906  3   0  0  906
52  894  2   0  894
53  894  2   0  894
54  908  3   0  0  908
55  894  2   0  894
56  902  2   0  902
57  904  2   0  904
58  906  2   0  906
59  906  3   0  0  906
60  876  2   0  876
61  908  2   2  906
62  890  2   0  890
63  903  3   16  0  887
64  904  2   2  902
65  906  2   366  540
66  904  2   2  902
67  906  2   366  540
68  908  2   0  908
69  894  3   0  0  894
70  894  3   0  0  894
71  898  3   0  0  898
72  902  2   0  902
73  904  2   0  904
74  906  2   0  906
75  908  2   0  908
76  898  2   0  898
77  904  2   0  904
78  906  2   0  906
79  904  2   0  904
80  906  2   0  906
81  908  3   0  0  908
82  906  3   0  0  906
83  904  2   5  899
84  908  2   0  908
85  904  2   779  125
86  854  2   0  854
87  784  2   233  551
88  864  5   0  0  0  0  864
89  908  2   0  908
90  899  3   0  0  899
91  902  2   0  902
92  906  3   0  0  906
93  884  2   0  884
94  866  2   0  866
95  904  3   0  0  904
96  908  2   0  908
97  894  2   0  894
98  886  2   0  886
99  894  2   0  894
100  894  2   0  894
101  906  3   0  0  906
102  900  2   0  900
103  900  3   0  0  900
104  905  3   0  0  905
105  908  2   0  908
106  908  2   0  908
107  908  2   0  908
108  906  2   0  906
109  906  2   2  904
110  908  2   0  908
111  902  2   824  78
112  886  2   0  886
113  894  2   0  894
114  894  2   0  894
115  906  3   0  0  906
116  902  2   1  901
117  906  2   0  906
118  900  3   0  0  900
119  874  3   0  0  874
120  908  2   0  908
121  906  2   0  906
122  908  2   11  897
123  908  3   0  587  321
124  898  2   0  898
125  876  4   1  0  0  875
126  906  2   0  906
127  908  2   0  908
128  876  2   0  876
129  902  2   0  902
130  876  3   1  0  875
131  906  2   0  906
132  888  2   0  888
133  908  2   42  866
134  908  2   0  908
135  908  2   0  908
136  908  2   0  908
137  906  3   0  0  906
138  896  2   82  814
139  908  2   0  908
140  906  3   0  0  906
141  896  2   2  894
142  902  3   0  0  902
143  908  2   3  905
144  880  2   0  880
145  896  2   0  896
146  896  2   0  896
147  880  3   0  0  880
148  902  3   0  0  902
149  900  2   0  900
150  908  2   0  908
151  908  5   0  1  0  0  907
152  880  3   0  0  880
153  900  2   6  894
154  906  3   0  1  905
155  887  3   0  0  887
156  898  2   0  898
157  898  2   0  898
158  884  2   0  884
159  908  2   0  908
160  882  4   0  0  0  882
161  900  3   0  0  900
162  894  2   0  894
163  908  2   0  908
164  908  3   0  1  907
165  886  2   0  886
166  900  3   0  0  900
167  900  3   0  0  900
168  906  3   0  4  902
169  898  2   5  893
170  894  3   0  0  894
171  908  3   0  0  908
172  908  3   0  0  908
173  908  4   0  0  0  908
174  908  3   0  0  908
175  908  3   0  0  908
176  888  2   0  888
177  905  3   0  1  904
178  908  2   0  908
179  908  2   0  908
180  908  2   0  908
181  908  4   0  0  0  908
182  902  3   0  1  901
183  902  3   0  1  901
184  888  2   0  888
185  898  2   15  883
186  906  3   7  169  730
187  896  2   0  896
188  884  2   0  884
189  888  3   0  0  888
190  888  2   0  888
191  906  3   0  0  906
192  908  3   0  1  907
193  886  2   0  886
194  908  2   0  908
195  908  2   0  908
196  908  3   0  0  908
197  904  3   0  0  904
198  904  3   0  0  904
199  884  2   0  884
200  902  3   0  0  902
201  906  2   0  906
202  908  3   1  0  907
203  10  2   0  10
204  908  2   0  908
205  892  2   0  892
206  884  2   0  884
207  904  3   0  0  904
208  904  3   0  0  904
209  898  2   0  898
210  885  4   0  0  0  885
211  906  2   0  906
212  908  3   0  0  908
213  886  3   0  0  886
214  882  2   0  882
215  892  3   0  0  892
216  906  3   0  0  906
217  908  3   0  0  908
218  908  3   0  0  908
219  894  2   0  894
220  810  2   0  810
221  906  2   0  906
222  904  2   0  904
223  904  2   0  904
224  906  3   0  0  906
225  894  4   0  0  0  894
226  882  2   0  882
227  908  3   0  0  908
228  906  2   0  906
229  898  2   0  898
230  908  2   0  908
231  908  2   0  908
232  908  3   0  0  908
233  904  3   0  0  904
234  904  3   0  0  904
235  906  3   0  0  906
236  897  5   0  0  0  0  897
237  908  2   0  908
238  908  2   0  908
239  896  2   0  896
240  890  3   0  0  890
241  900  2   1  899
242  906  2   0  906
243  886  3   0  0  886
244  906  2   0  906
245  908  2   0  908
246  898  2   0  898
247  908  2   0  908
248  908  3   0  0  908
249  908  2   0  908
250  886  2   0  886
251  906  2   0  906
252  896  3   1  0  895
253  896  2   0  896
254  887  3   0  0  887
255  906  2   0  906
256  906  3   0  0  906
257  906  3   0  0  906
258  888  2   0  888
259  906  2   0  906
260  906  3   0  9  897
261  908  2   0  908
262  906  2   0  906
263  906  2   0  906
264  906  2   0  906
265  906  2   0  906
266  898  2   0  898
267  900  2   0  900
268  908  2   0  908
269  908  3   0  0  908
270  906  2   0  906
271  908  2   0  908
272  906  4   0  0  0  906
273  904  2   0  904
274  908  2   0  908
275  908  3   0  0  908
276  902  2   0  902
277  900  3   0  0  900
278  904  2   0  904
279  906  3   0  0  906
280  906  2   1  905
281  900  2   0  900
282  906  2   0  906
283  904  3   0  0  904
284  906  2   0  906
285  908  4   0  1  0  907
286  896  3   0  0  896
287  906  2   0  906
288  900  2   0  900
289  906  3   0  0  906
290  908  2   2  906
291  906  4   2  0  0  904
292  906  2   0  906
293  896  2   0  896
294  906  3   0  0  906
295  904  2   0  904
296  906  2   0  906
297  894  2   0  894
298  908  2   0  908
299  906  2   0  906
300  906  3   0  0  906
301  896  2   0  896
302  908  2   0  908
303  906  2   0  906
304  904  4   0  0  0  904
305  906  3   0  0  906
306  892  3   0  483  409
307  902  3   0  0  902
308  904  3   1  0  903
309  898  3   0  0  898
310  906  2   1  905
311  906  3   0  0  906
312  906  4   0  0  1  905
313  902  2   0  902
314  902  2   69  833
315  896  3   0  0  896
316  906  3   0  0  906
317  906  2   0  906
318  906  2   0  906
319  902  3   0  0  902
320  896  2   0  896
321  900  3   0  0  900
322  18  2   0  18
323  904  2   0  904
324  904  2   0  904
325  908  2   0  908
326  906  2   0  906
327  908  2   0  908
328  904  3   0  0  904
329  902  2   0  902
330  872  2   0  872
331  904  2   0  904
332  898  3   0  0  898
333  902  2   0  902
334  896  3   0  0  896
335  846  5   0  0  1  0  845
336  906  2   0  906
337  906  2   0  906
338  904  3   0  0  904
339  906  2   0  906
340  900  3   0  0  900
341  902  2   0  902
342  906  2   0  906
343  898  2   3  895
344  902  2   0  902
345  904  2   0  904
346  904  2   0  904
347  904  2   0  904
348  900  4   0  0  0  900
349  908  2   0  908
350  888  2   0  888
351  900  2   0  900
352  906  2   0  906
353  906  2   0  906
354  902  2   0  902
355  906  2   8  898
356  908  2   0  908
357  904  3   0  0  904
358  904  2   0  904
359  904  2   0  904
360  900  2   0  900
361  908  2   0  908
362  908  2   0  908
363  902  2   0  902
364  906  2   0  906
365  908  2   0  908
366  904  2   0  904
367  906  3   0  0  906
368  906  2   0  906
369  906  3   0  0  906
370  902  2   0  902
371  906  2   0  906
372  906  2   0  906
373  905  4   0  0  0  905
374  906  4   0  0  0  906
375  906  4   0  0  0  906
376  908  3   0  0  908
377  906  3   0  0  906
378  890  2   0  890
379  832  3   1  6  825
380  888  2   0  888
381  908  2   0  908
382  890  3   0  0  890
383  906  2   0  906
384  904  2   0  904
385  906  4   0  0  0  906
386  906  3   0  0  906
387  906  3   0  0  906
388  904  2   0  904
389  908  3   0  1  907
390  908  3   0  1  907
391  906  3   9  0  897
392  892  2   0  892
393  906  3   0  0  906
394  904  2   0  904
395  906  4   0  0  0  906
396  906  4   0  0  0  906
397  902  3   0  0  902
398  908  2   0  908
399  906  2   0  906
400  890  2   0  890
401  904  2   0  904
402  908  3   0  0  908
403  908  2   0  908
404  906  3   0  0  906
405  906  2   0  906
406  900  2   465  435
407  904  2   0  904
408  891  3   0  0  891
409  906  3   0  0  906
410  906  2   0  906
411  906  2   0  906
412  906  3   0  0  906
413  895  3   0  0  895
414  906  5   0  0  0  0  906
415  902  2   0  902
416  908  2   0  908
417  906  2   0  906
418  906  2   0  906
419  906  3   0  0  906
420  906  5   0  0  0  0  906
421  908  3   0  0  908
422  901  3   0  0  901
423  902  4   2  0  0  900
424  906  3   0  0  906
425  882  3   0  10  872
426  906  2   0  906
427  904  2   0  904
428  902  2   0  902
429  906  2   0  906
430  902  3   0  0  902
431  906  2   0  906
432  906  3   0  0  906
433  906  4   0  0  0  906
434  906  2   0  906
435  908  3   0  1  907
436  902  2   0  902
437  902  3   0  0  902
438  904  2   0  904
439  906  2   0  906
440  906  2   0  906
441  906  2   0  906
442  906  4   0  0  0  906
443  908  2   0  908
444  906  2   0  906
445  906  3   0  0  906
446  906  2   0  906
447  908  2   0  908
448  906  3   0  0  906
449  906  2   0  906
450  906  2   0  906
451  906  2   2  904
452  904  2   0  904
453  906  3   0  0  906
454  906  2   0  906
455  906  3   0  0  906
456  908  3   0  0  908
457  908  3   0  0  908
458  906  2   0  906
459  902  4   0  0  0  902
460  908  4   0  0  0  908
461  906  3   0  0  906
462  908  2   0  908
463  906  3   0  0  906
464  906  2   2  904
465  908  3   0  0  908
466  908  4   0  0  0  908
467  904  2   0  904
468  906  5   0  0  0  0  906
469  906  2   0  906
470  906  3   0  0  906
471  908  2   0  908
472  904  3   0  0  904
473  906  3   0  0  906
474  906  2   0  906
475  906  2   0  906
476  906  2   18  888
477  908  2   4  904
478  906  2   0  906
479  904  2   0  904
480  906  4   0  0  0  906
481  904  2   0  904
482  906  2   0  906
483  908  3   0  0  908
484  904  2   0  904
485  904  3   0  0  904
486  906  3   0  0  906
487  906  3   0  0  906
488  906  2   0  906
489  906  2   0  906
490  906  3   0  0  906
491  906  4   0  0  0  906
492  906  3   0  2  904
493  902  2   0  902
494  906  3   0  0  906
495  908  4   0  0  0  908
496  906  4   0  0  0  906
497  908  2   1  907
498  902  3   0  0  902
499  906  2   9  897
500  906  2   0  906
501  902  2   0  902
502  906  2   0  906
503  906  2   0  906
504  908  2   0  908

[pop]=7
1  16512  3   0  0  16512
2  16512  2   0  16512
3  16490  2   5  16485
4  16490  2   5  16485
5  16508  3   0  0  16508
6  16398  4   0  1  3  16394
7  16512  4   7  0  1  16504
8  16512  2   0  16512
9  16512  2   0  16512
10  16508  2   0  16508
11  16510  3   0  0  16510
12  16512  4   0  1  0  16511
13  16512  2   0  16512
14  16512  2   0  16512
15  16398  3   0  0  16398
16  12444  2   0  12444
17  16376  2   5  16371
18  16378  2   0  16378
19  16512  2   8  16504
20  16512  2   0  16512
21  16512  2   2  16510
22  16510  2   0  16510
23  16508  4   0  1  1  16506
24  16375  4   1  0  0  16374
25  16400  2   0  16400
26  16486  2   1  16485
27  16486  2   1  16485
28  16512  2   10  16502
29  16512  2   4  16508
30  16494  3   3  0  16491
31  16510  4   0  1  3  16506
32  16156  2   294  15862
33  16492  3   7  539  15946
34  16512  2   1  16511
35  16512  2   2  16510
36  16500  3   0  1  16499
37  16510  2   0  16510
38  16470  2   4  16466
39  16512  2   1  16511
40  16512  2   0  16512
41  16476  2   0  16476
42  16476  2   0  16476
43  16475  4   0  1  4  16470
44  16486  3   1  0  16485
45  16490  3   0  0  16490
46  16512  3   1  0  16511
47  16510  2   0  16510
48  16338  2   0  16338
49  16506  3   1  0  16505
50  16512  3   0  0  16512
51  16512  3   1  1  16510
52  16476  2   3  16473
53  16476  2   3  16473
54  16506  3   0  0  16506
55  16466  2   0  16466
56  16484  2   0  16484
57  16448  2   0  16448
58  16510  2   0  16510
59  16320  3   0  0  16320
60  16504  2   2  16502
61  16512  2   0  16512
62  16454  2   0  16454
63  16510  3   241  2  16267
64  16444  2   27  16417
65  16482  2   6488  9994
66  16444  2   25  16419
67  16478  2   6486  9992
68  16512  2   3  16509
69  16470  3   0  0  16470
70  16470  3   0  0  16470
71  16454  3   1  0  16453
72  16476  2   0  16476
73  16510  2   0  16510
74  16330  2   1  16329
75  16512  2   1  16511
76  16452  2   0  16452
77  16508  2   1  16507
78  16510  2   0  16510
79  16510  2   5  16505
80  16214  2   0  16214
81  16512  3   0  0  16512
82  16512  3   0  0  16512
83  16418  2   121  16297
84  16512  2   0  16512
85  16456  2   14497  1959
86  16458  2   1  16457
87  14426  2   9195  5231
88  16458  5   0  0  1  0  16457
89  16512  2   0  16512
90  16453  3   0  0  16453
91  16468  2   0  16468
92  16510  3   0  1  16509
93  16506  2   0  16506
94  16466  2   0  16466
95  16510  3   0  0  16510
96  16512  2   0  16512
97  15150  2   0  15150
98  16504  2   0  16504
99  16468  2   0  16468
100  16468  2   0  16468
101  16512  3   0  2  16510
102  16456  2   0  16456
103  16465  3   0  1  16464
104  16510  3   0  0  16510
105  16512  2   0  16512
106  16512  2   0  16512
107  16512  2   1  16511
108  16510  2   0  16510
109  16364  2   39  16325
110  16512  2   2  16510
111  16398  2   15081  1317
112  16504  2   0  16504
113  16468  2   2  16466
114  16468  2   2  16466
115  16510  3   0  1  16509
116  15830  2   0  15830
117  16512  2   0  16512
118  15807  3   0  0  15807
119  16479  3   1  0  16478
120  16512  2   0  16512
121  16510  2   0  16510
122  16512  2   622  15890
123  16510  3   0  8423  8087
124  15632  2   0  15632
125  16482  4   0  0  0  16482
126  16502  2   0  16502
127  16512  2   0  16512
128  16484  2   1  16483
129  16464  2   0  16464
130  16484  3   0  0  16484
131  16510  2   0  16510
132  16504  2   0  16504
133  16512  2   689  15823
134  16512  2   0  16512
135  16512  2   4  16508
136  16512  2   1  16511
137  16509  3   1  0  16508
138  15566  2   2204  13362
139  16512  2   3  16509
140  16510  3   0  0  16510
141  15564  2   0  15564
142  16466  3   0  0  16466
143  16512  2   15  16497
144  16488  2   0  16488
145  16466  2   1  16465
146  16466  2   1  16465
147  16490  3   0  0  16490
148  16466  3   0  0  16466
149  16452  2   0  16452
150  16510  2   0  16510
151  16510  5   0  1  0  9  16500
152  16491  3   0  0  16491
153  16454  2   45  16409
154  16510  3   0  0  16510
155  16504  3   0  0  16504
156  16462  2   2  16460
157  16462  2   2  16460
158  16498  2   106  16392
159  16512  2   0  16512
160  16488  4   0  0  0  16488
161  16454  3   0  0  16454
162  15496  2   1  15495
163  16510  2   0  16510
164  16512  3   1  0  16511
165  16504  2   7  16497
166  16468  3   0  1  16467
167  16468  3   0  1  16467
168  16474  3   0  37  16437
169  16452  2   0  16452
170  15510  3   3  0  15507
171  16510  3   0  3  16507
172  16512  3   0  0  16512
173  16512  4   0  0  0  16512
174  16512  3   35  0  16477
175  16512  3   1  0  16511
176  16502  2   0  16502
177  16510  3   0  0  16510
178  16510  2   0  16510
179  16512  2   2  16510
180  16510  2   0  16510
181  16512  4   0  0  0  16512
182  16472  3   0  0  16472
183  16472  3   0  0  16472
184  16502  2   0  16502
185  16452  2   138  16314
186  16509  3   85  2725  13699
187  15614  2   1  15613
188  16494  2   0  16494
189  16502  3   0  0  16502
190  16502  2   0  16502
191  16508  3   0  0  16508
192  16510  3   0  0  16510
193  16502  2   0  16502
194  16512  2   0  16512
195  16512  2   0  16512
196  16510  3   0  1  16509
197  16494  3   0  0  16494
198  16494  3   0  0  16494
199  16506  2   0  16506
200  16471  3   0  0  16471
201  16510  2   0  16510
202  16506  3   0  0  16506
203  170  2   2  168
204  16482  2   0  16482
205  16506  2   0  16506
206  16504  2   0  16504
207  16498  3   0  0  16498
208  16498  3   0  0  16498
209  16504  2   0  16504
210  16505  4   0  0  0  16505
211  16504  2   1  16503
212  16506  3   0  0  16506
213  16508  3   0  0  16508
214  16504  2   2  16502
215  16506  3   2  0  16504
216  16510  3   0  0  16510
217  16512  3   3  0  16509
218  16506  3   0  0  16506
219  16506  2   0  16506
220  16492  2   0  16492
221  16512  2   2  16510
222  16508  2   0  16508
223  16508  2   0  16508
224  16500  3   0  1  16499
225  16506  4   0  0  2  16504
226  16506  2   0  16506
227  16512  3   0  0  16512
228  16510  2   3  16507
229  15740  2   0  15740
230  16512  2   0  16512
231  16502  2   1  16501
232  16512  3   0  0  16512
233  16512  3   0  0  16512
234  16512  3   0  0  16512
235  16510  3   1  0  16509
236  15752  5   13  0  0  2  15737
237  16512  2   0  16512
238  16512  2   0  16512
239  15792  2   0  15792
240  16510  3   1  0  16509
241  16512  2   44  16468
242  16512  2   2  16510
243  16510  3   2  1  16507
244  16512  2   0  16512
245  16508  2   0  16508
246  15858  2   1  15857
247  16512  2   2  16510
248  16511  3   4  0  16507
249  16512  2   0  16512
250  16510  2   0  16510
251  16512  2   1  16511
252  15909  3   2  0  15907
253  16508  2   2  16506
254  16510  3   0  0  16510
255  16512  2   0  16512
256  16510  3   0  0  16510
257  16512  3   8  0  16504
258  16510  2   0  16510
259  16510  2   0  16510
260  16511  3   0  641  15870
261  16502  2   1  16501
262  16490  2   0  16490
263  16498  2   1  16497
264  16486  2   1  16485
265  16504  2   0  16504
266  16508  2   0  16508
267  16512  2   0  16512
268  16512  2   0  16512
269  16484  3   2  0  16482
270  16512  2   0  16512
271  16512  2   6  16506
272  16487  4   2  0  1  16484
273  16450  2   0  16450
274  16478  2   0  16478
275  16512  3   2  3  16507
276  16512  2   0  16512
277  16100  3   1  0  16099
278  16416  2   0  16416
279  16512  3   0  0  16512
280  16512  2   0  16512
281  16128  2   0  16128
282  16462  2   0  16462
283  16378  3   0  0  16378
284  16512  2   5  16507
285  16512  4   0  21  0  16491
286  16510  3   1  0  16509
287  16512  2   0  16512
288  16190  2   3  16187
289  16448  3   0  0  16448
290  16512  2   5  16507
291  16512  4   3  2  0  16507
292  16512  2   0  16512
293  16510  2   0  16510
294  16510  3   0  0  16510
295  16206  2   2  16204
296  16508  2   0  16508
297  16358  2   0  16358
298  16510  2   0  16510
299  16510  2   0  16510
300  16511  3   2  0  16509
301  16510  2   3  16507
302  16512  2   0  16512
303  16510  2   3  16507
304  16512  4   0  1  1  16510
305  16512  3   6  12  16494
306  16270  3   0  10366  5904
307  16407  3   0  0  16407
308  16245  3   1  0  16244
309  15813  3   1  1  15811
310  16512  2   0  16512
311  16512  3   0  0  16512
312  16507  4   0  8  6  16493
313  16420  2   0  16420
314  16036  2   1094  14942
315  15670  3   0  0  15670
316  16512  3   3  0  16509
317  16512  2   7  16505
318  16512  2   0  16512
319  16429  3   0  0  16429
320  15334  2   0  15334
321  16458  3   1  0  16457
322  572  2   1  571
323  16512  2   2  16510
324  16512  2   2  16510
325  16512  2   0  16512
326  16510  2   0  16510
327  16510  2   1  16509
328  16512  3   2  0  16510
329  16446  2   1  16445
330  14442  2   0  14442
331  16466  2   0  16466
332  16482  3   0  0  16482
333  16508  2   0  16508
334  15372  3   1  0  15371
335  13078  5   0  0  1  1  13076
336  16512  2   0  16512
337  16510  2   0  16510
338  16360  3   0  0  16360
339  16512  2   25  16487
340  16512  3   0  2  16510
341  16508  2   0  16508
342  16512  2   3  16509
343  16510  2   2  16508
344  16508  2   12  16496
345  16512  2   0  16512
346  16512  2   6  16506
347  16512  2   6  16506
348  16512  4   0  0  1  16511
349  16510  2   1  16509
350  15132  2   0  15132
351  16512  2   0  16512
352  16510  2   9  16501
353  16454  2   0  16454
354  16508  2   0  16508
355  16508  2   32  16476
356  16510  2   14  16496
357  16512  3   0  0  16512
358  16512  2   0  16512
359  16512  2   0  16512
360  16512  2   0  16512
361  16512  2   2  16510
362  16510  2   0  16510
363  16508  2   0  16508
364  16512  2   5  16507
365  16510  2   0  16510
366  16508  2   1  16507
367  16486  3   0  0  16486
368  16510  2   0  16510
369  16486  3   1  2  16483
370  16508  2   1  16507
371  16504  2   0  16504
372  16510  2   2  16508
373  16501  4   0  1  0  16500
374  16512  4   0  0  1  16511
375  16512  4   1  0  0  16511
376  16510  3   0  1  16509
377  16510  3   0  3  16507
378  16512  2   0  16512
379  12584  3   204  2  12378
380  15746  2   0  15746
381  16512  2   0  16512
382  16512  3   0  0  16512
383  16484  2   8  16476
384  16512  2   1  16511
385  16503  4   0  0  0  16503
386  16512  3   1  1  16510
387  16512  3   1  1  16510
388  16512  2   0  16512
389  16512  3   1  2  16509
390  16509  3   0  0  16509
391  16509  3   20  1  16488
392  16512  2   0  16512
393  16488  3   0  0  16488
394  16512  2   0  16512
395  16512  4   0  0  0  16512
396  16512  4   0  0  0  16512
397  16510  3   1  0  16509
398  16510  2   0  16510
399  16510  2   2  16508
400  16512  2   0  16512
401  16470  2   2  16468
402  16512  3   0  0  16512
403  16510  2   0  16510
404  16499  3   8  0  16491
405  16512  2   17  16495
406  16152  2   9838  6314
407  16468  2   3  16465
408  16512  3   0  1  16511
409  16512  3   3  0  16509
410  16508  2   0  16508
411  16510  2   0  16510
412  16510  3   0  0  16510
413  16512  3   1  0  16511
414  16484  5   0  0  0  0  16484
415  16508  2   1  16507
416  16510  2   0  16510
417  16510  2   1  16509
418  16502  2   0  16502
419  16512  3   1  1  16510
420  16501  5   6  0  3  0  16492
421  16461  3   0  4  16457
422  16512  3   0  6  16506
423  16268  4   1  3  3  16261
424  16512  3   8  1  16503
425  15522  3   0  8  15514
426  16498  2   1  16497
427  16458  2   7  16451
428  16342  2   1  16341
429  16512  2   1  16511
430  16508  3   0  0  16508
431  16504  2   0  16504
432  16512  3   0  1  16511
433  16502  4   0  0  0  16502
434  16510  2   2  16508
435  16510  3   1  0  16509
436  16512  2   1  16511
437  16508  3   0  1  16507
438  16512  2   1  16511
439  16512  2   0  16512
440  16512  2   0  16512
441  16500  2   0  16500
442  16510  4   0  0  27  16483
443  16510  2   0  16510
444  16510  2   0  16510
445  16488  3   0  0  16488
446  16512  2   0  16512
447  16512  2   0  16512
448  16503  3   0  0  16503
449  16512  2   1  16511
450  16498  2   0  16498
451  16510  2   88  16422
452  16512  2   7  16505
453  16512  3   0  1  16511
454  16484  2   0  16484
455  16495  3   0  0  16495
456  16512  3   0  0  16512
457  16510  3   0  0  16510
458  16512  2   0  16512
459  16510  4   0  0  0  16510
460  16512  4   0  0  0  16512
461  16499  3   0  1  16498
462  16508  2   2  16506
463  16402  3   0  0  16402
464  16510  2   3  16507
465  16510  3   0  1  16509
466  16510  4   1  1  2  16506
467  16512  2   0  16512
468  16504  5   0  0  0  0  16504
469  16512  2   5  16507
470  16470  3   0  1  16469
471  16508  2   1  16507
472  16512  3   2  0  16510
473  16512  3   0  2  16510
474  16512  2   0  16512
475  16478  2   0  16478
476  16512  2   180  16332
477  16508  2   20  16488
478  16486  2   0  16486
479  16406  2   3  16403
480  16512  4   0  0  0  16512
481  16424  2   0  16424
482  16506  2   0  16506
483  16487  3   0  1  16486
484  16400  2   0  16400
485  16384  3   0  2  16382
486  16512  3   0  1  16511
487  16512  3   0  1  16511
488  16512  2   2  16510
489  16510  2   2  16508
490  16511  3   0  0  16511
491  16511  4   0  15  1  16495
492  16486  3   0  13  16473
493  16510  2   2  16508
494  16505  3   3  1  16501
495  16508  4   0  0  0  16508
496  16511  4   1  0  1  16509
497  16508  2   1  16507
498  16506  3   0  0  16506
499  16512  2   20  16492
500  16512  2   0  16512
501  16510  2   1  16509
502  16506  2   1  16505
503  16512  2   0  16512
504  16510  2   0  16510

