[loci]=155

[populations]=7

[pop]=1
1  2906  2   2  2904
2  10395  3   0  1  10394
3  10406  2   0  10406
4  6441  3   0  0  6441
5  10406  4   0  0  0  10406
6  7574  2   0  7574
7  10388  3   0  1  10387
8  9340  2   0  9340
9  10338  3   0  0  10338
10  9368  2   0  9368
11  6642  2   0  6642
12  10395  3   0  2  10393
13  10338  2   1  10337
14  8304  3   0  0  8304
15  6700  2   19  6681
16  10396  2   4  10392
17  7419  3   0  0  7419
18  6986  2   0  6986
19  8460  2   0  8460
20  8648  3   0  0  8648
21  9650  2   3  9647
22  2846  2   0  2846
23  8502  2   0  8502
24  8338  2   100  8238
25  10406  3   0  1  10405
26  8808  2   0  8808
27  10365  3   0  0  10365
28  10406  3   0  0  10406
29  10398  2   0  10398
30  10372  2   1  10371
31  10406  4   0  0  0  10406
32  7232  2   4  7228
33  10357  3   0  208  10149
34  10396  2   0  10396
35  10086  2   0  10086
36  8925  3   0  1  8924
37  8638  2   0  8638
38  10399  4   0  0  1  10398
39  9558  2   2  9556
40  8696  2   0  8696
41  10400  2   33  10367
42  9006  3   0  0  9006
43  8722  2   0  8722
44  9084  3   0  2  9082
45  9676  3   0  1  9675
46  10402  2   3  10399
47  9094  2   0  9094
48  8682  2   1  8681
49  6992  2   2  6990
50  9710  2   0  9710
51  9800  3   0  0  9800
52  10402  2   0  10402
53  9190  2   0  9190
54  9782  3   0  0  9782
55  9664  2   0  9664
56  8661  3   0  0  8661
57  10402  3   0  1  10401
58  9252  2   0  9252
59  7064  2   2  7062
60  10360  2   0  10360
61  9782  2   0  9782
62  7076  2   1  7075
63  9432  2   0  9432
64  9780  2   0  9780
65  10354  2   0  10354
66  9356  2   0  9356
67  9790  2   0  9790
68  6800  2   0  6800
69  9772  2   0  9772
70  10178  2   8  10170
71  9498  2   0  9498
72  6778  2   1  6777
73  10374  2   1  10373
74  9802  3   1  0  9801
75  10404  2   0  10404
76  9760  3   0  45  9715
77  9587  4   0  55  0  9532
78  9764  2   0  9764
79  10358  2   0  10358
80  10272  2   0  10272
81  10402  2   0  10402
82  9730  2   0  9730
83  9772  2   0  9772
84  10357  3   0  0  10357
85  10350  3   0  0  10350
86  10357  3   0  0  10357
87  9776  2   0  9776
88  10356  3   0  0  10356
89  10360  2   0  10360
90  5876  3   1  0  5875
91  9776  2   0  9776
92  5919  3   1  1  5917
93  9798  2   2  9796
94  9458  2   0  9458
95  9776  2   0  9776
96  9798  2   2  9796
97  9728  3   0  1  9727
98  9774  2   0  9774
99  10360  2   3  10357
100  9799  3   0  1  9798
101  9638  3   0  1  9637
102  9730  2   0  9730
103  9653  3   1  0  9652
104  9493  3   0  2  9491
105  10395  3   1  0  10394
106  10396  2   0  10396
107  9504  2   1  9503
108  9734  3   0  0  9734
109  9703  3   0  3243  6460
110  10372  2   6944  3428
111  9764  2   1  9763
112  10364  4   0  0  0  10364
113  10135  3   0  1  10134
114  10360  2   0  10360
115  9768  2   0  9768
116  10176  2   0  10176
117  6510  2   134  6376
118  9766  3   0  0  9766
119  9768  2   1  9767
120  9506  2   0  9506
121  10275  3   0  0  10275
122  10404  2   14  10390
123  9660  2   0  9660
124  9714  2   0  9714
125  10400  2   0  10400
126  6665  3   0  1  6664
127  9510  2   1  9509
128  10404  3   0  0  10404
129  9664  3   1  0  9663
130  9503  4   0  0  0  9503
131  9662  2   0  9662
132  9775  4   0  0  2  9773
133  9714  2   0  9714
134  9496  2   1  9495
135  10404  2   0  10404
136  9502  2   0  9502
137  10362  4   0  0  2  10360
138  7047  3   0  1  7046
139  9776  2   0  9776
140  10360  3   0  0  10360
141  7116  2   1  7115
142  10360  2   0  10360
143  9747  3   0  0  9747
144  9480  3   0  1  9479
145  9012  2   0  9012
146  10104  2   0  10104
147  9484  3   0  0  9484
148  9778  3   0  0  9778
149  10358  3   0  0  10358
150  10399  6   0  0  6  0  0  10393
151  9771  3   0  1  9770
152  10372  3   1  0  10371
153  9786  3   0  0  9786
154  10366  2   2  10364
155  9749  3   0  75  9674

[pop]=2
1  436  2   0  436
2  11574  3   0  0  11574
3  11576  2   0  11576
4  5920  3   0  0  5920
5  11575  4   0  0  0  11575
6  6958  2   0  6958
7  11568  3   0  0  11568
8  11144  2   1  11143
9  11564  3   0  0  11564
10  11156  2   0  11156
11  6224  2   0  6224
12  11509  3   0  0  11509
13  11564  2   1  11563
14  10377  3   0  0  10377
15  4522  2   0  4522
16  11508  2   1  11507
17  5893  3   0  0  5893
18  6736  2   0  6736
19  10534  2   0  10534
20  10914  3   0  0  10914
21  11310  2   0  11310
22  414  2   0  414
23  10622  2   0  10622
24  7880  2   1  7879
25  11570  3   0  1  11569
26  11056  2   2  11054
27  11562  3   0  2  11560
28  11571  3   0  0  11571
29  11568  2   0  11568
30  11564  2   0  11564
31  11568  4   0  0  0  11568
32  7128  2   0  7128
33  11566  3   0  12  11554
34  11562  2   0  11562
35  11068  2   10  11058
36  11174  3   0  0  11174
37  10808  2   0  10808
38  11574  4   0  0  0  11574
39  11202  2   0  11202
40  10870  2   0  10870
41  11572  2   56  11516
42  11211  3   0  0  11211
43  10892  2   0  10892
44  11248  3   0  0  11248
45  11313  3   2  0  11311
46  11578  2   0  11578
47  11264  2   0  11264
48  10902  2   2  10900
49  9282  2   0  9282
50  11412  2   1  11411
51  11576  3   0  1  11575
52  11578  2   0  11578
53  11300  2   1  11299
54  11520  3   0  0  11520
55  11314  2   1  11313
56  10859  3   0  0  10859
57  11578  3   0  0  11578
58  11330  2   0  11330
59  9406  2   0  9406
60  11568  2   1  11567
61  11524  2   0  11524
62  9434  2   3  9431
63  11420  2   0  11420
64  11528  2   0  11528
65  11568  2   0  11568
66  11144  2   0  11144
67  11526  2   5  11521
68  9262  2   0  9262
69  11512  2   0  11512
70  11458  2   0  11458
71  11450  2   0  11450
72  9236  2   0  9236
73  11528  2   0  11528
74  11576  3   0  0  11576
75  11576  2   0  11576
76  11506  3   0  154  11352
77  11561  4   0  1  0  11560
78  11522  2   0  11522
79  11568  2   0  11568
80  11508  2   0  11508
81  11572  2   3  11569
82  11444  2   0  11444
83  11528  2   0  11528
84  11568  3   0  0  11568
85  11520  3   0  4  11516
86  11568  3   0  1  11567
87  11534  2   0  11534
88  11568  3   0  0  11568
89  11522  2   0  11522
90  4394  3   0  0  4394
91  11542  2   0  11542
92  4456  3   0  0  4456
93  11566  2   4  11562
94  11292  2   0  11292
95  11542  2   0  11542
96  11568  2   0  11568
97  11546  3   0  0  11546
98  11540  2   0  11540
99  11570  2   0  11570
100  11569  3   0  0  11569
101  11569  3   0  6  11563
102  11548  2   0  11548
103  11571  3   0  0  11571
104  11348  3   1  0  11347
105  11536  3   0  0  11536
106  11540  2   0  11540
107  11352  2   0  11352
108  11556  3   0  0  11556
109  11497  3   0  6129  5368
110  11524  2   2050  9474
111  11526  2   0  11526
112  11570  4   0  7  0  11563
113  11282  3   1  0  11281
114  11534  2   0  11534
115  11572  2   0  11572
116  11322  2   1  11321
117  5036  2   3  5033
118  11572  3   0  0  11572
119  11572  2   5  11567
120  11350  2   1  11349
121  11445  3   0  1  11444
122  11540  2   0  11540
123  11202  2   0  11202
124  11534  2   0  11534
125  11540  2   0  11540
126  5264  3   0  0  5264
127  11348  2   0  11348
128  11540  3   0  0  11540
129  11216  3   0  0  11216
130  11349  4   0  0  0  11349
131  11214  2   0  11214
132  11572  4   1  0  0  11571
133  11532  2   0  11532
134  11344  2   0  11344
135  11550  2   0  11550
136  11336  2   0  11336
137  11568  4   0  0  0  11568
138  5832  3   0  0  5832
139  11574  2   0  11574
140  11568  3   0  0  11568
141  5998  2   0  5998
142  11512  2   0  11512
143  11574  3   0  0  11574
144  11333  3   0  0  11333
145  10998  2   0  10998
146  11424  2   0  11424
147  11328  3   0  0  11328
148  11571  3   0  0  11571
149  11545  3   0  0  11545
150  11542  6   0  0  0  0  77  11465
151  11572  3   0  0  11572
152  11526  3   0  0  11526
153  11574  3   0  1  11573
154  11528  2   0  11528
155  11289  3   4  13  11272

[pop]=3
1  724  2   0  724
2  8648  3   1  0  8647
3  8654  2   0  8654
4  5211  3   1  0  5210
5  8654  4   2  1  0  8651
6  6070  2   0  6070
7  8648  3   0  0  8648
8  8450  2   1  8449
9  8635  3   0  0  8635
10  8456  2   0  8456
11  5428  2   0  5428
12  8598  3   0  0  8598
13  8636  2   0  8636
14  7457  3   0  0  7457
15  4218  2   0  4218
16  8588  2   0  8588
17  5085  3   0  0  5085
18  5734  2   0  5734
19  7620  2   0  7620
20  8400  3   0  0  8400
21  8552  2   0  8552
22  686  2   0  686
23  7680  2   0  7680
24  6234  2   0  6234
25  8654  3   1  3  8650
26  8472  2   0  8472
27  8648  3   0  0  8648
28  8654  3   0  0  8654
29  8650  2   0  8650
30  8648  2   0  8648
31  8654  4   1  1  0  8652
32  6002  2   0  6002
33  8638  3   2  0  8636
34  8646  2   0  8646
35  8274  2   0  8274
36  8531  3   0  0  8531
37  7876  2   2  7874
38  8649  4   0  0  0  8649
39  8516  2   0  8516
40  7918  2   1  7917
41  8652  2   0  8652
42  8543  3   0  0  8543
43  7924  2   0  7924
44  8559  3   0  0  8559
45  8454  3   0  0  8454
46  8652  2   0  8652
47  8556  2   0  8556
48  7878  2   0  7878
49  7138  2   0  7138
50  8524  2   0  8524
51  8626  3   0  0  8626
52  8654  2   0  8654
53  8570  2   0  8570
54  8624  3   0  0  8624
55  8486  2   0  8486
56  7866  3   0  1  7865
57  8654  3   1  0  8653
58  8576  2   45  8531
59  7296  2   142  7154
60  8646  2   1  8645
61  8624  2   0  8624
62  7230  2   0  7230
63  8602  2   0  8602
64  8624  2   1  8623
65  8648  2   1  8647
66  8322  2   1  8321
67  8606  2   1  8605
68  6916  2   0  6916
69  8620  2   0  8620
70  8510  2   0  8510
71  8608  2   1  8607
72  6878  2   1  6877
73  8620  2   0  8620
74  8626  3   0  0  8626
75  8652  2   0  8652
76  8586  3   0  0  8586
77  8605  4   1  0  0  8604
78  8592  2   0  8592
79  8648  2   1  8647
80  8576  2   0  8576
81  8650  2   0  8650
82  8604  2   0  8604
83  8594  2   0  8594
84  8648  3   0  0  8648
85  8601  3   0  0  8601
86  8648  3   0  0  8648
87  8598  2   3  8595
88  8647  3   1  0  8646
89  8614  2   6  8608
90  4608  3   0  0  4608
91  8600  2   0  8600
92  4637  3   0  0  4637
93  8618  2   0  8618
94  8434  2   3  8431
95  8600  2   0  8600
96  8620  2   0  8620
97  8612  3   0  0  8612
98  8598  2   0  8598
99  8648  2   0  8648
100  8620  3   0  0  8620
101  8614  3   0  0  8614
102  8612  2   0  8612
103  8618  3   0  0  8618
104  8467  3   0  0  8467
105  8644  3   0  3  8641
106  8644  2   0  8644
107  8468  2   0  8468
108  8612  3   3  0  8609
109  8606  3   0  7315  1291
110  8536  2   997  7539
111  8594  2   0  8594
112  8650  4   0  0  0  8650
113  8342  3   0  0  8342
114  8538  2   0  8538
115  8622  2   0  8622
116  8390  2   1  8389
117  5150  2   0  5150
118  8620  3   0  0  8620
119  8620  2   0  8620
120  8478  2   0  8478
121  8529  3   45  0  8484
122  8636  2   0  8636
123  8546  2   0  8546
124  8618  2   0  8618
125  8646  2   0  8646
126  5267  3   0  0  5267
127  8480  2   0  8480
128  8634  3   1  1  8632
129  8550  3   0  0  8550
130  8487  4   0  0  0  8487
131  8548  2   0  8548
132  8619  4   0  0  1  8618
133  8616  2   0  8616
134  8498  2   0  8498
135  8640  2   0  8640
136  8492  2   0  8492
137  8652  4   0  0  0  8652
138  5557  3   0  0  5557
139  8622  2   0  8622
140  8652  3   0  0  8652
141  5662  2   0  5662
142  8620  2   0  8620
143  8616  3   0  0  8616
144  8488  3   0  0  8488
145  8448  2   0  8448
146  8602  2   0  8602
147  8490  3   0  0  8490
148  8622  3   0  0  8622
149  8544  3   0  0  8544
150  8645  6   0  0  0  0  0  8645
151  8622  3   1  1  8620
152  8630  3   0  0  8630
153  8616  3   2  0  8614
154  8630  2   0  8630
155  8584  3   0  0  8584

[pop]=4
1  62  2   0  62
2  6614  3   0  0  6614
3  6614  2   0  6614
4  4056  3   0  0  4056
5  6614  4   0  0  0  6614
6  5410  2   0  5410
7  6614  3   0  0  6614
8  6470  2   0  6470
9  6614  3   0  0  6614
10  6480  2   0  6480
11  4286  2   0  4286
12  6584  3   0  1  6583
13  6614  2   0  6614
14  4984  3   0  0  4984
15  3982  2   0  3982
16  6586  2   2  6584
17  4546  3   0  0  4546
18  4598  2   0  4598
19  5084  2   0  5084
20  5494  3   0  0  5494
21  6542  2   0  6542
22  46  2   0  46
23  5100  2   0  5100
24  5266  2   0  5266
25  6612  3   0  0  6612
26  5666  2   0  5666
27  6614  3   0  0  6614
28  6612  3   0  0  6612
29  6612  2   0  6612
30  6614  2   0  6614
31  6612  4   0  0  1  6611
32  4866  2   0  4866
33  6614  3   0  0  6614
34  6612  2   0  6612
35  6444  2   0  6444
36  5846  3   0  0  5846
37  5140  2   0  5140
38  6612  4   0  0  0  6612
39  6498  2   0  6498
40  5160  2   0  5160
41  6612  2   266  6346
42  5915  3   0  0  5915
43  5176  2   1  5175
44  6015  3   0  1  6014
45  6573  3   0  0  6573
46  6612  2   0  6612
47  6030  2   0  6030
48  5122  2   0  5122
49  4924  2   0  4924
50  6580  2   0  6580
51  6614  3   0  0  6614
52  6612  2   0  6612
53  6114  2   0  6114
54  6602  3   0  0  6602
55  6470  2   0  6470
56  5098  3   0  0  5098
57  6613  3   0  0  6613
58  6210  2   0  6210
59  5046  2   0  5046
60  6614  2   0  6614
61  6604  2   0  6604
62  5032  2   3  5029
63  6362  2   0  6362
64  6604  2   0  6604
65  6614  2   0  6614
66  6188  2   0  6188
67  6606  2   0  6606
68  4806  2   0  4806
69  6602  2   0  6602
70  6588  2   0  6588
71  6390  2   0  6390
72  4772  2   0  4772
73  6596  2   0  6596
74  6614  3   0  0  6614
75  6614  2   0  6614
76  6590  3   0  56  6534
77  6601  4   0  0  0  6601
78  6594  2   1  6593
79  6614  2   0  6614
80  6594  2   0  6594
81  6614  2   0  6614
82  6576  2   0  6576
83  6596  2   5  6591
84  6614  3   0  0  6614
85  6600  3   0  0  6600
86  6614  3   0  0  6614
87  6598  2   0  6598
88  6614  3   0  0  6614
89  6602  2   0  6602
90  4196  3   0  0  4196
91  6602  2   0  6602
92  4230  3   0  0  4230
93  6610  2   5  6605
94  6318  2   0  6318
95  6604  2   0  6604
96  6610  2   0  6610
97  6551  3   0  0  6551
98  6602  2   0  6602
99  6614  2   0  6614
100  6610  3   0  0  6610
101  6611  3   0  0  6611
102  6554  2   0  6554
103  6612  3   0  0  6612
104  6348  3   0  0  6348
105  6612  3   0  0  6612
106  6612  2   0  6612
107  6354  2   0  6354
108  6576  3   0  0  6576
109  6600  3   0  4191  2409
110  6608  2   1738  4870
111  6596  2   0  6596
112  6614  4   0  0  0  6614
113  6492  3   0  0  6492
114  6610  2   0  6610
115  6614  2   0  6614
116  6500  2   0  6500
117  4610  2   0  4610
118  6614  3   0  0  6614
119  6614  2   7  6607
120  6338  2   0  6338
121  6556  3   0  0  6556
122  6608  2   0  6608
123  6534  2   0  6534
124  6612  2   0  6612
125  6614  2   0  6614
126  4722  3   0  0  4722
127  6334  2   0  6334
128  6608  3   0  0  6608
129  6539  3   0  0  6539
130  6328  4   1  0  0  6327
131  6540  2   0  6540
132  6614  4   0  0  0  6614
133  6610  2   0  6610
134  6324  2   0  6324
135  6608  2   0  6608
136  6326  2   0  6326
137  6614  4   0  0  0  6614
138  4957  3   0  0  4957
139  6614  2   0  6614
140  6614  3   0  0  6614
141  5022  2   0  5022
142  6608  2   0  6608
143  6614  3   0  0  6614
144  6311  3   0  0  6311
145  6226  2   0  6226
146  6540  2   0  6540
147  6294  3   0  0  6294
148  6614  3   0  0  6614
149  6611  3   0  0  6611
150  6614  6   0  0  0  0  0  6614
151  6614  3   0  0  6614
152  6610  3   0  0  6610
153  6614  3   0  0  6614
154  6610  2   0  6610
155  6567  3   0  3  6564

[pop]=5
1  9124  2   0  9124
2  66393  3   0  0  66393
3  66722  2   0  66722
4  44711  3   1  1  44709
5  66709  4   0  0  1  66708
6  47612  2   3  47609
7  66292  3   2  0  66290
8  63704  2   0  63704
9  66459  3   1  2  66456
10  63916  2   2  63914
11  46092  2   2  46090
12  66568  3   1  79  66488
13  66500  2   0  66500
14  58806  3   1  0  58805
15  31160  2   0  31160
16  66564  2   80  66484
17  37207  3   1  1  37205
18  48286  2   3  48283
19  59644  2   6  59638
20  62596  3   1  1  62594
21  65200  2   0  65200
22  8698  2   2  8696
23  59928  2   0  59928
24  45830  2   0  45830
25  66736  3   0  1  66735
26  63478  2   0  63478
27  66628  3   1  6  66621
28  66736  3   1  5  66730
29  66702  2   2  66700
30  66644  2   7  66637
31  66736  4   0  0  2  66734
32  50084  2   0  50084
33  66615  3   0  0  66615
34  66706  2   2  66704
35  62974  2   0  62974
36  64230  3   2  0  64228
37  60806  2   0  60806
38  66719  4   7  3  0  66709
39  64276  2   6  64270
40  61062  2   0  61062
41  66724  2   1301  65423
42  64481  3   1  1  64479
43  61080  2   1  61079
44  64782  3   1  0  64781
45  65486  3   0  7  65479
46  66724  2   0  66724
47  64814  2   0  64814
48  61038  2   0  61038
49  46064  2   0  46064
50  65994  2   1  65993
51  66732  3   2  0  66730
52  66724  2   7  66717
53  65118  2   1  65117
54  66622  3   1  0  66621
55  64830  2   0  64830
56  60849  3   2  0  60847
57  66723  3   0  0  66723
58  65292  2   2  65290
59  46948  2   0  46948
60  66646  2   0  66646
61  66636  2   1  66635
62  47176  2   38  47138
63  65700  2   2  65698
64  66628  2   12  66616
65  66648  2   2  66646
66  64078  2   0  64078
67  66630  2   1  66629
68  44920  2   2  44918
69  66604  2   14  66590
70  66122  2   0  66122
71  65814  2   1  65813
72  44612  2   1  44611
73  66538  2   0  66538
74  66724  3   0  1  66723
75  66706  2   2  66704
76  66534  3   3  1984  64547
77  65853  4   0  4  1  65848
78  66562  2   5  66557
79  66650  2   1  66649
80  65924  2   2  65922
81  66688  2   6  66682
82  66460  2   0  66460
83  66572  2   8  66564
84  66655  3   1  10  66644
85  66226  3   4  0  66222
86  66654  3   2  1  66651
87  66604  2   0  66604
88  66659  3   0  3  66656
89  66332  2   0  66332
90  35692  3   0  3  35689
91  66606  2   0  66606
92  36063  3   9  0  36054
93  66702  2   114  66588
94  64728  2   0  64728
95  66612  2   2  66610
96  66700  2   0  66700
97  66173  3   2  8  66163
98  66608  2   2  66606
99  66678  2   7  66671
100  66699  3   1  3  66695
101  66086  3   0  18  66068
102  66166  2   3  66163
103  66145  3   2  1  66142
104  64917  3   1  0  64916
105  66567  3   0  1  66566
106  66592  2   3  66589
107  64970  2   2  64968
108  66160  3   0  1  66159
109  66467  3   1  38335  28131
110  66478  2   14836  51642
111  66558  2   2  66556
112  66683  4   1  0  0  66682
113  65068  3   0  0  65068
114  66504  2   3  66501
115  66438  2   3  66435
116  65380  2   1  65379
117  40292  2   1  40291
118  66442  3   2  0  66440
119  66456  2   73  66383
120  64922  2   2  64920
121  66054  3   0  0  66054
122  66680  2   0  66680
123  65512  2   5  65507
124  66616  2   0  66616
125  66682  2   4  66678
126  41323  3   0  0  41323
127  64934  2   0  64934
128  66684  3   0  0  66684
129  65596  3   0  0  65596
130  64940  4   7  0  2  64931
131  65584  2   6  65578
132  66490  4   0  1  1  66488
133  66610  2   5  66605
134  64918  2   1  64917
135  66698  2   2  66696
136  64886  2   2  64884
137  66690  4   1  1  0  66688
138  44054  3   1  0  44053
139  66502  2   1  66501
140  66686  3   1  0  66685
141  44948  2   1  44947
142  66498  2   3  66495
143  66617  3   1  1  66615
144  64840  3   1  0  64839
145  63506  2   4  63502
146  66084  2   0  66084
147  64806  3   1  0  64805
148  66529  3   36  1  66492
149  66567  3   1  2  66564
150  66706  6   1  0  0  1  0  66704
151  66509  3   0  1  66508
152  66566  3   0  1  66565
153  66708  3   0  0  66708
154  66562  2   0  66562
155  66141  3   0  60  66081

[pop]=6
1  200  2   0  200
2  896  3   0  0  896
3  908  2   0  908
4  580  3   0  0  580
5  908  4   0  0  0  908
6  670  2   0  670
7  894  3   0  0  894
8  866  2   0  866
9  904  3   0  0  904
10  864  2   0  864
11  600  2   0  600
12  906  3   0  1  905
13  904  2   0  904
14  769  3   0  0  769
15  454  2   0  454
16  906  2   0  906
17  536  3   0  0  536
18  622  2   0  622
19  772  2   0  772
20  792  3   0  0  792
21  880  2   0  880
22  188  2   0  188
23  774  2   0  774
24  640  2   0  640
25  908  3   0  0  908
26  812  2   0  812
27  902  3   0  0  902
28  908  3   0  0  908
29  906  2   0  906
30  902  2   0  902
31  908  4   3  0  0  905
32  662  2   0  662
33  904  3   0  0  904
34  904  2   0  904
35  878  2   0  878
36  833  3   0  1  832
37  786  2   0  786
38  907  4   0  0  0  907
39  874  2   0  874
40  792  2   0  792
41  908  2   10  898
42  836  3   0  0  836
43  790  2   0  790
44  849  3   0  0  849
45  887  3   0  0  887
46  908  2   0  908
47  848  2   0  848
48  784  2   0  784
49  656  2   0  656
50  894  2   0  894
51  898  3   0  0  898
52  908  2   0  908
53  854  2   0  854
54  894  3   0  0  894
55  876  2   0  876
56  792  3   0  0  792
57  908  3   0  0  908
58  860  2   0  860
59  670  2   0  670
60  904  2   0  904
61  894  2   0  894
62  668  2   0  668
63  878  2   0  878
64  892  2   0  892
65  904  2   0  904
66  842  2   0  842
67  896  2   0  896
68  648  2   0  648
69  892  2   0  892
70  902  2   0  902
71  882  2   0  882
72  644  2   0  644
73  906  2   0  906
74  898  3   0  0  898
75  908  2   0  908
76  900  3   0  10  890
77  886  4   0  0  0  886
78  900  2   0  900
79  904  2   0  904
80  882  2   0  882
81  908  2   0  908
82  888  2   0  888
83  900  2   0  900
84  906  3   0  0  906
85  894  3   0  0  894
86  906  3   0  0  906
87  900  2   0  900
88  906  3   0  0  906
89  896  2   0  896
90  513  3   0  0  513
91  900  2   1  899
92  522  3   0  0  522
93  898  2   1  897
94  844  2   0  844
95  900  2   0  900
96  898  2   0  898
97  890  3   0  0  890
98  900  2   0  900
99  906  2   0  906
100  898  3   0  1  897
101  892  3   0  1  891
102  890  2   0  890
103  892  3   0  0  892
104  852  3   0  0  852
105  906  3   0  0  906
106  906  2   0  906
107  852  2   0  852
108  892  3   0  0  892
109  893  3   0  521  372
110  908  2   237  671
111  900  2   0  900
112  908  4   0  0  0  908
113  875  3   0  0  875
114  908  2   0  908
115  896  2   0  896
116  876  2   0  876
117  588  2   0  588
118  896  3   0  0  896
119  896  2   1  895
120  864  2   0  864
121  894  3   0  0  894
122  906  2   0  906
123  880  2   0  880
124  894  2   0  894
125  906  2   0  906
126  601  3   0  0  601
127  862  2   0  862
128  904  3   0  0  904
129  882  3   0  0  882
130  864  4   0  0  0  864
131  882  2   0  882
132  896  4   0  0  0  896
133  892  2   0  892
134  864  2   0  864
135  906  2   0  906
136  862  2   0  862
137  908  4   0  0  0  908
138  648  3   0  0  648
139  896  2   0  896
140  908  3   0  0  908
141  658  2   0  658
142  900  2   0  900
143  898  3   0  0  898
144  862  3   0  0  862
145  846  2   0  846
146  896  2   0  896
147  860  3   0  0  860
148  896  3   0  0  896
149  907  3   0  0  907
150  908  6   0  0  0  0  1  907
151  896  3   0  0  896
152  902  3   0  0  902
153  900  3   0  0  900
154  902  2   0  902
155  886  3   0  2  884

[pop]=7
1  7792  2   0  7792
2  15836  3   0  0  15836
3  16512  2   4  16508
4  12264  3   0  0  12264
5  16508  4   0  0  0  16508
6  12346  2   0  12346
7  15526  3   0  0  15526
8  15370  2   0  15370
9  16416  3   0  0  16416
10  15398  2   0  15398
11  12600  2   63  12537
12  16496  3   0  6  16490
13  16436  2   1  16435
14  13832  3   0  1  13831
15  5882  2   6  5876
16  16498  2   0  16498
17  7415  3   0  0  7415
18  13098  2   0  13098
19  14218  2   0  14218
20  15300  3   0  0  15300
21  16188  2   0  16188
22  7122  2   0  7122
23  14366  2   2  14364
24  9720  2   0  9720
25  16510  3   0  0  16510
26  15638  2   0  15638
27  16493  3   0  0  16493
28  16510  3   1  0  16509
29  16512  2   0  16512
30  16504  2   0  16504
31  16510  4   0  0  0  16510
32  13496  2   0  13496
33  16508  3   0  0  16508
34  16506  2   0  16506
35  15866  2   0  15866
36  15884  3   0  1  15883
37  14890  2   0  14890
38  16511  4   0  0  0  16511
39  16018  2   0  16018
40  15018  2   1  15017
41  16512  2   41  16471
42  16009  3   0  1  16008
43  15076  2   0  15076
44  16106  3   0  0  16106
45  16299  3   0  0  16299
46  16512  2   0  16512
47  16116  2   2  16114
48  15070  2   0  15070
49  13010  2   0  13010
50  16386  2   0  16386
51  16512  3   0  0  16512
52  16512  2   0  16512
53  16240  2   0  16240
54  16372  3   0  1  16371
55  15570  2   1  15569
56  15034  3   0  1  15033
57  16512  3   0  0  16512
58  16306  2   1  16305
59  13196  2   0  13196
60  16508  2   0  16508
61  16384  2   3  16381
62  13234  2   20  13214
63  16396  2   0  16396
64  16382  2   1  16381
65  16510  2   0  16510
66  15768  2   1  15767
67  16494  2   0  16494
68  12804  2   3  12801
69  16370  2   0  16370
70  16220  2   0  16220
71  16416  2   0  16416
72  12770  2   0  12770
73  16452  2   2  16450
74  16512  3   0  0  16512
75  16512  2   0  16512
76  16456  3   1  99  16356
77  16487  4   0  0  0  16487
78  16466  2   0  16466
79  16510  2   0  16510
80  15898  2   0  15898
81  16510  2   5  16505
82  16272  2   2  16270
83  16478  2   0  16478
84  16510  3   0  0  16510
85  16249  3   0  0  16249
86  16509  3   0  0  16509
87  16494  2   0  16494
88  16508  3   0  0  16508
89  16326  2   0  16326
90  9699  3   0  0  9699
91  16494  2   3  16491
92  9781  3   0  0  9781
93  16498  2   0  16498
94  16010  2   0  16010
95  16494  2   1  16493
96  16498  2   0  16498
97  16510  3   0  0  16510
98  16492  2   0  16492
99  16508  2   0  16508
100  16495  3   0  0  16495
101  16508  3   1  0  16507
102  16510  2   0  16510
103  16509  3   0  0  16509
104  16095  3   0  2  16093
105  16494  3   0  1  16493
106  16504  2   0  16504
107  16122  2   0  16122
108  16512  3   0  0  16512
109  16403  3   0  10068  6335
110  16476  2   4165  12311
111  16488  2   0  16488
112  16508  4   0  0  3  16505
113  15952  3   0  0  15952
114  16484  2   1  16483
115  16512  2   1  16511
116  16022  2   3  16019
117  11208  2   1  11207
118  16512  3   0  1  16511
119  16512  2   17  16495
120  16142  2   0  16142
121  16239  3   0  0  16239
122  16492  2   0  16492
123  16234  2   0  16234
124  16456  2   2  16454
125  16510  2   0  16510
126  11494  3   1  0  11493
127  16156  2   3  16153
128  16494  3   0  0  16494
129  16251  3   0  1  16250
130  16157  4   0  1  0  16156
131  16242  2   0  16242
132  16512  4   0  0  33  16479
133  16446  2   0  16446
134  16158  2   0  16158
135  16496  2   0  16496
136  16168  2   0  16168
137  16507  4   0  0  0  16507
138  12196  3   0  0  12196
139  16512  2   8  16504
140  16508  3   0  2  16506
141  12368  2   0  12368
142  16414  2   1  16413
143  16486  3   0  0  16486
144  16162  3   0  0  16162
145  16084  2   0  16084
146  16292  2   5  16287
147  16152  3   0  1  16151
148  16512  3   0  0  16512
149  16492  3   0  0  16492
150  16510  6   0  5  0  0  0  16505
151  16512  3   0  1  16511
152  16450  3   0  1  16449
153  16508  3   0  0  16508
154  16462  2   0  16462
155  16358  3   0  1  16357

