[loci]=220

[populations]=7

[pop]=1
1  10339  3   0  0  10339
2  2976  2   1  2975
3  9828  2   0  9828
4  8477  2   0  8477
5  10392  2   0  10392
6  10393  4   1  1  0  10391
7  9843  3   0  0  9843
8  9674  3   0  0  9674
9  10358  2   0  10358
10  10246  2   3  10243
11  10406  2   0  10406
12  9704  2   0  9704
13  10397  4   0  0  1  10396
14  10400  2   0  10400
15  9792  3   0  0  9792
16  9817  3   0  4  9813
17  10376  2   0  10376
18  9892  2   1  9891
19  10348  2   0  10348
20  9788  2   0  9788
21  9889  4   0  14  0  9875
22  10374  3   0  0  10374
23  10380  2   0  10380
24  10130  3   0  0  10130
25  10260  2   2  10258
26  10396  2   0  10396
27  10376  2   0  10376
28  10390  3   0  0  10390
29  10406  2   0  10406
30  10267  3   1  0  10266
31  10406  2   0  10406
32  10008  2   0  10008
33  10386  2   0  10386
34  4684  2   0  4684
35  9921  5   2  0  0  0  9919
36  9788  3   0  0  9788
37  10406  2   1  10405
38  10374  2   0  10374
39  10404  3   0  0  10404
40  9946  2   0  9946
41  4830  2   0  4830
42  10404  4   0  0  0  10404
43  10256  3   0  0  10256
44  10404  3   0  2  10402
45  10406  2   0  10406
46  10302  2   0  10302
47  10054  2   0  10054
48  10377  3   0  0  10377
49  10374  2   0  10374
50  10280  3   0  0  10280
51  9786  2   0  9786
52  10380  2   25  10355
53  10376  2   0  10376
54  5023  3   0  0  5023
55  10294  3   0  0  10294
56  9786  3   0  0  9786
57  10306  3   0  1  10305
58  10358  3   0  3  10355
59  10004  4   1  0  0  10003
60  10354  2   0  10354
61  10406  4   0  0  0  10406
62  10366  2   0  10366
63  10386  3   0  0  10386
64  10357  3   0  379  9978
65  10306  2   2  10304
66  10364  2   0  10364
67  10372  3   0  0  10372
68  10368  3   4  0  10364
69  10085  3   0  0  10085
70  10400  3   0  0  10400
71  10332  2   1  10331
72  10082  2   0  10082
73  10348  2   0  10348
74  10089  4   0  1  1  10087
75  10392  2   0  10392
76  10326  2   3  10323
77  10347  3   1  0  10346
78  10350  2   0  10350
79  10392  3   0  0  10392
80  10318  3   1  0  10317
81  10288  2   0  10288
82  7044  2   0  7044
83  10339  3   1  1  10337
84  5334  2   0  5334
85  10352  2   0  10352
86  10382  2   1  10381
87  5521  3   0  0  5521
88  10396  2   0  10396
89  10406  6   0  0  5  0  1  10400
90  5730  3   0  0  5730
91  10394  2   3  10391
92  10312  2   0  10312
93  8515  2   2  8513
94  10294  3   0  0  10294
95  10396  2   0  10396
96  10388  3   103  103  10182
97  5788  3   0  4  5784
98  10394  2   0  10394
99  10312  2   0  10312
100  8515  2   0  8515
101  10396  2   0  10396
102  10406  2   0  10406
103  10026  3   0  0  10026
104  9901  3   0  0  9901
105  10320  2   0  10320
106  10406  4   0  0  1  10405
107  10024  2   0  10024
108  10236  3   0  0  10236
109  10406  2   3  10403
110  10024  2   0  10024
111  10388  2   0  10388
112  10334  3   0  0  10334
113  10305  3   0  0  10305
114  10334  3   0  0  10334
115  9497  3   0  1  9496
116  10288  4   0  1  856  9431
117  10006  2   0  10006
118  10288  2   0  10288
119  10388  2   4  10384
120  10298  2   5  10293
121  10382  2   0  10382
122  10402  3   0  283  10119
123  10288  3   0  0  10288
124  10001  3   0  1  10000
125  10382  3   0  0  10382
126  9386  2   0  9386
127  6890  2   0  6890
128  9764  2   0  9764
129  10384  3   0  0  10384
130  10404  2   0  10404
131  6926  2   0  6926
132  10384  2   0  10384
133  10406  2   0  10406
134  7004  3   0  0  7004
135  9942  3   0  0  9942
136  10176  2   0  10176
137  9250  2   0  9250
138  10308  2   0  10308
139  10384  2   0  10384
140  9936  2   2  9934
141  10166  2   0  10166
142  8516  2   3  8513
143  9460  2   0  9460
144  9727  3   0  0  9727
145  10256  2   0  10256
146  8516  2   0  8516
147  8564  2   0  8564
148  10278  3   0  0  10278
149  10402  2   0  10402
150  8288  2   0  8288
151  10404  2   0  10404
152  10406  2   0  10406
153  8226  3   0  0  8226
154  10406  3   0  0  10406
155  8362  2   0  8362
156  10291  3   0  0  10291
157  6928  2   0  6928
158  10352  2   0  10352
159  10406  2   0  10406
160  6858  2   2  6856
161  9584  3   0  0  9584
162  10406  3   0  0  10406
163  10406  2   0  10406
164  10328  3   1  3  10324
165  7426  4   1  0  0  7425
166  10363  4   0  1  0  10362
167  10292  2   0  10292
168  9887  3   0  0  9887
169  10386  2   0  10386
170  6080  3   0  0  6080
171  10360  2   0  10360
172  10406  3   3  0  10403
173  10375  3   0  0  10375
174  10374  2   0  10374
175  9242  3   0  3  9239
176  6596  2   0  6596
177  10406  2   0  10406
178  6360  5   0  0  1249  0  5111
179  10406  2   10  10396
180  10114  3   0  0  10114
181  10332  2   6529  3803
182  9838  3   0  0  9838
183  10378  2   304  10074
184  10296  2   1  10295
185  10142  3   14  0  10128
186  10406  2   1  10405
187  9692  2   0  9692
188  3342  2   1  3341
189  10377  4   1  4  1  10371
190  8373  2   0  8373
191  10181  4   0  0  1489  8692
192  10327  3   0  3  10324
193  10406  3   1  0  10405
194  10406  2   0  10406
195  9693  3   0  0  9693
196  9807  3   0  0  9807
197  10383  3   0  0  10383
198  9582  2   0  9582
199  8397  2   0  8397
200  10382  2   0  10382
201  9568  2   0  9568
202  10228  2   0  10228
203  10322  2   1  10321
204  10406  2   0  10406
205  9802  4   0  0  0  9802
206  8417  2   0  8417
207  10298  2   0  10298
208  9636  2   0  9636
209  10328  2   0  10328
210  9796  2   0  9796
211  10240  2   0  10240
212  9717  3   0  1  9716
213  9795  3   0  0  9795
214  8500  3   1  0  8499
215  10330  3   0  0  10330
216  10406  3   0  0  10406
217  9728  3   0  0  9728
218  9788  3   0  1  9787
219  2644  2   37  2607
220  10378  2   0  10378

[pop]=2
1  11572  3   0  0  11572
2  4714  2   1  4713
3  11572  2   0  11572
4  9275  2   0  9275
5  11528  2   2  11526
6  11529  4   0  0  0  11529
7  11572  3   0  0  11572
8  11338  3   0  3  11335
9  11570  2   0  11570
10  11514  2   0  11514
11  11578  2   0  11578
12  11330  2   0  11330
13  11551  4   0  0  0  11551
14  11570  2   0  11570
15  11568  3   0  1  11567
16  11342  3   0  0  11342
17  11558  2   0  11558
18  11572  2   8  11564
19  11322  2   0  11322
20  11570  2   0  11570
21  11333  4   0  0  0  11333
22  11559  3   0  0  11559
23  11554  2   0  11554
24  11483  3   0  0  11483
25  11518  2   0  11518
26  11570  2   0  11570
27  11558  2   0  11558
28  11570  3   0  0  11570
29  11554  2   0  11554
30  11519  3   0  0  11519
31  11574  2   0  11574
32  11380  2   25  11355
33  11550  2   5  11545
34  7618  2   0  7618
35  11574  5   0  0  0  1  11573
36  11568  3   0  0  11568
37  11574  2   0  11574
38  11566  2   0  11566
39  11574  3   1  0  11573
40  11574  2   0  11574
41  7848  2   16  7832
42  11578  4   0  0  1  11577
43  11526  3   0  1  11525
44  11578  3   1  0  11577
45  11566  2   2  11564
46  11432  2   0  11432
47  11404  2   0  11404
48  11544  3   1  0  11543
49  11504  2   0  11504
50  11539  3   0  0  11539
51  11566  2   0  11566
52  11544  2   77  11467
53  11492  2   0  11492
54  8044  3   0  0  8044
55  11543  3   0  0  11543
56  11566  3   0  0  11566
57  11438  3   0  0  11438
58  11546  3   0  0  11546
59  11574  4   0  0  0  11574
60  11334  2   1  11333
61  11566  4   0  0  1  11565
62  11544  2   1  11543
63  11571  3   0  1  11570
64  11328  3   0  29  11299
65  11428  2   0  11428
66  11550  2   2  11548
67  11534  3   0  2  11532
68  11546  3   0  0  11546
69  11392  3   0  0  11392
70  11578  3   0  0  11578
71  11544  2   0  11544
72  11388  2   1  11387
73  11334  2   0  11334
74  11391  4   1  0  0  11390
75  11572  2   0  11572
76  11542  2   1  11541
77  11332  3   0  0  11332
78  11508  2   0  11508
79  11573  3   1  0  11572
80  11540  3   0  0  11540
81  11548  2   0  11548
82  5846  2   0  5846
83  11497  3   0  0  11497
84  8518  2   0  8518
85  11322  2   0  11322
86  11556  2   0  11556
87  8848  3   0  0  8848
88  11574  2   1  11573
89  11569  6   1  0  1  0  0  11567
90  9048  3   0  0  9048
91  11578  2   0  11578
92  11540  2   0  11540
93  9323  2   0  9323
94  11394  3   1  0  11393
95  11574  2   0  11574
96  11572  3   18  18  11536
97  9108  3   0  7  9101
98  11578  2   0  11578
99  11536  2   0  11536
100  9323  2   2  9321
101  11576  2   0  11576
102  11570  2   0  11570
103  11574  3   0  0  11574
104  11354  3   1  2  11351
105  11468  2   0  11468
106  11570  4   1  0  0  11569
107  11574  2   0  11574
108  11470  3   11  1  11458
109  11570  2   0  11570
110  11574  2   0  11574
111  11570  2   0  11570
112  11316  3   0  0  11316
113  11470  3   0  0  11470
114  11315  3   0  0  11315
115  11260  3   0  0  11260
116  11422  4   0  0  1372  10050
117  11572  2   0  11572
118  11462  2   0  11462
119  11564  2   0  11564
120  11520  2   0  11520
121  11568  2   1  11567
122  11576  3   0  13  11563
123  11463  3   0  0  11463
124  11572  3   0  0  11572
125  11570  3   0  0  11570
126  11218  2   3  11215
127  10014  2   1  10013
128  11466  2   0  11466
129  11571  3   0  0  11571
130  11576  2   0  11576
131  10050  2   0  10050
132  11572  2   0  11572
133  11574  2   0  11574
134  10106  3   0  0  10106
135  11572  3   0  0  11572
136  11218  2   2  11216
137  9796  2   0  9796
138  11376  2   0  11376
139  11572  2   0  11572
140  11572  2   1  11571
141  11200  2   0  11200
142  9323  2   1  9322
143  10172  2   3  10169
144  11394  3   0  0  11394
145  11508  2   1  11507
146  9323  2   0  9323
147  10942  2   0  10942
148  11468  3   0  0  11468
149  11578  2   0  11578
150  10846  2   0  10846
151  11578  2   8  11570
152  11574  2   0  11574
153  8333  3   0  0  8333
154  11574  3   0  2  11572
155  8536  2   0  8536
156  11481  3   0  0  11481
157  9970  2   0  9970
158  11394  2   0  11394
159  11574  2   0  11574
160  9884  2   0  9884
161  11114  3   0  0  11114
162  11578  3   0  0  11578
163  11574  2   0  11574
164  11449  3   0  4  11445
165  10420  4   0  0  0  10420
166  11400  4   0  0  0  11400
167  11386  2   0  11386
168  11572  3   0  0  11572
169  11568  2   0  11568
170  6448  3   0  2  6446
171  11496  2   10  11486
172  11578  3   0  0  11578
173  11400  3   0  0  11400
174  11510  2   1  11509
175  10017  3   0  0  10017
176  9670  2   0  9670
177  11578  2   2  11576
178  9343  5   1  0  3878  0  5464
179  11572  2   1  11571
180  11526  3   0  1  11525
181  11496  2   6836  4660
182  11572  3   0  0  11572
183  11402  2   452  10950
184  11380  2   4  11376
185  11526  3   70  0  11456
186  11578  2   0  11578
187  11508  2   0  11508
188  3142  2   0  3142
189  11403  4   5  5  0  11393
190  9153  2   1  9152
191  11536  4   1  0  3456  8079
192  11543  3   1  0  11542
193  11578  3   0  0  11578
194  11574  2   0  11574
195  11510  3   0  0  11510
196  11568  3   0  0  11568
197  11574  3   0  1  11573
198  11340  2   0  11340
199  9179  2   0  9179
200  11556  2   0  11556
201  10686  2   0  10686
202  11550  2   0  11550
203  11540  2   0  11540
204  11574  2   0  11574
205  11568  4   0  1  0  11567
206  9199  2   2  9197
207  11384  2   0  11384
208  10790  2   0  10790
209  11542  2   1  11541
210  11568  2   0  11568
211  11556  2   0  11556
212  11519  3   0  0  11519
213  11568  3   0  1  11567
214  8466  3   0  0  8466
215  11544  3   0  0  11544
216  11578  3   0  0  11578
217  11529  3   0  0  11529
218  11566  3   0  0  11566
219  1472  2   0  1472
220  11396  2   0  11396

[pop]=3
1  8652  3   0  0  8652
2  3980  2   0  3980
3  8626  2   0  8626
4  6612  2   0  6612
5  8642  2   0  8642
6  8643  4   0  0  0  8643
7  8626  3   0  0  8626
8  8548  3   1  0  8547
9  8650  2   0  8650
10  8582  2   0  8582
11  8654  2   0  8654
12  8548  2   0  8548
13  8649  4   0  1  0  8648
14  8652  2   19  8633
15  8626  3   0  0  8626
16  8558  3   0  1  8557
17  8644  2   0  8644
18  8628  2   0  8628
19  8600  2   0  8600
20  8626  2   0  8626
21  8557  4   0  0  0  8557
22  8642  3   0  0  8642
23  8642  2   0  8642
24  8595  3   0  0  8595
25  8584  2   0  8584
26  8652  2   0  8652
27  8638  2   20  8618
28  8652  3   8  0  8644
29  8654  2   0  8654
30  8580  3   0  0  8580
31  8654  2   0  8654
32  8562  2   0  8562
33  8642  2   12  8630
34  6016  2   0  6016
35  8629  5   0  0  0  0  8629
36  8624  3   0  0  8624
37  8652  2   0  8652
38  8646  2   0  8646
39  8652  3   0  0  8652
40  8630  2   0  8630
41  6132  2   0  6132
42  8654  4   0  0  0  8654
43  8608  3   0  0  8608
44  8654  3   0  1  8653
45  8654  2   0  8654
46  8618  2   0  8618
47  8568  2   0  8568
48  8638  3   0  1  8637
49  8632  2   0  8632
50  8602  3   0  0  8602
51  8624  2   0  8624
52  8638  2   1  8637
53  8628  2   0  8628
54  6300  3   0  0  6300
55  8606  3   1  2  8603
56  8624  3   1  0  8623
57  8620  3   0  0  8620
58  8622  3   0  0  8622
59  8630  4   0  0  0  8630
60  8620  2   0  8620
61  8654  4   0  0  0  8654
62  8628  2   2  8626
63  8636  3   0  0  8636
64  8616  3   0  0  8616
65  8620  2   0  8620
66  8628  2   1  8627
67  8638  3   0  0  8638
68  8626  3   0  0  8626
69  8568  3   0  1  8567
70  8654  3   0  1  8653
71  8606  2   0  8606
72  8566  2   0  8566
73  8614  2   0  8614
74  8566  4   0  0  0  8566
75  8642  2   0  8642
76  8606  2   0  8606
77  8614  3   0  0  8614
78  8638  2   0  8638
79  8642  3   0  0  8642
80  8606  3   0  0  8606
81  8636  2   0  8636
82  4984  2   0  4984
83  8635  3   0  0  8635
84  6540  2   1  6539
85  8608  2   3  8605
86  8640  2   0  8640
87  6834  3   1  0  6833
88  8646  2   0  8646
89  8654  6   0  0  0  0  0  8654
90  6966  3   0  0  6966
91  8654  2   0  8654
92  8582  2   1  8581
93  6638  2   0  6638
94  8612  3   0  0  8612
95  8646  2   0  8646
96  8652  3   0  0  8652
97  6992  3   0  0  6992
98  8654  2   1  8653
99  8582  2   0  8582
100  6638  2   0  6638
101  8646  2   0  8646
102  8654  2   0  8654
103  8628  3   0  0  8628
104  8530  3   1  0  8529
105  8630  2   0  8630
106  8654  4   0  0  0  8654
107  8628  2   0  8628
108  8592  3   0  0  8592
109  8654  2   0  8654
110  8628  2   0  8628
111  8652  2   0  8652
112  8602  3   1  4  8597
113  8631  3   0  0  8631
114  8600  3   0  0  8600
115  8448  3   0  0  8448
116  8605  4   1  0  490  8114
117  8628  2   0  8628
118  8632  2   0  8632
119  8652  2   0  8652
120  8554  2   0  8554
121  8636  2   0  8636
122  8648  3   0  2  8646
123  8623  3   0  0  8623
124  8627  3   0  0  8627
125  8636  3   0  0  8636
126  8394  2   0  8394
127  7702  2   2  7700
128  8590  2   0  8590
129  8636  3   0  0  8636
130  8646  2   2  8644
131  7728  2   0  7728
132  8636  2   3  8633
133  8654  2   0  8654
134  7764  3   0  0  7764
135  8624  3   0  0  8624
136  8560  2   0  8560
137  7576  2   0  7576
138  8600  2   0  8600
139  8636  2   2  8634
140  8624  2   0  8624
141  8556  2   2  8554
142  6638  2   0  6638
143  7832  2   0  7832
144  8550  3   0  0  8550
145  8522  2   0  8522
146  6638  2   0  6638
147  8068  2   0  8068
148  8632  3   0  0  8632
149  8654  2   0  8654
150  7926  2   1  7925
151  8654  2   0  8654
152  8654  2   0  8654
153  6739  3   0  0  6739
154  8654  3   0  0  8654
155  6890  2   0  6890
156  8635  3   0  0  8635
157  7614  2   0  7614
158  8630  2   2  8628
159  8654  2   0  8654
160  7520  2   0  7520
161  8410  3   1  0  8409
162  8654  3   0  2  8652
163  8654  2   0  8654
164  8614  3   0  0  8614
165  7508  4   3  0  0  7505
166  8634  4   0  1  0  8633
167  8604  2   0  8604
168  8620  3   11  1  8608
169  8648  2   4  8644
170  4603  3   0  0  4603
171  8626  2   0  8626
172  8654  3   0  0  8654
173  8633  3   0  0  8633
174  8622  2   6  8616
175  7940  3   0  0  7940
176  6830  2   1  6829
177  8654  2   0  8654
178  7054  5   0  0  2011  2  5041
179  8654  2   0  8654
180  8629  3   0  0  8629
181  8608  2   5100  3508
182  8618  3   0  0  8618
183  8634  2   349  8285
184  8608  2   0  8608
185  8638  3   0  0  8638
186  8654  2   0  8654
187  8574  2   0  8574
188  1978  2   0  1978
189  8635  4   2  0  0  8633
190  6414  2   0  6414
191  8643  4   0  0  2227  6416
192  8648  3   0  0  8648
193  8654  3   0  0  8654
194  8654  2   0  8654
195  8574  3   1  0  8573
196  8607  3   0  0  8607
197  8648  3   0  0  8648
198  8430  2   0  8430
199  6431  2   0  6431
200  8640  2   0  8640
201  8290  2   2  8288
202  8650  2   0  8650
203  8648  2   0  8648
204  8654  2   0  8654
205  8607  4   0  0  0  8607
206  6447  2   0  6447
207  8610  2   0  8610
208  8354  2   0  8354
209  8648  2   0  8648
210  8606  2   0  8606
211  8650  2   1  8649
212  8587  3   0  0  8587
213  8606  3   0  0  8606
214  7132  3   0  0  7132
215  8648  3   0  0  8648
216  8654  3   0  18  8636
217  8596  3   0  0  8596
218  8604  3   0  1  8603
219  980  2   0  980
220  8634  2   0  8634

[pop]=4
1  6614  3   0  2  6612
2  1354  2   0  1354
3  6614  2   0  6614
4  4522  2   0  4522
5  6588  2   0  6588
6  6593  4   0  0  0  6593
7  6614  3   0  0  6614
8  5798  3   0  0  5798
9  6612  2   0  6612
10  6560  2   0  6560
11  6614  2   0  6614
12  5804  2   0  5804
13  6606  4   0  0  0  6606
14  6614  2   0  6614
15  6614  3   0  0  6614
16  5842  3   0  0  5842
17  6610  2   0  6610
18  6614  2   0  6614
19  6556  2   0  6556
20  6614  2   0  6614
21  5888  4   5  0  0  5883
22  6608  3   0  0  6608
23  6608  2   0  6608
24  6455  3   0  0  6455
25  6568  2   0  6568
26  6614  2   0  6614
27  6602  2   0  6602
28  6614  3   0  0  6614
29  6610  2   0  6610
30  6556  3   0  0  6556
31  6614  2   0  6614
32  5970  2   0  5970
33  6592  2   0  6592
34  2472  2   1  2471
35  6614  5   0  0  0  0  6614
36  6614  3   0  0  6614
37  6614  2   0  6614
38  6614  2   0  6614
39  6614  3   0  0  6614
40  6614  2   0  6614
41  2604  2   0  2604
42  6612  4   0  0  0  6612
43  6564  3   0  0  6564
44  6614  3   0  0  6614
45  6614  2   0  6614
46  6600  2   0  6600
47  5984  2   0  5984
48  6567  3   0  0  6567
49  6582  2   0  6582
50  6580  3   0  0  6580
51  6614  2   0  6614
52  6564  2   50  6514
53  6582  2   0  6582
54  2758  3   0  0  2758
55  6580  3   0  0  6580
56  6614  3   0  0  6614
57  6600  3   0  0  6600
58  6562  3   0  0  6562
59  6614  4   0  0  0  6614
60  6562  2   0  6562
61  6614  4   0  0  16  6598
62  6568  2   0  6568
63  6611  3   0  0  6611
64  6557  3   0  3  6554
65  6598  2   0  6598
66  6566  2   0  6566
67  6540  3   0  0  6540
68  6568  3   0  0  6568
69  5963  3   0  0  5963
70  6614  3   0  0  6614
71  6572  2   0  6572
72  5964  2   0  5964
73  6556  2   0  6556
74  5962  4   0  0  0  5962
75  6612  2   0  6612
76  6560  2   0  6560
77  6551  3   0  0  6551
78  6514  2   0  6514
79  6612  3   0  0  6612
80  6560  3   0  0  6560
81  6614  2   8  6606
82  4580  2   0  4580
83  6490  3   0  0  6490
84  3026  2   0  3026
85  6552  2   0  6552
86  6582  2   0  6582
87  3194  3   0  0  3194
88  6614  2   0  6614
89  6614  6   0  0  7  0  0  6607
90  3330  3   0  2  3328
91  6614  2   0  6614
92  6600  2   0  6600
93  4530  2   0  4530
94  6592  3   0  0  6592
95  6614  2   0  6614
96  6614  3   0  0  6614
97  3352  3   0  0  3352
98  6614  2   0  6614
99  6600  2   0  6600
100  4530  2   0  4530
101  6614  2   0  6614
102  6614  2   1  6613
103  6614  3   0  0  6614
104  5860  3   0  0  5860
105  6426  2   0  6426
106  6613  4   0  0  0  6613
107  6614  2   0  6614
108  6504  3   10  0  6494
109  6614  2   0  6614
110  6614  2   0  6614
111  6614  2   0  6614
112  6546  3   0  0  6546
113  6413  3   0  0  6413
114  6546  3   0  0  6546
115  5704  3   0  0  5704
116  6381  4   0  0  989  5392
117  6614  2   0  6614
118  6330  2   0  6330
119  6612  2   0  6612
120  6598  2   0  6598
121  6592  2   0  6592
122  6614  3   0  0  6614
123  6322  3   0  0  6322
124  6614  3   0  0  6614
125  6592  3   0  0  6592
126  5644  2   0  5644
127  4118  2   0  4118
128  6606  2   0  6606
129  6590  3   0  0  6590
130  6614  2   0  6614
131  4160  2   0  4160
132  6590  2   0  6590
133  6614  2   0  6614
134  4256  3   0  0  4256
135  6614  3   3  0  6611
136  6522  2   0  6522
137  5932  2   0  5932
138  6590  2   0  6590
139  6590  2   0  6590
140  6614  2   0  6614
141  6518  2   0  6518
142  4530  2   0  4530
143  6060  2   0  6060
144  6597  3   0  0  6597
145  6598  2   0  6598
146  4530  2   0  4530
147  5318  2   0  5318
148  6302  3   0  0  6302
149  6614  2   0  6614
150  5188  2   0  5188
151  6614  2   0  6614
152  6614  2   0  6614
153  4894  3   0  0  4894
154  6614  3   0  0  6614
155  4988  2   0  4988
156  6312  3   0  0  6312
157  4168  2   0  4168
158  6598  2   0  6598
159  6614  2   0  6614
160  4144  2   0  4144
161  6562  3   0  0  6562
162  6614  3   0  0  6614
163  6614  2   0  6614
164  6575  3   0  0  6575
165  4913  4   1  0  0  4912
166  6597  4   0  0  0  6597
167  6592  2   0  6592
168  6614  3   0  0  6614
169  6612  2   0  6612
170  3110  3   0  0  3110
171  6594  2   0  6594
172  6614  3   0  0  6614
173  6596  3   0  0  6596
174  6594  2   0  6594
175  5717  3   0  0  5717
176  4462  2   0  4462
177  6614  2   0  6614
178  3713  5   0  0  997  0  2716
179  6614  2   0  6614
180  6614  3   0  0  6614
181  6474  2   2590  3884
182  6614  3   0  0  6614
183  6596  2   239  6357
184  6594  2   4  6590
185  6614  3   9  0  6605
186  6614  2   0  6614
187  6614  2   0  6614
188  1442  2   0  1442
189  6596  4   0  5  0  6591
190  4477  2   0  4477
191  6613  4   0  0  1419  5194
192  6523  3   0  0  6523
193  6614  3   0  0  6614
194  6614  2   0  6614
195  6614  3   0  0  6614
196  6614  3   0  0  6614
197  6612  3   0  0  6612
198  6232  2   0  6232
199  4481  2   0  4481
200  6606  2   0  6606
201  6024  2   0  6024
202  6614  2   0  6614
203  6528  2   0  6528
204  6614  2   0  6614
205  6614  4   0  0  0  6614
206  4492  2   0  4492
207  6590  2   0  6590
208  6098  2   0  6098
209  6534  2   0  6534
210  6614  2   0  6614
211  6614  2   0  6614
212  6614  3   0  0  6614
213  6614  3   0  0  6614
214  6068  3   0  0  6068
215  6536  3   0  0  6536
216  6614  3   0  0  6614
217  6614  3   0  0  6614
218  6614  3   0  0  6614
219  814  2   0  814
220  6594  2   0  6594

[pop]=5
1  66215  3   0  1  66214
2  24278  2   0  24278
3  66464  2   0  66464
4  47755  2   0  47755
5  66632  2   0  66632
6  66643  4   2  1  1  66639
7  66544  3   0  2  66542
8  63836  3   5  0  63831
9  66354  2   3  66351
10  65720  2   0  65720
11  66708  2   4  66704
12  63920  2   3  63917
13  66705  4   1  0  1  66703
14  66718  2   1  66717
15  66632  3   1  1  66630
16  64218  3   2  0  64216
17  66382  2   3  66379
18  66652  2   1  66651
19  66306  2   1  66305
20  66650  2   3  66647
21  64477  4   28  0  0  64449
22  66429  3   0  4  66425
23  66462  2   2  66460
24  65458  3   2  10  65446
25  65866  2   0  65866
26  66552  2   0  66552
27  66468  2   0  66468
28  66694  3   0  1  66693
29  66712  2   10  66702
30  65878  3   0  0  65878
31  66578  2   0  66578
32  64872  2   2  64870
33  66472  2   5  66467
34  40496  2   0  40496
35  66689  5   4  1  0  0  66684
36  66658  3   0  1  66657
37  66560  2   2  66558
38  66404  2   0  66404
39  66522  3   1  1  66520
40  66700  2   5  66695
41  41660  2   0  41660
42  66697  4   0  2  0  66695
43  65828  3   1  5  65822
44  66694  3   1  1  66692
45  66728  2   5  66723
46  66424  2   2  66422
47  65142  2   20  65122
48  66440  3   1  0  66439
49  66472  2   2  66470
50  65883  3   0  1  65882
51  66666  2   5  66661
52  66430  2   1466  64964
53  66432  2   1  66431
54  42941  3   1  1  42939
55  65911  3   1  0  65910
56  66670  3   2  0  66668
57  66408  3   0  0  66408
58  66376  3   1  0  66375
59  66711  4   0  2  1  66708
60  66352  2   0  66352
61  66733  4   0  1  6  66726
62  66406  2   1  66405
63  66707  3   1  0  66706
64  66352  3   1  25  66326
65  66398  2   0  66398
66  66436  2   0  66436
67  66416  3   8  0  66408
68  66430  3   0  1  66429
69  65184  3   1  2  65181
70  66730  3   1  0  66729
71  66326  2   13  66313
72  65168  2   1  65167
73  66342  2   4  66338
74  65175  4   1  3  0  65171
75  66724  2   2  66722
76  66324  2   0  66324
77  66332  3   0  1  66331
78  66334  2   0  66334
79  66725  3   0  0  66725
80  66324  3   0  1  66323
81  66238  2   0  66238
82  37164  2   0  37164
83  66295  3   0  0  66295
84  45710  2   0  45710
85  66312  2   0  66312
86  66556  2   2  66554
87  47379  3   0  1  47378
88  66736  2   1  66735
89  66703  6   1  0  62  0  0  66640
90  48746  3   0  0  48746
91  66718  2   0  66718
92  66036  2   4  66032
93  47999  2   0  47999
94  66358  3   0  1  66357
95  66736  2   2  66734
96  66495  3   44  45  66406
97  49048  3   1  24  49023
98  66726  2   0  66726
99  66044  2   3  66041
100  47997  2   0  47997
101  66736  2   0  66736
102  66712  2   0  66712
103  66714  3   2  1  66711
104  64773  3   1  0  64772
105  66174  2   2  66172
106  66717  4   3  1  0  66713
107  66716  2   2  66714
108  66016  3   28  0  65988
109  66718  2   0  66718
110  66716  2   2  66714
111  66712  2   4  66708
112  66252  3   0  0  66252
113  66113  3   1  0  66112
114  66246  3   1  1  66244
115  63872  3   2  0  63870
116  65853  4   0  0  15584  50269
117  66720  2   0  66720
118  66008  2   0  66008
119  66698  2   0  66698
120  66028  2   0  66028
121  66588  2   1  66587
122  66737  3   1  3  66733
123  65992  3   3  1  65988
124  66720  3   0  0  66720
125  66576  3   1  1  66574
126  63500  2   0  63500
127  55466  2   1  55465
128  66452  2   0  66452
129  66575  3   1  1  66573
130  66738  2   1  66737
131  55622  2   0  55622
132  66574  2   0  66574
133  66738  2   0  66738
134  56046  3   1  0  56045
135  66702  3   1  1  66700
136  65688  2   0  65688
137  55896  2   0  55896
138  66342  2   1  66341
139  66560  2   3  66557
140  66700  2   0  66700
141  65582  2   0  65582
142  48000  2   0  48000
143  57922  2   1  57921
144  66207  3   2  3  66202
145  65736  2   0  65736
146  48000  2   5  47995
147  61036  2   6  61030
148  66019  3   0  1  66018
149  66718  2   2  66716
150  60052  2   0  60052
151  66720  2   0  66720
152  66738  2   2  66736
153  50340  3   2  3  50335
154  66737  3   0  0  66737
155  51322  2   2  51320
156  66088  3   1  3  66084
157  54848  2   3  54845
158  66164  2   0  66164
159  66738  2   2  66736
160  54220  2   0  54220
161  65056  3   0  1  65055
162  66728  3   0  0  66728
163  66738  2   2  66736
164  66088  3   0  77  66011
165  56711  4   23  1  3  56684
166  66324  4   1  1  1  66321
167  66368  2   11  66357
168  66673  3   0  0  66673
169  66330  2   0  66330
170  39031  3   1  0  39030
171  66344  2   0  66344
172  66734  3   0  0  66734
173  66431  3   0  1  66430
174  66426  2   2  66424
175  58742  3   1  0  58741
176  52276  2   10  52266
177  66738  2   0  66738
178  50736  5   0  11  12075  0  38650
179  66732  2   0  66732
180  64600  3   1  0  64599
181  66356  2   33996  32360
182  66626  3   0  1  66625
183  66500  2   5080  61420
184  66370  2   31  66339
185  64813  3   658  0  64155
186  66738  2   1  66737
187  64714  2   4  64710
188  22050  2   2  22048
189  66485  4   4  163  3  66315
190  46540  2   0  46540
191  65142  4   0  2  15578  49562
192  66435  3   2  0  66433
193  66739  3   1  2  66736
194  66732  2   4  66728
195  64755  3   0  1  64754
196  66574  3   2  1  66571
197  66396  3   2  3  66391
198  62948  2   2  62946
199  46757  2   2  46755
200  66572  2   1  66571
201  62180  2   2  62178
202  65570  2   2  65568
203  66426  2   1  66425
204  66736  2   2  66734
205  66565  4   1  0  1  66563
206  46912  2   0  46912
207  66392  2   0  66392
208  62860  2   10  62850
209  66426  2   0  66426
210  66556  2   3  66553
211  65598  2   0  65598
212  65067  3   1  1  65065
213  66542  3   4  1  66537
214  57071  3   1  1  57069
215  66424  3   11  1  66412
216  66740  3   4  1  66735
217  65254  3   3  3  65248
218  66506  3   1  0  66505
219  15130  2   0  15130
220  66486  2   2  66484

[pop]=6
1  902  3   0  0  902
2  334  2   0  334
3  888  2   0  888
4  629  2   0  629
5  908  2   0  908
6  908  4   0  0  0  908
7  895  3   0  0  895
8  832  3   0  0  832
9  906  2   0  906
10  890  2   0  890
11  908  2   0  908
12  836  2   0  836
13  908  4   0  0  0  908
14  906  2   0  906
15  896  3   0  0  896
16  839  3   0  0  839
17  908  2   0  908
18  904  2   0  904
19  902  2   0  902
20  896  2   0  896
21  842  4   2  0  0  840
22  906  3   0  0  906
23  906  2   0  906
24  878  3   0  0  878
25  894  2   0  894
26  900  2   0  900
27  904  2   0  904
28  906  3   0  0  906
29  906  2   0  906
30  894  3   0  0  894
31  900  2   0  900
32  858  2   0  858
33  906  2   4  902
34  492  2   0  492
35  904  5   0  0  0  0  904
36  896  3   0  0  896
37  898  2   0  898
38  896  2   0  896
39  898  3   0  0  898
40  904  2   0  904
41  504  2   0  504
42  908  4   0  0  0  908
43  886  3   0  0  886
44  908  3   0  0  908
45  908  2   0  908
46  906  2   0  906
47  876  2   0  876
48  906  3   0  0  906
49  904  2   0  904
50  893  3   0  0  893
51  896  2   0  896
52  906  2   12  894
53  904  2   1  903
54  520  3   0  0  520
55  894  3   0  0  894
56  896  3   0  0  896
57  904  3   0  0  904
58  902  3   0  0  902
59  904  4   0  0  0  904
60  904  2   0  904
61  908  4   0  0  0  908
62  902  2   0  902
63  908  3   0  0  908
64  904  3   0  4  900
65  904  2   0  904
66  902  2   0  902
67  904  3   1  0  903
68  902  3   0  0  902
69  873  3   0  0  873
70  908  3   0  0  908
71  898  2   0  898
72  876  2   2  874
73  902  2   1  901
74  873  4   2  0  0  871
75  908  2   0  908
76  896  2   0  896
77  900  3   0  0  900
78  896  2   0  896
79  908  3   0  0  908
80  896  3   0  0  896
81  896  2   0  896
82  602  2   0  602
83  896  3   0  0  896
84  526  2   0  526
85  898  2   0  898
86  904  2   0  904
87  559  3   0  0  559
88  908  2   0  908
89  908  6   0  0  1  0  0  907
90  584  3   0  0  584
91  906  2   0  906
92  900  2   0  900
93  633  2   0  633
94  902  3   0  0  902
95  908  2   0  908
96  901  3   2  2  897
97  586  3   0  0  586
98  906  2   1  905
99  900  2   0  900
100  633  2   0  633
101  908  2   0  908
102  908  2   0  908
103  904  3   0  0  904
104  856  3   0  0  856
105  886  2   0  886
106  908  4   0  0  0  908
107  904  2   0  904
108  884  3   0  0  884
109  908  2   0  908
110  904  2   0  904
111  906  2   0  906
112  896  3   0  0  896
113  886  3   0  0  886
114  896  3   0  0  896
115  831  3   0  0  831
116  875  4   0  0  194  681
117  904  2   0  904
118  884  2   0  884
119  906  2   0  906
120  902  2   0  902
121  906  2   0  906
122  908  3   0  0  908
123  882  3   0  0  882
124  904  3   0  0  904
125  906  3   0  0  906
126  820  2   0  820
127  658  2   0  658
128  892  2   0  892
129  906  3   0  0  906
130  908  2   0  908
131  658  2   0  658
132  906  2   0  906
133  908  2   0  908
134  660  3   0  0  660
135  904  3   0  0  904
136  892  2   0  892
137  796  2   0  796
138  902  2   0  902
139  906  2   0  906
140  904  2   0  904
141  890  2   0  890
142  633  2   0  633
143  818  2   0  818
144  891  3   0  0  891
145  890  2   0  890
146  633  2   0  633
147  758  2   0  758
148  884  3   0  0  884
149  908  2   0  908
150  750  2   0  750
151  908  2   0  908
152  908  2   0  908
153  717  3   0  0  717
154  908  3   0  0  908
155  722  2   0  722
156  885  3   0  0  885
157  652  2   0  652
158  892  2   0  892
159  908  2   0  908
160  640  2   0  640
161  870  3   0  0  870
162  908  3   0  0  908
163  908  2   0  908
164  888  3   0  1  887
165  700  4   0  0  0  700
166  900  4   0  0  0  900
167  902  2   0  902
168  900  3   0  0  900
169  892  2   0  892
170  552  3   0  0  552
171  898  2   0  898
172  908  3   0  0  908
173  900  3   0  0  900
174  900  2   0  900
175  786  3   0  0  786
176  636  2   0  636
177  908  2   0  908
178  588  5   0  0  144  0  444
179  908  2   0  908
180  842  3   0  0  842
181  890  2   484  406
182  898  3   0  0  898
183  904  2   68  836
184  902  2   0  902
185  850  3   7  0  843
186  908  2   0  908
187  812  2   0  812
188  354  2   0  354
189  904  4   0  1  0  903
190  619  2   1  618
191  862  4   0  0  198  664
192  896  3   0  0  896
193  908  3   0  0  908
194  908  2   0  908
195  815  3   0  0  815
196  898  3   0  0  898
197  897  3   0  0  897
198  808  2   0  808
199  622  2   0  622
200  900  2   0  900
201  838  2   0  838
202  872  2   0  872
203  896  2   0  896
204  908  2   0  908
205  897  4   0  0  0  897
206  622  2   0  622
207  902  2   0  902
208  842  2   0  842
209  896  2   0  896
210  896  2   0  896
211  880  2   0  880
212  833  3   0  0  833
213  896  3   0  0  896
214  766  3   0  0  766
215  894  3   0  0  894
216  908  3   0  0  908
217  843  3   0  0  843
218  896  3   0  0  896
219  264  2   1  263
220  902  2   0  902

[pop]=7
1  16226  3   1  0  16225
2  8704  2   0  8704
3  16070  2   6  16064
4  10053  2   2  10051
5  16482  2   0  16482
6  16487  4   0  0  0  16487
7  16262  3   1  0  16261
8  16259  3   0  0  16259
9  16404  2   1  16403
10  16452  2   0  16452
11  16512  2   0  16512
12  16296  2   0  16296
13  16502  4   0  0  0  16502
14  16510  2   2  16508
15  16448  3   1  0  16447
16  16364  3   0  0  16364
17  16502  2   0  16502
18  16488  2   0  16488
19  16474  2   10  16464
20  16464  2   0  16464
21  16383  4   0  0  2  16381
22  16505  3   1  0  16504
23  16508  2   1  16507
24  16496  3   0  0  16496
25  16494  2   0  16494
26  16356  2   3  16353
27  16508  2   0  16508
28  16504  3   0  0  16504
29  16508  2   0  16508
30  16494  3   0  1  16493
31  16326  2   4  16322
32  16452  2   0  16452
33  16508  2   793  15715
34  12106  2   1  12105
35  16508  5   1  0  1  0  16506
36  16482  3   1  0  16481
37  16256  2   0  16256
38  16132  2   3  16129
39  16182  3   0  0  16182
40  16510  2   0  16510
41  12280  2   0  12280
42  16495  4   1  0  0  16494
43  16500  3   0  0  16500
44  16482  3   1  0  16481
45  16510  2   0  16510
46  16484  2   0  16484
47  16462  2   0  16462
48  16506  3   0  0  16506
49  16462  2   2  16460
50  16500  3   1  0  16499
51  16488  2   0  16488
52  16508  2   90  16418
53  16460  2   0  16460
54  12463  3   0  0  12463
55  16500  3   0  0  16500
56  16490  3   0  1  16489
57  16482  3   1  0  16481
58  16448  3   0  0  16448
59  16512  4   0  0  0  16512
60  16474  2   11  16463
61  16510  4   1  0  0  16509
62  16454  2   0  16454
63  16508  3   0  0  16508
64  16474  3   0  2  16472
65  16482  2   0  16482
66  16458  2   0  16458
67  16504  3   0  0  16504
68  16460  3   0  0  16460
69  16446  3   0  2  16444
70  16507  3   0  0  16507
71  16502  2   0  16502
72  16424  2   6  16418
73  16472  2   0  16472
74  16424  4   6  0  0  16418
75  16510  2   0  16510
76  16498  2   0  16498
77  16472  3   0  0  16472
78  16504  2   2  16502
79  16510  3   0  2  16508
80  16496  3   0  0  16496
81  15754  2   0  15754
82  11580  2   2  11578
83  16502  3   0  0  16502
84  12774  2   1  12773
85  16456  2   0  16456
86  16496  2   1  16495
87  13003  3   0  1  13002
88  16510  2   0  16510
89  16500  6   0  1  0  3  1  16495
90  13118  3   1  0  13117
91  16508  2   0  16508
92  16490  2   0  16490
93  10125  2   0  10125
94  16478  3   0  0  16478
95  16510  2   0  16510
96  15809  3   0  3  15806
97  13168  3   0  0  13168
98  16510  2   0  16510
99  16488  2   0  16488
100  10125  2   0  10125
101  16510  2   11  16499
102  16510  2   3  16507
103  16512  3   0  0  16512
104  16351  3   0  1  16350
105  16500  2   0  16500
106  16510  4   0  0  0  16510
107  16512  2   17  16495
108  16438  3   8  0  16430
109  16512  2   0  16512
110  16512  2   0  16512
111  16508  2   0  16508
112  16442  3   0  1  16441
113  16498  3   0  1  16497
114  16442  3   0  0  16442
115  16174  3   0  0  16174
116  16487  4   0  0  3314  13173
117  16512  2   2  16510
118  16496  2   8  16488
119  16508  2   0  16508
120  16430  2   1  16429
121  16500  2   0  16500
122  16510  3   3  1  16506
123  16492  3   0  0  16492
124  16512  3   1  0  16511
125  16484  3   0  0  16484
126  15796  2   0  15796
127  13934  2   0  13934
128  16422  2   12  16410
129  16476  3   0  0  16476
130  16510  2   0  16510
131  13962  2   2  13960
132  16474  2   0  16474
133  16512  2   2  16510
134  14012  3   0  1  14011
135  16512  3   0  0  16512
136  16262  2   0  16262
137  14612  2   2  14610
138  16472  2   1  16471
139  16454  2   0  16454
140  16512  2   2  16510
141  16236  2   0  16236
142  10124  2   0  10124
143  14858  2   0  14858
144  16285  3   0  0  16285
145  15984  2   1  15983
146  10124  2   1  10123
147  13994  2   0  13994
148  16501  3   1  0  16500
149  16508  2   4  16504
150  13370  2   2  13368
151  16512  2   0  16512
152  16512  2   0  16512
153  13326  3   0  0  13326
154  16512  3   1  0  16511
155  13486  2   0  13486
156  16506  3   1  0  16505
157  13136  2   0  13136
158  15558  2   0  15558
159  16512  2   0  16512
160  12814  2   0  12814
161  15574  3   0  0  15574
162  16512  3   1  0  16511
163  16512  2   0  16512
164  16226  3   0  24  16202
165  11704  4   0  0  1  11703
166  15953  4   0  0  0  15953
167  16476  2   0  16476
168  16512  3   0  0  16512
169  15418  2   0  15418
170  12431  3   0  0  12431
171  16316  2   3  16313
172  16512  3   0  7  16505
173  16122  3   2  0  16120
174  16328  2   1  16327
175  14425  3   0  0  14425
176  9948  2   15  9933
177  16512  2   0  16512
178  11734  5   0  0  4461  1  7272
179  16508  2   0  16508
180  11914  3   0  0  11914
181  16500  2   10194  6306
182  16496  3   1  0  16495
183  16278  2   1005  15273
184  16480  2   5  16475
185  12498  3   178  1  12319
186  16512  2   0  16512
187  10982  2   0  10982
188  10272  2   0  10272
189  16273  4   0  96  0  16177
190  9921  2   317  9604
191  13403  4   0  0  4702  8701
192  16512  3   0  0  16512
193  16512  3   1  0  16511
194  16512  2   0  16512
195  11118  3   0  0  11118
196  16474  3   0  0  16474
197  15658  3   2  0  15656
198  13240  2   6  13234
199  9952  2   0  9952
200  16386  2   1  16385
201  14944  2   0  14944
202  14666  2   0  14666
203  16512  2   0  16512
204  16512  2   4  16508
205  16462  4   1  0  0  16461
206  9971  2   0  9971
207  16484  2   3  16481
208  15062  2   0  15062
209  16512  2   2  16510
210  16456  2   0  16456
211  14826  2   1  14825
212  12079  3   0  1  12078
213  16445  3   0  0  16445
214  12025  3   0  0  12025
215  16512  3   0  0  16512
216  16512  3   0  0  16512
217  12630  3   1  0  12629
218  16423  3   0  1  16422
219  9038  2   0  9038
220  16338  2   5  16333

