[loci]=252

[populations]=7

[pop]=1
1  7854  2   0  7854
2  10400  2   0  10400
3  10404  2   0  10404
4  10406  2   0  10406
5  10232  5   0  0  0  0  10232
6  10330  3   1  6  10323
7  10352  2   0  10352
8  842  2   8  834
9  10304  2   0  10304
10  10278  2   0  10278
11  5824  2   0  5824
12  10406  3   0  0  10406
13  10404  2   1  10403
14  10320  2   0  10320
15  226  2   0  226
16  10302  2   2  10300
17  10322  3   0  0  10322
18  9762  2   0  9762
19  8516  2   1  8515
20  10406  3   0  473  9933
21  10004  2   1  10003
22  10074  3   1  0  10073
23  10292  2   0  10292
24  10214  2   0  10214
25  9802  2   1  9801
26  10232  2   0  10232
27  10382  2   0  10382
28  10316  2   2  10314
29  10308  2   0  10308
30  10124  2   0  10124
31  8516  3   0  0  8516
32  10050  2   0  10050
33  10404  3   0  3  10401
34  10406  4   0  0  7  10399
35  9578  2   0  9578
36  10165  3   0  0  10165
37  10375  4   0  0  0  10375
38  10258  2   0  10258
39  8481  3   117  0  8364
40  10398  2   90  10308
41  10406  3   0  0  10406
42  10406  2   0  10406
43  10400  2   0  10400
44  10404  4   0  0  122  10282
45  10388  2   2  10386
46  10404  2   0  10404
47  10404  2   0  10404
48  10312  2   0  10312
49  9800  3   19  0  9781
50  10060  3   0  1  10059
51  9802  3   0  0  9802
52  10295  3   0  0  10295
53  9982  2   0  9982
54  10018  2   22  9996
55  10404  3   0  3  10401
56  9804  2   1  9803
57  10386  2   0  10386
58  10390  2   13  10377
59  10404  2   0  10404
60  10324  2   0  10324
61  10288  2   0  10288
62  10236  2   3  10233
63  10351  4   0  0  0  10351
64  9808  2   0  9808
65  10216  2   0  10216
66  10290  3   0  1  10289
67  10372  3   0  0  10372
68  9984  2   1  9983
69  10037  3   0  0  10037
70  10300  2   0  10300
71  10342  2   0  10342
72  10322  2   0  10322
73  10325  3   0  0  10325
74  10328  2   0  10328
75  10398  3   0  0  10398
76  10402  2   0  10402
77  10350  2   0  10350
78  10274  2   0  10274
79  10334  3   0  1  10333
80  10394  2   0  10394
81  10066  2   0  10066
82  10228  3   0  0  10228
83  10402  2   0  10402
84  10212  2   4  10208
85  10348  2   0  10348
86  10404  2   570  9834
87  10188  2   0  10188
88  10333  4   0  0  0  10333
89  5974  2   29  5945
90  10404  2   0  10404
91  9810  2   488  9322
92  10198  2   1  10197
93  10216  2   0  10216
94  9898  3   0  1  9897
95  9624  2   1947  7677
96  10378  2   1  10377
97  10332  2   1  10331
98  7872  3   0  0  7872
99  10376  2   0  10376
100  10327  4   0  1  0  10326
101  914  2   2  912
102  9764  2   0  9764
103  10106  2   0  10106
104  9996  2   0  9996
105  9152  2   7  9145
106  10404  3   0  0  10404
107  10094  2   0  10094
108  10354  2   2  10352
109  9829  3   0  2  9827
110  10006  3   0  0  10006
111  10100  4   0  0  0  10100
112  10400  3   0  0  10400
113  9810  2   11  9799
114  10342  4   0  1  0  10341
115  10388  2   0  10388
116  10376  2   0  10376
117  10192  3   0  0  10192
118  9971  3   0  0  9971
119  10166  3   0  0  10166
120  8375  2   3  8372
121  10114  2   0  10114
122  8636  2   1  8635
123  10216  2   0  10216
124  9808  3   0  0  9808
125  10402  2   14  10388
126  9760  2   0  9760
127  10306  2   0  10306
128  9798  2   1  9797
129  10406  3   1  0  10405
130  10398  5   0  0  0  4  10394
131  9642  2   0  9642
132  10400  2   2  10398
133  9808  2   0  9808
134  8060  3   0  0  8060
135  10346  3   0  0  10346
136  1604  2   0  1604
137  10362  2   0  10362
138  10390  2   0  10390
139  10208  3   1  0  10207
140  9910  2   0  9910
141  9974  3   0  0  9974
142  10231  3   0  0  10231
143  10302  2   0  10302
144  10406  4   0  0  0  10406
145  10398  2   0  10398
146  10400  3   1  0  10399
147  10368  2   0  10368
148  8105  3   1  0  8104
149  10199  3   0  0  10199
150  10328  2   0  10328
151  10106  2   0  10106
152  910  3   0  0  910
153  10214  4   3  0  0  10211
154  9685  3   0  0  9685
155  10209  3   0  0  10209
156  10370  3   1  1  10368
157  8170  2   0  8170
158  10403  4   0  0  0  10403
159  10404  2   0  10404
160  10396  2   1  10395
161  10300  3   0  1  10299
162  8499  2   0  8499
163  9800  2   0  9800
164  10396  3   0  0  10396
165  10360  3   0  0  10360
166  10069  3   0  0  10069
167  10032  2   0  10032
168  10338  2   0  10338
169  9802  3   0  0  9802
170  10390  2   0  10390
171  10398  2   0  10398
172  9764  3   0  0  9764
173  9795  3   0  0  9795
174  10224  2   0  10224
175  9676  2   0  9676
176  10210  2   0  10210
177  10300  2   16  10284
178  6212  3   1  94  6117
179  10388  3   0  0  10388
180  3542  2   0  3542
181  10043  4   0  4  0  10039
182  8300  2   0  8300
183  10216  3   0  0  10216
184  10390  2   0  10390
185  10404  2   0  10404
186  10338  2   1  10337
187  10105  4   0  0  0  10105
188  5814  2   0  5814
189  10214  2   0  10214
190  10404  3   0  0  10404
191  10394  3   0  1  10393
192  9988  2   1  9987
193  10314  2   1  10313
194  2142  2   9  2133
195  10086  2   0  10086
196  9500  2   0  9500
197  10206  2   0  10206
198  10406  3   0  438  9968
199  10316  2   0  10316
200  9810  2   0  9810
201  10233  4   0  1  0  10232
202  10366  3   0  0  10366
203  10348  2   0  10348
204  10330  4   1  1  0  10328
205  10079  3   1  1  10077
206  10192  3   0  0  10192
207  10212  3   1  2  10209
208  9802  2   1  9801
209  10405  3   2  0  10403
210  10274  2   0  10274
211  10398  2   0  10398
212  9744  2   1  9743
213  10064  2   0  10064
214  10016  2   0  10016
215  10392  2   2  10390
216  10380  2   2  10378
217  10238  4   0  0  0  10238
218  10386  2   2  10384
219  10394  2   0  10394
220  10244  3   0  0  10244
221  10386  4   0  0  0  10386
222  6704  2   0  6704
223  10398  2   0  10398
224  10406  3   0  0  10406
225  9820  2   8231  1589
226  10358  2   0  10358
227  9072  2   1  9071
228  10304  2   0  10304
229  10370  2   0  10370
230  10316  2   0  10316
231  9748  2   0  9748
232  10355  4   1  0  0  10354
233  10396  2   0  10396
234  9098  2   0  9098
235  10404  2   7  10397
236  10364  2   0  10364
237  10403  3   0  0  10403
238  10308  3   0  1  10307
239  9761  3   0  0  9761
240  10290  3   0  1  10289
241  10015  3   0  0  10015
242  6514  3   1  0  6513
243  10396  3   0  6646  3750
244  9176  2   3  9173
245  10314  2   1  10313
246  10302  2   0  10302
247  10406  2   0  10406
248  10366  2   0  10366
249  10301  3   0  0  10301
250  9718  2   0  9718
251  9127  4   0  0  0  9127
252  9955  3   1  1  9953

[pop]=2
1  7030  2   0  7030
2  11566  2   0  11566
3  11578  2   0  11578
4  11578  2   0  11578
5  11510  5   1  4  0  0  11505
6  11535  3   0  0  11535
7  11558  2   0  11558
8  270  2   1  269
9  11542  2   0  11542
10  11556  2   0  11556
11  3882  2   0  3882
12  11578  3   1  0  11577
13  11578  2   0  11578
14  11470  2   0  11470
15  72  2   0  72
16  11560  2   0  11560
17  11568  3   0  0  11568
18  11554  2   0  11554
19  9323  2   0  9323
20  11576  3   0  52  11524
21  11422  2   2  11420
22  11436  3   0  0  11436
23  11512  2   0  11512
24  11550  2   0  11550
25  11576  2   4  11572
26  11514  2   0  11514
27  11576  2   0  11576
28  11570  2   0  11570
29  11544  2   2  11542
30  11376  2   0  11376
31  9323  3   0  0  9323
32  11422  2   8  11414
33  11578  3   0  0  11578
34  11578  4   1  0  1  11576
35  10764  2   0  10764
36  11408  3   0  9  11399
37  11568  4   0  2  0  11566
38  11556  2   0  11556
39  9304  3   4  0  9300
40  11578  2   2  11576
41  11578  3   0  0  11578
42  11576  2   0  11576
43  11566  2   1  11565
44  11578  4   0  0  115  11463
45  11564  2   0  11564
46  11578  2   0  11578
47  11578  2   0  11578
48  11574  2   1  11573
49  11515  3   0  0  11515
50  11539  3   0  0  11539
51  11568  3   0  0  11568
52  11544  3   0  0  11544
53  11270  2   0  11270
54  11438  2   0  11438
55  11578  3   0  1  11577
56  11576  2   0  11576
57  11564  2   7  11557
58  11548  2   2  11546
59  11578  2   7  11571
60  11546  2   0  11546
61  11542  2   0  11542
62  11552  2   0  11552
63  11495  4   0  0  0  11495
64  11520  2   2  11518
65  11522  2   0  11522
66  11541  3   0  2  11539
67  11568  3   0  0  11568
68  11294  2   0  11294
69  11442  3   0  0  11442
70  11560  2   0  11560
71  11550  2   2  11548
72  11566  2   0  11566
73  11546  3   0  0  11546
74  11572  2   0  11572
75  11577  3   0  0  11577
76  11566  2   0  11566
77  11554  2   0  11554
78  11536  2   0  11536
79  11570  3   0  0  11570
80  11576  2   0  11576
81  11454  2   0  11454
82  11508  3   0  0  11508
83  11564  2   5  11559
84  11510  2   0  11510
85  11554  2   0  11554
86  11578  2   35  11543
87  11514  2   0  11514
88  11549  4   0  0  0  11549
89  4268  2   1  4267
90  11570  2   0  11570
91  11576  2   63  11513
92  11502  2   1  11501
93  11558  2   0  11558
94  11357  3   2  0  11355
95  11196  2   451  10745
96  11572  2   0  11572
97  11496  2   0  11496
98  9084  3   0  0  9084
99  11538  2   0  11538
100  11565  4   0  0  0  11565
101  294  2   0  294
102  11556  2   0  11556
103  11504  2   1  11503
104  11316  2   0  11316
105  11080  2   4  11076
106  11570  3   0  0  11570
107  11402  2   0  11402
108  11570  2   2  11568
109  11520  3   0  0  11520
110  11325  3   0  0  11325
111  11472  4   0  0  1  11471
112  11578  3   0  0  11578
113  11576  2   0  11576
114  11564  4   0  0  0  11564
115  11560  2   0  11560
116  11546  2   0  11546
117  11485  3   0  0  11485
118  11536  3   0  0  11536
119  11504  3   0  0  11504
120  9255  2   2  9253
121  11472  2   0  11472
122  10896  2   0  10896
123  11504  2   0  11504
124  11576  3   0  0  11576
125  11578  2   0  11578
126  11558  2   0  11558
127  11564  2   0  11564
128  11570  2   2  11568
129  11578  3   0  0  11578
130  11563  5   0  0  0  0  11563
131  11536  2   18  11518
132  11578  2   0  11578
133  11576  2   0  11576
134  9464  3   0  0  9464
135  11556  3   0  0  11556
136  392  2   0  392
137  11570  2   0  11570
138  11538  2   10  11528
139  11492  3   0  0  11492
140  11522  2   5  11517
141  11539  3   0  0  11539
142  11511  3   0  0  11511
143  11570  2   0  11570
144  11577  4   6  1  0  11570
145  11568  2   0  11568
146  11578  3   0  0  11578
147  11572  2   1  11571
148  9547  3   0  3  9544
149  11479  3   0  0  11479
150  11526  2   0  11526
151  11552  2   0  11552
152  292  3   0  0  292
153  11497  4   0  0  41  11456
154  10654  3   0  0  10654
155  11505  3   0  0  11505
156  11570  3   0  0  11570
157  9636  2   0  9636
158  11575  4   0  0  0  11575
159  11578  2   0  11578
160  11552  2   2  11550
161  11568  3   0  1  11567
162  9313  2   0  9313
163  11572  2   0  11572
164  11560  3   1  2  11557
165  11570  3   0  0  11570
166  11471  3   0  0  11471
167  11374  2   0  11374
168  11558  2   0  11558
169  11576  3   0  0  11576
170  11568  2   0  11568
171  11552  2   0  11552
172  11570  3   0  0  11570
173  11567  3   0  0  11567
174  11514  2   0  11514
175  11508  2   0  11508
176  11502  2   0  11502
177  11570  2   1  11569
178  2966  3   0  3  2963
179  11578  3   0  0  11578
180  1154  2   0  1154
181  11465  4   0  6  3  11456
182  9770  2   0  9770
183  11490  3   0  1  11489
184  11568  2   0  11568
185  11566  2   0  11566
186  11540  2   0  11540
187  11498  4   1  0  0  11497
188  2286  2   0  2286
189  11502  2   2  11500
190  11578  3   0  0  11578
191  11578  3   0  0  11578
192  11460  2   0  11460
193  11556  2   0  11556
194  410  2   0  410
195  11488  2   1  11487
196  10332  2   0  10332
197  11528  2   2  11526
198  11578  3   0  28  11550
199  11536  2   0  11536
200  11576  2   0  11576
201  11510  4   1  0  0  11509
202  11570  3   0  0  11570
203  11554  2   0  11554
204  11561  4   0  0  0  11561
205  11485  3   0  0  11485
206  11528  3   1  0  11527
207  11519  3   2  0  11517
208  11572  2   0  11572
209  11578  3   0  0  11578
210  11518  2   0  11518
211  11560  2   0  11560
212  11558  2   0  11558
213  11474  2   0  11474
214  11338  2   1  11337
215  11578  2   0  11578
216  11574  2   0  11574
217  11510  4   0  0  1  11509
218  11552  2   0  11552
219  11572  2   0  11572
220  11539  3   0  0  11539
221  11578  4   0  0  0  11578
222  9812  2   0  9812
223  11554  2   0  11554
224  11578  3   0  6  11572
225  11570  2   7667  3903
226  11568  2   0  11568
227  10454  2   0  10454
228  11522  2   0  11522
229  11566  2   2  11564
230  11564  2   5  11559
231  11560  2   0  11560
232  11558  4   0  0  0  11558
233  11550  2   0  11550
234  10514  2   0  10514
235  11578  2   1  11577
236  11564  2   1  11563
237  11578  3   0  0  11578
238  11564  3   0  0  11564
239  11566  3   12  0  11554
240  11534  3   0  0  11534
241  11469  3   0  0  11469
242  3358  3   0  0  3358
243  11558  3   0  1239  10319
244  10588  2   0  10588
245  11526  2   0  11526
246  11558  2   0  11558
247  11568  2   0  11568
248  11564  2   2  11562
249  11537  3   1  0  11536
250  11546  2   0  11546
251  9761  4   1  1  0  9759
252  11288  3   0  0  11288

[pop]=3
1  6536  2   3  6533
2  8650  2   0  8650
3  8654  2   0  8654
4  8654  2   0  8654
5  8622  5   0  0  0  0  8622
6  8614  3   0  0  8614
7  8632  2   0  8632
8  426  2   0  426
9  8646  2   0  8646
10  8608  2   1  8607
11  4282  2   0  4282
12  8654  3   0  1  8653
13  8654  2   0  8654
14  8604  2   0  8604
15  114  2   0  114
16  8616  2   0  8616
17  8646  3   0  0  8646
18  8620  2   7  8613
19  6636  2   0  6636
20  8652  3   0  0  8652
21  8542  2   0  8542
22  8496  3   0  1  8495
23  8630  2   3  8627
24  8630  2   0  8630
25  8626  2   0  8626
26  8618  2   0  8618
27  8650  2   1  8649
28  8646  2   0  8646
29  8646  2   0  8646
30  8570  2   3  8567
31  6636  3   0  0  6636
32  8486  2   0  8486
33  8654  3   1  0  8653
34  8654  4   0  0  0  8654
35  8128  2   0  8128
36  8528  3   0  0  8528
37  8601  4   0  0  0  8601
38  8606  2   1  8605
39  6638  3   0  0  6638
40  8654  2   0  8654
41  8654  3   0  0  8654
42  8654  2   10  8644
43  8650  2   0  8650
44  8654  4   0  0  0  8654
45  8646  2   0  8646
46  8644  2   0  8644
47  8654  2   0  8654
48  8638  2   4  8634
49  8567  3   0  0  8567
50  8595  3   5  0  8590
51  8624  3   0  0  8624
52  8607  3   0  1  8606
53  8558  2   0  8558
54  8546  2   0  8546
55  8654  3   0  0  8654
56  8626  2   0  8626
57  8646  2   0  8646
58  8648  2   1  8647
59  8654  2   0  8654
60  8646  2   0  8646
61  8604  2   0  8604
62  8606  2   0  8606
63  8636  4   0  0  0  8636
64  8574  2   0  8574
65  8588  2   0  8588
66  8603  3   0  0  8603
67  8596  3   0  0  8596
68  8564  2   0  8564
69  8556  3   0  0  8556
70  8646  2   0  8646
71  8616  2   1  8615
72  8646  2   0  8646
73  8646  3   0  0  8646
74  8636  2   0  8636
75  8654  3   0  0  8654
76  8650  2   0  8650
77  8618  2   0  8618
78  8596  2   0  8596
79  8634  3   1  0  8633
80  8654  2   0  8654
81  8560  2   0  8560
82  8612  3   0  0  8612
83  8650  2   0  8650
84  8604  2   0  8604
85  8618  2   0  8618
86  8654  2   22  8632
87  8586  2   0  8586
88  8646  4   0  0  1  8645
89  4470  2   0  4470
90  8650  2   2  8648
91  8628  2   867  7761
92  8612  2   0  8612
93  8640  2   0  8640
94  8493  3   0  1  8492
95  8316  2   32  8284
96  8648  2   0  8648
97  8590  2   0  8590
98  6915  3   0  0  6915
99  8646  2   0  8646
100  8622  4   0  0  1  8621
101  486  2   0  486
102  8622  2   0  8622
103  8514  2   0  8514
104  8566  2   0  8566
105  8256  2   0  8256
106  8650  3   0  0  8650
107  8540  2   5  8535
108  8642  2   72  8570
109  8582  3   0  0  8582
110  8561  3   0  0  8561
111  8560  4   0  0  0  8560
112  8654  3   2  0  8652
113  8630  2   0  8630
114  8644  4   0  0  0  8644
115  8642  2   0  8642
116  8646  2   0  8646
117  8538  3   0  0  8538
118  8590  3   1  0  8589
119  8582  3   0  0  8582
120  6591  2   0  6591
121  8560  2   0  8560
122  8112  2   0  8112
123  8608  2   0  8608
124  8630  3   0  0  8630
125  8654  2   0  8654
126  8618  2   3  8615
127  8640  2   0  8640
128  8622  2   0  8622
129  8654  3   0  0  8654
130  8649  5   0  0  0  0  8649
131  8606  2   0  8606
132  8654  2   0  8654
133  8630  2   7  8623
134  7196  3   0  3  7193
135  8618  3   1  0  8617
136  370  2   4  366
137  8644  2   0  8644
138  8644  2   0  8644
139  8560  3   0  0  8560
140  8584  2   0  8584
141  8589  3   0  0  8589
142  8552  3   0  13  8539
143  8632  2   22  8610
144  8654  4   0  0  0  8654
145  8648  2   0  8648
146  8654  3   0  0  8654
147  8646  2   0  8646
148  7251  3   0  1  7250
149  8572  3   0  1  8571
150  8636  2   0  8636
151  8634  2   1  8633
152  486  3   0  0  486
153  8562  4   0  0  0  8562
154  8111  3   0  0  8111
155  8597  3   0  0  8597
156  8644  3   0  0  8644
157  7362  2   0  7362
158  8646  4   0  0  0  8646
159  8654  2   0  8654
160  8650  2   0  8650
161  8632  3   0  0  8632
162  6622  2   0  6622
163  8624  2   0  8624
164  8644  3   0  0  8644
165  8648  3   0  0  8648
166  8545  3   0  0  8545
167  8582  2   0  8582
168  8614  2   0  8614
169  8626  3   0  1  8625
170  8652  2   0  8652
171  8650  2   0  8650
172  8617  3   0  0  8617
173  8620  3   0  0  8620
174  8566  2   0  8566
175  8602  2   0  8602
176  8544  2   0  8544
177  8632  2   0  8632
178  4822  3   0  0  4822
179  8652  3   0  0  8652
180  1936  2   10  1926
181  8529  4   0  0  0  8529
182  7458  2   0  7458
183  8581  3   0  0  8581
184  8652  2   0  8652
185  8652  2   0  8652
186  8640  2   0  8640
187  8584  4   0  0  0  8584
188  4020  2   0  4020
189  8596  2   0  8596
190  8654  3   0  0  8654
191  8654  3   0  0  8654
192  8512  2   0  8512
193  8646  2   0  8646
194  618  2   0  618
195  8574  2   3  8571
196  7920  2   0  7920
197  8586  2   0  8586
198  8654  3   0  0  8654
199  8612  2   0  8612
200  8630  2   0  8630
201  8616  4   0  0  1  8615
202  8644  3   0  0  8644
203  8644  2   1  8643
204  8624  4   0  0  4  8620
205  8571  3   0  0  8571
206  8582  3   1  0  8581
207  8601  3   0  0  8601
208  8624  2   1  8623
209  8654  3   0  2  8652
210  8602  2   0  8602
211  8654  2   0  8654
212  8616  2   0  8616
213  8572  2   0  8572
214  8566  2   0  8566
215  8654  2   0  8654
216  8650  2   0  8650
217  8616  4   0  0  0  8616
218  8640  2   0  8640
219  8652  2   0  8652
220  8608  3   0  0  8608
221  8652  4   3  1  0  8648
222  7048  2   0  7048
223  8644  2   0  8644
224  8654  3   0  0  8654
225  8616  2   6129  2487
226  8642  2   0  8642
227  7934  2   0  7934
228  8608  2   0  8608
229  8640  2   0  8640
230  8622  2   2  8620
231  8616  2   0  8616
232  8626  4   0  0  0  8626
233  8644  2   0  8644
234  7950  2   0  7950
235  8654  2   0  8654
236  8648  2   0  8648
237  8654  3   0  0  8654
238  8621  3   0  0  8621
239  8618  3   0  0  8618
240  8592  3   0  0  8592
241  8569  3   1  0  8568
242  5248  3   0  0  5248
243  8649  3   0  1618  7031
244  8016  2   1  8015
245  8610  2   0  8610
246  8644  2   0  8644
247  8654  2   5  8649
248  8646  2   0  8646
249  8592  3   0  0  8592
250  8616  2   0  8616
251  7585  4   0  0  2  7583
252  8555  3   0  0  8555

[pop]=4
1  5006  2   0  5006
2  6592  2   0  6592
3  6614  2   0  6614
4  6614  2   0  6614
5  6612  5   0  0  0  0  6612
6  6516  3   0  0  6516
7  6610  2   0  6610
8  48  2   0  48
9  6610  2   0  6610
10  6614  2   0  6614
11  3660  2   0  3660
12  6614  3   0  0  6614
13  6614  2   1  6613
14  6506  2   0  6506
15  2  2   0  2
16  6610  2   0  6610
17  6612  3   0  0  6612
18  6614  2   0  6614
19  4530  2   0  4530
20  6614  3   1  0  6613
21  6378  2   0  6378
22  6530  3   0  0  6530
23  6608  2   0  6608
24  6612  2   0  6612
25  6614  2   1  6613
26  6612  2   0  6612
27  6612  2   0  6612
28  6612  2   0  6612
29  6612  2   0  6612
30  6360  2   0  6360
31  4530  3   0  0  4530
32  6530  2   0  6530
33  6614  3   0  0  6614
34  6614  4   0  0  0  6614
35  5760  2   0  5760
36  6567  3   0  0  6567
37  6610  4   0  0  0  6610
38  6608  2   0  6608
39  4530  3   0  0  4530
40  6614  2   0  6614
41  6614  3   0  0  6614
42  6614  2   0  6614
43  6592  2   1  6591
44  6614  4   0  0  13  6601
45  6610  2   0  6610
46  6614  2   0  6614
47  6612  2   0  6612
48  6614  2   0  6614
49  6604  3   0  0  6604
50  6614  3   0  0  6614
51  6604  3   0  0  6604
52  6608  3   0  0  6608
53  6196  2   0  6196
54  6398  2   0  6398
55  6614  3   0  0  6614
56  6614  2   0  6614
57  6610  2   0  6610
58  6614  2   0  6614
59  6614  2   0  6614
60  6612  2   0  6612
61  6606  2   1  6605
62  6604  2   0  6604
63  6606  4   1  0  0  6605
64  6606  2   0  6606
65  6604  2   0  6604
66  6606  3   0  2  6604
67  6608  3   0  0  6608
68  6204  2   0  6204
69  6422  3   0  0  6422
70  6612  2   0  6612
71  6566  2   0  6566
72  6608  2   0  6608
73  6612  3   1  0  6611
74  6614  2   1  6613
75  6614  3   0  0  6614
76  6592  2   0  6592
77  6580  2   0  6580
78  6606  2   0  6606
79  6614  3   0  0  6614
80  6614  2   0  6614
81  6444  2   0  6444
82  6604  3   0  0  6604
83  6590  2   0  6590
84  6606  2   0  6606
85  6586  2   0  6586
86  6614  2   0  6614
87  6602  2   0  6602
88  6612  4   0  0  0  6612
89  3798  2   0  3798
90  6614  2   0  6614
91  6614  2   14  6600
92  6612  2   0  6612
93  6612  2   0  6612
94  6035  3   0  0  6035
95  6288  2   502  5786
96  6612  2   0  6612
97  6536  2   0  6536
98  3842  3   0  0  3842
99  6608  2   0  6608
100  6612  4   0  1  0  6611
101  1374  2   0  1374
102  6614  2   0  6614
103  6550  2   0  6550
104  6202  2   0  6202
105  6146  2   0  6146
106  6614  3   0  0  6614
107  6214  2   0  6214
108  6614  2   0  6614
109  6606  3   0  0  6606
110  6195  3   0  0  6195
111  6480  4   0  0  0  6480
112  6614  3   0  0  6614
113  6614  2   0  6614
114  6614  4   0  0  0  6614
115  6612  2   0  6612
116  6608  2   1  6607
117  6610  3   0  0  6610
118  6614  3   0  0  6614
119  6590  3   2  0  6588
120  4526  2   0  4526
121  6484  2   0  6484
122  5826  2   0  5826
123  6602  2   0  6602
124  6614  3   0  0  6614
125  6610  2   0  6610
126  6614  2   0  6614
127  6590  2   0  6590
128  6612  2   0  6612
129  6614  3   0  0  6614
130  6598  5   0  0  0  0  6598
131  6614  2   0  6614
132  6614  2   0  6614
133  6614  2   0  6614
134  4001  3   0  0  4001
135  6590  3   0  0  6590
136  62  2   0  62
137  6614  2   0  6614
138  6612  2   0  6612
139  6610  3   0  0  6610
140  6608  2   0  6608
141  6614  3   0  0  6614
142  6602  3   0  0  6602
143  6614  2   0  6614
144  6614  4   0  0  0  6614
145  6612  2   6  6606
146  6614  3   0  0  6614
147  6612  2   0  6612
148  4055  3   0  0  4055
149  6330  3   0  0  6330
150  6592  2   0  6592
151  6610  2   0  6610
152  1372  3   0  0  1372
153  6610  4   0  0  0  6610
154  6122  3   0  0  6122
155  6602  3   0  0  6602
156  6612  3   0  0  6612
157  4148  2   0  4148
158  6614  4   0  0  0  6614
159  6606  2   0  6606
160  6612  2   0  6612
161  6614  3   0  1  6613
162  4528  2   0  4528
163  6612  2   0  6612
164  6612  3   0  0  6612
165  6614  3   0  0  6614
166  6590  3   0  0  6590
167  6476  2   0  6476
168  6590  2   0  6590
169  6614  3   0  0  6614
170  6610  2   3  6607
171  6612  2   0  6612
172  6614  3   0  0  6614
173  6610  3   0  0  6610
174  6610  2   0  6610
175  6612  2   0  6612
176  6596  2   0  6596
177  6614  2   0  6614
178  1660  3   0  0  1660
179  6614  3   0  0  6614
180  2538  2   0  2538
181  6587  4   1  0  0  6586
182  4196  2   0  4196
183  6366  3   0  0  6366
184  6610  2   0  6610
185  6614  2   0  6614
186  6602  2   0  6602
187  6566  4   0  0  0  6566
188  3302  2   0  3302
189  6600  2   0  6600
190  6614  3   0  0  6614
191  6614  3   0  0  6614
192  6584  2   0  6584
193  6612  2   0  6612
194  1624  2   0  1624
195  6562  2   0  6562
196  5928  2   0  5928
197  6566  2   0  6566
198  6614  3   0  0  6614
199  6608  2   0  6608
200  6614  2   0  6614
201  6612  4   0  0  0  6612
202  6612  3   0  0  6612
203  6606  2   0  6606
204  6614  4   0  0  0  6614
205  6558  3   0  0  6558
206  6568  3   0  0  6568
207  6409  3   2  0  6407
208  6612  2   0  6612
209  6614  3   0  0  6614
210  6460  2   0  6460
211  6612  2   0  6612
212  6614  2   0  6614
213  6552  2   0  6552
214  6128  2   0  6128
215  6614  2   0  6614
216  6614  2   0  6614
217  6612  4   0  0  0  6612
218  6606  2   0  6606
219  6612  2   0  6612
220  6470  3   0  0  6470
221  6614  4   0  0  0  6614
222  5138  2   0  5138
223  6594  2   0  6594
224  6614  3   0  0  6614
225  6612  2   4478  2134
226  6612  2   0  6612
227  4928  2   0  4928
228  6476  2   0  6476
229  6612  2   0  6612
230  6614  2   0  6614
231  6614  2   0  6614
232  6612  4   0  0  0  6612
233  6594  2   0  6594
234  4938  2   0  4938
235  6614  2   0  6614
236  6606  2   0  6606
237  6614  3   0  0  6614
238  6614  3   0  0  6614
239  6614  3   0  0  6614
240  6613  3   0  0  6613
241  6533  3   0  0  6533
242  1900  3   0  0  1900
243  6614  3   0  825  5789
244  5076  2   0  5076
245  6496  2   0  6496
246  6614  2   1  6613
247  6614  2   0  6614
248  6606  2   0  6606
249  6614  3   0  0  6614
250  6614  2   0  6614
251  5653  4   0  0  0  5653
252  6031  3   0  0  6031

[pop]=5
1  44698  2   0  44698
2  66674  2   5  66669
3  66738  2   2  66736
4  66738  2   0  66738
5  66370  5   0  0  0  1  66369
6  66149  3   0  5  66144
7  66568  2   3  66565
8  4952  2   0  4952
9  66530  2   0  66530
10  65860  2   0  65860
11  32184  2   2  32182
12  66699  3   0  2  66697
13  66738  2   48  66690
14  66144  2   2  66142
15  1154  2   2  1152
16  66132  2   1  66131
17  66384  3   1  1  66382
18  66708  2   0  66708
19  47980  2   1  47979
20  66738  3   0  38  66700
21  65220  2   0  65220
22  65154  3   0  0  65154
23  66538  2   0  66538
24  66566  2   4  66562
25  66668  2   56  66612
26  66374  2   0  66374
27  66708  2   0  66708
28  66376  2   0  66376
29  66530  2   0  66530
30  65460  2   0  65460
31  47980  3   1  2  47977
32  65056  2   0  65056
33  66740  3   0  0  66740
34  66738  4   0  0  4  66734
35  62226  2   1  62225
36  64613  3   1  14  64598
37  66566  4   0  0  1  66565
38  65762  2   2  65760
39  47833  3   0  1  47832
40  66716  2   5  66711
41  66739  3   0  1  66738
42  66694  2   0  66694
43  66660  2   1  66659
44  66740  4   1  1  889  65849
45  66502  2   0  66502
46  66642  2   2  66640
47  66734  2   3  66731
48  66322  2   0  66322
49  64660  3   0  0  64660
50  65334  3   0  0  65334
51  66718  3   1  1  66716
52  66070  3   1  0  66069
53  63320  2   2  63318
54  65302  2   1  65301
55  66740  3   0  0  66740
56  66694  2   0  66694
57  66518  2   0  66518
58  66692  2   0  66692
59  66734  2   0  66734
60  66536  2   3  66533
61  66040  2   1  66039
62  65676  2   0  65676
63  66419  4   0  1  1  66417
64  64684  2   0  64684
65  65706  2   3  65703
66  66035  3   3  99  65933
67  66560  3   21  0  66539
68  63352  2   1  63351
69  65382  3   1  9  65372
70  66616  2   2  66614
71  66208  2   0  66208
72  66088  2   2  66086
73  66536  3   0  0  66536
74  66444  2   1  66443
75  66709  3   1  1  66707
76  66662  2   1  66661
77  66234  2   4  66230
78  65974  2   2  65972
79  66446  3   3  4  66439
80  66702  2   2  66700
81  65426  2   1  65425
82  66531  3   5  4  66522
83  66658  2   3  66655
84  66314  2   0  66314
85  66236  2   0  66236
86  66736  2   13  66723
87  65596  2   9  65587
88  66538  4   0  0  0  66538
89  33260  2   13  33247
90  66672  2   0  66672
91  66718  2   301  66417
92  66234  2   0  66234
93  65854  2   2  65852
94  64025  3   0  1  64024
95  63324  2   4483  58841
96  66704  2   1  66703
97  66032  2   3  66029
98  52614  3   1  0  52613
99  66614  2   8  66606
100  66250  4   2  10  0  66238
101  5436  2   0  5436
102  66702  2   2  66700
103  64090  2   1  64089
104  63332  2   4  63328
105  62322  2   0  62322
106  66672  3   1  0  66671
107  65074  2   0  65074
108  66382  2   9  66373
109  64738  3   0  0  64738
110  63325  3   0  0  63325
111  65538  4   1  1  0  65536
112  66736  3   4  0  66732
113  66722  2   0  66722
114  66675  4   1  0  1  66673
115  66538  2   0  66538
116  66642  2   1  66641
117  64159  3   1  1  64157
118  65194  3   0  0  65194
119  65458  3   12  4  65442
120  47650  2   0  47650
121  65540  2   3  65537
122  60320  2   1  60319
123  66540  2   2  66538
124  66726  3   0  1  66725
125  66726  2   0  66726
126  66690  2   0  66690
127  66318  2   0  66318
128  66698  2   0  66698
129  66636  3   0  2  66634
130  66632  5   1  1  4  0  66626
131  64486  2   0  64486
132  66736  2   0  66736
133  66726  2   0  66726
134  54105  3   1  0  54104
135  66246  3   0  1  66245
136  4898  2   0  4898
137  66348  2   2  66346
138  66546  2   1  66545
139  64282  3   0  1  64281
140  64890  2   0  64890
141  65176  3   2  0  65174
142  65712  3   0  0  65712
143  66342  2   0  66342
144  66657  4   0  0  3  66654
145  66614  2   0  66614
146  66736  3   0  0  66736
147  66686  2   0  66686
148  54416  3   1  1  54414
149  65501  3   2  0  65499
150  66390  2   2  66388
151  65606  2   2  65604
152  5431  3   0  2  5429
153  64347  4   0  0  8  64339
154  62585  3   1  3  62581
155  66538  3   1  2  66535
156  66685  3   0  0  66685
157  54946  2   3  54943
158  66585  4   1  1  1  66582
159  66728  2   1  66727
160  66618  2   0  66618
161  66324  3   0  0  66324
162  47808  2   0  47808
163  66710  2   2  66708
164  66580  3   0  1  66579
165  66703  3   1  1  66701
166  66060  3   0  1  66059
167  65448  2   3  65445
168  66164  2   2  66162
169  66726  3   1  0  66725
170  66678  2   4  66674
171  66626  2   2  66624
172  66498  3   1  1  66496
173  66693  3   0  0  66693
174  64470  2   9  64461
175  66426  2   3  66423
176  65578  2   2  65576
177  66338  2   0  66338
178  31186  3   0  7  31179
179  66680  3   0  0  66680
180  18798  2   0  18798
181  65976  4   0  93  0  65883
182  55454  2   2  55452
183  65606  3   0  4  65602
184  66684  2   4  66680
185  66726  2   0  66726
186  66506  2   1  66505
187  65225  4   0  1  0  65224
188  27802  2   2  27800
189  66542  2   1  66541
190  66740  3   2  1  66737
191  66734  3   2  0  66732
192  65892  2   0  65892
193  66490  2   1  66489
194  8718  2   0  8718
195  65150  2   0  65150
196  60974  2   2  60972
197  64718  2   58  64660
198  66698  3   2  3  66693
199  65450  2   9  65441
200  66728  2   2  66726
201  66333  4   0  0  0  66333
202  66680  3   1  1  66678
203  66570  2   1  66569
204  66247  4   0  0  0  66247
205  65111  3   0  0  65111
206  64694  3   2  2  64690
207  65560  3   32  1  65527
208  66714  2   0  66714
209  66738  3   0  0  66738
210  65868  2   2  65866
211  66678  2   2  66676
212  66686  2   3  66683
213  65028  2   3  65025
214  63326  2   7  63319
215  66728  2   0  66728
216  66716  2   0  66716
217  66351  4   1  1  0  66349
218  66498  2   0  66498
219  66700  2   2  66698
220  65766  3   1  1  65764
221  66709  4   0  0  2  66707
222  53444  2   2  53442
223  66442  2   3  66439
224  66738  3   1  0  66737
225  66738  2   46382  20356
226  66666  2   2  66664
227  59442  2   0  59442
228  65966  2   2  65964
229  66278  2   0  66278
230  66200  2   6  66194
231  66676  2   0  66676
232  65915  4   3  2  3  65907
233  66420  2   4  66416
234  59630  2   4  59626
235  66710  2   0  66710
236  66628  2   2  66626
237  66740  3   0  1  66739
238  66172  3   0  0  66172
239  66376  3   1  1  66374
240  65165  3   0  2  65163
241  64835  3   0  1  64834
242  34028  3   0  2  34026
243  66691  3   1  8104  58586
244  60128  2   0  60128
245  66060  2   4  66056
246  66460  2   5  66455
247  66732  2   0  66732
248  66630  2   11  66619
249  65260  3   0  0  65260
250  66582  2   3  66579
251  58479  4   1  0  3  58475
252  63169  3   1  1  63167

[pop]=6
1  632  2   0  632
2  902  2   0  902
3  908  2   0  908
4  908  2   0  908
5  898  5   0  0  0  0  898
6  896  3   0  0  896
7  906  2   0  906
8  152  2   0  152
9  904  2   0  904
10  894  2   0  894
11  504  2   0  504
12  908  3   0  0  908
13  908  2   0  908
14  904  2   0  904
15  68  2   0  68
16  898  2   0  898
17  896  3   0  0  896
18  900  2   0  900
19  633  2   0  633
20  908  3   0  4  904
21  878  2   0  878
22  886  3   0  0  886
23  902  2   0  902
24  900  2   0  900
25  898  2   1  897
26  898  2   0  898
27  908  2   1  907
28  896  2   0  896
29  904  2   0  904
30  892  2   0  892
31  633  3   0  0  633
32  884  2   0  884
33  908  3   0  0  908
34  908  4   0  0  0  908
35  814  2   0  814
36  844  3   0  2  842
37  908  4   0  0  0  908
38  892  2   0  892
39  631  3   0  0  631
40  908  2   3  905
41  908  3   0  0  908
42  908  2   0  908
43  900  2   0  900
44  908  4   0  0  10  898
45  906  2   0  906
46  906  2   0  906
47  908  2   0  908
48  904  2   0  904
49  890  3   0  0  890
50  896  3   0  0  896
51  898  3   0  0  898
52  904  3   0  0  904
53  802  2   0  802
54  876  2   0  876
55  908  3   0  0  908
56  902  2   0  902
57  906  2   0  906
58  908  2   0  908
59  906  2   0  906
60  902  2   0  902
61  906  2   0  906
62  894  2   0  894
63  903  4   0  0  0  903
64  890  2   0  890
65  898  2   0  898
66  906  3   0  1  905
67  908  3   0  0  908
68  802  2   0  802
69  879  3   0  0  879
70  904  2   0  904
71  898  2   0  898
72  900  2   0  900
73  903  3   0  0  903
74  902  2   0  902
75  908  3   0  0  908
76  900  2   0  900
77  900  2   0  900
78  906  2   0  906
79  902  3   0  0  902
80  908  2   0  908
81  884  2   0  884
82  900  3   0  0  900
83  900  2   0  900
84  898  2   0  898
85  900  2   0  900
86  908  2   3  905
87  896  2   0  896
88  905  4   0  0  0  905
89  520  2   1  519
90  904  2   0  904
91  902  2   10  892
92  896  2   0  896
93  880  2   0  880
94  856  3   0  0  856
95  850  2   80  770
96  908  2   0  908
97  888  2   0  888
98  654  3   0  0  654
99  906  2   0  906
100  902  4   0  0  0  902
101  196  2   0  196
102  900  2   0  900
103  894  2   0  894
104  800  2   0  800
105  844  2   0  844
106  904  3   0  0  904
107  862  2   0  862
108  906  2   0  906
109  894  3   0  0  894
110  796  3   0  0  796
111  886  4   0  0  0  886
112  908  3   0  0  908
113  902  2   0  902
114  904  4   0  0  0  904
115  904  2   0  904
116  906  2   0  906
117  803  3   0  0  803
118  894  3   0  0  894
119  894  3   0  0  894
120  624  2   0  624
121  886  2   0  886
122  808  2   0  808
123  900  2   0  900
124  902  3   0  0  902
125  908  2   0  908
126  900  2   0  900
127  900  2   0  900
128  898  2   0  898
129  908  3   0  0  908
130  904  5   0  0  0  1  903
131  830  2   0  830
132  908  2   0  908
133  902  2   0  902
134  665  3   0  0  665
135  898  3   0  0  898
136  66  2   0  66
137  906  2   0  906
138  904  2   1  903
139  804  3   0  0  804
140  894  2   0  894
141  894  3   0  0  894
142  900  3   0  0  900
143  904  2   0  904
144  908  4   0  0  0  908
145  904  2   0  904
146  908  3   0  0  908
147  908  2   0  908
148  665  3   0  0  665
149  870  3   0  0  870
150  900  2   0  900
151  894  2   0  894
152  196  3   0  0  196
153  813  4   0  0  2  811
154  847  3   0  0  847
155  900  3   0  0  900
156  908  3   0  0  908
157  680  2   0  680
158  908  4   0  0  0  908
159  904  2   0  904
160  904  2   0  904
161  904  3   0  1  903
162  628  2   0  628
163  898  2   0  898
164  904  3   0  1  903
165  906  3   0  0  906
166  898  3   0  0  898
167  892  2   0  892
168  894  2   0  894
169  900  3   0  0  900
170  908  2   0  908
171  904  2   0  904
172  896  3   0  0  896
173  900  3   1  0  899
174  822  2   0  822
175  894  2   0  894
176  898  2   0  898
177  904  2   0  904
178  414  3   0  0  414
179  906  3   0  0  906
180  330  2   0  330
181  898  4   0  0  0  898
182  684  2   0  684
183  874  3   0  0  874
184  908  2   0  908
185  908  2   0  908
186  902  2   0  902
187  884  4   0  0  0  884
188  444  2   0  444
189  900  2   0  900
190  908  3   0  0  908
191  908  3   0  0  908
192  898  2   0  898
193  902  2   0  902
194  242  2   1  241
195  882  2   0  882
196  818  2   0  818
197  904  2   0  904
198  908  3   0  1  907
199  864  2   0  864
200  902  2   0  902
201  896  4   0  0  0  896
202  908  3   0  0  908
203  904  2   0  904
204  904  4   0  0  0  904
205  882  3   0  0  882
206  904  3   0  0  904
207  886  3   0  0  886
208  898  2   0  898
209  908  3   0  0  908
210  880  2   0  880
211  906  2   0  906
212  900  2   0  900
213  884  2   0  884
214  792  2   0  792
215  908  2   0  908
216  906  2   0  906
217  896  4   0  0  0  896
218  902  2   0  902
219  908  2   0  908
220  886  3   0  0  886
221  908  4   0  0  0  908
222  722  2   0  722
223  896  2   0  896
224  908  3   0  0  908
225  904  2   674  230
226  908  2   0  908
227  764  2   0  764
228  884  2   0  884
229  900  2   0  900
230  902  2   0  902
231  900  2   1  899
232  883  4   0  0  0  883
233  894  2   0  894
234  766  2   0  766
235  908  2   0  908
236  906  2   0  906
237  908  3   0  0  908
238  902  3   0  0  902
239  890  3   0  0  890
240  856  3   0  0  856
241  874  3   0  0  874
242  432  3   0  0  432
243  908  3   0  154  754
244  766  2   0  766
245  888  2   0  888
246  902  2   0  902
247  908  2   0  908
248  908  2   0  908
249  859  3   0  0  859
250  894  2   0  894
251  800  4   0  0  0  800
252  790  3   0  0  790

[pop]=7
1  11916  2   0  11916
2  16488  2   0  16488
3  16512  2   0  16512
4  16512  2   2  16510
5  16456  5   0  0  1  0  16455
6  16510  3   0  0  16510
7  16510  2   0  16510
8  7636  2   0  7636
9  16482  2   12  16470
10  16496  2   1  16495
11  10032  2   0  10032
12  16508  3   0  0  16508
13  16512  2   0  16512
14  16376  2   0  16376
15  3826  2   0  3826
16  16508  2   0  16508
17  16203  3   0  0  16203
18  16498  2   0  16498
19  10122  2   0  10122
20  16512  3   0  0  16512
21  16456  2   1  16455
22  16484  3   0  0  16484
23  16506  2   0  16506
24  16448  2   0  16448
25  16496  2   5  16491
26  16456  2   2  16454
27  16504  2   1  16503
28  16134  2   0  16134
29  16464  2   0  16464
30  16080  2   2  16078
31  10122  3   0  0  10122
32  16476  2   0  16476
33  16512  3   0  0  16512
34  16512  4   1  1  3  16507
35  15910  2   1  15909
36  13116  3   0  3  13113
37  16505  4   1  2  0  16502
38  16494  2   0  16494
39  9948  3   0  0  9948
40  16512  2   0  16512
41  16512  3   1  0  16511
42  16508  2   0  16508
43  16476  2   0  16476
44  16512  4   0  0  40  16472
45  16506  2   0  16506
46  16378  2   0  16378
47  16512  2   0  16512
48  16418  2   0  16418
49  16454  3   0  1  16453
50  16491  3   0  1  16490
51  16504  3   0  0  16504
52  16501  3   0  0  16501
53  10978  2   0  10978
54  16450  2   0  16450
55  16512  3   2  0  16510
56  16510  2   7  16503
57  16506  2   0  16506
58  16504  2   0  16504
59  16512  2   0  16512
60  16430  2   0  16430
61  16496  2   0  16496
62  16476  2   0  16476
63  16360  4   0  0  0  16360
64  16456  2   0  16456
65  16496  2   0  16496
66  16496  3   0  0  16496
67  16500  3   0  2  16498
68  10774  2   0  10774
69  16471  3   0  0  16471
70  16496  2   11  16485
71  16510  2   0  16510
72  15900  2   0  15900
73  16403  3   0  1  16402
74  16508  2   0  16508
75  16506  3   0  0  16506
76  16460  2   1  16459
77  16510  2   3  16507
78  16494  2   0  16494
79  16508  3   0  0  16508
80  16496  2   0  16496
81  16478  2   1  16477
82  16495  3   0  0  16495
83  16454  2   0  16454
84  16446  2   0  16446
85  16510  2   26  16484
86  16512  2   0  16512
87  16496  2   2  16494
88  16377  4   3  1  0  16373
89  10306  2   1  10305
90  16498  2   0  16498
91  16512  2   780  15732
92  16448  2   0  16448
93  14686  2   0  14686
94  16420  3   0  0  16420
95  16382  2   3104  13278
96  16504  2   0  16504
97  16158  2   0  16158
98  13597  3   0  5  13592
99  16444  2   0  16444
100  16508  4   0  0  1  16507
101  7666  2   1  7665
102  16496  2   0  16496
103  16058  2   0  16058
104  10340  2   0  10340
105  16284  2   0  16284
106  16498  3   0  1  16497
107  16434  2   0  16434
108  16228  2   22  16206
109  16463  3   2  0  16461
110  10319  3   1  1  10317
111  16484  4   0  0  0  16484
112  16512  3   0  71  16441
113  16512  2   0  16512
114  16502  4   0  0  0  16502
115  16506  2   2  16504
116  16458  2   0  16458
117  10685  3   0  0  10685
118  16490  3   0  1  16489
119  16498  3   0  0  16498
120  10014  2   0  10014
121  16484  2   0  16484
122  16172  2   0  16172
123  16494  2   0  16494
124  16512  3   1  0  16511
125  16512  2   0  16512
126  16498  2   0  16498
127  16494  2   24  16470
128  16508  2   0  16508
129  16413  3   0  2  16411
130  16414  5   0  0  0  0  16414
131  12342  2   0  12342
132  16512  2   0  16512
133  16512  2   0  16512
134  14040  3   0  0  14040
135  16506  3   0  0  16506
136  2586  2   0  2586
137  16154  2   0  16154
138  16412  2   0  16412
139  11046  3   0  0  11046
140  16466  2   0  16466
141  16491  3   0  1  16490
142  16488  3   1  0  16487
143  16508  2   0  16508
144  16456  4   0  0  0  16456
145  16448  2   1  16447
146  16512  3   0  1  16511
147  16502  2   1  16501
148  14103  3   0  0  14103
149  16481  3   0  0  16481
150  16474  2   0  16474
151  15860  2   0  15860
152  7666  3   1  0  7665
153  11245  4   0  1  0  11244
154  15408  3   0  0  15408
155  16492  3   0  0  16492
156  16502  3   0  0  16502
157  14200  2   0  14200
158  16451  4   0  0  0  16451
159  16512  2   1  16511
160  16452  2   0  16452
161  16508  3   5  0  16503
162  9892  2   4  9888
163  16508  2   0  16508
164  16416  3   0  0  16416
165  16506  3   0  0  16506
166  16425  3   2  0  16423
167  16230  2   0  16230
168  16470  2   0  16470
169  16510  3   0  0  16510
170  16476  2   0  16476
171  16462  2   0  16462
172  16346  3   0  0  16346
173  16498  3   0  1  16497
174  11728  2   0  11728
175  16464  2   0  16464
176  16486  2   0  16486
177  16508  2   0  16508
178  10064  3   0  0  10064
179  16500  3   4  4  16492
180  7886  2   0  7886
181  16420  4   0  6  0  16414
182  14366  2   0  14366
183  16487  3   1  0  16486
184  16484  2   0  16484
185  16508  2   2  16506
186  16502  2   0  16502
187  16498  4   0  0  1  16497
188  9840  2   0  9840
189  16490  2   7  16483
190  16512  3   0  0  16512
191  16512  3   0  0  16512
192  16420  2   1  16419
193  16510  2   0  16510
194  7912  2   0  7912
195  16496  2   0  16496
196  15112  2   0  15112
197  16226  2   0  16226
198  16504  3   0  2  16502
199  13676  2   0  13676
200  16512  2   0  16512
201  16452  4   0  0  0  16452
202  16502  3   0  0  16502
203  16506  2   0  16506
204  16510  4   0  0  0  16510
205  16496  3   0  0  16496
206  16210  3   1  0  16209
207  16502  3   10  0  16492
208  16508  2   0  16508
209  16512  3   2  0  16510
210  16500  2   0  16500
211  16490  2   0  16490
212  16494  2   0  16494
213  16496  2   0  16496
214  10302  2   0  10302
215  16512  2   0  16512
216  16506  2   0  16506
217  16452  4   0  0  0  16452
218  16502  2   0  16502
219  16490  2   0  16490
220  16506  3   0  0  16506
221  16510  4   0  0  0  16510
222  15732  2   0  15732
223  15956  2   0  15956
224  16512  3   0  0  16512
225  16512  2   13579  2933
226  16502  2   0  16502
227  14938  2   1  14937
228  16508  2   0  16508
229  15934  2   0  15934
230  16510  2   0  16510
231  16492  2   2  16490
232  14898  4   0  0  0  14898
233  15896  2   1  15895
234  14960  2   0  14960
235  16512  2   0  16512
236  16508  2   0  16508
237  16512  3   1  0  16511
238  16509  3   1  0  16508
239  16078  3   0  0  16078
240  13429  3   1  0  13428
241  16492  3   0  0  16492
242  10376  3   0  0  10376
243  16507  3   0  2811  13696
244  15040  2   0  15040
245  16510  2   5  16505
246  16512  2   1  16511
247  16508  2   0  16508
248  16508  2   0  16508
249  13634  3   0  1  13633
250  16480  2   0  16480
251  14611  4   2  0  0  14609
252  10470  3   1  0  10469

