[loci]=86

[populations]=7

[pop]=1
1  10386  3   4478  0  5908
2  10402  2   0  10402
3  10406  3   0  0  10406
4  10323  3   0  2  10321
5  9798  2   0  9798
6  9798  2   0  9798
7  8463  3   0  0  8463
8  10406  2   0  10406
9  10406  4   0  1  0  10405
10  10255  3   0  5  10250
11  9560  2   0  9560
12  8501  2   0  8501
13  10387  3   181  0  10206
14  10367  3   0  1  10366
15  9796  3   0  0  9796
16  8444  2   1  8443
17  10404  2   0  10404
18  10258  2   0  10258
19  10404  2   2  10402
20  10406  2   1  10405
21  10404  2   0  10404
22  10134  3   0  0  10134
23  9796  2   0  9796
24  8500  2   0  8500
25  10376  3   0  0  10376
26  10346  2   1  10345
27  10394  2   3  10391
28  10136  2   542  9594
29  10398  2   9  10389
30  10406  2   0  10406
31  9586  2   0  9586
32  10312  2   0  10312
33  10406  2   0  10406
34  10124  2   0  10124
35  8478  2   0  8478
36  10360  2   0  10360
37  10400  3   0  0  10400
38  10387  3   0  0  10387
39  10406  2   2  10404
40  10045  4   0  0  0  10045
41  9796  2   0  9796
42  8438  2   0  8438
43  10352  2   0  10352
44  10280  2   0  10280
45  10405  3   0  1820  8585
46  10234  2   19  10215
47  9796  2   2  9794
48  10406  2   0  10406
49  10374  2   0  10374
50  8428  3   0  0  8428
51  10396  2   0  10396
52  9966  5   0  0  1  0  9965
53  9798  3   0  9  9789
54  9622  2   2  9620
55  10406  2   1  10405
56  10384  3   0  0  10384
57  9620  3   0  1  9619
58  8495  2   5  8490
59  10406  3   0  0  10406
60  10401  3   0  0  10401
61  10400  2   0  10400
62  8494  3   0  0  8494
63  8422  2   2  8420
64  10406  2   1  10405
65  10110  2   0  10110
66  10406  2   0  10406
67  9884  2   2  9882
68  8422  2   4  8418
69  10398  2   0  10398
70  8464  3   0  4  8460
71  10398  2   0  10398
72  10284  2   0  10284
73  10406  2   9  10397
74  10404  3   1  0  10403
75  9817  3   0  2  9815
76  9817  3   0  2  9815
77  10268  3   4  0  10264
78  9615  3   0  0  9615
79  8465  2   0  8465
80  10376  2   0  10376
81  10114  2   3  10111
82  10398  2   0  10398
83  10358  2   0  10358
84  8638  2   1  8637
85  8079  2   0  8079
86  8486  3   0  0  8486

[pop]=2
1  11576  3   10078  0  1498
2  11566  2   0  11566
3  11578  3   0  0  11578
4  11552  3   0  0  11552
5  11576  2   0  11576
6  11576  2   0  11576
7  9294  3   1  0  9293
8  11578  2   0  11578
9  11578  4   1  0  0  11577
10  11553  3   0  0  11553
11  11518  2   0  11518
12  9310  2   0  9310
13  11524  3   2  0  11522
14  11462  3   0  0  11462
15  11560  3   0  0  11560
16  9233  2   0  9233
17  11566  2   0  11566
18  11518  2   3  11515
19  11574  2   0  11574
20  11578  2   2  11576
21  11572  2   0  11572
22  11566  3   0  1  11565
23  11558  2   0  11558
24  9309  2   0  9309
25  11482  3   0  0  11482
26  11552  2   1  11551
27  11524  2   0  11524
28  11560  2   154  11406
29  11526  2   0  11526
30  11572  2   0  11572
31  11516  2   5  11511
32  11468  2   0  11468
33  11574  2   0  11574
34  11356  2   0  11356
35  9304  2   0  9304
36  11572  2   1  11571
37  11525  3   4  1  11520
38  11570  3   0  0  11570
39  11574  2   0  11574
40  11560  4   0  0  0  11560
41  11558  2   1  11557
42  9280  2   3  9277
43  11572  2   0  11572
44  11524  2   0  11524
45  11572  3   0  105  11467
46  11534  2   14  11520
47  11558  2   0  11558
48  11576  2   0  11576
49  11564  2   2  11562
50  9275  3   0  1  9274
51  11530  2   0  11530
52  11556  5   0  0  0  0  11556
53  11558  3   0  444  11114
54  11516  2   0  11516
55  11578  2   0  11578
56  11572  3   0  0  11572
57  11513  3   0  0  11513
58  9306  2   0  9306
59  11578  3   0  0  11578
60  11572  3   0  0  11572
61  11572  2   0  11572
62  9307  3   1  0  9306
63  9268  2   0  9268
64  11578  2   0  11578
65  11472  2   0  11472
66  11576  2   0  11576
67  11556  2   0  11556
68  9269  2   0  9269
69  11572  2   0  11572
70  9300  3   0  0  9300
71  11544  2   0  11544
72  11534  2   0  11534
73  11574  2   0  11574
74  11578  3   0  0  11578
75  11575  3   0  0  11575
76  11575  3   0  0  11575
77  11496  3   0  0  11496
78  11505  3   0  2  11503
79  9301  2   0  9301
80  11540  2   0  11540
81  11478  2   6  11472
82  11574  2   2  11572
83  11556  2   0  11556
84  10198  2   0  10198
85  8759  2   2  8757
86  9304  3   0  0  9304

[pop]=3
1  8654  3   7645  0  1009
2  8652  2   0  8652
3  8654  3   0  0  8654
4  8631  3   0  0  8631
5  8628  2   2  8626
6  8628  2   2  8626
7  6630  3   0  1  6629
8  8652  2   0  8652
9  8654  4   0  0  0  8654
10  8648  3   0  0  8648
11  8566  2   5  8561
12  6637  2   0  6637
13  8646  3   0  0  8646
14  8644  3   0  0  8644
15  8626  3   0  0  8626
16  6549  2   0  6549
17  8654  2   0  8654
18  8624  2   0  8624
19  8654  2   0  8654
20  8654  2   0  8654
21  8642  2   0  8642
22  8642  3   0  0  8642
23  8626  2   1  8625
24  6635  2   0  6635
25  8562  3   0  0  8562
26  8638  2   0  8638
27  8644  2   0  8644
28  8602  2   0  8602
29  8646  2   0  8646
30  8620  2   0  8620
31  8572  2   0  8572
32  8588  2   0  8588
33  8654  2   0  8654
34  8466  2   0  8466
35  6634  2   0  6634
36  8654  2   1  8653
37  8644  3   0  0  8644
38  8651  3   0  0  8651
39  8622  2   0  8622
40  8600  4   0  0  0  8600
41  8626  2   0  8626
42  6617  2   0  6617
43  8654  2   1  8653
44  8628  2   0  8628
45  8618  3   0  3  8615
46  8642  2   0  8642
47  8624  2   0  8624
48  8654  2   0  8654
49  8650  2   0  8650
50  6613  3   0  0  6613
51  8638  2   3  8635
52  8588  5   0  0  0  0  8588
53  8623  3   0  226  8397
54  8572  2   0  8572
55  8654  2   0  8654
56  8646  3   0  0  8646
57  8571  3   0  1  8570
58  6635  2   0  6635
59  8654  3   2  0  8652
60  8654  3   1  0  8653
61  8624  2   0  8624
62  6635  3   0  0  6635
63  6608  2   0  6608
64  8654  2   3  8651
65  8606  2   0  8606
66  8654  2   0  8654
67  8580  2   0  8580
68  6609  2   0  6609
69  8654  2   1  8653
70  6632  3   0  0  6632
71  8648  2   0  8648
72  8634  2   0  8634
73  8654  2   0  8654
74  8645  3   0  0  8645
75  8630  3   1  0  8629
76  8630  3   1  0  8629
77  8602  3   0  0  8602
78  8565  3   0  0  8565
79  6630  2   4  6626
80  8626  2   0  8626
81  8606  2   1  8605
82  8654  2   0  8654
83  8644  2   0  8644
84  8040  2   0  8040
85  6251  2   0  6251
86  6636  3   1  1  6634

[pop]=4
1  6612  3   6296  0  316
2  6612  2   0  6612
3  6614  3   1  0  6613
4  6582  3   0  0  6582
5  6614  2   0  6614
6  6614  2   0  6614
7  4520  3   0  0  4520
8  6614  2   0  6614
9  6614  4   0  0  0  6614
10  6602  3   1  0  6601
11  6592  2   0  6592
12  4530  2   0  4530
13  6608  3   0  0  6608
14  6561  3   0  0  6561
15  6614  3   0  0  6614
16  4443  2   0  4443
17  6614  2   0  6614
18  6612  2   0  6612
19  6608  2   0  6608
20  6614  2   0  6614
21  6612  2   0  6612
22  6602  3   0  0  6602
23  6614  2   0  6614
24  4530  2   0  4530
25  6604  3   0  0  6604
26  6582  2   0  6582
27  6608  2   0  6608
28  6614  2   0  6614
29  6610  2   0  6610
30  6614  2   0  6614
31  6590  2   0  6590
32  6574  2   0  6574
33  6614  2   0  6614
34  6550  2   0  6550
35  4525  2   0  4525
36  6614  2   0  6614
37  6607  3   0  0  6607
38  6614  3   0  0  6614
39  6614  2   0  6614
40  6614  4   0  0  0  6614
41  6614  2   0  6614
42  4512  2   0  4512
43  6614  2   0  6614
44  6612  2   0  6612
45  6614  3   0  0  6614
46  6590  2   17  6573
47  6614  2   0  6614
48  6610  2   0  6610
49  6614  2   0  6614
50  4503  3   0  0  4503
51  6608  2   0  6608
52  6614  5   0  0  0  0  6614
53  6614  3   0  84  6530
54  6580  2   0  6580
55  6614  2   0  6614
56  6614  3   0  0  6614
57  6574  3   0  0  6574
58  4530  2   0  4530
59  6614  3   0  0  6614
60  6614  3   0  0  6614
61  6614  2   0  6614
62  4530  3   0  0  4530
63  4500  2   0  4500
64  6614  2   0  6614
65  6610  2   0  6610
66  6610  2   0  6610
67  6614  2   0  6614
68  4503  2   0  4503
69  6614  2   0  6614
70  4522  3   0  0  4522
71  6610  2   0  6610
72  6612  2   0  6612
73  6610  2   0  6610
74  6610  3   0  0  6610
75  6614  3   0  0  6614
76  6614  3   0  0  6614
77  6590  3   0  0  6590
78  6568  3   0  0  6568
79  4522  2   0  4522
80  6604  2   0  6604
81  6610  2   87  6523
82  6614  2   0  6614
83  6614  2   0  6614
84  6292  2   1  6291
85  3923  2   0  3923
86  4528  3   0  0  4528

[pop]=5
1  66734  3   64581  2  2151
2  66728  2   2  66726
3  66724  3   1  1  66722
4  66309  3   2  0  66307
5  66668  2   1  66667
6  66668  2   1  66667
7  47789  3   0  0  47789
8  66740  2   2  66738
9  66727  4   0  1  1  66725
10  66656  3   0  28  66628
11  64700  2   0  64700
12  47968  2   3  47965
13  66602  3   0  1  66601
14  66250  3   2  0  66248
15  66714  3   1  0  66713
16  47527  2   2  47525
17  66732  2   2  66730
18  66350  2   1  66349
19  66680  2   0  66680
20  66736  2   1  66735
21  66700  2   1  66699
22  66202  3   7  1  66194
23  66708  2   1  66707
24  47966  2   4  47962
25  66552  3   3  1  66548
26  66408  2   0  66408
27  66618  2   0  66618
28  65796  2   104  65692
29  66628  2   1  66627
30  66710  2   6  66704
31  64890  2   1  64889
32  65774  2   5  65769
33  66732  2   2  66730
34  64932  2   3  64929
35  47886  2   0  47886
36  66672  2   1  66671
37  66649  3   0  0  66649
38  66592  3   1  2  66589
39  66692  2   1  66691
40  65627  4   5  1  0  65621
41  66688  2   1  66687
42  47656  2   1  47655
43  66646  2   9  66637
44  66384  2   4  66380
45  66688  3   1  70  66617
46  66554  2   539  66015
47  66680  2   0  66680
48  66704  2   0  66704
49  66698  2   0  66698
50  47615  3   0  0  47615
51  66672  2   0  66672
52  65459  5   1  1  16  1  65440
53  66667  3   1  211  66455
54  65052  2   4  65048
55  66740  2   8  66732
56  66702  3   0  1  66701
57  65064  3   0  0  65064
58  47952  2   0  47952
59  66740  3   0  1  66739
60  66735  3   0  1  66734
61  66668  2   1  66667
62  47944  3   0  1  47943
63  47523  2   0  47523
64  66740  2   0  66740
65  66042  2   0  66042
66  66702  2   3  66699
67  65282  2   0  65282
68  47541  2   0  47541
69  66732  2   6  66726
70  47817  3   1  0  47816
71  66708  2   2  66706
72  66432  2   2  66430
73  66700  2   0  66700
74  66584  3   0  1  66583
75  66720  3   0  3  66717
76  66720  3   0  3  66717
77  66206  3   0  2  66204
78  65028  3   1  0  65027
79  47812  2   0  47812
80  66402  2   2  66400
81  66080  2   226  65854
82  66730  2   0  66730
83  66244  2   2  66242
84  60378  2   1  60377
85  44108  2   0  44108
86  47929  3   0  0  47929

[pop]=6
1  908  3   828  0  80
2  908  2   0  908
3  908  3   0  0  908
4  904  3   0  0  904
5  902  2   0  902
6  902  2   0  902
7  629  3   0  0  629
8  908  2   0  908
9  908  4   0  0  0  908
10  908  3   0  0  908
11  846  2   0  846
12  633  2   0  633
13  906  3   0  0  906
14  898  3   0  0  898
15  898  3   0  0  898
16  617  2   0  617
17  908  2   0  908
18  906  2   0  906
19  908  2   0  908
20  908  2   0  908
21  906  2   0  906
22  900  3   0  0  900
23  898  2   0  898
24  633  2   0  633
25  902  3   0  0  902
26  904  2   1  903
27  906  2   0  906
28  902  2   7  895
29  906  2   0  906
30  908  2   0  908
31  852  2   0  852
32  900  2   0  900
33  908  2   0  908
34  892  2   0  892
35  631  2   0  631
36  906  2   0  906
37  908  3   0  0  908
38  902  3   0  0  902
39  908  2   0  908
40  896  4   0  0  0  896
41  898  2   0  898
42  629  2   0  629
43  906  2   0  906
44  906  2   0  906
45  908  3   0  6  902
46  908  2   0  908
47  898  2   0  898
48  908  2   0  908
49  908  2   0  908
50  627  3   0  0  627
51  908  2   0  908
52  892  5   0  0  0  0  892
53  898  3   0  6  892
54  854  2   0  854
55  908  2   0  908
56  906  3   0  0  906
57  848  3   0  0  848
58  633  2   0  633
59  908  3   0  0  908
60  908  3   0  0  908
61  908  2   0  908
62  632  3   0  0  632
63  621  2   0  621
64  908  2   0  908
65  896  2   0  896
66  908  2   0  908
67  890  2   0  890
68  622  2   0  622
69  908  2   0  908
70  630  3   0  0  630
71  908  2   0  908
72  906  2   0  906
73  908  2   0  908
74  904  3   0  0  904
75  898  3   0  0  898
76  898  3   0  0  898
77  907  3   0  0  907
78  846  3   0  0  846
79  630  2   0  630
80  902  2   0  902
81  896  2   2  894
82  908  2   0  908
83  888  2   0  888
84  822  2   0  822
85  550  2   0  550
86  631  3   0  0  631

[pop]=7
1  16508  3   14123  0  2385
2  16510  2   0  16510
3  16512  3   0  0  16512
4  16509  3   1  0  16508
5  16508  2   0  16508
6  16508  2   0  16508
7  10030  3   0  0  10030
8  16512  2   0  16512
9  16512  4   9  1  0  16502
10  16498  3   0  1  16497
11  13772  2   0  13772
12  10099  2   0  10099
13  16492  3   0  0  16492
14  16269  3   1  0  16268
15  16509  3   0  1  16508
16  9889  2   0  9889
17  16512  2   0  16512
18  16442  2   1  16441
19  16512  2   0  16512
20  16512  2   1  16511
21  16506  2   1  16505
22  16494  3   0  0  16494
23  16508  2   0  16508
24  10095  2   0  10095
25  16488  3   1  0  16487
26  16512  2   0  16512
27  16500  2   0  16500
28  16512  2   2  16510
29  16506  2   0  16506
30  16508  2   0  16508
31  14234  2   0  14234
32  16368  2   0  16368
33  16512  2   0  16512
34  16308  2   0  16308
35  10064  2   5  10059
36  16498  2   0  16498
37  16510  3   0  0  16510
38  16424  3   0  0  16424
39  16502  2   1  16501
40  16509  4   0  0  2  16507
41  16498  2   0  16498
42  9978  2   0  9978
43  16498  2   0  16498
44  16448  2   0  16448
45  16498  3   0  118  16380
46  16480  2   0  16480
47  16494  2   0  16494
48  16512  2   2  16510
49  16496  2   0  16496
50  9960  3   2  0  9958
51  16510  2   0  16510
52  16504  5   0  1  0  0  16503
53  16484  3   0  9  16475
54  14552  2   0  14552
55  16512  2   0  16512
56  16508  3   1  0  16507
57  14536  3   1  0  14535
58  10091  2   0  10091
59  16512  3   0  0  16512
60  16512  3   0  0  16512
61  16460  2   2  16458
62  10090  3   0  0  10090
63  9927  2   0  9927
64  16512  2   1  16511
65  16414  2   15  16399
66  16512  2   0  16512
67  16502  2   0  16502
68  9922  2   0  9922
69  16512  2   1  16511
70  10041  3   0  0  10041
71  16510  2   0  16510
72  16456  2   0  16456
73  16512  2   0  16512
74  16221  3   0  0  16221
75  16512  3   0  0  16512
76  16512  3   0  0  16512
77  16491  3   1  0  16490
78  14427  3   0  0  14427
79  10039  2   0  10039
80  16478  2   0  16478
81  16412  2   2  16410
82  16510  2   0  16510
83  15692  2   0  15692
84  15170  2   0  15170
85  7995  2   0  7995
86  10082  3   0  1  10081

