[loci]=465

[populations]=7

[pop]=1
1  10404  2   0  10404
2  1880  2   0  1880
3  9438  4   0  0  0  9438
4  9764  2   0  9764
5  9100  2   2  9098
6  180  2   0  180
7  9264  2   107  9157
8  10406  2   0  10406
9  10184  2   0  10184
10  9721  4   1  0  0  9720
11  10406  2   0  10406
12  3576  2   0  3576
13  1004  3   4  0  1000
14  1492  2   0  1492
15  10298  2   0  10298
16  10398  2   164  10234
17  10282  2   0  10282
18  10308  2   0  10308
19  9118  2   331  8787
20  1840  2   65  1775
21  10392  3   1  0  10391
22  2590  2   0  2590
23  9782  3   0  0  9782
24  2334  2   0  2334
25  9713  4   0  0  0  9713
26  10378  2   0  10378
27  1004  3   0  0  1004
28  10320  2   1  10319
29  10390  2   15  10375
30  9098  2   2243  6855
31  2492  3   0  0  2492
32  10368  2   0  10368
33  9363  3   0  0  9363
34  10233  3   0  1  10232
35  9766  2   8  9758
36  10396  2   1  10395
37  9708  3   26  0  9682
38  10392  2   0  10392
39  10406  2   0  10406
40  10404  2   1  10403
41  10316  2   0  10316
42  10382  2   1  10381
43  10398  2   0  10398
44  514  2   0  514
45  10100  2   0  10100
46  8080  2   0  8080
47  9886  2   0  9886
48  10406  2   0  10406
49  8972  2   107  8865
50  9670  2   0  9670
51  10406  2   0  10406
52  3268  2   6  3262
53  1048  2   0  1048
54  1086  2   0  1086
55  10402  4   2  1  2  10397
56  10336  2   0  10336
57  10366  2   17  10349
58  9124  2   0  9124
59  9142  2   0  9142
60  7054  2   0  7054
61  9672  2   6314  3358
62  9830  2   0  9830
63  10334  2   0  10334
64  9912  3   0  0  9912
65  10406  3   0  0  10406
66  9700  2   1  9699
67  10364  2   0  10364
68  9122  2   630  8492
69  10352  2   0  10352
70  9160  2   0  9160
71  1282  3   0  0  1282
72  10384  3   0  0  10384
73  2251  3   1  0  2250
74  9748  2   0  9748
75  9916  2   2  9914
76  10406  2   2  10404
77  2892  3   1  0  2891
78  10158  3   0  0  10158
79  10406  2   9  10397
80  9784  2   4  9780
81  9676  2   0  9676
82  9764  2   0  9764
83  9831  3   0  0  9831
84  10170  3   2  97  10071
85  5378  2   0  5378
86  10406  2   0  10406
87  10406  3   0  0  10406
88  10348  3   0  1  10347
89  10364  3   1  0  10363
90  9674  2   0  9674
91  10406  3   0  872  9534
92  9766  3   5  0  9761
93  9958  2   0  9958
94  10406  2   0  10406
95  10406  2   0  10406
96  10406  3   0  0  10406
97  2730  2   0  2730
98  10406  3   0  0  10406
99  10406  2   0  10406
100  10406  2   0  10406
101  10332  2   0  10332
102  9131  4   0  0  1  9130
103  1016  2   0  1016
104  1922  2   0  1922
105  10352  2   0  10352
106  10406  2   2  10404
107  10406  2   2  10404
108  10406  2   0  10406
109  10372  3   1  0  10371
110  10377  3   0  684  9693
111  9991  4   0  0  1  9990
112  5212  2   0  5212
113  10406  2   0  10406
114  9990  2   0  9990
115  10402  2   0  10402
116  10386  3   19  0  10367
117  5794  2   2  5792
118  10364  2   0  10364
119  9774  2   0  9774
120  2298  2   0  2298
121  10405  3   0  0  10405
122  3388  2   0  3388
123  10396  2   0  10396
124  10324  2   0  10324
125  10382  2   0  10382
126  9136  2   15  9121
127  9158  3   1  1  9156
128  9672  2   0  9672
129  5982  2   1190  4792
130  10398  3   0  0  10398
131  10406  2   0  10406
132  4906  3   0  0  4906
133  10382  2   1  10381
134  10394  2   0  10394
135  10406  2   0  10406
136  10032  3   0  0  10032
137  10335  3   0  0  10335
138  9146  2   852  8294
139  9160  2   612  8548
140  7458  2   3  7455
141  10394  2   0  10394
142  10386  2   0  10386
143  10396  3   0  0  10396
144  9716  2   0  9716
145  9778  2   0  9778
146  9848  3   0  5  9843
147  9515  3   0  1  9514
148  1944  2   0  1944
149  4893  4   0  3  1  4889
150  3586  3   0  0  3586
151  10382  2   3  10379
152  10394  3   0  0  10394
153  5120  2   0  5120
154  9938  2   183  9755
155  9883  3   0  1  9882
156  10406  2   0  10406
157  10336  3   0  0  10336
158  10362  2   0  10362
159  10394  3   0  0  10394
160  10394  3   0  0  10394
161  5351  3   0  0  5351
162  9712  2   2  9710
163  10402  2   0  10402
164  10336  2   25  10311
165  10386  2   0  10386
166  10396  2   0  10396
167  10396  3   0  0  10396
168  10384  3   0  0  10384
169  10400  2   0  10400
170  10406  2   0  10406
171  9016  2   1  9015
172  10400  2   0  10400
173  10390  3   0  0  10390
174  10406  2   0  10406
175  8429  2   3  8426
176  5476  3   0  0  5476
177  9890  2   0  9890
178  10080  2   2  10078
179  10406  3   1  0  10405
180  9164  2   1  9163
181  10383  3   0  0  10383
182  10394  2   0  10394
183  10406  5   0  233  0  0  10173
184  10406  2   0  10406
185  10262  3   0  0  10262
186  4648  2   3516  1132
187  9852  2   0  9852
188  10340  2   0  10340
189  10388  2   0  10388
190  10398  2   0  10398
191  9676  2   1  9675
192  10406  3   0  0  10406
193  10406  2   0  10406
194  10392  2   0  10392
195  168  2   3  165
196  10400  2   0  10400
197  10380  2   0  10380
198  9923  3   0  8  9915
199  10406  2   0  10406
200  9520  2   3  9517
201  374  2   5  369
202  10332  3   0  0  10332
203  10400  2   1487  8913
204  10398  3   399  385  9614
205  5902  2   0  5902
206  10386  3   0  0  10386
207  10400  2   0  10400
208  10398  2   0  10398
209  10406  3   0  0  10406
210  10406  3   0  0  10406
211  10406  2   0  10406
212  10406  2   0  10406
213  10400  3   0  0  10400
214  10380  2   0  10380
215  10376  2   0  10376
216  10360  3   0  0  10360
217  9924  2   0  9924
218  10176  2   0  10176
219  8515  2   0  8515
220  10366  3   0  15  10351
221  10042  2   2  10040
222  10378  2   0  10378
223  10400  3   1  0  10399
224  9164  2   0  9164
225  9122  2   0  9122
226  10380  3   0  0  10380
227  10406  3   0  0  10406
228  10397  3   1  2  10394
229  9749  3   0  0  9749
230  10195  3   0  0  10195
231  10406  2   0  10406
232  10406  3   0  0  10406
233  9498  3   0  0  9498
234  197  3   0  0  197
235  10406  2   3  10403
236  10184  3   5688  12  4484
237  10199  3   0  1  10198
238  10384  3   0  0  10384
239  10400  3   0  0  10400
240  10401  4   0  0  0  10401
241  9438  2   0  9438
242  9758  3   2  0  9756
243  9789  3   0  4  9785
244  9934  3   0  0  9934
245  6912  2   0  6912
246  10406  2   0  10406
247  194  2   3  191
248  10406  2   0  10406
249  10406  2   0  10406
250  6559  2   0  6559
251  6198  3   0  1  6197
252  9164  3   0  0  9164
253  10246  2   0  10246
254  10406  3   1  0  10405
255  10406  2   18  10388
256  8452  2   0  8452
257  10342  2   4  10338
258  10259  3   0  0  10259
259  10394  2   8  10386
260  10400  3   0  1  10399
261  9766  2   14  9752
262  10222  2   0  10222
263  10397  3   0  0  10397
264  10406  3   0  0  10406
265  2141  3   0  0  2141
266  10400  2   29  10371
267  8454  2   0  8454
268  10282  2   0  10282
269  6232  3   0  0  6232
270  10370  2   0  10370
271  10406  3   0  0  10406
272  10402  4   0  0  0  10402
273  9422  2   3  9419
274  9766  2   1  9765
275  10210  2   0  10210
276  10012  3   1  6  10005
277  10262  3   0  0  10262
278  10406  2   0  10406
279  8455  2   0  8455
280  10314  2   0  10314
281  10369  3   1  124  10244
282  48  2   0  48
283  10341  3   0  0  10341
284  9145  4   100  0  0  9045
285  10403  4   0  0  0  10403
286  9138  2   1  9137
287  10406  3   0  0  10406
288  10015  3   3  0  10012
289  10402  2   0  10402
290  9041  4   0  6  0  9035
291  10403  4   0  1  47  10355
292  8515  2   1  8514
293  6490  3   0  0  6490
294  10342  2   0  10342
295  9144  3   1  1  9142
296  9164  2   0  9164
297  9136  2   5  9131
298  10400  3   0  0  10400
299  9768  2   14  9754
300  10270  2   3  10267
301  10406  2   0  10406
302  10406  3   0  0  10406
303  8515  3   0  0  8515
304  9160  2   0  9160
305  9142  2   0  9142
306  10406  2   589  9817
307  10194  3   0  1  10193
308  9752  2   0  9752
309  10178  3   0  0  10178
310  6442  3   0  0  6442
311  10348  2   0  10348
312  10336  3   0  0  10336
313  10179  3   0  0  10179
314  10406  3   0  0  10406
315  10406  4   1  0  2  10403
316  10406  2   0  10406
317  8834  2   0  8834
318  10212  3   0  0  10212
319  8818  2   1  8817
320  6036  2   0  6036
321  10406  3   0  7  10399
322  10394  2   0  10394
323  10406  2   0  10406
324  10402  2   2  10400
325  9758  2   0  9758
326  9792  2   0  9792
327  10328  2   0  10328
328  10402  2   2  10400
329  10406  2   0  10406
330  10406  2   0  10406
331  7815  4   0  0  0  7815
332  10404  2   1  10403
333  10404  2   1  10403
334  8514  2   1691  6823
335  6375  2   0  6375
336  10188  2   0  10188
337  10385  3   0  0  10385
338  10406  3   0  0  10406
339  10180  2   0  10180
340  10279  3   0  0  10279
341  8098  3   0  0  8098
342  9145  3   0  0  9145
343  9557  3   0  0  9557
344  10398  2   0  10398
345  9400  2   0  9400
346  9794  4   0  0  10  9784
347  10128  2   13  10115
348  10406  2   0  10406
349  10406  2   25  10381
350  9112  2   7  9105
351  5893  3   0  0  5893
352  10346  2   0  10346
353  9144  3   0  0  9144
354  9164  2   1  9163
355  10406  3   0  0  10406
356  10128  3   0  1  10127
357  10238  2   0  10238
358  10398  3   1  0  10397
359  10406  2   9  10397
360  9176  2   7  9169
361  10406  3   0  0  10406
362  9142  2   1  9141
363  10394  3   2  0  10392
364  10400  3   0  0  10400
365  9798  2   1  9797
366  10400  3   0  0  10400
367  10404  2   0  10404
368  10404  2   0  10404
369  10256  2   0  10256
370  10406  2   0  10406
371  10406  2   0  10406
372  5484  2   0  5484
373  10390  2   0  10390
374  10342  2   1  10341
375  10404  3   0  0  10404
376  10268  3   0  0  10268
377  10342  2   0  10342
378  9142  2   0  9142
379  10406  3   0  0  10406
380  10358  3   1  2  10355
381  368  3   0  0  368
382  9499  3   0  0  9499
383  10138  2   0  10138
384  10150  3   0  0  10150
385  10402  3   0  0  10402
386  10400  3   0  0  10400
387  8469  3   0  0  8469
388  9362  2   0  9362
389  5436  2   0  5436
390  10403  3   0  0  10403
391  9138  3   0  0  9138
392  9503  3   0  0  9503
393  10406  3   0  0  10406
394  8477  2   0  8477
395  10212  2   0  10212
396  10404  2   0  10404
397  10363  4   0  0  1  10362
398  9123  3   0  0  9123
399  1058  2   0  1058
400  10400  4   0  0  0  10400
401  9506  2   2  9504
402  10164  2   12  10152
403  10406  2   0  10406
404  2128  2   0  2128
405  10402  2   8179  2223
406  10406  2   53  10353
407  6306  3   0  1  6305
408  10223  3   0  1  10222
409  4460  2   0  4460
410  10406  2   25  10381
411  10402  2   0  10402
412  8328  2   1  8327
413  9152  3   1  1  9150
414  10400  2   0  10400
415  10349  5   0  1  0  0  10348
416  9506  3   0  1  9505
417  10216  2   4  10212
418  10406  2   0  10406
419  10396  3   0  0  10396
420  9677  3   0  0  9677
421  9800  3   2  0  9798
422  10102  3   0  0  10102
423  10366  2   0  10366
424  10404  3   0  0  10404
425  10406  2   0  10406
426  10404  2   0  10404
427  10260  2   0  10260
428  10334  4   0  0  0  10334
429  9164  2   325  8839
430  9164  2   0  9164
431  8352  2   0  8352
432  10406  3   0  3  10403
433  9930  2   0  9930
434  3718  2   0  3718
435  10398  2   2  10396
436  10400  2   0  10400
437  10402  2   0  10402
438  10330  2   8  10322
439  9164  3   0  0  9164
440  9164  2   0  9164
441  1358  3   0  118  1240
442  10406  3   0  0  10406
443  10404  2   0  10404
444  9652  3   0  0  9652
445  9794  3   0  0  9794
446  10326  2   0  10326
447  10404  2   0  10404
448  6589  5   0  0  0  1  6588
449  10396  2   2  10394
450  8396  2   0  8396
451  10338  2   0  10338
452  9507  4   1  1  0  9505
453  10406  2   0  10406
454  10406  2   0  10406
455  10406  3   0  0  10406
456  10404  2   5239  5165
457  10275  3   1  0  10274
458  9164  2   0  9164
459  9630  2   0  9630
460  10406  2   20  10386
461  10404  3   0  0  10404
462  6839  3   0  0  6839
463  9918  2   2  9916
464  10406  3   0  0  10406
465  10406  2   0  10406

[pop]=2
1  11564  2   1  11563
2  798  2   0  798
3  11343  4   0  0  0  11343
4  11444  2   2  11442
5  11408  2   0  11408
6  90  2   1  89
7  11182  2   2  11180
8  11576  2   0  11576
9  11564  2   2  11562
10  11322  4   0  0  0  11322
11  11576  2   0  11576
12  6904  2   0  6904
13  214  3   20  0  194
14  392  2   0  392
15  11578  2   0  11578
16  11578  2   7  11571
17  11536  2   0  11536
18  11568  2   0  11568
19  11444  2   61  11383
20  1308  2   4  1304
21  11576  3   0  0  11576
22  1880  2   0  1880
23  11576  3   0  0  11576
24  424  2   0  424
25  11532  4   1  0  0  11531
26  11540  2   0  11540
27  190  3   0  0  190
28  11578  2   0  11578
29  11578  2   1  11577
30  11394  2   1260  10134
31  1766  3   0  0  1766
32  11486  2   0  11486
33  11195  3   0  1  11194
34  11570  3   0  0  11570
35  11320  2   0  11320
36  11576  2   0  11576
37  11530  3   0  0  11530
38  11578  2   0  11578
39  11578  2   0  11578
40  11562  2   0  11562
41  11546  2   0  11546
42  11560  2   0  11560
43  11570  2   0  11570
44  490  2   0  490
45  11416  2   0  11416
46  11102  2   0  11102
47  11452  2   0  11452
48  11576  2   0  11576
49  11390  2   23  11367
50  11564  2   0  11564
51  11578  2   0  11578
52  6226  2   0  6226
53  206  2   0  206
54  362  2   0  362
55  11578  4   0  0  0  11578
56  11552  2   5  11547
57  11554  2   7  11547
58  11424  2   0  11424
59  11454  2   0  11454
60  9068  2   0  9068
61  11520  2   8540  2980
62  11316  2   0  11316
63  11562  2   0  11562
64  11576  3   0  0  11576
65  11578  3   0  1  11577
66  11512  2   0  11512
67  11568  2   0  11568
68  11420  2   154  11266
69  11556  2   0  11556
70  11454  2   0  11454
71  809  3   0  0  809
72  11560  3   0  0  11560
73  1496  3   0  0  1496
74  11568  2   0  11568
75  11576  2   1  11575
76  11564  2   3  11561
77  1453  3   0  0  1453
78  11459  3   0  0  11459
79  11578  2   3  11575
80  11418  2   0  11418
81  11564  2   0  11564
82  11570  2   5  11565
83  11315  3   0  0  11315
84  11460  3   0  4  11456
85  5292  2   1  5291
86  11578  2   0  11578
87  11578  3   1  0  11577
88  11554  3   1  0  11553
89  11554  3   0  0  11554
90  11564  2   3  11561
91  11578  3   1  41  11536
92  11570  3   0  0  11570
93  11576  2   2  11574
94  11578  2   6  11572
95  11578  2   6  11572
96  11564  3   0  1  11563
97  1240  2   0  1240
98  11578  3   0  0  11578
99  11578  2   0  11578
100  11578  2   0  11578
101  11566  2   0  11566
102  11433  4   1  0  0  11432
103  582  2   0  582
104  1164  2   0  1164
105  11568  2   0  11568
106  11578  2   0  11578
107  11578  2   0  11578
108  11564  2   0  11564
109  11562  3   0  0  11562
110  11493  3   0  12  11481
111  11575  4   0  0  0  11575
112  5010  2   0  5010
113  11578  2   25  11553
114  11464  2   0  11464
115  11576  2   0  11576
116  11558  3   3  0  11555
117  4544  2   0  4544
118  11488  2   3  11485
119  11570  2   0  11570
120  420  2   0  420
121  11576  3   1  3  11572
122  2298  2   0  2298
123  11578  2   0  11578
124  11566  2   0  11566
125  11562  2   0  11562
126  11438  2   0  11438
127  11458  3   0  0  11458
128  11564  2   0  11564
129  4508  2   64  4444
130  11574  3   0  0  11574
131  11578  2   0  11578
132  4380  3   0  0  4380
133  11578  2   0  11578
134  11560  2   0  11560
135  11574  2   1  11573
136  11473  3   0  0  11473
137  11562  3   0  0  11562
138  11442  2   1530  9912
139  11456  2   2056  9400
140  9662  2   0  9662
141  11574  2   1  11573
142  11556  2   0  11556
143  11574  3   0  0  11574
144  11506  2   0  11506
145  11570  2   0  11570
146  11305  3   1  0  11304
147  9980  3   0  0  9980
148  3658  2   0  3658
149  4371  4   0  4  2  4365
150  2644  3   0  0  2644
151  11578  2   1  11577
152  11558  3   0  0  11558
153  4862  2   0  4862
154  11438  2   7  11431
155  11506  3   0  0  11506
156  11578  2   0  11578
157  11562  3   0  0  11562
158  11562  2   0  11562
159  11569  3   0  11  11558
160  11574  3   0  0  11574
161  4274  3   0  1  4273
162  10826  2   109  10717
163  11578  2   0  11578
164  11564  2   48  11516
165  11566  2   0  11566
166  11570  2   2  11568
167  11574  3   1  0  11573
168  11555  3   0  0  11555
169  11576  2   0  11576
170  11578  2   0  11578
171  9038  2   0  9038
172  11576  2   0  11576
173  11578  3   0  0  11578
174  11578  2   2  11576
175  9299  2   5  9294
176  5527  3   0  0  5527
177  11504  2   0  11504
178  11474  2   0  11474
179  11578  3   0  0  11578
180  11448  2   0  11448
181  11552  3   0  0  11552
182  11576  2   0  11576
183  11578  5   0  2  0  1  11575
184  11578  2   0  11578
185  11496  3   0  0  11496
186  6350  2   5291  1059
187  11502  2   0  11502
188  11564  2   0  11564
189  11566  2   0  11566
190  11574  2   1  11573
191  11562  2   0  11562
192  11578  3   0  0  11578
193  11576  2   0  11576
194  11578  2   1  11577
195  112  2   1  111
196  11574  2   0  11574
197  11552  2   0  11552
198  11293  3   0  1  11292
199  11578  2   0  11578
200  11334  2   0  11334
201  162  2   1  161
202  11538  3   0  0  11538
203  11578  2   761  10817
204  11567  3   1576  1550  8441
205  6480  2   0  6480
206  11571  3   0  0  11571
207  11574  2   0  11574
208  11574  2   0  11574
209  11578  3   0  0  11578
210  11578  3   0  0  11578
211  11578  2   0  11578
212  11578  2   1  11577
213  11578  3   0  1  11577
214  11568  2   0  11568
215  11550  2   1  11549
216  11568  3   0  0  11568
217  11294  2   2  11292
218  11572  2   0  11572
219  9324  2   0  9324
220  11547  3   0  16  11531
221  11456  2   0  11456
222  11568  2   0  11568
223  11574  3   0  0  11574
224  11454  2   0  11454
225  11434  2   0  11434
226  11548  3   0  0  11548
227  11578  3   0  0  11578
228  11574  3   0  0  11574
229  11474  3   0  0  11474
230  11572  3   0  0  11572
231  11568  2   0  11568
232  11578  3   1  1  11576
233  10651  3   0  0  10651
234  90  3   0  0  90
235  11578  2   1  11577
236  11452  3   700  0  10752
237  11502  3   0  0  11502
238  11562  3   0  0  11562
239  11574  3   0  0  11574
240  11578  4   0  0  0  11578
241  11098  2   0  11098
242  11467  3   0  0  11467
243  11570  3   0  13  11557
244  11296  3   0  0  11296
245  4570  2   0  4570
246  11578  2   0  11578
247  90  2   0  90
248  11578  2   0  11578
249  11578  2   0  11578
250  8670  2   0  8670
251  7238  3   0  0  7238
252  11460  3   0  0  11460
253  11572  2   0  11572
254  11573  3   0  0  11573
255  11578  2   1  11577
256  9304  2   0  9304
257  11526  2   12  11514
258  11396  3   0  0  11396
259  11572  2   0  11572
260  11566  3   0  0  11566
261  11458  2   3  11455
262  11574  2   5  11569
263  11575  3   8  0  11567
264  11571  3   0  0  11571
265  500  3   0  0  500
266  11578  2   4  11574
267  9306  2   0  9306
268  11540  2   1  11539
269  7283  3   0  0  7283
270  11562  2   0  11562
271  11578  3   1  0  11577
272  11576  4   2  1  1  11572
273  11056  2   0  11056
274  11460  2   0  11460
275  11576  2   0  11576
276  11296  3   2  0  11294
277  11574  3   0  0  11574
278  11578  2   0  11578
279  9305  2   0  9305
280  11504  2   2  11502
281  11559  3   0  310  11249
282  40  2   0  40
283  11554  3   0  0  11554
284  11439  4   296  0  0  11143
285  11576  4   0  0  0  11576
286  11438  2   0  11438
287  11578  3   0  0  11578
288  11295  3   1  2  11292
289  11576  2   0  11576
290  10675  4   1  3  0  10671
291  11577  4   0  1  2  11574
292  9324  2   0  9324
293  8632  3   0  0  8632
294  11548  2   0  11548
295  11444  3   0  0  11444
296  11460  2   0  11460
297  11438  2   0  11438
298  11564  3   0  0  11564
299  11454  2   0  11454
300  11570  2   0  11570
301  11570  2   0  11570
302  11578  3   0  0  11578
303  9323  3   0  0  9323
304  11452  2   0  11452
305  11432  2   0  11432
306  11578  2   1868  9710
307  11576  3   0  0  11576
308  11334  2   0  11334
309  11370  3   0  0  11370
310  8595  3   0  0  8595
311  11548  2   0  11548
312  11548  3   0  0  11548
313  11505  3   0  0  11505
314  11578  3   0  0  11578
315  11568  4   0  4  0  11564
316  11578  2   2  11576
317  10294  2   0  10294
318  11397  3   0  0  11397
319  9356  2   2  9354
320  6996  2   0  6996
321  11578  3   0  3  11575
322  11566  2   0  11566
323  11578  2   0  11578
324  11574  2   0  11574
325  11412  2   0  11412
326  11570  2   0  11570
327  11568  2   0  11568
328  11574  2   0  11574
329  11574  2   1  11573
330  11574  2   1  11573
331  8579  4   0  0  0  8579
332  11578  2   0  11578
333  11578  2   0  11578
334  9316  2   533  8783
335  8484  2   2  8482
336  11450  2   0  11450
337  11563  3   0  0  11563
338  11578  3   1  0  11577
339  11504  2   0  11504
340  11555  3   0  0  11555
341  10322  3   0  0  10322
342  11441  3   0  0  11441
343  11507  3   0  2  11505
344  11576  2   0  11576
345  11046  2   0  11046
346  11572  4   0  0  1  11571
347  11292  2   2  11290
348  11578  2   0  11578
349  11578  2   0  11578
350  9870  2   0  9870
351  6740  3   0  25  6715
352  11556  2   0  11556
353  11440  3   1  0  11439
354  11460  2   0  11460
355  11578  3   0  0  11578
356  11292  3   0  0  11292
357  11430  2   2  11428
358  11578  3   0  0  11578
359  11578  2   0  11578
360  10022  2   0  10022
361  11578  3   0  0  11578
362  11442  2   0  11442
363  11561  3   1  2  11558
364  11574  3   0  0  11574
365  11574  2   0  11574
366  11574  3   0  0  11574
367  11574  2   0  11574
368  11574  2   0  11574
369  11446  2   0  11446
370  11578  2   0  11578
371  11578  2   5  11573
372  6074  2   0  6074
373  11562  2   0  11562
374  11462  2   0  11462
375  11578  3   0  1  11577
376  11554  3   1  0  11553
377  11556  2   0  11556
378  11440  2   0  11440
379  11578  3   0  0  11578
380  11534  3   0  0  11534
381  140  3   0  0  140
382  11484  3   0  0  11484
383  11576  2   0  11576
384  11292  3   0  0  11292
385  11578  3   1  0  11577
386  11578  3   0  0  11578
387  9305  3   0  0  9305
388  10300  2   0  10300
389  6000  2   1  5999
390  11576  3   1  0  11575
391  11442  3   0  0  11442
392  11485  3   0  0  11485
393  11578  3   0  0  11578
394  9303  2   0  9303
395  11464  2   0  11464
396  11578  2   4  11574
397  11533  4   0  0  0  11533
398  11439  3   0  0  11439
399  1258  2   0  1258
400  11548  4   0  1  0  11547
401  11486  2   0  11486
402  11292  2   1  11291
403  11564  2   1  11563
404  542  2   0  542
405  11572  2   3880  7692
406  11578  2   364  11214
407  8368  3   0  0  8368
408  11472  3   0  0  11472
409  4658  2   0  4658
410  11578  2   31  11547
411  11578  2   0  11578
412  10486  2   0  10486
413  11444  3   0  0  11444
414  11550  2   0  11550
415  11532  5   8  0  0  2  11522
416  11483  3   0  0  11483
417  11506  2   33  11473
418  11578  2   2  11576
419  11576  3   1  0  11575
420  11270  3   0  0  11270
421  11572  3   338  0  11234
422  11576  3   0  1  11575
423  11560  2   0  11560
424  11578  3   0  0  11578
425  11578  2   0  11578
426  11578  2   0  11578
427  11486  2   8  11478
428  11547  4   0  0  0  11547
429  11454  2   58  11396
430  11460  2   0  11460
431  10512  2   0  10512
432  11578  3   0  0  11578
433  11380  2   0  11380
434  3932  2   0  3932
435  11560  2   1  11559
436  11578  2   0  11578
437  11574  2   0  11574
438  11544  2   0  11544
439  11452  3   0  0  11452
440  11460  2   0  11460
441  1774  3   0  147  1627
442  11578  3   0  1  11577
443  11574  2   2  11572
444  11220  3   0  0  11220
445  11576  3   0  0  11576
446  11528  2   0  11528
447  11574  2   2  11572
448  6864  5   0  0  0  0  6864
449  11560  2   2  11558
450  10574  2   0  10574
451  11530  2   0  11530
452  11485  4   0  1  0  11484
453  11578  2   0  11578
454  11578  2   0  11578
455  11578  3   0  0  11578
456  11578  2   2543  9035
457  11293  3   0  2  11291
458  11460  2   0  11460
459  11182  2   0  11182
460  11578  2   0  11578
461  11578  3   0  0  11578
462  7375  3   0  0  7375
463  11368  2   0  11368
464  11578  3   0  0  11578
465  11578  2   1  11577

[pop]=3
1  8654  2   0  8654
2  1154  2   2  1152
3  8525  4   0  0  0  8525
4  8490  2   0  8490
5  8496  2   0  8496
6  126  2   0  126
7  8406  2   0  8406
8  8652  2   0  8652
9  8648  2   0  8648
10  8119  4   0  0  0  8119
11  8652  2   0  8652
12  4950  2   0  4950
13  1056  3   55  0  1001
14  620  2   0  620
15  8654  2   0  8654
16  8652  2   0  8652
17  8640  2   0  8640
18  8638  2   0  8638
19  8518  2   0  8518
20  1356  2   0  1356
21  8650  3   0  0  8650
22  2278  2   0  2278
23  8654  3   0  0  8654
24  622  2   6  616
25  8586  4   0  1  2  8583
26  8640  2   4  8636
27  1002  3   0  0  1002
28  8654  2   0  8654
29  8654  2   0  8654
30  8490  2   758  7732
31  2160  3   0  0  2160
32  8640  2   0  8640
33  8415  3   0  0  8415
34  8650  3   0  0  8650
35  8120  2   0  8120
36  8648  2   0  8648
37  8586  3   18  0  8568
38  8654  2   0  8654
39  8654  2   0  8654
40  8654  2   0  8654
41  8640  2   11  8629
42  8648  2   0  8648
43  8650  2   0  8650
44  460  2   0  460
45  8576  2   0  8576
46  8232  2   0  8232
47  8500  2   0  8500
48  8654  2   0  8654
49  8478  2   0  8478
50  8568  2   1  8567
51  8654  2   117  8537
52  4554  2   0  4554
53  1054  2   0  1054
54  594  2   0  594
55  8654  4   0  0  0  8654
56  8642  2   0  8642
57  8644  2   0  8644
58  8514  2   0  8514
59  8518  2   0  8518
60  6900  2   0  6900
61  8648  2   6705  1943
62  8110  2   0  8110
63  8634  2   5  8629
64  8654  3   1  0  8653
65  8654  3   1  0  8653
66  8586  2   0  8586
67  8652  2   0  8652
68  8506  2   180  8326
69  8624  2   0  8624
70  8514  2   0  8514
71  892  3   0  0  892
72  8650  3   0  0  8650
73  1910  3   0  0  1910
74  8602  2   0  8602
75  8654  2   0  8654
76  8654  2   1  8653
77  2373  3   0  0  2373
78  8590  3   0  0  8590
79  8654  2   0  8654
80  8554  2   0  8554
81  8566  2   0  8566
82  8604  2   0  8604
83  8104  3   0  0  8104
84  8594  3   0  0  8594
85  4440  2   0  4440
86  8654  2   0  8654
87  8654  3   0  0  8654
88  8646  3   0  0  8646
89  8646  3   0  0  8646
90  8568  2   0  8568
91  8654  3   0  1  8653
92  8602  3   0  0  8602
93  8654  2   0  8654
94  8654  2   0  8654
95  8654  2   0  8654
96  8654  3   6  0  8648
97  2104  2   0  2104
98  8654  3   0  0  8654
99  8654  2   0  8654
100  8654  2   0  8654
101  8648  2   0  8648
102  8514  4   0  0  0  8514
103  666  2   0  666
104  1626  2   0  1626
105  8638  2   0  8638
106  8654  2   0  8654
107  8654  2   0  8654
108  8654  2   0  8654
109  8635  3   0  0  8635
110  8645  3   4  0  8641
111  8654  4   0  0  0  8654
112  4162  2   0  4162
113  8654  2   0  8654
114  8512  2   1  8511
115  8654  2   0  8654
116  8650  3   0  0  8650
117  4906  2   0  4906
118  8644  2   0  8644
119  8604  2   7  8597
120  624  2   0  624
121  8650  3   0  0  8650
122  2812  2   0  2812
123  8650  2   0  8650
124  8648  2   1  8647
125  8650  2   0  8650
126  8518  2   0  8518
127  8518  3   0  0  8518
128  8566  2   0  8566
129  4828  2   0  4828
130  8652  3   1  0  8651
131  8654  2   3  8651
132  3780  3   0  0  3780
133  8654  2   0  8654
134  8648  2   0  8648
135  8654  2   1  8653
136  8517  3   0  0  8517
137  8644  3   0  0  8644
138  8478  2   2590  5888
139  8516  2   374  8142
140  7272  2   0  7272
141  8654  2   0  8654
142  8650  2   15  8635
143  8652  3   0  0  8652
144  8630  2   0  8630
145  8606  2   4  8602
146  8077  3   0  5  8072
147  8058  3   0  0  8058
148  2606  2   0  2606
149  3755  4   0  30  0  3725
150  3172  3   0  0  3172
151  8654  2   0  8654
152  8641  3   0  0  8641
153  4662  2   0  4662
154  8568  2   0  8568
155  8604  3   0  0  8604
156  8654  2   108  8546
157  8642  3   0  0  8642
158  8642  2   0  8642
159  8642  3   0  0  8642
160  8654  3   0  0  8654
161  4648  3   0  0  4648
162  8450  2   350  8100
163  8654  2   0  8654
164  8642  2   0  8642
165  8650  2   0  8650
166  8644  2   0  8644
167  8654  3   0  0  8654
168  8650  3   1  4  8645
169  8652  2   0  8652
170  8654  2   0  8654
171  7470  2   0  7470
172  8652  2   0  8652
173  8654  3   0  0  8654
174  8654  2   0  8654
175  6621  2   0  6621
176  5031  3   0  0  5031
177  8600  2   0  8600
178  8526  2   0  8526
179  8654  3   0  0  8654
180  8518  2   0  8518
181  8649  3   1  0  8648
182  8644  2   0  8644
183  8654  5   0  6  0  0  8648
184  8654  2   0  8654
185  8606  3   0  0  8606
186  5938  2   4664  1274
187  8598  2   0  8598
188  8642  2   0  8642
189  8648  2   0  8648
190  8654  2   4  8650
191  8564  2   0  8564
192  8654  3   0  0  8654
193  8654  2   0  8654
194  8654  2   0  8654
195  188  2   0  188
196  8654  2   0  8654
197  8650  2   12  8638
198  8080  3   0  0  8080
199  8654  2   0  8654
200  8536  2   0  8536
201  244  2   0  244
202  8629  3   0  0  8629
203  8648  2   471  8177
204  8616  3   4045  4034  537
205  5670  2   0  5670
206  8644  3   0  0  8644
207  8654  2   0  8654
208  8652  2   0  8652
209  8654  3   0  0  8654
210  8654  3   0  0  8654
211  8654  2   0  8654
212  8654  2   0  8654
213  8654  3   0  0  8654
214  8642  2   2  8640
215  8650  2   0  8650
216  8642  3   0  0  8642
217  8076  2   0  8076
218  8654  2   0  8654
219  6638  2   3  6635
220  8633  3   0  1  8632
221  8586  2   8  8578
222  8642  2   1  8641
223  8652  3   0  0  8652
224  8518  2   0  8518
225  8514  2   13  8501
226  8650  3   0  3  8647
227  8654  3   0  0  8654
228  8652  3   0  0  8652
229  8612  3   0  0  8612
230  8654  3   0  0  8654
231  8652  2   0  8652
232  8654  3   0  0  8654
233  8337  3   0  0  8337
234  127  3   0  0  127
235  8654  2   0  8654
236  8554  3   2891  2  5661
237  8610  3   0  0  8610
238  8650  3   0  0  8650
239  8652  3   0  0  8652
240  8654  4   0  0  0  8654
241  8346  2   0  8346
242  8607  3   0  0  8607
243  8620  3   0  0  8620
244  8076  3   2  0  8074
245  5090  2   0  5090
246  8654  2   0  8654
247  126  2   0  126
248  8654  2   0  8654
249  8654  2   0  8654
250  6130  2   0  6130
251  6100  3   0  0  6100
252  8518  3   1  0  8517
253  8654  2   0  8654
254  8654  3   0  0  8654
255  8654  2   0  8654
256  6627  2   2  6625
257  8624  2   0  8624
258  8615  3   8  0  8607
259  8654  2   0  8654
260  8636  3   0  0  8636
261  8600  2   0  8600
262  8654  2   0  8654
263  8652  3   0  0  8652
264  8654  3   0  0  8654
265  956  3   0  0  956
266  8654  2   0  8654
267  6626  2   0  6626
268  8590  2   0  8590
269  6185  3   0  0  6185
270  8644  2   0  8644
271  8654  3   0  1  8653
272  8652  4   0  0  0  8652
273  8322  2   0  8322
274  8590  2   0  8590
275  8654  2   0  8654
276  8070  3   0  0  8070
277  8654  3   0  1  8653
278  8654  2   0  8654
279  6628  2   7  6621
280  8608  2   0  8608
281  8643  3   0  4  8639
282  124  2   0  124
283  8649  3   0  0  8649
284  8518  4   9  0  0  8509
285  8652  4   1  1  0  8650
286  8514  2   0  8514
287  8654  3   0  0  8654
288  8062  3   4  0  8058
289  8652  2   0  8652
290  8185  4   1  0  0  8184
291  8654  4   0  0  0  8654
292  6638  2   0  6638
293  6082  3   0  0  6082
294  8646  2   0  8646
295  8518  3   0  0  8518
296  8518  2   1  8517
297  8514  2   0  8514
298  8626  3   0  0  8626
299  8582  2   0  8582
300  8654  2   0  8654
301  8654  2   0  8654
302  8654  3   0  0  8654
303  6638  3   2  0  6636
304  8518  2   0  8518
305  8508  2   0  8508
306  8638  2   1499  7139
307  8654  3   0  0  8654
308  8560  2   15  8545
309  8515  3   0  0  8515
310  6037  3   0  0  6037
311  8634  2   0  8634
312  8648  3   1  0  8647
313  8602  3   0  0  8602
314  8652  3   0  1  8651
315  8654  4   0  0  0  8654
316  8654  2   0  8654
317  8030  2   0  8030
318  8548  3   0  0  8548
319  7150  2   0  7150
320  5994  2   2  5992
321  8654  3   0  2  8652
322  8650  2   2  8648
323  8654  2   0  8654
324  8652  2   0  8652
325  8518  2   0  8518
326  8620  2   0  8620
327  8654  2   6  8648
328  8652  2   0  8652
329  8654  2   0  8654
330  8654  2   0  8654
331  7016  4   0  0  0  7016
332  8654  2   1  8653
333  8654  2   2  8652
334  6625  2   693  5932
335  5961  2   0  5961
336  8580  2   0  8580
337  8640  3   0  0  8640
338  8654  3   0  0  8654
339  8566  2   0  8566
340  8630  3   0  0  8630
341  7863  3   0  0  7863
342  8518  3   0  0  8518
343  8499  3   1  0  8498
344  8650  2   0  8650
345  8278  2   0  8278
346  8622  4   0  1  0  8621
347  8068  2   0  8068
348  8654  2   8  8646
349  8654  2   0  8654
350  7512  2   0  7512
351  5807  3   0  0  5807
352  8640  2   0  8640
353  8518  3   0  0  8518
354  8518  2   0  8518
355  8654  3   0  0  8654
356  8068  3   0  0  8068
357  8574  2   0  8574
358  8654  3   0  0  8654
359  8654  2   0  8654
360  7608  2   0  7608
361  8654  3   0  0  8654
362  8520  2   0  8520
363  8646  3   0  0  8646
364  8651  3   0  1  8650
365  8624  2   0  8624
366  8651  3   0  1  8650
367  8654  2   0  8654
368  8654  2   0  8654
369  8580  2   0  8580
370  8654  2   0  8654
371  8654  2   0  8654
372  5380  2   0  5380
373  8640  2   0  8640
374  8638  2   0  8638
375  8654  3   0  0  8654
376  8630  3   0  0  8630
377  8640  2   0  8640
378  8518  2   0  8518
379  8654  3   0  0  8654
380  8648  3   0  0  8648
381  230  3   0  0  230
382  8478  3   0  0  8478
383  8654  2   0  8654
384  8068  3   0  0  8068
385  8652  3   0  0  8652
386  8654  3   0  0  8654
387  6626  3   0  0  6626
388  7854  2   0  7854
389  5372  2   0  5372
390  8654  3   0  0  8654
391  8514  3   0  0  8514
392  8476  3   0  0  8476
393  8654  3   0  0  8654
394  6626  2   1  6625
395  8604  2   5  8599
396  8654  2   0  8654
397  8643  4   0  0  0  8643
398  8519  3   1  1  8517
399  1380  2   2  1378
400  8584  4   0  0  0  8584
401  8484  2   0  8484
402  8066  2   0  8066
403  8654  2   0  8654
404  938  2   2  936
405  8642  2   1207  7435
406  8654  2   1  8653
407  5877  3   1  0  5876
408  8606  3   0  0  8606
409  4524  2   0  4524
410  8654  2   0  8654
411  8654  2   0  8654
412  7960  2   0  7960
413  8519  3   0  0  8519
414  8586  2   0  8586
415  8642  5   0  0  0  0  8642
416  8478  3   0  0  8478
417  8602  2   0  8602
418  8654  2   0  8654
419  8650  3   0  0  8650
420  8339  3   0  0  8339
421  8622  3   0  0  8622
422  8652  3   0  0  8652
423  8654  2   0  8654
424  8654  3   1  0  8653
425  8654  2   6  8648
426  8654  2   0  8654
427  8614  2   0  8614
428  8640  4   0  1  1  8638
429  8516  2   0  8516
430  8518  2   0  8518
431  7964  2   0  7964
432  8654  3   0  0  8654
433  8602  2   0  8602
434  3936  2   8  3928
435  8644  2   0  8644
436  8654  2   0  8654
437  8652  2   0  8652
438  8640  2   0  8640
439  8518  3   0  0  8518
440  8518  2   0  8518
441  1708  3   0  103  1605
442  8654  3   1  0  8653
443  8652  2   0  8652
444  8280  3   0  1  8279
445  8624  3   0  0  8624
446  8642  2   0  8642
447  8652  2   0  8652
448  6008  5   0  2  0  0  6006
449  8644  2   0  8644
450  8020  2   9  8011
451  8640  2   0  8640
452  8484  4   0  0  0  8484
453  8654  2   2  8652
454  8654  2   1  8653
455  8654  3   0  0  8654
456  8648  2   1183  7465
457  8522  3   0  0  8522
458  8518  2   0  8518
459  8248  2   0  8248
460  8654  2   0  8654
461  8654  3   0  0  8654
462  6343  3   0  1  6342
463  8602  2   0  8602
464  8654  3   0  0  8654
465  8654  2   0  8654

[pop]=4
1  6614  2   0  6614
2  302  2   0  302
3  6527  4   0  0  0  6527
4  6604  2   1  6603
5  6330  2   0  6330
6  0  2   0  0
7  6064  2   0  6064
8  6614  2   0  6614
9  6614  2   0  6614
10  6596  4   0  0  0  6596
11  6614  2   0  6614
12  1994  2   0  1994
13  72  3   11  0  61
14  1666  2   2  1664
15  6614  2   0  6614
16  6614  2   0  6614
17  6612  2   0  6612
18  6598  2   0  6598
19  6610  2   0  6610
20  548  2   0  548
21  6614  3   0  0  6614
22  718  2   0  718
23  6614  3   0  0  6614
24  1660  2   0  1660
25  6605  4   0  0  0  6605
26  6606  2   0  6606
27  58  3   0  0  58
28  6614  2   0  6614
29  6614  2   0  6614
30  6332  2   226  6106
31  690  3   0  0  690
32  6520  2   0  6520
33  6078  3   0  0  6078
34  6614  3   0  0  6614
35  6596  2   0  6596
36  6614  2   0  6614
37  6606  3   0  0  6606
38  6614  2   0  6614
39  6614  2   0  6614
40  6614  2   0  6614
41  6612  2   0  6612
42  6578  2   0  6578
43  6614  2   0  6614
44  86  2   0  86
45  6246  2   0  6246
46  6180  2   0  6180
47  6608  2   1  6607
48  6614  2   0  6614
49  6574  2   0  6574
50  6614  2   0  6614
51  6614  2   0  6614
52  1788  2   0  1788
53  82  2   0  82
54  1564  2   0  1564
55  6614  4   0  0  0  6614
56  6612  2   0  6612
57  6612  2   0  6612
58  6376  2   0  6376
59  6610  2   5  6605
60  3898  2   0  3898
61  6602  2   4240  2362
62  6596  2   0  6596
63  6612  2   0  6612
64  6614  3   0  0  6614
65  6614  3   0  0  6614
66  6606  2   0  6606
67  6614  2   0  6614
68  6382  2   28  6354
69  6580  2   0  6580
70  6578  2   0  6578
71  273  3   0  0  273
72  6578  3   0  0  6578
73  610  3   0  0  610
74  6614  2   0  6614
75  6614  2   0  6614
76  6612  2   0  6612
77  526  3   0  0  526
78  6310  3   0  0  6310
79  6614  2   0  6614
80  6554  2   0  6554
81  6614  2   0  6614
82  6614  2   3  6611
83  6594  3   0  0  6594
84  6324  3   0  0  6324
85  1762  2   0  1762
86  6614  2   0  6614
87  6614  3   0  0  6614
88  6548  3   0  0  6548
89  6611  3   0  8  6603
90  6614  2   0  6614
91  6614  3   0  1  6613
92  6614  3   0  0  6614
93  6614  2   0  6614
94  6614  2   0  6614
95  6614  2   0  6614
96  6612  3   0  0  6612
97  458  2   0  458
98  6614  3   0  0  6614
99  6614  2   0  6614
100  6614  2   0  6614
101  6602  2   0  6602
102  6409  4   0  0  0  6409
103  166  2   0  166
104  456  2   0  456
105  6612  2   0  6612
106  6610  2   0  6610
107  6610  2   0  6610
108  6612  2   0  6612
109  6603  3   1  0  6602
110  6533  3   0  0  6533
111  6614  4   0  0  0  6614
112  1638  2   0  1638
113  6614  2   0  6614
114  6610  2   0  6610
115  6614  2   0  6614
116  6582  3   0  0  6582
117  1868  2   0  1868
118  6528  2   0  6528
119  6614  2   0  6614
120  1652  2   2  1650
121  6614  3   0  0  6614
122  856  2   0  856
123  6614  2   0  6614
124  6602  2   0  6602
125  6610  2   0  6610
126  6432  2   0  6432
127  6610  3   0  0  6610
128  6614  2   0  6614
129  1844  2   0  1844
130  6614  3   0  3  6611
131  6614  2   0  6614
132  1432  3   0  0  1432
133  6614  2   0  6614
134  6612  2   1  6611
135  6614  2   1  6613
136  6612  3   0  1  6611
137  6612  3   0  0  6612
138  6486  2   1851  4635
139  6610  2   848  5762
140  4282  2   0  4282
141  6614  2   0  6614
142  6580  2   0  6580
143  6614  3   0  0  6614
144  6590  2   0  6590
145  6614  2   0  6614
146  6591  3   0  1  6590
147  5656  3   0  0  5656
148  920  2   0  920
149  1405  4   0  0  0  1405
150  1018  3   0  0  1018
151  6614  2   0  6614
152  6612  3   0  0  6612
153  1782  2   0  1782
154  6490  2   0  6490
155  6511  3   0  0  6511
156  6614  2   0  6614
157  6612  3   0  0  6612
158  6612  2   0  6612
159  6610  3   0  0  6610
160  6614  3   0  0  6614
161  1778  3   0  0  1778
162  6270  2   0  6270
163  6614  2   0  6614
164  6612  2   23  6589
165  6614  2   0  6614
166  6610  2   0  6610
167  6614  3   0  0  6614
168  6577  3   0  0  6577
169  6614  2   0  6614
170  6614  2   0  6614
171  5048  2   0  5048
172  6614  2   0  6614
173  6614  3   0  0  6614
174  6614  2   0  6614
175  4528  2   24  4504
176  2031  3   0  0  2031
177  6518  2   0  6518
178  6612  2   0  6612
179  6614  3   0  0  6614
180  6592  2   0  6592
181  6577  3   0  0  6577
182  6614  2   0  6614
183  6614  5   0  0  0  0  6614
184  6614  2   0  6614
185  6418  3   0  0  6418
186  2482  2   1923  559
187  6516  2   0  6516
188  6612  2   0  6612
189  6614  2   0  6614
190  6614  2   0  6614
191  6614  2   0  6614
192  6614  3   0  0  6614
193  6614  2   0  6614
194  6614  2   0  6614
195  8  2   0  8
196  6614  2   0  6614
197  6572  2   0  6572
198  6590  3   0  0  6590
199  6614  2   0  6614
200  6544  2   0  6544
201  30  2   0  30
202  6518  3   0  0  6518
203  6612  2   533  6079
204  6614  3   313  313  5988
205  2380  2   0  2380
206  6614  3   0  0  6614
207  6614  2   0  6614
208  6614  2   1  6613
209  6614  3   0  0  6614
210  6614  3   0  0  6614
211  6614  2   1  6613
212  6614  2   0  6614
213  6614  3   0  0  6614
214  6614  2   0  6614
215  6614  2   0  6614
216  6614  3   0  0  6614
217  6590  2   0  6590
218  6614  2   0  6614
219  4529  2   0  4529
220  6606  3   0  109  6497
221  6554  2   0  6554
222  6614  2   0  6614
223  6613  3   0  0  6613
224  6596  2   0  6596
225  6582  2   0  6582
226  6573  3   0  0  6573
227  6614  3   0  0  6614
228  6614  3   1  0  6613
229  6583  3   0  0  6583
230  6614  3   0  0  6614
231  6614  2   0  6614
232  6614  3   0  0  6614
233  6186  3   0  0  6186
234  0  3   0  0  0
235  6614  2   0  6614
236  6552  3   1305  0  5247
237  6494  3   0  0  6494
238  6614  3   0  0  6614
239  6614  3   0  0  6614
240  6614  4   0  0  0  6614
241  5954  2   0  5954
242  6582  3   0  0  6582
243  6614  3   0  3  6611
244  6588  3   0  1  6587
245  3156  2   0  3156
246  6614  2   0  6614
247  0  2   0  0
248  6614  2   0  6614
249  6614  2   0  6614
250  3586  2   1  3585
251  2672  3   0  0  2672
252  6610  3   0  0  6610
253  6614  2   0  6614
254  6614  3   0  0  6614
255  6614  2   0  6614
256  4528  2   0  4528
257  6602  2   1  6601
258  6505  3   0  0  6505
259  6614  2   0  6614
260  6612  3   0  0  6612
261  6582  2   0  6582
262  6614  2   0  6614
263  6614  3   0  0  6614
264  6614  3   0  0  6614
265  141  3   0  0  141
266  6614  2   0  6614
267  4528  2   0  4528
268  6594  2   0  6594
269  2769  3   0  0  2769
270  6614  2   0  6614
271  6614  3   0  0  6614
272  6614  4   0  0  0  6614
273  5922  2   0  5922
274  6574  2   0  6574
275  6614  2   0  6614
276  6588  3   0  0  6588
277  6614  3   0  0  6614
278  6614  2   0  6614
279  4530  2   0  4530
280  6596  2   0  6596
281  6614  3   0  386  6228
282  2  2   0  2
283  6592  3   0  0  6592
284  6482  4   309  0  0  6173
285  6614  4   0  0  0  6614
286  6586  2   0  6586
287  6614  3   0  0  6614
288  6588  3   13  0  6575
289  6614  2   0  6614
290  6267  4   0  0  0  6267
291  6614  4   0  0  0  6614
292  4530  2   0  4530
293  3510  3   0  0  3510
294  6594  2   0  6594
295  6484  3   0  0  6484
296  6610  2   0  6610
297  6584  2   0  6584
298  6612  3   0  0  6612
299  6574  2   0  6574
300  6614  2   0  6614
301  6614  2   5  6609
302  6614  3   0  0  6614
303  4530  3   0  0  4530
304  6594  2   1  6593
305  6582  2   0  6582
306  6614  2   758  5856
307  6614  3   0  0  6614
308  6514  2   0  6514
309  6585  3   1  0  6584
310  3458  3   0  0  3458
311  6614  2   0  6614
312  6600  3   0  0  6600
313  6608  3   0  1  6607
314  6614  3   0  0  6614
315  6614  4   0  0  0  6614
316  6614  2   0  6614
317  6166  2   0  6166
318  6592  3   2  0  6590
319  4852  2   0  4852
320  2710  2   0  2710
321  6614  3   0  7  6607
322  6614  2   0  6614
323  6614  2   0  6614
324  6614  2   0  6614
325  6562  2   1  6561
326  6614  2   0  6614
327  6614  2   0  6614
328  6614  2   0  6614
329  6614  2   0  6614
330  6614  2   0  6614
331  5466  4   0  0  0  5466
332  6614  2   0  6614
333  6614  2   0  6614
334  4529  2   324  4205
335  3391  2   0  3391
336  6532  2   0  6532
337  6548  3   0  0  6548
338  6614  3   0  0  6614
339  6612  2   0  6612
340  6612  3   0  0  6612
341  4955  3   0  0  4955
342  6597  3   0  0  6597
343  6595  3   0  0  6595
344  6614  2   0  6614
345  5872  2   0  5872
346  6614  4   0  0  0  6614
347  6590  2   32  6558
348  6614  2   0  6614
349  6614  2   0  6614
350  5054  2   0  5054
351  2603  3   0  0  2603
352  6614  2   0  6614
353  6481  3   0  0  6481
354  6610  2   1  6609
355  6614  3   0  0  6614
356  6590  3   0  0  6590
357  6598  2   0  6598
358  6614  3   0  0  6614
359  6614  2   0  6614
360  5122  2   0  5122
361  6614  3   0  0  6614
362  6476  2   0  6476
363  6614  3   0  0  6614
364  6614  3   0  0  6614
365  6614  2   0  6614
366  6614  3   0  0  6614
367  6614  2   0  6614
368  6614  2   0  6614
369  6602  2   0  6602
370  6614  2   0  6614
371  6614  2   0  6614
372  2392  2   0  2392
373  6562  2   0  6562
374  6554  2   0  6554
375  6614  3   0  0  6614
376  6612  3   0  0  6612
377  6614  2   1  6613
378  6484  2   0  6484
379  6614  3   0  0  6614
380  6572  3   0  0  6572
381  28  3   0  0  28
382  6597  3   0  0  6597
383  6614  2   0  6614
384  6592  3   0  0  6592
385  6614  3   0  0  6614
386  6614  3   0  0  6614
387  4530  3   0  0  4530
388  5312  2   0  5312
389  2390  2   0  2390
390  6614  3   0  0  6614
391  6474  3   0  0  6474
392  6598  3   0  1  6597
393  6614  3   0  1  6613
394  4530  2   0  4530
395  6298  2   0  6298
396  6614  2   0  6614
397  6607  4   0  0  0  6607
398  6481  3   0  0  6481
399  300  2   0  300
400  6606  4   0  0  0  6606
401  6598  2   0  6598
402  6596  2   0  6596
403  6614  2   0  6614
404  202  2   0  202
405  6614  2   2580  4034
406  6614  2   209  6405
407  3307  3   0  0  3307
408  6307  3   0  0  6307
409  1906  2   0  1906
410  6614  2   145  6469
411  6614  2   0  6614
412  5140  2   0  5140
413  6604  3   0  0  6604
414  6602  2   0  6602
415  6564  5   0  0  0  0  6564
416  6596  3   0  0  6596
417  6612  2   16  6596
418  6614  2   0  6614
419  6614  3   0  0  6614
420  6545  3   0  0  6545
421  6614  3   0  0  6614
422  6614  3   0  0  6614
423  6614  2   0  6614
424  6614  3   0  0  6614
425  6614  2   0  6614
426  6614  2   0  6614
427  6346  2   0  6346
428  6614  4   0  0  0  6614
429  6600  2   0  6600
430  6610  2   0  6610
431  5162  2   0  5162
432  6614  3   0  0  6614
433  6540  2   0  6540
434  1612  2   0  1612
435  6584  2   0  6584
436  6614  2   0  6614
437  6614  2   0  6614
438  6614  2   0  6614
439  6602  3   0  0  6602
440  6610  2   0  6610
441  400  3   0  22  378
442  6614  3   0  0  6614
443  6614  2   0  6614
444  6543  3   0  0  6543
445  6614  3   0  0  6614
446  6608  2   0  6608
447  6614  2   0  6614
448  4590  5   0  0  0  0  4590
449  6582  2   0  6582
450  5240  2   0  5240
451  6562  2   15  6547
452  6595  4   0  0  0  6595
453  6614  2   0  6614
454  6614  2   0  6614
455  6614  3   0  0  6614
456  6612  2   2307  4305
457  6567  3   0  0  6567
458  6610  2   0  6610
459  6536  2   0  6536
460  6614  2   0  6614
461  6614  3   0  0  6614
462  4781  3   0  0  4781
463  6538  2   0  6538
464  6614  3   0  0  6614
465  6614  2   0  6614

[pop]=5
1  66714  2   3  66711
2  7964  2   0  7964
3  63461  4   1  1  1  63458
4  63218  2   7  63211
5  62824  2   0  62824
6  2488  2   1  2487
7  63368  2   0  63368
8  66738  2   4  66734
9  66176  2   0  66176
10  65546  4   0  1  7  65538
11  66738  2   4  66734
12  35150  2   0  35150
13  4938  3   133  1  4804
14  7608  2   1  7607
15  66738  2   6  66732
16  66670  2   7  66663
17  65574  2   0  65574
18  66284  2   7  66277
19  62952  2   50  62902
20  12238  2   17  12221
21  66670  3   0  0  66670
22  16708  2   3  16705
23  65647  3   0  1  65646
24  9246  2   0  9246
25  65878  4   0  0  1  65877
26  66384  2   0  66384
27  4736  3   2  0  4734
28  66736  2   1  66735
29  66740  2   0  66740
30  62898  2   7596  55302
31  16012  3   1  0  16011
32  66594  2   2  66592
33  63553  3   1  0  63552
34  66318  3   1  1  66316
35  65608  2   0  65608
36  66504  2   0  66504
37  65885  3   5  1  65879
38  66740  2   2  66738
39  66732  2   2  66730
40  66714  2   0  66714
41  65898  2   0  65898
42  66652  2   1  66651
43  66438  2   0  66438
44  3494  2   3  3491
45  65486  2   2  65484
46  59780  2   2  59778
47  63426  2   2  63424
48  66680  2   2  66678
49  61892  2   123  61769
50  66258  2   0  66258
51  66740  2   3  66737
52  32256  2   0  32256
53  4986  2   1  4985
54  6188  2   8  6180
55  66740  4   0  0  0  66740
56  66126  2   0  66126
57  66574  2   2  66572
58  63032  2   6  63026
59  63144  2   2  63142
60  52224  2   10  52214
61  65956  2   41088  24868
62  65688  2   0  65688
63  66484  2   0  66484
64  65798  3   0  1  65797
65  66740  3   0  0  66740
66  65864  2   3  65861
67  66718  2   3  66715
68  63064  2   982  62082
69  66394  2   3  66391
70  63286  2   0  63286
71  8775  3   1  1  8773
72  66662  3   0  0  66662
73  14146  3   0  1  14145
74  66484  2   2  66482
75  65798  2   0  65798
76  66730  2   7  66723
77  14597  3   0  1  14596
78  65662  3   0  4  65658
79  66734  2   7  66727
80  64370  2   0  64370
81  66254  2   3  66251
82  66510  2   0  66510
83  65692  3   1  0  65691
84  65698  3   5  0  65693
85  33970  2   5  33965
86  66740  2   0  66740
87  66740  3   0  1  66739
88  66548  3   0  1  66547
89  66600  3   3  7  66590
90  66256  2   1  66255
91  66731  3   1  39  66691
92  66518  3   1  1  66516
93  65884  2   0  65884
94  66738  2   0  66738
95  66738  2   0  66738
96  66730  3   0  2  66728
97  13254  2   8  13246
98  66740  3   0  1  66739
99  66732  2   7  66725
100  66704  2   2  66702
101  66412  2   8  66404
102  63151  4   0  1  0  63150
103  7104  2   0  7104
104  11790  2   0  11790
105  66578  2   3  66575
106  66738  2   0  66738
107  66738  2   0  66738
108  66732  2   13  66719
109  66531  3   18  0  66513
110  66572  3   4  3  66565
111  65936  4   0  2  4  65930
112  32260  2   2  32258
113  66740  2   0  66740
114  63626  2   1  63625
115  66720  2   0  66720
116  66666  3   0  0  66666
117  38728  2   0  38728
118  66566  2   0  66566
119  66558  2   0  66558
120  9402  2   0  9402
121  66661  3   0  0  66661
122  21230  2   3  21227
123  66618  2   0  66618
124  66422  2   0  66422
125  66602  2   2  66600
126  63186  2   0  63186
127  63280  3   0  0  63280
128  66298  2   2  66296
129  38318  2   62  38256
130  66696  3   0  0  66696
131  66694  2   0  66694
132  29214  3   1  0  29213
133  66740  2   0  66740
134  66688  2   1  66687
135  66736  2   4  66732
136  63727  3   1  13  63713
137  66523  3   1  1  66521
138  63210  2   11625  51585
139  63290  2   8503  54787
140  54736  2   0  54736
141  66720  2   14  66706
142  66664  2   0  66664
143  66696  3   1  1  66694
144  65994  2   0  65994
145  66588  2   0  66588
146  65731  3   0  6  65725
147  60454  3   0  0  60454
148  20122  2   0  20122
149  29061  4   1  44  39  28977
150  23366  3   0  1  23365
151  66740  2   1  66739
152  66663  3   1  1  66661
153  32022  2   0  32022
154  64720  2   0  64720
155  65077  3   2  0  65075
156  66728  2   1  66727
157  66550  3   1  1  66548
158  66610  2   4  66606
159  66635  3   1  0  66634
160  66721  3   0  1  66720
161  37211  3   1  0  37210
162  62198  2   4  62194
163  66732  2   2  66730
164  66554  2   709  65845
165  66630  2   3  66627
166  66668  2   1  66667
167  66721  3   0  1  66720
168  66660  3   0  0  66660
169  66720  2   2  66718
170  66704  2   2  66702
171  55300  2   3  55297
172  66720  2   2  66718
173  66740  3   1  1  66738
174  66740  2   0  66740
175  47766  2   187  47579
176  35287  3   1  1  35285
177  65126  2   3  65123
178  63890  2   0  63890
179  66734  3   0  1  66733
180  63314  2   1  63313
181  66654  3   0  1  66653
182  66716  2   3  66713
183  66706  5   2  5  3  0  66696
184  66740  2   0  66740
185  65990  3   1  0  65989
186  41150  2   32255  8895
187  65116  2   2  65114
188  66564  2   4  66560
189  66644  2   2  66642
190  66726  2   0  66726
191  66266  2   8  66258
192  66709  3   2  2  66705
193  66740  2   2  66738
194  66738  2   1  66737
195  1662  2   0  1662
196  66722  2   2  66720
197  66656  2   6  66650
198  65795  3   1  8  65786
199  66710  2   4  66706
200  65216  2   0  65216
201  2300  2   0  2300
202  66369  3   1  0  66368
203  66734  2   10104  56630
204  66736  3   3642  3610  59484
205  39554  2   0  39554
206  66409  3   1  0  66408
207  66724  2   1  66723
208  66702  2   2  66700
209  66735  3   1  0  66734
210  66735  3   1  0  66734
211  66740  2   5  66735
212  66740  2   5  66735
213  66740  3   2  0  66738
214  66342  2   0  66342
215  66154  2   0  66154
216  66602  3   1  1  66600
217  65798  2   0  65798
218  66320  2   1  66319
219  47973  2   0  47973
220  66526  3   1  577  65948
221  64932  2   1  64931
222  66318  2   2  66316
223  66720  3   1  0  66719
224  63312  2   0  63312
225  63036  2   0  63036
226  66643  3   1  1  66641
227  66709  3   0  1  66708
228  66702  3   0  1  66701
229  65867  3   0  1  65866
230  66374  3   1  1  66372
231  66736  2   4  66732
232  66740  3   0  12  66728
233  61095  3   1  2  61092
234  2583  3   5  0  2578
235  66740  2   0  66740
236  65138  3   6673  2  58463
237  65682  3   1  0  65681
238  66311  3   1  0  66310
239  66730  3   1  1  66728
240  66732  4   1  0  1  66730
241  63072  2   2  63070
242  65864  3   0  3  65861
243  66642  3   1  216  66425
244  65804  3   0  0  65804
245  34446  2   2  34444
246  66740  2   2  66738
247  2566  2   0  2566
248  66740  2   0  66740
249  66740  2   13  66727
250  40308  2   11  40297
251  42768  3   3  0  42765
252  63313  3   0  1  63312
253  66456  2   0  66456
254  66723  3   0  0  66723
255  66740  2   0  66740
256  47710  2   10  47700
257  66410  2   120  66290
258  65880  3   0  1  65879
259  66558  2   0  66558
260  66704  3   1  1  66702
261  65836  2   6  65830
262  66710  2   0  66710
263  66728  3   24  1  66703
264  66726  3   1  1  66724
265  8579  3   0  1  8578
266  66738  2   1  66737
267  47702  2   4  47698
268  66506  2   2  66504
269  43295  3   0  1  43294
270  66058  2   2  66056
271  66740  3   1  0  66739
272  66734  4   0  0  0  66734
273  62858  2   1  62857
274  65800  2   2  65798
275  66714  2   0  66714
276  65860  3   0  0  65860
277  66506  3   2  0  66504
278  66740  2   2  66738
279  47663  2   0  47663
280  66298  2   0  66298
281  66054  3   0  4413  61641
282  652  2   0  652
283  66484  3   1  1  66482
284  63203  4   2903  2  1  60297
285  66734  4   0  0  1  66733
286  63134  2   2  63132
287  66685  3   1  0  66684
288  65857  3   107  6  65744
289  66730  2   2  66728
290  62691  4   1  2  0  62688
291  66740  4   1  0  2  66737
292  47998  2   5  47993
293  39710  3   2  0  39708
294  66504  2   0  66504
295  63208  3   0  0  63208
296  63316  2   2  63314
297  63126  2   9  63117
298  66678  3   16  6  66656
299  65758  2   0  65758
300  66532  2   0  66532
301  66728  2   1  66727
302  66740  3   1  1  66738
303  47998  3   0  0  47998
304  63328  2   3  63325
305  63132  2   0  63132
306  66728  2   7971  58757
307  66721  3   0  0  66721
308  64638  2   0  64638
309  64853  3   0  1  64852
310  39404  3   1  5  39398
311  65756  2   2  65754
312  66472  3   0  1  66471
313  66182  3   1  1  66180
314  66664  3   0  0  66664
315  66735  4   0  0  0  66735
316  66736  2   7  66729
317  61254  2   0  61254
318  65113  3   0  1  65112
319  54992  2   143  54849
320  41910  2   0  41910
321  66740  3   1  93  66646
322  66654  2   0  66654
323  66740  2   5  66735
324  66736  2   0  66736
325  65362  2   1  65361
326  66686  2   2  66684
327  66610  2   0  66610
328  66736  2   0  66736
329  66736  2   1  66735
330  66736  2   1  66735
331  54527  4   0  0  0  54527
332  66660  2   0  66660
333  66740  2   0  66740
334  47993  2   3099  44894
335  38802  2   0  38802
336  65164  2   0  65164
337  66422  3   0  2  66420
338  66740  3   1  1  66738
339  64594  2   4  64590
340  66477  3   1  2  66474
341  57816  3   1  0  57815
342  63194  3   0  1  63193
343  65794  3   1  1  65792
344  66718  2   2  66716
345  62562  2   0  62562
346  66686  4   0  0  0  66686
347  65960  2   199  65761
348  66740  2   0  66740
349  66740  2   1  66739
350  57300  2   0  57300
351  40731  3   0  0  40731
352  66566  2   0  66566
353  63198  3   0  0  63198
354  63318  2   45  63273
355  66724  3   4  1  66719
356  65964  3   1  0  65963
357  65526  2   0  65526
358  66740  3   0  1  66739
359  66740  2   2  66738
360  57830  2   0  57830
361  66740  3   1  1  66738
362  63190  2   1  63189
363  66128  3   14  1  66113
364  66732  3   3  0  66729
365  66700  2   1  66699
366  66732  3   3  0  66729
367  66736  2   2  66734
368  66736  2   2  66734
369  65748  2   4  65744
370  66740  2   5  66735
371  66740  2   0  66740
372  37514  2   1  37513
373  66522  2   2  66520
374  66338  2   0  66338
375  66740  3   3  0  66737
376  66438  3   0  15  66423
377  66558  2   20  66538
378  63198  2   0  63198
379  66738  3   1  0  66737
380  66564  3   0  0  66564
381  2938  3   1  0  2937
382  65563  3   0  1  65562
383  66728  2   2  66726
384  65986  3   1  0  65985
385  66738  3   0  4  66734
386  66740  3   0  14  66726
387  47380  3   0  1  47379
388  59268  2   0  59268
389  37244  2   2  37242
390  66715  3   0  0  66715
391  63170  3   1  4  63165
392  65577  3   2  0  65575
393  66740  3   1  0  66739
394  47348  2   7  47341
395  65202  2   0  65202
396  66740  2   0  66740
397  66547  4   1  3  0  66543
398  63171  3   0  0  63171
399  9078  2   3  9075
400  66599  4   0  0  1  66598
401  65592  2   0  65592
402  65988  2   0  65988
403  66738  2   1  66737
404  9146  2   0  9146
405  66732  2   31989  34743
406  66738  2   1926  64812
407  38149  3   0  7  38142
408  65275  3   0  8  65267
409  30272  2   4  30268
410  66740  2   683  66057
411  66738  2   0  66738
412  58686  2   7  58679
413  63217  3   0  0  63217
414  66608  2   0  66608
415  66545  5   3  0  3  0  66539
416  65553  3   1  0  65552
417  66248  2   339  65909
418  66692  2   1  66691
419  66722  3   0  2  66720
420  64595  3   0  1  64594
421  66706  3   2  4  66700
422  66732  3   0  0  66732
423  66652  2   0  66652
424  66694  3   0  1  66693
425  66738  2   0  66738
426  66740  2   10  66730
427  65470  2   7  65463
428  66536  4   1  0  0  66535
429  63328  2   49  63279
430  63316  2   3  63313
431  58832  2   4  58828
432  66710  3   1  0  66709
433  65364  2   8  65356
434  25840  2   0  25840
435  66666  2   0  66666
436  66738  2   6  66732
437  66686  2   4  66682
438  66536  2   0  66536
439  63324  3   1  3  63320
440  63314  2   0  63314
441  12010  3   3  1505  10502
442  66709  3   0  0  66709
443  66732  2   0  66732
444  64320  3   1  0  64319
445  66716  3   1  1  66714
446  66402  2   1  66401
447  66732  2   0  66732
448  47188  5   1  1  1  1  47184
449  66662  2   3  66659
450  59058  2   0  59058
451  66500  2   16  66484
452  65575  4   0  2  0  65573
453  66712  2   0  66712
454  66734  2   1  66733
455  66739  3   2  4  66733
456  66736  2   30480  36256
457  65783  3   0  0  65783
458  63312  2   2  63310
459  64126  2   2  64124
460  66708  2   0  66708
461  66736  3   1  1  66734
462  49286  3   0  0  49286
463  65224  2   0  65224
464  66738  3   1  2  66735
465  66740  2   1  66739

[pop]=6
1  906  2   0  906
2  80  2   0  80
3  863  4   0  0  0  863
4  780  2   0  780
5  848  2   0  848
6  110  2   0  110
7  846  2   0  846
8  908  2   0  908
9  888  2   0  888
10  884  4   0  0  0  884
11  908  2   0  908
12  426  2   0  426
13  144  3   2  0  142
14  238  2   0  238
15  908  2   0  908
16  908  2   1  907
17  872  2   0  872
18  906  2   0  906
19  862  2   3  859
20  248  2   1  247
21  908  3   0  0  908
22  244  2   0  244
23  898  3   0  0  898
24  250  2   0  250
25  890  4   0  0  0  890
26  906  2   0  906
27  142  3   0  0  142
28  908  2   0  908
29  908  2   0  908
30  856  2   110  746
31  252  3   0  0  252
32  896  2   0  896
33  850  3   0  0  850
34  896  3   0  0  896
35  886  2   0  886
36  904  2   0  904
37  890  3   0  0  890
38  908  2   0  908
39  908  2   0  908
40  906  2   0  906
41  884  2   0  884
42  906  2   0  906
43  892  2   0  892
44  40  2   0  40
45  874  2   0  874
46  784  2   0  784
47  782  2   0  782
48  908  2   0  908
49  820  2   1  819
50  894  2   0  894
51  908  2   0  908
52  410  2   0  410
53  146  2   0  146
54  218  2   0  218
55  908  4   0  0  0  908
56  888  2   0  888
57  904  2   0  904
58  858  2   0  858
59  870  2   0  870
60  664  2   0  664
61  896  2   564  332
62  886  2   0  886
63  904  2   0  904
64  898  3   0  0  898
65  908  3   0  0  908
66  890  2   0  890
67  908  2   0  908
68  856  2   8  848
69  896  2   0  896
70  868  2   0  868
71  196  3   0  0  196
72  906  3   0  0  906
73  238  3   0  0  238
74  896  2   0  896
75  898  2   0  898
76  908  2   1  907
77  185  3   0  0  185
78  883  3   0  0  883
79  908  2   0  908
80  874  2   0  874
81  894  2   0  894
82  896  2   1  895
83  888  3   0  0  888
84  884  3   0  0  884
85  430  2   0  430
86  908  2   0  908
87  908  3   0  0  908
88  900  3   0  0  900
89  906  3   0  0  906
90  894  2   0  894
91  908  3   0  2  906
92  896  3   1  0  895
93  898  2   0  898
94  908  2   0  908
95  908  2   0  908
96  908  3   0  0  908
97  182  2   0  182
98  908  3   0  0  908
99  908  2   0  908
100  908  2   0  908
101  906  2   0  906
102  855  4   0  0  0  855
103  162  2   0  162
104  226  2   0  226
105  906  2   0  906
106  908  2   0  908
107  908  2   0  908
108  908  2   0  908
109  898  3   1  0  897
110  898  3   0  4  894
111  898  4   0  0  0  898
112  428  2   0  428
113  908  2   0  908
114  782  2   0  782
115  908  2   0  908
116  906  3   0  0  906
117  420  2   0  420
118  898  2   0  898
119  896  2   0  896
120  250  2   0  250
121  908  3   0  0  908
122  302  2   0  302
123  908  2   0  908
124  906  2   0  906
125  906  2   0  906
126  858  2   0  858
127  872  3   0  0  872
128  892  2   0  892
129  424  2   3  421
130  908  3   0  0  908
131  908  2   0  908
132  402  3   0  0  402
133  908  2   0  908
134  906  2   0  906
135  908  2   0  908
136  784  3   0  0  784
137  902  3   0  0  902
138  862  2   230  632
139  872  2   81  791
140  688  2   0  688
141  908  2   0  908
142  906  2   0  906
143  908  3   0  0  908
144  898  2   0  898
145  896  2   2  894
146  888  3   0  0  888
147  787  3   0  0  787
148  264  2   0  264
149  399  4   0  2  0  397
150  314  3   0  0  314
151  908  2   3  905
152  906  3   0  0  906
153  330  2   0  330
154  876  2   0  876
155  884  3   0  0  884
156  908  2   1  907
157  902  3   0  0  902
158  906  2   0  906
159  903  3   0  1  902
160  908  3   0  0  908
161  419  3   0  0  419
162  860  2   0  860
163  908  2   0  908
164  902  2   7  895
165  906  2   0  906
166  904  2   0  904
167  908  3   0  0  908
168  903  3   0  0  903
169  908  2   0  908
170  908  2   0  908
171  712  2   0  712
172  908  2   0  908
173  908  3   0  0  908
174  908  2   0  908
175  632  2   0  632
176  367  3   0  0  367
177  886  2   0  886
178  788  2   0  788
179  908  3   0  0  908
180  866  2   0  866
181  904  3   0  0  904
182  908  2   0  908
183  908  5   0  1  0  0  907
184  908  2   0  908
185  886  3   0  0  886
186  474  2   361  113
187  884  2   0  884
188  904  2   0  904
189  906  2   0  906
190  908  2   0  908
191  890  2   0  890
192  908  3   0  0  908
193  908  2   0  908
194  908  2   0  908
195  88  2   0  88
196  908  2   0  908
197  904  2   0  904
198  890  3   0  1  889
199  908  2   0  908
200  876  2   0  876
201  76  2   0  76
202  897  3   0  0  897
203  908  2   107  801
204  908  3   79  79  750
205  406  2   0  406
206  900  3   0  0  900
207  908  2   0  908
208  908  2   0  908
209  908  3   0  1  907
210  908  3   0  1  907
211  908  2   0  908
212  908  2   0  908
213  908  3   0  0  908
214  898  2   0  898
215  890  2   0  890
216  906  3   0  0  906
217  890  2   0  890
218  900  2   0  900
219  633  2   0  633
220  904  3   0  7  897
221  886  2   0  886
222  896  2   0  896
223  908  3   0  0  908
224  870  2   0  870
225  860  2   0  860
226  904  3   0  0  904
227  908  3   0  0  908
228  908  3   0  0  908
229  894  3   0  0  894
230  900  3   0  0  900
231  908  2   0  908
232  908  3   0  0  908
233  832  3   0  0  832
234  117  3   0  0  117
235  908  2   0  908
236  886  3   134  0  752
237  885  3   0  0  885
238  890  3   0  0  890
239  908  3   0  0  908
240  908  4   0  0  0  908
241  848  2   0  848
242  894  3   0  0  894
243  896  3   0  2  894
244  890  3   0  0  890
245  494  2   0  494
246  908  2   0  908
247  118  2   0  118
248  908  2   0  908
249  908  2   0  908
250  510  2   0  510
251  458  3   0  0  458
252  872  3   0  0  872
253  902  2   0  902
254  908  3   0  0  908
255  908  2   0  908
256  624  2   0  624
257  902  2   1  901
258  901  3   0  0  901
259  902  2   0  902
260  908  3   0  0  908
261  894  2   0  894
262  906  2   0  906
263  908  3   2  0  906
264  908  3   0  0  908
265  162  3   0  0  162
266  908  2   0  908
267  621  2   0  621
268  902  2   0  902
269  468  3   0  0  468
270  886  2   0  886
271  908  3   0  0  908
272  908  4   0  0  0  908
273  834  2   0  834
274  894  2   0  894
275  906  2   0  906
276  890  3   0  0  890
277  902  3   0  0  902
278  908  2   0  908
279  622  2   0  622
280  896  2   0  896
281  885  3   0  29  856
282  40  2   0  40
283  902  3   0  0  902
284  864  4   34  0  0  830
285  908  4   0  0  0  908
286  864  2   0  864
287  906  3   0  0  906
288  888  3   1  1  886
289  908  2   0  908
290  833  4   0  0  0  833
291  908  4   0  0  0  908
292  633  2   0  633
293  508  3   0  0  508
294  902  2   0  902
295  864  3   0  0  864
296  872  2   0  872
297  864  2   0  864
298  908  3   0  0  908
299  894  2   0  894
300  902  2   0  902
301  908  2   0  908
302  908  3   0  0  908
303  633  3   0  0  633
304  868  2   0  868
305  864  2   0  864
306  908  2   97  811
307  906  3   0  0  906
308  890  2   0  890
309  890  3   0  0  890
310  505  3   0  0  505
311  868  2   0  868
312  902  3   0  0  902
313  898  3   0  0  898
314  902  3   0  0  902
315  908  4   0  0  0  908
316  908  2   0  908
317  818  2   0  818
318  892  3   0  0  892
319  684  2   1  683
320  470  2   0  470
321  908  3   0  4  904
322  906  2   0  906
323  908  2   0  908
324  908  2   0  908
325  892  2   0  892
326  898  2   0  898
327  902  2   0  902
328  908  2   0  908
329  908  2   0  908
330  908  2   0  908
331  738  4   0  0  0  738
332  906  2   0  906
333  908  2   0  908
334  633  2   49  584
335  498  2   0  498
336  898  2   0  898
337  897  3   0  0  897
338  908  3   0  0  908
339  818  2   0  818
340  900  3   0  0  900
341  753  3   0  0  753
342  865  3   0  0  865
343  882  3   0  0  882
344  908  2   0  908
345  832  2   0  832
346  898  4   0  0  0  898
347  888  2   0  888
348  908  2   0  908
349  908  2   0  908
350  710  2   0  710
351  454  3   0  0  454
352  902  2   0  902
353  864  3   0  0  864
354  872  2   0  872
355  908  3   0  0  908
356  888  3   0  0  888
357  896  2   0  896
358  908  3   0  0  908
359  908  2   0  908
360  722  2   0  722
361  908  3   0  0  908
362  864  2   0  864
363  889  3   0  0  889
364  908  3   0  0  908
365  898  2   0  898
366  908  3   0  0  908
367  908  2   0  908
368  908  2   0  908
369  902  2   0  902
370  908  2   0  908
371  908  2   0  908
372  398  2   0  398
373  902  2   0  902
374  904  2   0  904
375  908  3   0  0  908
376  900  3   0  0  900
377  902  2   0  902
378  864  2   0  864
379  908  3   0  0  908
380  900  3   0  0  900
381  116  3   0  1  115
382  880  3   1  0  879
383  906  2   0  906
384  888  3   0  0  888
385  908  3   0  0  908
386  908  3   0  0  908
387  602  3   0  0  602
388  736  2   0  736
389  398  2   0  398
390  908  3   0  0  908
391  864  3   0  0  864
392  880  3   0  0  880
393  908  3   0  0  908
394  601  2   0  601
395  878  2   0  878
396  908  2   0  908
397  902  4   0  0  0  902
398  861  3   0  0  861
399  188  2   0  188
400  905  4   1  0  0  904
401  878  2   0  878
402  888  2   0  888
403  908  2   0  908
404  184  2   0  184
405  908  2   390  518
406  908  2   19  889
407  489  3   0  0  489
408  878  3   0  0  878
409  330  2   0  330
410  908  2   3  905
411  908  2   0  908
412  766  2   0  766
413  866  3   0  0  866
414  904  2   0  904
415  900  5   0  0  0  0  900
416  878  3   0  0  878
417  896  2   8  888
418  906  2   0  906
419  908  3   0  1  907
420  886  3   0  0  886
421  898  3   0  0  898
422  906  3   0  0  906
423  904  2   0  904
424  908  3   0  0  908
425  908  2   0  908
426  908  2   0  908
427  880  2   1  879
428  901  4   0  0  0  901
429  868  2   3  865
430  872  2   0  872
431  770  2   0  770
432  908  3   0  0  908
433  892  2   0  892
434  266  2   0  266
435  902  2   0  902
436  908  2   0  908
437  906  2   0  906
438  902  2   1  901
439  870  3   0  0  870
440  872  2   0  872
441  230  3   0  25  205
442  908  3   0  0  908
443  908  2   0  908
444  887  3   0  0  887
445  898  3   0  0  898
446  904  2   0  904
447  908  2   0  908
448  651  5   0  0  0  0  651
449  902  2   0  902
450  780  2   0  780
451  898  2   2  896
452  879  4   0  0  0  879
453  908  2   0  908
454  908  2   0  908
455  908  3   0  0  908
456  908  2   346  562
457  889  3   0  0  889
458  872  2   0  872
459  886  2   0  886
460  908  2   0  908
461  908  3   0  0  908
462  670  3   0  0  670
463  888  2   0  888
464  908  3   0  0  908
465  908  2   0  908

[pop]=7
1  16510  2   0  16510
2  1060  2   0  1060
3  15801  4   0  0  0  15801
4  8998  2   0  8998
5  15858  2   0  15858
6  7218  2   1  7217
7  16170  2   0  16170
8  16512  2   0  16512
9  15178  2   0  15178
10  15142  4   0  0  0  15142
11  16512  2   0  16512
12  10990  2   3  10987
13  7670  3   31  0  7639
14  7912  2   0  7912
15  16512  2   0  16512
16  16494  2   0  16494
17  14440  2   4  14436
18  16510  2   0  16510
19  15394  2   0  15394
20  8926  2   0  8926
21  16501  3   0  18  16483
22  7644  2   0  7644
23  16510  3   1  0  16509
24  7560  2   2  7558
25  16488  4   9  0  0  16479
26  16488  2   0  16488
27  7674  3   0  0  7674
28  16512  2   0  16512
29  16512  2   0  16512
30  16100  2   3452  12648
31  7740  3   0  1  7739
32  16380  2   0  16380
33  16209  3   0  0  16209
34  15620  3   0  0  15620
35  15140  2   0  15140
36  16164  2   4  16160
37  16488  3   0  0  16488
38  16510  2   1  16509
39  16510  2   0  16510
40  16508  2   2  16506
41  15228  2   0  15228
42  16512  2   0  16512
43  15960  2   6  15954
44  686  2   0  686
45  16414  2   0  16414
46  14870  2   0  14870
47  8998  2   0  8998
48  16488  2   0  16488
49  13028  2   10  13018
50  16506  2   1  16505
51  16512  2   0  16512
52  10714  2   0  10714
53  7696  2   1  7695
54  7366  2   2  7364
55  16512  4   0  0  0  16512
56  15688  2   0  15688
57  16462  2   0  16462
58  16188  2   0  16188
59  15886  2   0  15886
60  14020  2   0  14020
61  16510  2   11512  4998
62  15140  2   2  15138
63  16392  2   0  16392
64  16510  3   0  0  16510
65  16512  3   0  0  16512
66  16476  2   0  16476
67  16492  2   0  16492
68  16202  2   269  15933
69  16490  2   0  16490
70  16264  2   2  16262
71  8374  3   0  0  8374
72  16512  3   1  1  16510
73  7830  3   0  0  7830
74  16476  2   0  16476
75  16510  2   0  16510
76  16512  2   14  16498
77  7017  3   0  0  7017
78  16455  3   2  0  16453
79  16510  2   1  16509
80  16280  2   0  16280
81  16508  2   0  16508
82  16492  2   0  16492
83  15140  3   0  1  15139
84  16458  3   0  1  16457
85  10378  2   0  10378
86  16512  2   5  16507
87  16512  3   0  0  16512
88  16506  3   75  0  16431
89  16491  3   0  0  16491
90  16508  2   0  16508
91  16511  3   1  2  16508
92  16488  3   0  0  16488
93  16510  2   0  16510
94  16512  2   0  16512
95  16512  2   0  16512
96  16512  3   0  0  16512
97  7118  2   0  7118
98  16512  3   2  0  16510
99  16510  2   1  16509
100  16506  2   0  16506
101  16512  2   1  16511
102  16229  4   0  0  0  16229
103  8164  2   3  8161
104  7822  2   2  7820
105  16468  2   0  16468
106  16512  2   0  16512
107  16512  2   0  16512
108  16512  2   0  16512
109  16507  3   0  1  16506
110  16393  3   0  1  16392
111  16509  4   2  0  2  16505
112  10194  2   6  10188
113  16512  2   0  16512
114  9016  2   0  9016
115  16512  2   2  16510
116  16512  3   0  1  16511
117  11376  2   0  11376
118  16392  2   0  16392
119  16506  2   0  16506
120  7900  2   0  7900
121  16492  3   0  0  16492
122  9700  2   0  9700
123  16366  2   2  16364
124  16512  2   2  16510
125  16388  2   1  16387
126  16240  2   0  16240
127  16248  3   0  0  16248
128  16510  2   0  16510
129  11350  2   3  11347
130  16512  3   0  0  16512
131  16462  2   0  16462
132  9956  3   0  1  9955
133  16512  2   1  16511
134  16502  2   0  16502
135  16510  2   0  16510
136  9036  3   0  0  9036
137  16334  3   0  0  16334
138  16256  2   6062  10194
139  16258  2   913  15345
140  14714  2   0  14714
141  16510  2   0  16510
142  16512  2   0  16512
143  16512  3   0  0  16512
144  16510  2   23  16487
145  16506  2   0  16506
146  15118  3   0  2  15116
147  14495  3   1  0  14494
148  9312  2   4  9308
149  9923  4   0  5  1  9917
150  9930  3   1  0  9929
151  16512  2   236  16276
152  16500  3   0  1  16499
153  5596  2   2  5594
154  16400  2   0  16400
155  16498  3   0  0  16498
156  16512  2   1  16511
157  16391  3   0  0  16391
158  16496  2   0  16496
159  16512  3   0  0  16512
160  16510  3   1  0  16509
161  11300  3   0  0  11300
162  15286  2   5  15281
163  16512  2   0  16512
164  16398  2   58  16340
165  16454  2   0  16454
166  16512  2   0  16512
167  16510  3   0  0  16510
168  16512  3   0  1  16511
169  16510  2   0  16510
170  16494  2   0  16494
171  13630  2   0  13630
172  16510  2   0  16510
173  16512  3   0  0  16512
174  16512  2   0  16512
175  9961  2   31  9930
176  6351  3   0  0  6351
177  16494  2   0  16494
178  9086  2   0  9086
179  16512  3   0  0  16512
180  16262  2   1  16261
181  16512  3   0  0  16512
182  16510  2   0  16510
183  16498  5   0  1  0  0  16497
184  16512  2   3  16509
185  16484  3   0  7  16477
186  12224  2   8746  3478
187  16490  2   0  16490
188  16444  2   0  16444
189  16474  2   0  16474
190  16510  2   0  16510
191  16504  2   0  16504
192  16501  3   0  0  16501
193  16512  2   0  16512
194  16512  2   1  16511
195  4488  2   0  4488
196  16510  2   0  16510
197  16512  2   3  16509
198  15138  3   3  0  15135
199  16508  2   0  16508
200  16268  2   0  16268
201  3524  2   0  3524
202  16493  3   0  16  16477
203  16508  2   1496  15012
204  16504  3   2069  2049  12386
205  7494  2   2  7492
206  15759  3   0  62  15697
207  16508  2   1  16507
208  16512  2   0  16512
209  16512  3   0  0  16512
210  16512  3   0  0  16512
211  16512  2   0  16512
212  16512  2   0  16512
213  16512  3   2  0  16510
214  15558  2   0  15558
215  14850  2   1  14849
216  16496  3   1  0  16495
217  15138  2   1  15137
218  16510  2   3  16507
219  10093  2   0  10093
220  16478  3   0  84  16394
221  16422  2   0  16422
222  15480  2   0  15480
223  16512  3   1  1  16510
224  16264  2   6  16258
225  15872  2   0  15872
226  16512  3   0  1  16511
227  16506  3   1  0  16505
228  16512  3   0  0  16512
229  16504  3   6  9  16489
230  16510  3   0  0  16510
231  16512  2   0  16512
232  16512  3   2  0  16510
233  14972  3   0  0  14972
234  7314  3   0  2  7312
235  16512  2   9  16503
236  16438  3   2337  0  14101
237  16431  3   0  0  16431
238  15326  3   0  1  15325
239  16512  3   0  0  16512
240  16510  4   0  1  0  16509
241  16156  2   0  16156
242  16503  3   0  0  16503
243  16508  3   0  44  16464
244  15136  3   0  0  15136
245  10128  2   0  10128
246  16512  2   0  16512
247  7296  2   0  7296
248  16512  2   12  16500
249  16512  2   0  16512
250  8736  2   0  8736
251  8648  3   0  0  8648
252  16264  3   0  4  16260
253  16510  2   2  16508
254  16510  3   0  1  16509
255  16512  2   0  16512
256  9550  2   2  9548
257  16442  2   14  16428
258  16247  3   0  0  16247
259  16110  2   0  16110
260  16510  3   0  0  16510
261  16502  2   6  16496
262  16500  2   0  16500
263  16512  3   19  0  16493
264  16512  3   0  0  16512
265  7918  3   2  0  7916
266  16500  2   12  16488
267  9475  2   0  9475
268  16482  2   0  16482
269  8976  3   2  0  8974
270  14670  2   0  14670
271  16512  3   0  0  16512
272  16512  4   0  0  0  16512
273  16138  2   0  16138
274  16500  2   0  16500
275  16500  2   2  16498
276  15136  3   0  0  15136
277  16512  3   0  0  16512
278  16512  2   0  16512
279  9329  2   0  9329
280  16418  2   0  16418
281  14606  3   0  73  14533
282  2044  2   8  2036
283  16511  3   0  0  16511
284  16260  4   228  0  0  16032
285  16512  4   0  0  0  16512
286  16056  2   0  16056
287  16483  3   0  1  16482
288  15134  3   3  0  15131
289  16512  2   0  16512
290  15495  4   2  0  1  15492
291  16512  4   0  0  1  16511
292  10125  2   1  10124
293  8672  3   0  2  8670
294  16512  2   2  16510
295  16260  3   0  0  16260
296  16264  2   0  16264
297  16060  2   0  16060
298  16510  3   1  0  16509
299  16500  2   0  16500
300  16512  2   0  16512
301  16512  2   0  16512
302  16512  3   0  0  16512
303  10125  3   0  1  10124
304  16258  2   0  16258
305  16064  2   3  16061
306  16508  2   2144  14364
307  16503  3   1  0  16502
308  16220  2   0  16220
309  16119  3   0  0  16119
310  8604  3   0  0  8604
311  14164  2   0  14164
312  16512  3   0  0  16512
313  16432  3   0  0  16432
314  16404  3   1  0  16403
315  16511  4   0  0  0  16511
316  16512  2   8  16504
317  15064  2   14  15050
318  16164  3   0  0  16164
319  9654  2   3  9651
320  9214  2   0  9214
321  16512  3   0  14  16498
322  16506  2   0  16506
323  16512  2   9  16503
324  16512  2   0  16512
325  16490  2   0  16490
326  16512  2   0  16512
327  16512  2   0  16512
328  16512  2   0  16512
329  16512  2   0  16512
330  16512  2   0  16512
331  13566  4   2  1  1  13562
332  16330  2   0  16330
333  16512  2   0  16512
334  10121  2   900  9221
335  8490  2   0  8490
336  16442  2   2  16440
337  16024  3   1  0  16023
338  16512  3   1  0  16511
339  10636  2   0  10636
340  16464  3   0  0  16464
341  15544  3   0  1  15543
342  16107  3   1  0  16106
343  16480  3   12  0  16468
344  16512  2   0  16512
345  16134  2   9  16125
346  16512  4   1  0  0  16511
347  15136  2   0  15136
348  16512  2   0  16512
349  16512  2   0  16512
350  10362  2   0  10362
351  9125  3   1  0  9124
352  16490  2   5  16485
353  16259  3   0  2  16257
354  16264  2   0  16264
355  16510  3   0  0  16510
356  15136  3   0  0  15136
357  16224  2   0  16224
358  16512  3   0  0  16512
359  16512  2   0  16512
360  10530  2   0  10530
361  16512  3   0  0  16512
362  16262  2   0  16262
363  15011  3   0  0  15011
364  16512  3   0  0  16512
365  16512  2   2  16510
366  16512  3   0  0  16512
367  16512  2   0  16512
368  16512  2   0  16512
369  16286  2   0  16286
370  16512  2   0  16512
371  16512  2   0  16512
372  8694  2   1  8693
373  16222  2   0  16222
374  16380  2   2  16378
375  16512  3   0  0  16512
376  16466  3   0  0  16466
377  16484  2   0  16484
378  16260  2   94  16166
379  16512  3   0  2  16510
380  16512  3   0  0  16512
381  6234  3   0  25  6209
382  16463  3   1  0  16462
383  16510  2   0  16510
384  15136  3   0  1  15135
385  16512  3   0  1  16511
386  16512  3   5  0  16507
387  8212  3   2  0  8210
388  11068  2   23  11045
389  8724  2   0  8724
390  16510  3   0  2  16508
391  16262  3   0  0  16262
392  16458  3   0  3  16455
393  16512  3   0  0  16512
394  8116  2   0  8116
395  15002  2   0  15002
396  16512  2   0  16512
397  16503  4   0  4  0  16499
398  16260  3   0  0  16260
399  8310  2   0  8310
400  16497  4   1  0  0  16496
401  16462  2   0  16462
402  15136  2   0  15136
403  16512  2   0  16512
404  7862  2   0  7862
405  16512  2   6406  10106
406  16512  2   166  16346
407  8368  3   0  0  8368
408  15082  3   6  3  15073
409  7722  2   0  7722
410  16512  2   14  16498
411  16512  2   6  16506
412  15692  2   0  15692
413  16143  3   1  0  16142
414  16498  2   4  16494
415  16509  5   0  0  0  0  16509
416  16459  3   0  0  16459
417  16440  2   164  16276
418  16476  2   17  16459
419  16512  3   0  0  16512
420  16431  3   1  0  16430
421  16512  3   2  0  16510
422  16510  3   2  0  16508
423  16510  2   31  16479
424  16382  3   0  0  16382
425  16512  2   1  16511
426  16512  2   0  16512
427  15346  2   0  15346
428  16484  4   0  0  0  16484
429  16262  2   0  16262
430  16260  2   0  16260
431  15702  2   0  15702
432  16504  3   0  0  16504
433  16298  2   0  16298
434  6934  2   0  6934
435  16506  2   0  16506
436  16512  2   0  16512
437  16512  2   0  16512
438  16484  2   0  16484
439  16262  3   0  0  16262
440  16264  2   3  16261
441  8578  3   0  250  8328
442  16495  3   0  0  16495
443  16512  2   0  16512
444  16420  3   0  1  16419
445  16512  3   0  0  16512
446  16140  2   112  16028
447  16512  2   0  16512
448  11562  5   0  3  0  0  11559
449  16502  2   1  16501
450  15760  2   0  15760
451  16502  2   0  16502
452  16447  4   0  2  1  16444
453  16498  2   0  16498
454  16508  2   0  16508
455  16512  3   0  0  16512
456  16512  2   5979  10533
457  16334  3   0  0  16334
458  16264  2   0  16264
459  16418  2   0  16418
460  16508  2   0  16508
461  16512  3   0  0  16512
462  11871  3   1  0  11870
463  16284  2   0  16284
464  16512  3   0  0  16512
465  16512  2   2  16510

