[loci]=123

[populations]=7

[pop]=1
1  10402  2   0  10402
2  10371  3   0  1  10370
3  10406  2   2  10404
4  10404  2   4  10400
5  10390  2   0  10390
6  9796  2   0  9796
7  10372  2   0  10372
8  10404  3   0  1  10403
9  10404  3   0  0  10404
10  10389  3   0  0  10389
11  9798  2   0  9798
12  10380  3   0  0  10380
13  9754  2   0  9754
14  10286  2   0  10286
15  10375  3   0  469  9906
16  10404  2   0  10404
17  10406  2   0  10406
18  10242  2   19  10223
19  10130  2   48  10082
20  10406  2   0  10406
21  10406  3   0  0  10406
22  10406  2   1  10405
23  10392  3   0  52  10340
24  10376  2   0  10376
25  10327  3   0  0  10327
26  10054  2   0  10054
27  10374  2   0  10374
28  10328  2   0  10328
29  10396  2   0  10396
30  9924  2   0  9924
31  9718  2   1  9717
32  10334  3   0  1  10333
33  10406  2   1  10405
34  10373  3   0  0  10373
35  10394  2   0  10394
36  10394  3   0  0  10394
37  10390  2   0  10390
38  10368  2   0  10368
39  9826  2   0  9826
40  8296  2   0  8296
41  10340  2   0  10340
42  10396  2   0  10396
43  10374  3   0  0  10374
44  10406  2   0  10406
45  10394  2   0  10394
46  9838  2   167  9671
47  9688  2   0  9688
48  10395  3   1  1  10393
49  9680  2   0  9680
50  10396  2   3  10393
51  10394  2   0  10394
52  6006  2   0  6006
53  10370  2   0  10370
54  10394  2   0  10394
55  10344  3   0  1  10343
56  10396  2   0  10396
57  10380  2   0  10380
58  748  2   1  747
59  10396  2   0  10396
60  9734  3   0  0  9734
61  10404  2   0  10404
62  10406  2   47  10359
63  9748  3   2  0  9746
64  10378  3   0  0  10378
65  894  2   152  742
66  9668  3   0  3465  6203
67  10349  3   0  1  10348
68  10362  2   0  10362
69  10406  2   0  10406
70  10406  2   0  10406
71  9752  2   2  9750
72  772  6   0  11  0  0  5  756
73  10406  3   0  0  10406
74  10398  4   1  1  0  10396
75  10383  3   0  0  10383
76  10404  4   0  0  0  10404
77  3214  2   2  3212
78  10332  2   0  10332
79  10360  3   0  0  10360
80  10406  2   0  10406
81  10384  2   0  10384
82  10406  2   0  10406
83  10386  4   0  1  1  10384
84  10400  4   0  0  1  10399
85  10406  3   0  0  10406
86  10406  2   0  10406
87  10406  2   0  10406
88  10365  3   0  1  10364
89  10368  2   45  10323
90  10404  3   0  0  10404
91  10406  3   0  0  10406
92  2902  2   0  2902
93  635  3   0  0  635
94  10363  4   0  0  0  10363
95  10404  2   0  10404
96  10364  2   0  10364
97  10350  3   0  0  10350
98  10353  3   1  0  10352
99  10365  3   3  1  10361
100  2722  2   1  2721
101  10396  3   0  0  10396
102  9904  2   2  9902
103  9606  2   0  9606
104  10406  4   5  0  1  10400
105  10350  2   0  10350
106  10373  3   0  1  10372
107  10406  3   0  2  10404
108  10403  3   0  1  10402
109  10406  4   0  0  1  10405
110  10286  2   0  10286
111  9986  2   0  9986
112  9767  3   0  0  9767
113  10362  2   0  10362
114  10270  2   381  9889
115  2560  2   1  2559
116  9764  2   4  9760
117  10362  2   0  10362
118  10376  2   0  10376
119  10392  2   8  10384
120  10388  2   828  9560
121  10406  3   0  0  10406
122  10392  2   0  10392
123  9770  2   10  9760

[pop]=2
1  11566  2   0  11566
2  11564  3   3  0  11561
3  11576  2   0  11576
4  11576  2   0  11576
5  11560  2   0  11560
6  11576  2   0  11576
7  11562  2   0  11562
8  11576  3   0  0  11576
9  11576  3   0  5  11571
10  11560  3   0  0  11560
11  11576  2   0  11576
12  11578  3   0  0  11578
13  11530  2   1  11529
14  11532  2   0  11532
15  11511  3   0  324  11187
16  11552  2   0  11552
17  11576  2   0  11576
18  11510  2   913  10597
19  11434  2   0  11434
20  11552  2   7  11545
21  11578  3   0  2  11576
22  11576  2   0  11576
23  11560  3   0  15  11545
24  11576  2   0  11576
25  11540  3   0  0  11540
26  11338  2   0  11338
27  11564  2   0  11564
28  11542  2   0  11542
29  11544  2   3  11541
30  11422  2   0  11422
31  11504  2   0  11504
32  11523  3   0  0  11523
33  11558  2   0  11558
34  11514  3   0  0  11514
35  11542  2   0  11542
36  11560  3   1  0  11559
37  11570  2   1  11569
38  11572  2   0  11572
39  11406  2   2  11404
40  9099  2   0  9099
41  11528  2   6  11522
42  11548  2   0  11548
43  11568  3   0  0  11568
44  11578  2   0  11578
45  11560  2   0  11560
46  11562  2   15  11547
47  11492  2   1  11491
48  11562  3   0  0  11562
49  11492  2   2  11490
50  11532  2   0  11532
51  11562  2   0  11562
52  6212  2   0  6212
53  11524  2   0  11524
54  11574  2   1  11573
55  11529  3   0  0  11529
56  11540  2   0  11540
57  11574  2   0  11574
58  1512  2   1  1511
59  11576  2   2  11574
60  11558  3   0  0  11558
61  11578  2   3  11575
62  11554  2   0  11554
63  11558  3   1  1  11556
64  11576  3   0  0  11576
65  1524  2   60  1464
66  11478  3   0  2954  8524
67  11526  3   0  0  11526
68  11524  2   0  11524
69  11578  2   0  11578
70  11578  2   0  11578
71  11558  2   1  11557
72  1434  6   0  0  0  3  0  1431
73  11566  3   0  0  11566
74  11536  4   0  0  0  11536
75  11578  3   0  0  11578
76  11578  4   1  0  0  11577
77  1078  2   0  1078
78  11534  2   2  11532
79  11525  3   0  0  11525
80  11554  2   1  11553
81  11578  2   0  11578
82  11578  2   0  11578
83  11575  4   0  0  0  11575
84  11564  4   0  1  0  11563
85  11566  3   0  0  11566
86  11554  2   0  11554
87  11578  2   0  11578
88  11534  3   0  0  11534
89  11540  2   5  11535
90  11578  3   0  0  11578
91  11578  3   0  1  11577
92  730  2   0  730
93  972  3   0  0  972
94  11528  4   0  1  0  11527
95  11578  2   0  11578
96  11530  2   0  11530
97  11562  3   0  0  11562
98  11531  3   0  0  11531
99  11529  3   0  1  11528
100  542  2   0  542
101  11578  3   0  0  11578
102  11576  2   0  11576
103  11468  2   1  11467
104  11550  4   0  0  0  11550
105  11532  2   0  11532
106  11537  3   0  3  11534
107  11561  3   0  8  11553
108  11578  3   0  0  11578
109  11577  4   0  0  0  11577
110  11576  2   0  11576
111  11578  2   0  11578
112  11564  3   0  0  11564
113  11520  2   0  11520
114  11546  2   23  11523
115  406  2   0  406
116  11566  2   0  11566
117  11520  2   0  11520
118  11538  2   0  11538
119  11522  2   0  11522
120  11574  2   57  11517
121  11578  3   0  0  11578
122  11570  2   0  11570
123  11568  2   1  11567

[pop]=3
1  8654  2   0  8654
2  8640  3   0  0  8640
3  8654  2   0  8654
4  8652  2   0  8652
5  8654  2   0  8654
6  8620  2   0  8620
7  8642  2   0  8642
8  8654  3   0  0  8654
9  8652  3   0  0  8652
10  8654  3   0  0  8654
11  8622  2   0  8622
12  8654  3   0  0  8654
13  8612  2   0  8612
14  8642  2   6  8636
15  8646  3   0  107  8539
16  8654  2   0  8654
17  8654  2   0  8654
18  8610  2   0  8610
19  8616  2   0  8616
20  8654  2   0  8654
21  8654  3   0  0  8654
22  8654  2   0  8654
23  8652  3   0  0  8652
24  8654  2   0  8654
25  8650  3   0  0  8650
26  8606  2   9  8597
27  8644  2   0  8644
28  8650  2   0  8650
29  8654  2   0  8654
30  8424  2   0  8424
31  8584  2   0  8584
32  8644  3   0  0  8644
33  8654  2   0  8654
34  8648  3   0  0  8648
35  8654  2   0  8654
36  8652  3   0  0  8652
37  8650  2   0  8650
38  8654  2   0  8654
39  8394  2   0  8394
40  6547  2   0  6547
41  8646  2   0  8646
42  8654  2   0  8654
43  8644  3   0  0  8644
44  8654  2   0  8654
45  8652  2   0  8652
46  8624  2   0  8624
47  8568  2   0  8568
48  8652  3   0  0  8652
49  8558  2   0  8558
50  8654  2   0  8654
51  8652  2   0  8652
52  4027  2   0  4027
53  8648  2   0  8648
54  8652  2   0  8652
55  8648  3   0  0  8648
56  8654  2   0  8654
57  8648  2   0  8648
58  992  2   0  992
59  8652  2   0  8652
60  8618  3   0  3  8615
61  8654  2   0  8654
62  8654  2   0  8654
63  8620  3   0  0  8620
64  8654  3   0  0  8654
65  1042  2   55  987
66  8518  3   0  1822  6696
67  8649  3   0  0  8649
68  8648  2   0  8648
69  8654  2   0  8654
70  8654  2   0  8654
71  8620  2   0  8620
72  999  6   0  0  0  0  1  998
73  8653  3   3  0  8650
74  8653  4   0  0  1  8652
75  8648  3   0  0  8648
76  8654  4   0  0  0  8654
77  1460  2   0  1460
78  8632  2   0  8632
79  8650  3   3  0  8647
80  8652  2   0  8652
81  8648  2   1  8647
82  8654  2   0  8654
83  8654  4   0  0  0  8654
84  8652  4   0  0  0  8652
85  8654  3   0  0  8654
86  8654  2   0  8654
87  8654  2   0  8654
88  8649  3   0  0  8649
89  8650  2   0  8650
90  8654  3   1  0  8653
91  8654  3   0  0  8654
92  1026  2   0  1026
93  740  3   1  0  739
94  8649  4   0  0  0  8649
95  8654  2   0  8654
96  8650  2   0  8650
97  8650  3   0  0  8650
98  8648  3   0  0  8648
99  8650  3   0  0  8650
100  772  2   0  772
101  8654  3   3  0  8651
102  8644  2   0  8644
103  8492  2   15  8477
104  8654  4   0  0  0  8654
105  8648  2   0  8648
106  8650  3   0  0  8650
107  8654  3   2  1  8651
108  8654  3   0  0  8654
109  8654  4   0  0  0  8654
110  8654  2   0  8654
111  8648  2   1  8647
112  8624  3   0  0  8624
113  8650  2   0  8650
114  8644  2   0  8644
115  580  2   0  580
116  8624  2   0  8624
117  8650  2   28  8622
118  8650  2   0  8650
119  8652  2   0  8652
120  8650  2   552  8098
121  8654  3   0  0  8654
122  8652  2   6  8646
123  8624  2   11  8613

[pop]=4
1  6614  2   0  6614
2  6614  3   0  0  6614
3  6614  2   0  6614
4  6614  2   0  6614
5  6612  2   0  6612
6  6612  2   0  6612
7  6614  2   0  6614
8  6614  3   0  0  6614
9  6614  3   0  0  6614
10  6612  3   0  2  6610
11  6612  2   0  6612
12  6614  3   0  0  6614
13  6614  2   0  6614
14  6612  2   0  6612
15  6606  3   0  136  6470
16  6614  2   0  6614
17  6614  2   0  6614
18  6612  2   0  6612
19  6590  2   0  6590
20  6614  2   0  6614
21  6614  3   0  0  6614
22  6614  2   0  6614
23  6612  3   0  0  6612
24  6614  2   0  6614
25  6612  3   0  0  6612
26  6582  2   0  6582
27  6614  2   0  6614
28  6612  2   0  6612
29  6612  2   0  6612
30  6584  2   0  6584
31  6614  2   0  6614
32  6612  3   0  0  6612
33  6614  2   0  6614
34  6607  3   0  0  6607
35  6610  2   0  6610
36  6614  3   0  0  6614
37  6614  2   0  6614
38  6614  2   0  6614
39  6578  2   0  6578
40  4222  2   0  4222
41  6612  2   0  6612
42  6610  2   0  6610
43  6614  3   0  0  6614
44  6614  2   0  6614
45  6614  2   0  6614
46  6594  2   0  6594
47  6614  2   0  6614
48  6614  3   0  0  6614
49  6614  2   0  6614
50  6610  2   0  6610
51  6614  2   0  6614
52  2223  2   0  2223
53  6608  2   0  6608
54  6614  2   0  6614
55  6612  3   0  0  6612
56  6610  2   0  6610
57  6614  2   0  6614
58  290  2   1  289
59  6612  2   0  6612
60  6614  3   0  0  6614
61  6614  2   0  6614
62  6612  2   0  6612
63  6614  3   0  0  6614
64  6614  3   0  0  6614
65  268  2   4  264
66  6614  3   0  499  6115
67  6610  3   0  0  6610
68  6608  2   0  6608
69  6614  2   0  6614
70  6614  2   5  6609
71  6614  2   0  6614
72  262  6   0  0  0  0  0  262
73  6614  3   0  0  6614
74  6612  4   0  0  0  6612
75  6614  3   1  0  6613
76  6614  4   0  0  0  6614
77  430  2   4  426
78  6596  2   0  6596
79  6612  3   0  0  6612
80  6612  2   0  6612
81  6614  2   0  6614
82  6614  2   1  6613
83  6613  4   0  0  0  6613
84  6614  4   0  0  0  6614
85  6614  3   0  0  6614
86  6612  2   0  6612
87  6614  2   0  6614
88  6611  3   0  0  6611
89  6608  2   0  6608
90  6614  3   0  0  6614
91  6614  3   0  0  6614
92  286  2   0  286
93  167  3   0  0  167
94  6612  4   0  0  0  6612
95  6614  2   0  6614
96  6612  2   0  6612
97  6614  3   0  0  6614
98  6612  3   0  0  6612
99  6612  3   0  0  6612
100  180  2   0  180
101  6614  3   0  0  6614
102  6608  2   0  6608
103  6614  2   0  6614
104  6612  4   0  0  0  6612
105  6612  2   3  6609
106  6611  3   0  0  6611
107  6612  3   0  0  6612
108  6614  3   0  0  6614
109  6614  4   0  0  0  6614
110  6614  2   0  6614
111  6610  2   0  6610
112  6614  3   0  0  6614
113  6608  2   0  6608
114  6614  2   0  6614
115  120  2   0  120
116  6614  2   0  6614
117  6610  2   0  6610
118  6610  2   0  6610
119  6612  2   0  6612
120  6614  2   0  6614
121  6614  3   0  0  6614
122  6614  2   0  6614
123  6614  2   0  6614

[pop]=5
1  66738  2   0  66738
2  66603  3   2  0  66601
3  66734  2   0  66734
4  66732  2   0  66732
5  66724  2   2  66722
6  66650  2   0  66650
7  66604  2   0  66604
8  66734  3   1  0  66733
9  66734  3   1  0  66733
10  66724  3   1  1  66722
11  66652  2   2  66650
12  66532  3   1  2  66529
13  65522  2   2  65520
14  66626  2   0  66626
15  66674  3   15  3938  62721
16  66732  2   1  66731
17  66730  2   0  66730
18  65132  2   7  65125
19  66144  2   0  66144
20  66732  2   0  66732
21  66739  3   1  0  66738
22  66730  2   3  66727
23  66724  3   1  18  66705
24  66524  2   2  66522
25  66697  3   1  0  66696
26  65856  2   0  65856
27  66620  2   2  66618
28  66696  2   0  66696
29  66724  2   0  66724
30  63668  2   0  63668
31  64978  2   1  64977
32  66653  3   0  0  66653
33  66736  2   10  66726
34  66685  3   0  0  66685
35  66724  2   2  66722
36  66725  3   0  1  66724
37  66702  2   5  66697
38  66472  2   2  66470
39  63232  2   0  63232
40  46840  2   5  46835
41  66660  2   0  66660
42  66726  2   0  66726
43  66626  3   0  0  66626
44  66730  2   2  66728
45  66724  2   2  66722
46  66366  2   6  66360
47  64620  2   2  64618
48  66728  3   0  0  66728
49  64592  2   0  64592
50  66720  2   0  66720
51  66728  2   2  66726
52  29622  2   2  29620
53  66686  2   3  66683
54  66646  2   1  66645
55  66681  3   1  1  66679
56  66716  2   0  66716
57  66630  2   2  66628
58  6740  2   1  6739
59  66648  2   0  66648
60  66450  3   0  0  66450
61  66738  2   2  66736
62  66736  2   0  66736
63  66502  3   0  0  66502
64  66728  3   0  2  66726
65  6958  2   283  6675
66  64414  3   1  6793  57620
67  66683  3   0  0  66683
68  66678  2   0  66678
69  66740  2   2  66738
70  66720  2   0  66720
71  66518  2   22  66496
72  6592  6   0  4  0  0  0  6588
73  66735  3   0  0  66735
74  66721  4   0  0  0  66721
75  66626  3   1  3  66622
76  66735  4   0  1  1  66733
77  13812  2   93  13719
78  66572  2   0  66572
79  66684  3   2  1  66681
80  66734  2   1  66733
81  66626  2   0  66626
82  66740  2   1  66739
83  66562  4   1  0  0  66561
84  66731  4   47  0  0  66684
85  66736  3   1  0  66735
86  66732  2   0  66732
87  66706  2   0  66706
88  66685  3   2  0  66683
89  66700  2   0  66700
90  66738  3   0  1  66737
91  66690  3   1  0  66689
92  10690  2   2  10688
93  5159  3   1  0  5158
94  66681  4   0  0  1  66680
95  66738  2   2  66736
96  66684  2   2  66682
97  66276  3   2  0  66274
98  66682  3   0  1  66681
99  66682  3   0  8  66674
100  8992  2   1  8991
101  66670  3   0  0  66670
102  66572  2   0  66572
103  64008  2   0  64008
104  66732  4   0  0  0  66732
105  66676  2   5  66671
106  66710  3   0  1  66709
107  66732  3   1  4  66727
108  66738  3   0  0  66738
109  66740  4   1  1  2  66736
110  66682  2   5  66677
111  66724  2   2  66722
112  66615  3   0  10  66605
113  66684  2   2  66682
114  65670  2   6  65664
115  7658  2   0  7658
116  66632  2   0  66632
117  66684  2   0  66684
118  66714  2   1  66713
119  66718  2   2  66716
120  66510  2   16  66494
121  66740  3   1  0  66739
122  66734  2   0  66734
123  66638  2   1  66637

[pop]=6
1  908  2   0  908
2  906  3   0  0  906
3  908  2   0  908
4  908  2   0  908
5  908  2   0  908
6  900  2   1  899
7  906  2   0  906
8  908  3   0  0  908
9  908  3   0  0  908
10  908  3   0  0  908
11  898  2   0  898
12  908  3   0  0  908
13  858  2   0  858
14  906  2   0  906
15  908  3   0  50  858
16  908  2   0  908
17  908  2   0  908
18  842  2   3  839
19  894  2   0  894
20  908  2   0  908
21  908  3   0  0  908
22  908  2   0  908
23  908  3   0  0  908
24  908  2   0  908
25  908  3   0  0  908
26  880  2   0  880
27  906  2   0  906
28  908  2   0  908
29  908  2   0  908
30  808  2   0  808
31  834  2   0  834
32  908  3   0  0  908
33  908  2   0  908
34  908  3   1  1  906
35  906  2   0  906
36  908  3   0  0  908
37  908  2   1  907
38  908  2   0  908
39  802  2   0  802
40  599  2   0  599
41  908  2   0  908
42  908  2   0  908
43  906  3   0  0  906
44  908  2   0  908
45  908  2   0  908
46  904  2   0  904
47  814  2   0  814
48  908  3   0  0  908
49  812  2   0  812
50  908  2   0  908
51  908  2   1  907
52  376  2   0  376
53  908  2   0  908
54  906  2   0  906
55  906  3   0  0  906
56  908  2   0  908
57  906  2   0  906
58  94  2   0  94
59  908  2   0  908
60  896  3   0  0  896
61  908  2   0  908
62  908  2   0  908
63  896  3   0  0  896
64  906  3   0  0  906
65  94  2   0  94
66  804  3   0  130  674
67  906  3   0  0  906
68  908  2   0  908
69  908  2   0  908
70  908  2   0  908
71  896  2   0  896
72  90  6   0  0  0  0  0  90
73  908  3   0  0  908
74  908  4   0  0  0  908
75  906  3   0  0  906
76  908  4   0  0  0  908
77  244  2   0  244
78  904  2   0  904
79  906  3   0  0  906
80  908  2   0  908
81  906  2   0  906
82  908  2   0  908
83  903  4   0  0  0  903
84  908  4   0  0  0  908
85  908  3   0  0  908
86  908  2   0  908
87  908  2   0  908
88  906  3   0  0  906
89  908  2   1  907
90  908  3   0  0  908
91  908  3   0  0  908
92  196  2   0  196
93  71  3   0  0  71
94  906  4   0  0  0  906
95  908  2   0  908
96  906  2   0  906
97  898  3   0  0  898
98  908  3   0  0  908
99  906  3   0  0  906
100  188  2   0  188
101  908  3   0  0  908
102  904  2   0  904
103  782  2   0  782
104  908  4   0  0  0  908
105  908  2   0  908
106  908  3   0  0  908
107  908  3   0  0  908
108  908  3   0  0  908
109  908  4   0  0  0  908
110  906  2   0  906
111  906  2   0  906
112  900  3   0  0  900
113  906  2   0  906
114  878  2   1  877
115  174  2   0  174
116  900  2   0  900
117  906  2   0  906
118  908  2   0  908
119  908  2   0  908
120  904  2   7  897
121  908  3   0  0  908
122  908  2   0  908
123  900  2   0  900

[pop]=7
1  16512  2   6  16506
2  16488  3   0  1  16487
3  16510  2   0  16510
4  16512  2   0  16512
5  16508  2   0  16508
6  16480  2   1  16479
7  16490  2   2  16488
8  16512  3   0  0  16512
9  16512  3   2  0  16510
10  16508  3   0  0  16508
11  16476  2   1  16475
12  16512  3   0  0  16512
13  12908  2   0  12908
14  16494  2   0  16494
15  16510  3   0  2366  14144
16  16512  2   3  16509
17  16508  2   3  16505
18  11900  2   0  11900
19  16126  2   0  16126
20  16512  2   0  16512
21  16510  3   0  0  16510
22  16508  2   0  16508
23  16508  3   0  0  16508
24  16512  2   0  16512
25  16504  3   0  1  16503
26  15756  2   0  15756
27  16490  2   0  16490
28  16506  2   3  16503
29  16512  2   0  16512
30  10538  2   6  10532
31  11448  2   0  11448
32  16500  3   1  0  16499
33  16512  2   0  16512
34  16512  3   0  0  16512
35  16512  2   0  16512
36  16511  3   0  0  16511
37  16500  2   1  16499
38  16512  2   0  16512
39  9860  2   0  9860
40  9467  2   0  9467
41  16500  2   0  16500
42  16512  2   98  16414
43  16490  3   1  2  16487
44  16512  2   0  16512
45  16512  2   0  16512
46  16504  2   3  16501
47  10592  2   5  10587
48  16512  3   0  0  16512
49  10462  2   0  10462
50  16512  2   0  16512
51  16512  2   0  16512
52  6441  2   0  6441
53  16510  2   0  16510
54  16512  2   0  16512
55  16505  3   0  0  16505
56  16512  2   2  16510
57  16494  2   0  16494
58  3530  2   0  3530
59  16468  2   0  16468
60  16396  3   1  0  16395
61  16510  2   0  16510
62  16512  2   0  16512
63  16458  3   0  11  16447
64  16512  3   1  0  16511
65  3556  2   62  3494
66  10088  3   0  3371  6717
67  16505  3   1  0  16504
68  16512  2   2  16510
69  16512  2   0  16512
70  16512  2   0  16512
71  16464  2   0  16464
72  3457  6   1  0  0  0  0  3456
73  16510  3   0  1  16509
74  16512  4   0  0  0  16512
75  16500  3   0  0  16500
76  16510  4   0  0  0  16510
77  8428  2   1  8427
78  16496  2   0  16496
79  16506  3   0  0  16506
80  16512  2   0  16512
81  16502  2   1  16501
82  16512  2   0  16512
83  16344  4   0  0  0  16344
84  16512  4   0  0  0  16512
85  16510  3   0  1  16509
86  16512  2   5  16507
87  16512  2   4  16508
88  16506  3   0  0  16506
89  16510  2   0  16510
90  16512  3   0  0  16512
91  16512  3   0  0  16512
92  8170  2   0  8170
93  3341  3   0  18  3323
94  16506  4   1  0  3  16502
95  16512  2   0  16512
96  16506  2   0  16506
97  15816  3   0  5  15811
98  16502  3   0  0  16502
99  16505  3   0  5  16500
100  8008  2   0  8008
101  16512  3   0  1  16511
102  16510  2   0  16510
103  9028  2   1  9027
104  16512  4   0  1  0  16511
105  16500  2   0  16500
106  16511  3   6  1  16504
107  16510  3   0  0  16510
108  16512  3   1  0  16511
109  16512  4   0  0  1  16511
110  16512  2   12  16500
111  16510  2   0  16510
112  16505  3   1  0  16504
113  16506  2   0  16506
114  14536  2   0  14536
115  7808  2   1  7807
116  16506  2   0  16506
117  16506  2   0  16506
118  16508  2   2  16506
119  16512  2   0  16512
120  16206  2   373  15833
121  16512  3   0  1  16511
122  16510  2   0  16510
123  16504  2   1  16503

