[loci]=143

[populations]=7

[pop]=1
1  10392  2   0  10392
2  10212  3   0  0  10212
3  10384  2   0  10384
4  10392  3   0  0  10392
5  10048  2   1  10047
6  10243  3   0  1  10242
7  10240  3   0  0  10240
8  10304  2   1  10303
9  10188  3   0  1  10187
10  5538  2   0  5538
11  10312  2   4  10308
12  10230  2   0  10230
13  10392  2   0  10392
14  10224  3   0  0  10224
15  6130  2   1  6129
16  5676  2   28  5648
17  10380  3   1  0  10379
18  10080  2   3  10077
19  5672  2   0  5672
20  10184  3   0  0  10184
21  5736  2   0  5736
22  10217  3   0  0  10217
23  10396  3   0  0  10396
24  10026  2   90  9936
25  10394  2   10  10384
26  10121  3   0  0  10121
27  5808  2   1  5807
28  10020  2   2  10018
29  10102  4   0  0  1  10101
30  5840  2   1  5839
31  9940  3   0  0  9940
32  5864  2   0  5864
33  10386  5   1  4  0  0  10381
34  9916  2   0  9916
35  10030  2   0  10030
36  4084  2   0  4084
37  10402  2   45  10357
38  10012  2   2  10010
39  10348  2   4  10344
40  10244  2   16  10228
41  10382  2   0  10382
42  3974  2   0  3974
43  10226  3   1  0  10225
44  9625  3   0  0  9625
45  10040  2   0  10040
46  3868  3   0  0  3868
47  10191  3   0  0  10191
48  10376  2   0  10376
49  9774  3   0  0  9774
50  5886  2   667  5219
51  10331  3   0  0  10331
52  3716  2   0  3716
53  5654  5   0  0  0  0  5654
54  10156  2   2  10154
55  10402  3   0  1  10401
56  9340  3   0  0  9340
57  5575  3   0  67  5508
58  10124  3   0  1  10123
59  10144  2   0  10144
60  9990  2   0  9990
61  10375  3   0  0  10375
62  10144  3   0  3  10141
63  10178  3   0  0  10178
64  10376  3   0  0  10376
65  10404  2   0  10404
66  10378  2   4  10374
67  10400  2   0  10400
68  10356  2   0  10356
69  4764  2   574  4190
70  10374  2   0  10374
71  10217  3   0  0  10217
72  10400  2   0  10400
73  4270  3   0  671  3599
74  10402  3   0  0  10402
75  10404  3   0  0  10404
76  10402  3   0  258  10144
77  10296  3   0  0  10296
78  10230  2   0  10230
79  10404  2   2  10402
80  10404  2   0  10404
81  10404  2   0  10404
82  10146  2   0  10146
83  10238  2   2  10236
84  10404  4   1  0  0  10403
85  10372  3   0  0  10372
86  10148  2   2  10146
87  10404  2   0  10404
88  10400  3   0  0  10400
89  10262  3   7  0  10255
90  10224  2   0  10224
91  1922  3   0  0  1922
92  10184  2   0  10184
93  10262  3   0  0  10262
94  10404  2   0  10404
95  10391  3   0  1  10390
96  1768  3   12  0  1756
97  10382  3   1  78  10303
98  10398  2   0  10398
99  10378  4   0  0  0  10378
100  10406  3   0  0  10406
101  10404  2   0  10404
102  10372  2   0  10372
103  10396  2   0  10396
104  1166  2   5  1161
105  1486  2   1  1485
106  10370  2   1  10369
107  10232  2   0  10232
108  10368  3   0  0  10368
109  10406  2   0  10406
110  5798  2   1  5797
111  1397  4   0  0  0  1397
112  10402  2   0  10402
113  10360  2   1  10359
114  10224  2   0  10224
115  10402  3   0  0  10402
116  10360  3   0  0  10360
117  10022  2   0  10022
118  9113  3   0  0  9113
119  9706  3   0  0  9706
120  8898  2   0  8898
121  1248  2   0  1248
122  10216  2   1552  8664
123  9908  3   0  0  9908
124  8912  2   2  8910
125  10404  3   0  0  10404
126  10168  3   0  0  10168
127  9070  2   0  9070
128  1211  4   0  0  0  1211
129  9858  2   0  9858
130  7048  3   0  0  7048
131  1176  2   0  1176
132  9312  2   0  9312
133  9831  4   0  4  0  9827
134  1366  2   216  1150
135  9438  2   0  9438
136  7296  2   0  7296
137  10352  2   0  10352
138  9608  2   0  9608
139  10280  2   0  10280
140  1218  4   0  5  0  1213
141  9668  3   0  0  9668
142  10231  3   0  0  10231
143  1222  2   1  1221

[pop]=2
1  11542  2   0  11542
2  11413  3   2  0  11411
3  11550  2   0  11550
4  11546  3   1  0  11545
5  11560  2   0  11560
6  11437  3   0  1  11436
7  11437  3   0  0  11437
8  11510  2   0  11510
9  11390  3   0  0  11390
10  7854  2   0  7854
11  11512  2   1  11511
12  11438  2   0  11438
13  11550  2   0  11550
14  11434  3   0  0  11434
15  7538  2   0  7538
16  8132  2   2  8130
17  11564  3   0  0  11564
18  11560  2   0  11560
19  8146  2   0  8146
20  11423  3   0  1  11422
21  6904  2   1  6903
22  11448  3   0  0  11448
23  11558  3   0  0  11558
24  11302  2   2  11300
25  11554  2   3  11551
26  11388  3   0  0  11388
27  8406  2   2  8404
28  11302  2   0  11302
29  11369  4   0  0  0  11369
30  8442  2   0  8442
31  11260  3   0  1  11259
32  8414  2   0  8414
33  11546  5   0  15  0  0  11531
34  11246  2   0  11246
35  11342  2   3  11339
36  4174  2   0  4174
37  11558  2   1  11557
38  11330  2   0  11330
39  11558  2   0  11558
40  11486  2   48  11438
41  11552  2   0  11552
42  3998  2   0  3998
43  11453  3   0  0  11453
44  10957  3   0  0  10957
45  11558  2   11  11547
46  3714  3   0  0  3714
47  11453  3   0  17  11436
48  11542  2   0  11542
49  11090  3   0  0  11090
50  7736  2   71  7665
51  11553  3   2  0  11551
52  3412  2   19  3393
53  7509  5   1  0  0  0  7508
54  11442  2   0  11442
55  11556  3   8  0  11548
56  10641  3   0  0  10641
57  7303  3   0  4  7299
58  11421  3   0  0  11421
59  11430  2   0  11430
60  11548  2   0  11548
61  11556  3   0  3  11553
62  11426  3   0  0  11426
63  11438  3   0  0  11438
64  11536  3   0  0  11536
65  11576  2   0  11576
66  11554  2   0  11554
67  11578  2   1  11577
68  11518  2   2  11516
69  5522  2   116  5406
70  11552  2   0  11552
71  11459  3   0  0  11459
72  11578  2   0  11578
73  5243  3   0  89  5154
74  11558  3   0  1  11557
75  11552  3   0  0  11552
76  11557  3   0  365  11192
77  11494  3   0  0  11494
78  11466  2   1  11465
79  11552  2   0  11552
80  11556  2   0  11556
81  11550  2   0  11550
82  11442  2   0  11442
83  11474  2   1  11473
84  11556  4   0  0  0  11556
85  11556  3   0  0  11556
86  11442  2   0  11442
87  11548  2   1  11547
88  11578  3   4  0  11574
89  11490  3   0  0  11490
90  11444  2   0  11444
91  2397  3   8  0  2389
92  11460  2   0  11460
93  11496  3   0  0  11496
94  11548  2   0  11548
95  11578  3   0  0  11578
96  2094  3   1  0  2093
97  11578  3   0  4  11574
98  11574  2   0  11574
99  11578  4   0  0  0  11578
100  11578  3   0  1  11577
101  11546  2   0  11546
102  11574  2   0  11574
103  11562  2   0  11562
104  290  2   1  289
105  1640  2   0  1640
106  11574  2   0  11574
107  11502  2   0  11502
108  11572  3   0  0  11572
109  11578  2   0  11578
110  7120  2   0  7120
111  1473  4   0  0  0  1473
112  11536  2   0  11536
113  11570  2   0  11570
114  11496  2   0  11496
115  11528  3   3  1  11524
116  11569  3   0  0  11569
117  11288  2   1  11287
118  10386  3   0  0  10386
119  11509  3   0  0  11509
120  10526  2   0  10526
121  1204  2   0  1204
122  11430  2   2398  9032
123  11177  3   0  0  11177
124  10556  2   0  10556
125  11552  3   0  0  11552
126  11425  3   0  0  11425
127  10684  2   0  10684
128  1078  4   1  0  0  1077
129  11088  2   4  11084
130  8994  3   0  0  8994
131  960  2   0  960
132  11326  2   0  11326
133  11042  4   0  1  0  11041
134  980  2   21  959
135  11364  2   10  11354
136  9380  2   46  9334
137  11552  2   0  11552
138  11388  2   0  11388
139  11474  2   0  11474
140  915  4   0  0  2  913
141  11402  3   1  0  11401
142  11425  3   0  0  11425
143  910  2   3  907

[pop]=3
1  8642  2   0  8642
2  8620  3   0  0  8620
3  8648  2   2  8646
4  8645  3   216  6  8423
5  8646  2   0  8646
6  8624  3   0  0  8624
7  8626  3   0  0  8626
8  8638  2   0  8638
9  8608  3   0  0  8608
10  5632  2   2  5630
11  8642  2   0  8642
12  8612  2   0  8612
13  8650  2   0  8650
14  8612  3   0  2  8610
15  6250  2   0  6250
16  5810  2   0  5810
17  8644  3   0  0  8644
18  8646  2   0  8646
19  5838  2   0  5838
20  8602  3   1  0  8601
21  5776  2   0  5776
22  8614  3   0  0  8614
23  8650  3   0  0  8650
24  8532  2   1  8531
25  8654  2   0  8654
26  8571  3   0  0  8571
27  6078  2   2  6076
28  8532  2   0  8532
29  8558  4   0  0  1  8557
30  6064  2   0  6064
31  8496  3   0  0  8496
32  6092  2   0  6092
33  8648  5   0  1  0  0  8647
34  8482  2   0  8482
35  8532  2   0  8532
36  3962  2   0  3962
37  8652  2   0  8652
38  8518  2   0  8518
39  8640  2   0  8640
40  8628  2   0  8628
41  8654  2   0  8654
42  3754  2   0  3754
43  8622  3   0  1  8621
44  8285  3   2  0  8283
45  8644  2   1  8643
46  3508  3   0  0  3508
47  8606  3   0  0  8606
48  8648  2   0  8648
49  8375  3   0  0  8375
50  5616  2   0  5616
51  8639  3   0  0  8639
52  3302  2   0  3302
53  5474  5   0  1  0  0  5473
54  8602  2   0  8602
55  8654  3   1  0  8653
56  8035  3   0  0  8035
57  5335  3   0  2  5333
58  8618  3   1  0  8617
59  8598  2   0  8598
60  8646  2   0  8646
61  8642  3   0  0  8642
62  8616  3   3  1  8612
63  8598  3   0  0  8598
64  8648  3   0  1  8647
65  8652  2   0  8652
66  8642  2   0  8642
67  8650  2   0  8650
68  8634  2   0  8634
69  4064  2   0  4064
70  8640  2   3  8637
71  8606  3   0  0  8606
72  8650  2   0  8650
73  3879  3   0  17  3862
74  8654  3   0  0  8654
75  8650  3   0  0  8650
76  8651  3   0  263  8388
77  8612  3   0  0  8612
78  8604  2   1  8603
79  8650  2   0  8650
80  8652  2   0  8652
81  8652  2   0  8652
82  8622  2   0  8622
83  8598  2   1  8597
84  8654  4   0  0  1  8653
85  8640  3   0  1  8639
86  8622  2   0  8622
87  8652  2   0  8652
88  8640  3   0  0  8640
89  8600  3   0  0  8600
90  8566  2   0  8566
91  1591  3   0  2  1589
92  8622  2   0  8622
93  8600  3   0  0  8600
94  8650  2   0  8650
95  8639  3   0  0  8639
96  1396  3   0  0  1396
97  8634  3   0  0  8634
98  8650  2   0  8650
99  8628  4   2  0  0  8626
100  8654  3   0  0  8654
101  8650  2   0  8650
102  8626  2   2  8624
103  8650  2   1  8649
104  464  2   0  464
105  1102  2   4  1098
106  8620  2   0  8620
107  8586  2   0  8586
108  8622  3   0  0  8622
109  8654  2   0  8654
110  5288  2   0  5288
111  1004  4   1  0  0  1003
112  8646  2   0  8646
113  8622  2   0  8622
114  8578  2   0  8578
115  8646  3   0  0  8646
116  8622  3   0  0  8622
117  8408  2   0  8408
118  8043  3   1  0  8042
119  8588  3   0  0  8588
120  7914  2   0  7914
121  836  2   0  836
122  8596  2   1692  6904
123  8297  3   0  0  8297
124  7936  2   0  7936
125  8650  3   7  1  8642
126  8475  3   1  2  8472
127  8036  2   0  8036
128  803  4   0  1  0  802
129  8216  2   0  8216
130  6670  3   0  0  6670
131  750  2   0  750
132  8570  2   0  8570
133  8183  4   0  3  7  8173
134  758  2   0  758
135  8580  2   0  8580
136  6920  2   0  6920
137  8644  2   0  8644
138  8598  2   0  8598
139  8548  2   20  8528
140  742  4   0  0  0  742
141  8600  3   0  0  8600
142  8623  3   1  17  8605
143  740  2   0  740

[pop]=4
1  6600  2   0  6600
2  6372  3   0  0  6372
3  6614  2   0  6614
4  6606  3   0  0  6606
5  6596  2   0  6596
6  6426  3   0  0  6426
7  6432  3   0  1  6431
8  6580  2   0  6580
9  6350  3   0  0  6350
10  3864  2   0  3864
11  6578  2   0  6578
12  6438  2   0  6438
13  6614  2   0  6614
14  6438  3   0  0  6438
15  3112  2   0  3112
16  3970  2   0  3970
17  6614  3   0  0  6614
18  6598  2   0  6598
19  3962  2   0  3962
20  6430  3   0  0  6430
21  2798  2   0  2798
22  6528  3   8  0  6520
23  6614  3   0  0  6614
24  6216  2   0  6216
25  6610  2   0  6610
26  6383  3   0  0  6383
27  4012  2   0  4012
28  6218  2   0  6218
29  6360  4   0  0  0  6360
30  4034  2   0  4034
31  6173  3   0  0  6173
32  4002  2   1  4001
33  6608  5   0  1  0  0  6607
34  6162  2   1  6161
35  6318  2   0  6318
36  1572  2   0  1572
37  6612  2   0  6612
38  6304  2   0  6304
39  6612  2   0  6612
40  6554  2   121  6433
41  6608  2   0  6608
42  1538  2   0  1538
43  6545  3   0  0  6545
44  5955  3   0  0  5955
45  6588  2   0  6588
46  1395  3   0  0  1395
47  6519  3   0  0  6519
48  6606  2   0  6606
49  6146  3   0  0  6146
50  3650  2   85  3565
51  6583  3   0  0  6583
52  1280  2   0  1280
53  3549  5   0  0  0  0  3549
54  6502  2   0  6502
55  6614  3   0  0  6614
56  5741  3   0  0  5741
57  3449  3   0  0  3449
58  6505  3   0  0  6505
59  6494  2   0  6494
60  6576  2   0  6576
61  6614  3   0  0  6614
62  6488  3   0  0  6488
63  6502  3   0  0  6502
64  6598  3   0  0  6598
65  6614  2   0  6614
66  6614  2   0  6614
67  6614  2   0  6614
68  6588  2   0  6588
69  2646  2   84  2562
70  6614  2   0  6614
71  6519  3   0  0  6519
72  6614  2   0  6614
73  2514  3   0  14  2500
74  6612  3   0  0  6612
75  6610  3   0  0  6610
76  6611  3   0  316  6295
77  6566  3   0  0  6566
78  6534  2   0  6534
79  6610  2   0  6610
80  6614  2   0  6614
81  6610  2   0  6610
82  6506  2   0  6506
83  6540  2   0  6540
84  6614  4   0  0  0  6614
85  6614  3   0  0  6614
86  6502  2   0  6502
87  6610  2   0  6610
88  6614  3   0  0  6614
89  6558  3   0  0  6558
90  6514  2   1  6513
91  1179  3   0  0  1179
92  6520  2   0  6520
93  6562  3   0  0  6562
94  6608  2   0  6608
95  6614  3   0  0  6614
96  1040  3   0  0  1040
97  6614  3   0  0  6614
98  6614  2   0  6614
99  6614  4   0  0  0  6614
100  6614  3   0  0  6614
101  6602  2   0  6602
102  6612  2   0  6612
103  6612  2   3  6609
104  42  2   1  41
105  804  2   0  804
106  6576  2   1  6575
107  6562  2   0  6562
108  6612  3   0  0  6612
109  6614  2   0  6614
110  3030  2   0  3030
111  717  4   0  0  0  717
112  6592  2   0  6592
113  6612  2   0  6612
114  6556  2   0  6556
115  6589  3   0  0  6589
116  6612  3   0  0  6612
117  6398  2   0  6398
118  4930  3   0  0  4930
119  6607  3   0  0  6607
120  5470  2   0  5470
121  578  2   0  578
122  6554  2   1205  5349
123  6291  3   0  0  6291
124  5484  2   0  5484
125  6612  3   0  0  6612
126  6523  3   0  0  6523
127  5564  2   0  5564
128  514  4   0  0  0  514
129  6248  2   0  6248
130  4160  3   0  0  4160
131  476  2   0  476
132  6082  2   0  6082
133  6232  4   0  0  0  6232
134  510  2   21  489
135  6160  2   0  6160
136  4454  2   0  4454
137  6600  2   0  6600
138  6232  2   0  6232
139  6538  2   0  6538
140  463  4   0  0  0  463
141  6270  3   0  0  6270
142  6400  3   0  0  6400
143  468  2   0  468

[pop]=5
1  66640  2   1  66639
2  65700  3   0  0  65700
3  66664  2   0  66664
4  66669  3   0  0  66669
5  66468  2   1  66467
6  66097  3   1  11  66085
7  66094  3   2  0  66092
8  66132  2   4  66128
9  65615  3   1  0  65614
10  42694  2   0  42694
11  66138  2   1  66137
12  66040  2   1  66039
13  66692  2   0  66692
14  66042  3   0  2  66040
15  42664  2   3  42661
16  43878  2   0  43878
17  66523  3   0  0  66523
18  66514  2   0  66514
19  43986  2   10  43976
20  65892  3   0  0  65892
21  39476  2   1  39475
22  65524  3   4  1  65519
23  66706  3   1  0  66705
24  64928  2   6  64922
25  66656  2   54  66602
26  65610  3   2  1  65607
27  45092  2   2  45090
28  64890  2   0  64890
29  65483  4   0  1  0  65482
30  45138  2   2  45136
31  64592  3   1  3  64588
32  45096  2   1  45095
33  66650  5   0  61  1  1  66587
34  64516  2   1  64515
35  65260  2   0  65260
36  25892  2   4  25888
37  66712  2   1  66711
38  65112  2   2  65110
39  66382  2   0  66382
40  65978  2   691  65287
41  66624  2   0  66624
42  24748  2   5  24743
43  65880  3   0  1  65879
44  63052  3   3  1  63048
45  66462  2   6  66456
46  23312  3   8  3  23301
47  65446  3   1  3  65442
48  66626  2   0  66626
49  63934  3   4  1  63929
50  42490  2   1585  40905
51  66330  3   1  0  66329
52  21796  2   0  21796
53  41707  5   5  0  1  0  41701
54  65260  2   0  65260
55  66728  3   0  5  66723
56  61488  3   0  12  61476
57  40834  3   0  0  40834
58  65460  3   0  0  65460
59  65264  2   2  65262
60  66390  2   2  66388
61  66481  3   1  3  66477
62  65439  3   1  0  65438
63  65280  3   0  2  65278
64  66510  3   1  0  66509
65  66722  2   5  66717
66  66480  2   0  66480
67  66668  2   4  66664
68  66370  2   2  66368
69  32462  2   1754  30708
70  66472  2   0  66472
71  65444  3   1  1  65442
72  66660  2   3  66657
73  30271  3   4  667  29600
74  66734  3   1  5  66728
75  66713  3   1  1  66711
76  66731  3   1  4115  62615
77  66122  3   1  4  66117
78  65540  2   0  65540
79  66718  2   0  66718
80  66726  2   1  66725
81  66718  2   0  66718
82  65540  2   0  65540
83  65560  2   0  65560
84  66716  4   0  1  0  66715
85  66419  3   1  2  66416
86  65552  2   0  65552
87  66716  2   3  66713
88  66626  3   0  1  66625
89  65622  3   0  0  65622
90  65708  2   1  65707
91  15788  3   0  0  15788
92  65634  2   7  65627
93  65648  3   3  0  65645
94  66716  2   4  66712
95  66593  3   3  0  66590
96  14300  3   0  0  14300
97  66556  3   0  2  66554
98  66714  2   3  66711
99  66523  4   0  1  1  66521
100  66740  3   1  0  66739
101  66702  2   3  66699
102  66496  2   0  66496
103  66708  2   1  66707
104  4926  2   96  4830
105  12250  2   0  12250
106  66454  2   48  66406
107  65518  2   0  65518
108  66442  3   1  0  66441
109  66740  2   4  66736
110  44544  2   4  44540
111  11422  4   0  0  0  11422
112  66652  2   2  66650
113  66442  2   3  66439
114  65420  2   3  65417
115  66638  3   4  2  66632
116  66418  3   0  1  66417
117  64604  2   0  64604
118  59741  3   0  1  59740
119  64096  3   0  0  64096
120  59814  2   8  59806
121  10098  2   0  10098
122  65742  2   12646  53096
123  63838  3   0  0  63838
124  59902  2   5  59897
125  66594  3   0  0  66594
126  64617  3   0  1  64616
127  60518  2   4  60514
128  9648  4   0  0  4  9644
129  63348  2   0  63348
130  52096  3   1  1  52094
131  9316  2   3  9313
132  62288  2   0  62288
133  63184  4   1  0  1  63182
134  9740  2   556  9184
135  62714  2   30  62684
136  53702  2   2  53700
137  66346  2   1  66345
138  63310  2   0  63310
139  65228  2   0  65228
140  9232  4   1  0  0  9231
141  63577  3   0  4  63573
142  65992  3   0  0  65992
143  9246  2   1  9245

[pop]=6
1  908  2   0  908
2  875  3   0  0  875
3  908  2   0  908
4  907  3   3  0  904
5  904  2   0  904
6  890  3   0  0  890
7  891  3   0  0  891
8  898  2   0  898
9  872  3   0  0  872
10  570  2   0  570
11  898  2   0  898
12  890  2   0  890
13  908  2   0  908
14  890  3   0  0  890
15  584  2   0  584
16  578  2   0  578
17  904  3   0  0  904
18  904  2   0  904
19  578  2   0  578
20  890  3   0  0  890
21  540  2   0  540
22  888  3   0  0  888
23  908  3   0  0  908
24  862  2   0  862
25  904  2   0  904
26  883  3   0  0  883
27  600  2   0  600
28  860  2   0  860
29  882  4   0  0  0  882
30  600  2   0  600
31  850  3   0  0  850
32  606  2   0  606
33  906  5   0  0  0  0  906
34  848  2   0  848
35  882  2   0  882
36  384  2   0  384
37  908  2   0  908
38  880  2   0  880
39  904  2   0  904
40  894  2   11  883
41  904  2   0  904
42  372  2   0  372
43  893  3   0  0  893
44  832  3   0  0  832
45  904  2   0  904
46  350  3   0  0  350
47  886  3   0  0  886
48  904  2   0  904
49  863  3   0  0  863
50  566  2   17  549
51  900  3   0  0  900
52  320  2   0  320
53  561  5   0  0  0  0  561
54  878  2   0  878
55  908  3   0  0  908
56  810  3   0  0  810
57  550  3   0  0  550
58  888  3   0  0  888
59  876  2   0  876
60  904  2   0  904
61  904  3   0  0  904
62  887  3   0  0  887
63  880  3   0  0  880
64  904  3   0  0  904
65  908  2   0  908
66  904  2   0  904
67  908  2   0  908
68  896  2   0  896
69  464  2   17  447
70  904  2   0  904
71  881  3   0  0  881
72  908  2   0  908
73  435  3   0  9  426
74  908  3   0  0  908
75  908  3   0  0  908
76  908  3   0  35  873
77  890  3   0  0  890
78  888  2   0  888
79  908  2   0  908
80  908  2   0  908
81  908  2   0  908
82  888  2   0  888
83  886  2   0  886
84  908  4   0  0  0  908
85  904  3   0  0  904
86  890  2   0  890
87  908  2   0  908
88  906  3   0  0  906
89  892  3   0  0  892
90  890  2   0  890
91  248  3   0  0  248
92  890  2   0  890
93  894  3   0  0  894
94  908  2   0  908
95  906  3   0  0  906
96  222  3   0  0  222
97  906  3   0  0  906
98  908  2   0  908
99  906  4   0  0  0  906
100  908  3   0  0  908
101  906  2   0  906
102  906  2   0  906
103  908  2   0  908
104  150  2   1  149
105  192  2   0  192
106  904  2   0  904
107  886  2   0  886
108  906  3   0  0  906
109  908  2   0  908
110  556  2   0  556
111  193  4   0  0  0  193
112  906  2   0  906
113  906  2   0  906
114  880  2   0  880
115  904  3   0  0  904
116  906  3   0  0  906
117  884  2   0  884
118  747  3   0  0  747
119  870  3   1  0  869
120  770  2   0  770
121  188  2   0  188
122  898  2   184  714
123  870  3   0  0  870
124  776  2   0  776
125  900  3   0  0  900
126  900  3   0  0  900
127  782  2   0  782
128  181  4   0  0  0  181
129  860  2   0  860
130  670  3   0  0  670
131  174  2   0  174
132  808  2   0  808
133  863  4   0  1  0  862
134  178  2   7  171
135  822  2   0  822
136  696  2   1  695
137  904  2   0  904
138  840  2   1  839
139  906  2   0  906
140  178  4   0  0  0  178
141  843  3   0  0  843
142  891  3   0  0  891
143  178  2   0  178

[pop]=7
1  16498  2   1  16497
2  16350  3   0  1  16349
3  16498  2   0  16498
4  16506  3   4  0  16502
5  16502  2   0  16502
6  16408  3   0  0  16408
7  16415  3   0  0  16415
8  16378  2   0  16378
9  16311  3   1  0  16310
10  11250  2   0  11250
11  16390  2   0  16390
12  16418  2   1  16417
13  16498  2   4  16494
14  16422  3   1  0  16421
15  12518  2   0  12518
16  11494  2   0  11494
17  16509  3   0  1  16508
18  16502  2   0  16502
19  11526  2   0  11526
20  16407  3   0  0  16407
21  12110  2   0  12110
22  16365  3   0  0  16365
23  16508  3   0  4  16504
24  16122  2   0  16122
25  16476  2   10  16466
26  16358  3   0  0  16358
27  11880  2   0  11880
28  16124  2   4  16120
29  16323  4   1  0  0  16322
30  11924  2   2  11922
31  16046  3   0  3  16043
32  11940  2   0  11940
33  16507  5   0  67  0  0  16440
34  16024  2   0  16024
35  16260  2   0  16260
36  10314  2   0  10314
37  16508  2   1  16507
38  16220  2   0  16220
39  16504  2   1  16503
40  16368  2   13  16355
41  16470  2   2  16468
42  10122  2   0  10122
43  16350  3   0  0  16350
44  15697  3   1  0  15696
45  16494  2   0  16494
46  9937  3   0  24  9913
47  16400  3   0  0  16400
48  16504  2   54  16450
49  16004  3   0  0  16004
50  11824  2   404  11420
51  16504  3   0  1  16503
52  9654  2   0  9654
53  11667  5   0  0  0  0  11667
54  16384  2   0  16384
55  16510  3   0  0  16510
56  15365  3   1  0  15364
57  11567  3   2  0  11565
58  16341  3   1  90  16250
59  16382  2   0  16382
60  16492  2   0  16492
61  16504  3   0  2  16502
62  16340  3   1  2  16337
63  16384  3   1  0  16383
64  16430  3   0  0  16430
65  16510  2   0  16510
66  16506  2   0  16506
67  16512  2   2  16510
68  16394  2   0  16394
69  10810  2   875  9935
70  16506  2   0  16506
71  16412  3   0  0  16412
72  16512  2   16  16496
73  10369  3   0  261  10108
74  16512  3   0  0  16512
75  16503  3   0  0  16503
76  16512  3   0  1227  15285
77  16338  3   0  0  16338
78  16428  2   0  16428
79  16504  2   0  16504
80  16512  2   1  16511
81  16504  2   3  16501
82  16300  2   2  16298
83  16432  2   1  16431
84  16510  4   0  3  0  16507
85  16506  3   0  0  16506
86  16290  2   0  16290
87  16504  2   0  16504
88  16510  3   0  0  16510
89  16438  3   0  1  16437
90  16224  2   0  16224
91  8699  3   0  0  8699
92  16220  2   0  16220
93  16438  3   0  1  16437
94  16500  2   0  16500
95  16510  3   0  0  16510
96  8612  3   3  0  8609
97  16510  3   0  0  16510
98  16508  2   0  16508
99  16510  4   0  0  0  16510
100  16512  3   0  0  16512
101  16496  2   0  16496
102  16508  2   0  16508
103  16508  2   1  16507
104  7608  2   14  7594
105  8420  2   0  8420
106  16508  2   0  16508
107  16222  2   2  16220
108  16508  3   0  1  16507
109  16512  2   6  16506
110  12144  2   0  12144
111  8363  4   0  0  6  8357
112  16480  2   0  16480
113  16508  2   2  16506
114  16092  2   0  16092
115  16474  3   2  2  16470
116  16508  3   1  0  16507
117  15936  2   1  15935
118  14273  3   0  0  14273
119  14069  3   0  6  14063
120  14458  2   0  14458
121  8270  2   2  8268
122  16104  2   5004  11100
123  15770  3   1  1  15768
124  14508  2   0  14508
125  16230  3   0  0  16230
126  16198  3   0  0  16198
127  14690  2   0  14690
128  8241  4   0  1  98  8142
129  15636  2   0  15636
130  13452  3   0  0  13452
131  8214  2   0  8214
132  13430  2   3  13427
133  15605  4   0  0  3  15602
134  8262  2   261  8001
135  13918  2   0  13918
136  13840  2   0  13840
137  16510  2   1  16509
138  14520  2   9  14511
139  16318  2   0  16318
140  8192  4   1  0  0  8191
141  14851  3   0  0  14851
142  16385  3   0  0  16385
143  8188  2   0  8188

