[loci]=141

[populations]=7

[pop]=1
1  10212  2   0  10212
2  10296  2   0  10296
3  10392  2   0  10392
4  10406  2   0  10406
5  10398  3   0  0  10398
6  9802  2   0  9802
7  10406  2   1  10405
8  10398  2   4  10394
9  10406  2   696  9710
10  10344  2   0  10344
11  10214  2   0  10214
12  10406  2   0  10406
13  10404  4   0  0  0  10404
14  8510  3   0  0  8510
15  10312  2   1093  9219
16  10354  2   0  10354
17  10402  5   0  0  0  0  10402
18  9762  4   0  0  0  9762
19  10406  2   2  10404
20  10356  2   2  10354
21  9802  2   1  9801
22  10402  3   320  0  10082
23  9802  2   0  9802
24  10404  2   0  10404
25  10402  3   3  0  10399
26  10394  2   0  10394
27  10184  2   3  10181
28  10362  2   0  10362
29  10402  3   1  0  10401
30  10384  2   46  10338
31  10364  2   0  10364
32  10402  2   1  10401
33  10372  3   0  0  10372
34  10402  2   0  10402
35  10402  2   0  10402
36  10406  2   61  10345
37  10372  2   0  10372
38  10402  2   0  10402
39  10377  3   0  0  10377
40  9806  2   1  9805
41  10388  2   12  10376
42  10406  2   1  10405
43  9800  3   1  0  9799
44  9800  2   0  9800
45  10406  2   0  10406
46  9812  2   1  9811
47  10406  2   0  10406
48  10386  3   0  0  10386
49  8483  3   0  0  8483
50  10394  2   43  10351
51  9810  2   7519  2291
52  10392  2   0  10392
53  10404  2   1  10403
54  10406  2   0  10406
55  10406  2   0  10406
56  10396  5   0  1  0  0  10395
57  9800  2   0  9800
58  10406  3   0  0  10406
59  10400  3   0  0  10400
60  10406  2   0  10406
61  10404  3   0  8  10396
62  10402  2   2  10400
63  10228  2   0  10228
64  10406  2   0  10406
65  10404  3   0  0  10404
66  10380  2   0  10380
67  10400  2   1  10399
68  10404  2   0  10404
69  10406  2   4  10402
70  10380  2   0  10380
71  9799  3   0  0  9799
72  10244  2   2  10242
73  10382  2   0  10382
74  8509  2   2  8507
75  9798  2   0  9798
76  10396  2   0  10396
77  10406  2   0  10406
78  9799  3   0  0  9799
79  10406  3   0  421  9985
80  10402  4   0  0  0  10402
81  10364  3   0  0  10364
82  10310  2   0  10310
83  9798  4   0  0  0  9798
84  10392  3   0  0  10392
85  10402  2   0  10402
86  10401  3   0  5  10396
87  10392  2   2  10390
88  8500  3   0  0  8500
89  10398  2   0  10398
90  9804  2   0  9804
91  10406  2   0  10406
92  10400  2   0  10400
93  9804  2   0  9804
94  10406  3   0  0  10406
95  10398  2   0  10398
96  9804  2   0  9804
97  10400  2   1  10399
98  10402  5   0  0  0  0  10402
99  9752  3   0  0  9752
100  8500  4   0  3  0  8497
101  10388  3   0  0  10388
102  10332  2   0  10332
103  9804  2   0  9804
104  9782  2   4851  4931
105  10406  4   0  0  0  10406
106  8496  2   1  8495
107  8505  2   0  8505
108  10406  2   0  10406
109  10316  2   1  10315
110  10406  2   4  10402
111  10394  2   0  10394
112  10406  2   1  10405
113  10314  3   0  0  10314
114  10406  2   0  10406
115  10190  3   0  0  10190
116  10402  2   0  10402
117  9796  2   1  9795
118  10396  2   0  10396
119  10290  3   0  0  10290
120  9796  2   0  9796
121  10390  3   0  0  10390
122  10396  2   0  10396
123  10302  4   0  1  251  10050
124  9796  2   0  9796
125  10406  2   0  10406
126  10382  2   1  10381
127  10406  2   0  10406
128  8493  2   0  8493
129  10406  2   0  10406
130  10338  2   0  10338
131  9800  2   2  9798
132  10341  3   1  0  10340
133  8488  2   0  8488
134  9800  2   0  9800
135  10404  2   0  10404
136  10342  3   0  0  10342
137  8484  3   0  0  8484
138  8477  2   0  8477
139  10406  2   0  10406
140  8475  2   0  8475
141  10404  2   8497  1907

[pop]=2
1  11560  2   2  11558
2  11302  2   0  11302
3  11576  2   0  11576
4  11578  2   2  11576
5  11576  3   0  0  11576
6  11576  2   8  11568
7  11570  2   0  11570
8  11578  2   0  11578
9  11578  2   36  11542
10  11546  2   0  11546
11  11558  2   0  11558
12  11578  2   3  11575
13  11555  4   0  0  0  11555
14  9308  3   0  0  9308
15  11364  2   4539  6825
16  11556  2   5  11551
17  11574  5   0  0  0  0  11574
18  11523  4   0  0  0  11523
19  11578  2   0  11578
20  11556  2   0  11556
21  11576  2   0  11576
22  11574  3   19  1  11554
23  11576  2   0  11576
24  11574  2   0  11574
25  11573  3   18  0  11555
26  11578  2   4  11574
27  11558  2   0  11558
28  11558  2   0  11558
29  11578  3   0  0  11578
30  11460  2   2  11458
31  11554  2   0  11554
32  11578  2   0  11578
33  11442  3   0  0  11442
34  11578  2   0  11578
35  11576  2   3  11573
36  11578  2   5  11573
37  11560  2   1  11559
38  11578  2   0  11578
39  11555  3   1  0  11554
40  11576  2   0  11576
41  11576  2   0  11576
42  11562  2   0  11562
43  11570  3   0  0  11570
44  11572  2   1  11571
45  11578  2   0  11578
46  11576  2   1  11575
47  11578  2   0  11578
48  11574  3   0  0  11574
49  9288  3   1  0  9287
50  11566  2   2  11564
51  11574  2   11048  526
52  11566  2   0  11566
53  11574  2   0  11574
54  11574  2   0  11574
55  11576  2   0  11576
56  11574  5   1  0  0  0  11573
57  11576  2   0  11576
58  11576  3   0  0  11576
59  11574  3   1  0  11573
60  11578  2   2  11576
61  11575  3   0  2  11573
62  11578  2   0  11578
63  11334  2   0  11334
64  11578  2   0  11578
65  11574  3   0  2  11572
66  11546  2   0  11546
67  11576  2   0  11576
68  11574  2   0  11574
69  11576  2   0  11576
70  11546  2   1  11545
71  11575  3   0  0  11575
72  11352  2   0  11352
73  11548  2   2  11546
74  9316  2   0  9316
75  11576  2   0  11576
76  11576  2   1  11575
77  11574  2   0  11574
78  11576  3   0  0  11576
79  11578  3   4  250  11324
80  11576  4   1  0  1  11574
81  11504  3   0  0  11504
82  11436  2   2  11434
83  11575  4   1  0  0  11574
84  11570  3   0  1  11569
85  11576  2   0  11576
86  11575  3   0  11  11564
87  11568  2   0  11568
88  9302  3   0  3  9299
89  11566  2   0  11566
90  11576  2   0  11576
91  11578  2   0  11578
92  11566  2   0  11566
93  11574  2   3  11571
94  11572  3   0  0  11572
95  11572  2   0  11572
96  11576  2   0  11576
97  11572  2   0  11572
98  11576  5   0  0  0  37  11539
99  11461  3   0  0  11461
100  9303  4   0  0  0  9303
101  11546  3   5  0  11541
102  11530  2   0  11530
103  11576  2   0  11576
104  11542  2   7571  3971
105  11576  4   0  0  0  11576
106  9303  2   1  9302
107  9316  2   3  9313
108  11578  2   0  11578
109  11528  2   0  11528
110  11576  2   9  11567
111  11562  2   0  11562
112  11572  2   0  11572
113  11478  3   0  0  11478
114  11574  2   0  11574
115  11545  3   0  0  11545
116  11574  2   0  11574
117  11572  2   0  11572
118  11570  2   0  11570
119  11550  3   12  0  11538
120  11572  2   0  11572
121  11534  3   0  0  11534
122  11570  2   0  11570
123  11550  4   0  0  6  11544
124  11572  2   0  11572
125  11572  2   0  11572
126  11574  2   0  11574
127  11572  2   2  11570
128  9299  2   0  9299
129  11574  2   0  11574
130  11550  2   0  11550
131  11562  2   0  11562
132  11550  3   1  0  11549
133  9300  2   0  9300
134  11562  2   0  11562
135  11578  2   0  11578
136  11551  3   0  0  11551
137  9297  3   0  0  9297
138  9316  2   2  9314
139  11570  2   0  11570
140  9315  2   0  9315
141  11570  2   9096  2474

[pop]=3
1  8642  2   0  8642
2  8538  2   0  8538
3  8654  2   0  8654
4  8654  2   0  8654
5  8654  3   0  0  8654
6  8626  2   0  8626
7  8654  2   0  8654
8  8654  2   0  8654
9  8654  2   0  8654
10  8630  2   0  8630
11  8640  2   0  8640
12  8654  2   0  8654
13  8652  4   0  0  0  8652
14  6637  3   0  3  6634
15  8590  2   4873  3717
16  8632  2   0  8632
17  8652  5   0  0  0  1  8651
18  8572  4   0  0  0  8572
19  8654  2   0  8654
20  8634  2   0  8634
21  8626  2   0  8626
22  8650  3   0  21  8629
23  8626  2   0  8626
24  8654  2   0  8654
25  8652  3   52  0  8600
26  8654  2   0  8654
27  8634  2   0  8634
28  8636  2   0  8636
29  8654  3   0  0  8654
30  8618  2   0  8618
31  8642  2   0  8642
32  8652  2   0  8652
33  8610  3   0  0  8610
34  8654  2   0  8654
35  8652  2   0  8652
36  8654  2   0  8654
37  8642  2   0  8642
38  8654  2   0  8654
39  8650  3   0  0  8650
40  8624  2   0  8624
41  8646  2   0  8646
42  8654  2   1  8653
43  8624  3   1  0  8623
44  8624  2   0  8624
45  8654  2   8  8646
46  8626  2   0  8626
47  8652  2   0  8652
48  8646  3   0  0  8646
49  6632  3   0  0  6632
50  8648  2   0  8648
51  8626  2   8598  28
52  8648  2   76  8572
53  8654  2   0  8654
54  8654  2   0  8654
55  8654  2   1  8653
56  8648  5   0  7  0  0  8641
57  8618  2   13  8605
58  8654  3   1  0  8653
59  8648  3   2  0  8646
60  8654  2   0  8654
61  8654  3   0  0  8654
62  8652  2   0  8652
63  8524  2   2  8522
64  8654  2   0  8654
65  8654  3   0  0  8654
66  8628  2   0  8628
67  8648  2   0  8648
68  8654  2   0  8654
69  8654  2   0  8654
70  8628  2   1  8627
71  8614  3   0  142  8472
72  8548  2   0  8548
73  8630  2   0  8630
74  6628  2   0  6628
75  8624  2   2  8622
76  8646  2   0  8646
77  8654  2   0  8654
78  8624  3   0  0  8624
79  8654  3   1  3  8650
80  8646  4   0  0  0  8646
81  8614  3   0  0  8614
82  8580  2   0  8580
83  8623  4   1  0  6  8616
84  8645  3   0  0  8645
85  8646  2   0  8646
86  8652  3   4  2  8646
87  8644  2   0  8644
88  6634  3   0  0  6634
89  8650  2   0  8650
90  8626  2   5  8621
91  8654  2   0  8654
92  8648  2   0  8648
93  8626  2   1  8625
94  8652  3   0  0  8652
95  8650  2   0  8650
96  8626  2   0  8626
97  8648  2   0  8648
98  8646  5   2  0  0  0  8644
99  8610  3   2  0  8608
100  6635  4   7  0  0  6628
101  8646  3   0  0  8646
102  8610  2   0  8610
103  8626  2   0  8626
104  8590  2   3698  4892
105  8654  4   0  0  0  8654
106  6635  2   0  6635
107  6629  2   0  6629
108  8654  2   0  8654
109  8630  2   0  8630
110  8654  2   0  8654
111  8650  2   0  8650
112  8654  2   33  8621
113  8593  3   0  0  8593
114  8654  2   0  8654
115  8605  3   0  0  8605
116  8646  2   0  8646
117  8626  2   0  8626
118  8650  2   1  8649
119  8618  3   0  0  8618
120  8626  2   0  8626
121  8628  3   0  0  8628
122  8650  2   0  8650
123  8621  4   0  0  0  8621
124  8626  2   0  8626
125  8654  2   0  8654
126  8646  2   0  8646
127  8654  2   0  8654
128  6633  2   0  6633
129  8654  2   0  8654
130  8630  2   17  8613
131  8626  2   0  8626
132  8633  3   0  0  8633
133  6630  2   0  6630
134  8626  2   0  8626
135  8654  2   0  8654
136  8634  3   1  0  8633
137  6627  3   0  0  6627
138  6623  2   0  6623
139  8654  2   0  8654
140  6624  2   0  6624
141  8648  2   6170  2478

[pop]=4
1  6612  2   0  6612
2  6546  2   0  6546
3  6610  2   0  6610
4  6614  2   0  6614
5  6614  3   1  3  6610
6  6614  2   4  6610
7  6614  2   0  6614
8  6614  2   0  6614
9  6614  2   0  6614
10  6614  2   0  6614
11  6614  2   1  6613
12  6614  2   0  6614
13  6598  4   0  0  0  6598
14  4520  3   0  0  4520
15  6558  2   1700  4858
16  6614  2   0  6614
17  6614  5   0  0  0  0  6614
18  6604  4   0  0  0  6604
19  6614  2   0  6614
20  6614  2   0  6614
21  6614  2   0  6614
22  6614  3   0  0  6614
23  6614  2   0  6614
24  6614  2   0  6614
25  6614  3   0  0  6614
26  6614  2   0  6614
27  6614  2   0  6614
28  6614  2   0  6614
29  6614  3   0  1  6613
30  6594  2   0  6594
31  6614  2   0  6614
32  6614  2   0  6614
33  6586  3   0  0  6586
34  6614  2   1  6613
35  6614  2   0  6614
36  6614  2   0  6614
37  6614  2   0  6614
38  6614  2   0  6614
39  6614  3   0  0  6614
40  6614  2   0  6614
41  6614  2   0  6614
42  6610  2   0  6610
43  6614  3   0  0  6614
44  6614  2   0  6614
45  6614  2   0  6614
46  6614  2   0  6614
47  6614  2   0  6614
48  6614  3   0  0  6614
49  4514  3   0  0  4514
50  6614  2   0  6614
51  6614  2   6274  340
52  6614  2   0  6614
53  6614  2   0  6614
54  6614  2   0  6614
55  6614  2   0  6614
56  6613  5   0  0  0  0  6613
57  6614  2   0  6614
58  6614  3   0  0  6614
59  6614  3   0  0  6614
60  6614  2   0  6614
61  6614  3   0  0  6614
62  6610  2   0  6610
63  6548  2   0  6548
64  6614  2   0  6614
65  6614  3   0  0  6614
66  6608  2   0  6608
67  6614  2   8  6606
68  6614  2   0  6614
69  6614  2   0  6614
70  6608  2   0  6608
71  6614  3   0  0  6614
72  6556  2   0  6556
73  6608  2   0  6608
74  4527  2   0  4527
75  6614  2   0  6614
76  6610  2   22  6588
77  6614  2   0  6614
78  6614  3   0  0  6614
79  6614  3   0  125  6489
80  6614  4   0  0  0  6614
81  6604  3   0  4  6600
82  6584  2   0  6584
83  6614  4   2  0  0  6612
84  6608  3   0  0  6608
85  6614  2   0  6614
86  6614  3   0  39  6575
87  6608  2   0  6608
88  4521  3   0  0  4521
89  6608  2   0  6608
90  6614  2   0  6614
91  6614  2   0  6614
92  6608  2   0  6608
93  6614  2   0  6614
94  6614  3   0  0  6614
95  6614  2   0  6614
96  6614  2   0  6614
97  6614  2   0  6614
98  6614  5   0  0  0  0  6614
99  6506  3   0  0  6506
100  4525  4   0  0  0  4525
101  6597  3   0  0  6597
102  6602  2   0  6602
103  6614  2   0  6614
104  6600  2   5201  1399
105  6614  4   0  1  0  6613
106  4525  2   0  4525
107  4528  2   0  4528
108  6614  2   0  6614
109  6558  2   0  6558
110  6612  2   2  6610
111  6614  2   0  6614
112  6614  2   0  6614
113  6580  3   0  0  6580
114  6614  2   0  6614
115  6598  3   0  0  6598
116  6614  2   0  6614
117  6612  2   0  6612
118  6612  2   0  6612
119  6600  3   0  0  6600
120  6612  2   0  6612
121  6606  3   0  0  6606
122  6614  2   0  6614
123  6600  4   0  0  0  6600
124  6612  2   0  6612
125  6614  2   0  6614
126  6614  2   0  6614
127  6614  2   1  6613
128  4527  2   0  4527
129  6614  2   0  6614
130  6604  2   0  6604
131  6600  2   0  6600
132  6605  3   0  0  6605
133  4528  2   0  4528
134  6600  2   0  6600
135  6614  2   0  6614
136  6608  3   0  0  6608
137  4528  3   0  0  4528
138  4528  2   0  4528
139  6612  2   0  6612
140  4528  2   0  4528
141  6608  2   3602  3006

[pop]=5
1  66290  2   0  66290
2  64934  2   12  64922
3  66666  2   3  66663
4  66662  2   0  66662
5  66733  3   0  0  66733
6  66738  2   18  66720
7  66676  2   1  66675
8  66736  2   0  66736
9  66680  2   13  66667
10  66280  2   3  66277
11  66276  2   1  66275
12  66686  2   1  66685
13  66690  4   0  4  1  66685
14  47908  3   1  0  47907
15  65686  2   19634  46052
16  66326  2   0  66326
17  66722  5   1  2  2  3  66714
18  66525  4   3  1  2  66519
19  66704  2   1  66703
20  66352  2   1  66351
21  66736  2   2  66734
22  66722  3   5  1  66716
23  66738  2   3  66735
24  66618  2   3  66615
25  66724  3   2  1  66721
26  66734  2   2  66732
27  66188  2   2  66186
28  66390  2   0  66390
29  66715  3   0  0  66715
30  65970  2   0  65970
31  66530  2   2  66528
32  66720  2   1  66719
33  65818  3   1  1  65816
34  66722  2   13  66709
35  66726  2   2  66724
36  66738  2   2  66736
37  66574  2   2  66572
38  66724  2   5  66719
39  66255  3   0  1  66254
40  66702  2   48  66654
41  66582  2   0  66582
42  66702  2   19  66683
43  66721  3   1  1  66719
44  66718  2   6  66712
45  66738  2   0  66738
46  66712  2   1  66711
47  66626  2   7  66619
48  66604  3   1  0  66603
49  47465  3   0  0  47465
50  66680  2   0  66680
51  66726  2   61017  5709
52  66684  2   24  66660
53  66724  2   2  66722
54  66726  2   2  66724
55  66730  2   1  66729
56  66651  5   0  0  0  1  66650
57  66690  2   1  66689
58  66730  3   0  2  66728
59  66656  3   15  1  66640
60  66682  2   8  66674
61  66728  3   1  0  66727
62  66708  2   3  66705
63  64970  2   0  64970
64  66684  2   2  66682
65  66728  3   6  47  66675
66  66624  2   2  66622
67  66666  2   8  66658
68  66728  2   3  66725
69  66734  2   0  66734
70  66628  2   1  66627
71  66681  3   1  8  66672
72  65186  2   0  65186
73  66632  2   0  66632
74  47957  2   0  47957
75  66686  2   5  66681
76  66672  2   30  66642
77  66722  2   3  66719
78  66661  3   3  1  66657
79  66735  3   1  2819  63915
80  66672  4   0  1  9  66662
81  66062  3   2  0  66060
82  65968  2   1  65967
83  66640  4   12  1  0  66627
84  66637  3   1  0  66636
85  66672  2   10  66662
86  66710  3   0  202  66508
87  66620  2   8  66612
88  47703  3   0  0  47703
89  66666  2   1  66665
90  66738  2   1  66737
91  66730  2   2  66728
92  66660  2   2  66658
93  66738  2   3  66735
94  66723  3   1  3  66719
95  66540  2   11  66529
96  66738  2   0  66738
97  66578  2   3  66575
98  66682  5   0  1  1  0  66680
99  66377  3   0  0  66377
100  47706  4   0  67  2  47637
101  66584  3   0  0  66584
102  66492  2   2  66490
103  66738  2   0  66738
104  66630  2   52281  14349
105  66723  4   1  0  1  66721
106  47697  2   0  47697
107  47953  2   0  47953
108  66716  2   3  66713
109  66312  2   5  66307
110  66722  2   125  66597
111  66692  2   0  66692
112  66720  2   3  66717
113  66194  3   9  1  66184
114  66716  2   2  66714
115  66437  3   4  1  66432
116  66682  2   0  66682
117  66732  2   0  66732
118  66584  2   1  66583
119  66512  3   0  1  66511
120  66732  2   1  66731
121  66538  3   2  0  66536
122  66602  2   2  66600
123  66521  4   1  0  1  66519
124  66722  2   4  66718
125  66724  2   0  66724
126  66680  2   1  66679
127  66726  2   62  66664
128  47483  2   1  47482
129  66728  2   0  66728
130  66570  2   0  66570
131  66706  2   1  66705
132  66573  3   8  2  66563
133  47422  2   0  47422
134  66708  2   2  66706
135  66704  2   3  66701
136  66587  3   3  1  66583
137  47335  3   1  1  47333
138  47873  2   0  47873
139  66730  2   2  66728
140  47859  2   9  47850
141  66658  2   35342  31316

[pop]=6
1  904  2   0  904
2  892  2   0  892
3  908  2   0  908
4  906  2   0  906
5  908  3   0  0  908
6  900  2   1  899
7  906  2   0  906
8  908  2   0  908
9  908  2   3  905
10  898  2   0  898
11  904  2   0  904
12  908  2   0  908
13  908  4   0  0  0  908
14  630  3   0  0  630
15  896  2   293  603
16  898  2   0  898
17  908  5   0  0  0  1  907
18  900  4   0  0  0  900
19  908  2   0  908
20  898  2   0  898
21  900  2   0  900
22  908  3   2  0  906
23  900  2   0  900
24  904  2   0  904
25  908  3   1  0  907
26  908  2   0  908
27  906  2   0  906
28  898  2   0  898
29  908  3   0  0  908
30  898  2   0  898
31  906  2   0  906
32  908  2   0  908
33  896  3   0  0  896
34  908  2   0  908
35  908  2   0  908
36  908  2   0  908
37  906  2   0  906
38  908  2   0  908
39  886  3   0  0  886
40  900  2   0  900
41  900  2   0  900
42  908  2   1  907
43  900  3   0  0  900
44  900  2   0  900
45  908  2   0  908
46  900  2   0  900
47  904  2   0  904
48  900  3   0  0  900
49  608  3   0  0  608
50  906  2   0  906
51  900  2   823  77
52  906  2   0  906
53  908  2   0  908
54  908  2   0  908
55  908  2   0  908
56  900  5   0  0  0  0  900
57  900  2   0  900
58  908  3   0  0  908
59  900  3   1  0  899
60  908  2   0  908
61  908  3   0  0  908
62  906  2   0  906
63  878  2   0  878
64  908  2   0  908
65  908  3   0  0  908
66  906  2   0  906
67  904  2   0  904
68  906  2   0  906
69  908  2   0  908
70  906  2   0  906
71  900  3   0  0  900
72  884  2   0  884
73  906  2   0  906
74  632  2   0  632
75  900  2   0  900
76  906  2   0  906
77  906  2   0  906
78  900  3   1  0  899
79  908  3   0  37  871
80  905  4   0  0  0  905
81  892  3   0  0  892
82  900  2   1  899
83  899  4   2  0  0  897
84  906  3   0  0  906
85  906  2   0  906
86  908  3   0  3  905
87  906  2   0  906
88  623  3   0  0  623
89  906  2   0  906
90  900  2   0  900
91  908  2   0  908
92  906  2   0  906
93  900  2   0  900
94  906  3   0  0  906
95  904  2   0  904
96  900  2   0  900
97  904  2   0  904
98  908  5   0  0  0  0  908
99  898  3   0  0  898
100  624  4   0  0  0  624
101  901  3   1  0  900
102  906  2   0  906
103  900  2   0  900
104  898  2   655  243
105  908  4   0  0  0  908
106  622  2   0  622
107  633  2   0  633
108  908  2   0  908
109  906  2   0  906
110  908  2   0  908
111  908  2   0  908
112  908  2   0  908
113  898  3   0  0  898
114  908  2   0  908
115  900  3   0  0  900
116  906  2   0  906
117  900  2   0  900
118  908  2   0  908
119  900  3   0  0  900
120  900  2   0  900
121  906  3   0  0  906
122  908  2   0  908
123  900  4   0  0  2  898
124  900  2   0  900
125  908  2   0  908
126  904  2   0  904
127  908  2   0  908
128  613  2   0  613
129  908  2   1  907
130  900  2   0  900
131  898  2   0  898
132  900  3   0  0  900
133  610  2   0  610
134  898  2   0  898
135  906  2   0  906
136  900  3   0  0  900
137  607  3   0  0  607
138  631  2   0  631
139  908  2   0  908
140  631  2   0  631
141  906  2   559  347

[pop]=7
1  16480  2   0  16480
2  16056  2   0  16056
3  16504  2   0  16504
4  16446  2   0  16446
5  16510  3   0  0  16510
6  16512  2   0  16512
7  16506  2   0  16506
8  16510  2   0  16510
9  16484  2   5  16479
10  16476  2   0  16476
11  16484  2   0  16484
12  16490  2   0  16490
13  16508  4   1  0  0  16507
14  9970  3   0  0  9970
15  16376  2   7124  9252
16  16492  2   0  16492
17  16508  5   0  1  0  0  16507
18  16491  4   0  0  0  16491
19  16502  2   0  16502
20  16494  2   0  16494
21  16512  2   1  16511
22  16508  3   0  1  16507
23  16512  2   0  16512
24  16422  2   0  16422
25  16508  3   0  0  16508
26  16510  2   0  16510
27  16488  2   0  16488
28  16506  2   2  16504
29  16512  3   0  0  16512
30  16110  2   0  16110
31  16354  2   0  16354
32  16512  2   0  16512
33  15976  3   0  0  15976
34  16512  2   0  16512
35  16510  2   0  16510
36  16512  2   7  16505
37  16400  2   3  16397
38  16512  2   0  16512
39  15254  3   0  0  15254
40  16510  2   0  16510
41  16512  2   0  16512
42  16512  2   1  16511
43  16510  3   2  0  16508
44  16510  2   0  16510
45  16512  2   0  16512
46  16510  2   1  16509
47  16446  2   0  16446
48  16512  3   0  1  16511
49  8518  3   1  1  8516
50  16492  2   0  16492
51  16510  2   15263  1247
52  16494  2   13  16481
53  16512  2   0  16512
54  16512  2   0  16512
55  16512  2   0  16512
56  16512  5   0  0  2  0  16510
57  16510  2   1  16509
58  16512  3   0  0  16512
59  16512  3   1  0  16511
60  16500  2   0  16500
61  16512  3   0  0  16512
62  16512  2   1  16511
63  16058  2   0  16058
64  16500  2   0  16500
65  16512  3   0  6  16506
66  16502  2   0  16502
67  16512  2   0  16512
68  16510  2   0  16510
69  16512  2   0  16512
70  16502  2   0  16502
71  16509  3   0  4  16505
72  16142  2   0  16142
73  16500  2   0  16500
74  10106  2   0  10106
75  16504  2   0  16504
76  16510  2   0  16510
77  16510  2   0  16510
78  16504  3   1  0  16503
79  16512  3   0  878  15634
80  16512  4   0  0  1  16511
81  15464  3   0  0  15464
82  16312  2   41  16271
83  16497  4   0  0  0  16497
84  16510  3   0  0  16510
85  16506  2   0  16506
86  16509  3   0  19  16490
87  16508  2   0  16508
88  9283  3   1  0  9282
89  16440  2   2  16438
90  16508  2   0  16508
91  16510  2   1  16509
92  16426  2   0  16426
93  16510  2   0  16510
94  16508  3   0  0  16508
95  16256  2   0  16256
96  16510  2   29  16481
97  16310  2   0  16310
98  16500  5   0  1  0  0  16499
99  16339  3   0  1  16338
100  9253  4   2  0  0  9251
101  16302  3   0  1  16301
102  16472  2   0  16472
103  16510  2   2  16508
104  16498  2   13845  2653
105  16512  4   0  0  0  16512
106  9223  2   0  9223
107  10111  2   0  10111
108  16510  2   0  16510
109  16486  2   0  16486
110  16512  2   1  16511
111  16498  2   2  16496
112  16504  2   0  16504
113  16143  3   0  1  16142
114  16508  2   0  16508
115  16492  3   0  0  16492
116  16504  2   4  16500
117  16510  2   1  16509
118  16506  2   16  16490
119  16498  3   0  0  16498
120  16510  2   1  16509
121  16434  3   0  1  16433
122  16508  2   3  16505
123  16498  4   0  21  1  16476
124  16510  2   0  16510
125  16504  2   2  16502
126  16512  2   0  16512
127  16508  2   0  16508
128  8605  2   2  8603
129  16506  2   1  16505
130  16502  2   0  16502
131  16498  2   0  16498
132  16502  3   0  0  16502
133  8446  2   3  8443
134  16498  2   0  16498
135  16500  2   0  16500
136  16503  3   0  1  16502
137  8155  3   0  0  8155
138  10007  2   0  10007
139  16510  2   0  16510
140  9989  2   0  9989
141  16508  2   10965  5543

